1	1.01903007910954	1.00004562530268	1.01903007910954	1.01409328472127	1.00003514581565	1.01217079556542	1.00003514509786	1.00003017372031	1.01322678903792	1.05676815354654	1.01322678903792	1.01409328472127	1.00003514509786	1.01217079556541	1.00003514581565	2.0499974304096	0.0582542813539942	0.00189505207338377	0.0582542813539959	0.054905854348935	0.00179807459105525	-0.0280011481314555	0.00179807458740101	0.00181694077402047	-0.0280450543596567	-0.0523791849760566	-0.0280450543596565	0.0549058543489364	0.00179807458740101	-0.0280011481314551	0.00179807459105627
1	1.01898298191077	1.00004528102036	1.01898298191077	1.01417349939863	1.00003510009588	1.01218657673123	1.00003509940624	1.00003038813661	1.0131813079278	1.05675620421064	1.0131813079278	1.01417349939863	1.00003509940624	1.01218657673122	1.00003510009588	2.0499974812909	0.0564705541487215	0.00178177023152191	0.0564705541487231	0.0577471326124383	0.00178620049143336	-0.0280915626610537	0.0017862004888372	0.00191242212638965	-0.0276679973472866	-0.0523646896679773	-0.0276679973472863	0.0577471326124398	0.0017862004888372	-0.0280915626610532	0.00178620049143438
1	1.01890211301801	1.00004481951786	1.01890211301801	1.01430623902392	1.00003504270976	1.01220405628838	1.00003504204715	1.00003070912126	1.01312840152658	1.05674385250091	1.01312840152658	1.01430623902392	1.00003504204715	1.01220405628837	1.00003504270976	2.04999753116468	0.055277124742483	0.00172003967059417	0.0552771247424846	0.0598005240651776	0.00177943685221515	-0.0281372770407237	0.00177943685024238	0.00197130105410206	-0.0274810061320154	-0.0523578760410312	-0.0274810061320152	0.0598005240651792	0.00177943685024237	-0.0281372770407232	0.00177943685221616
1	1.01880113214787	1.00004430756376	1.01880113214787	1.01447544958699	1.00003497993392	1.01222202293999	1.0000349792973	1.00003109071639	1.01307304136402	1.05673157619969	1.01307304136402	1.01447544958699	1.0000349792973	1.01222202293998	1.00003497993392	2.04999758005089	0.05447787943186	0.00168639798979113	0.0544778794318615	0.0612859304069487	0.00177558303955327	-0.028160474161192	0.00177558303795434	0.00200761519746835	-0.0273879131062993	-0.0523545557476963	-0.0273879131062991	0.0612859304069502	0.00177558303795434	-0.0281604741611915	0.00177558303955428
1	1.01868877694835	1.00004377912922	1.01868877694835	1.01466891609549	1.00003491527332	1.01223987919828	1.00003491466166	1.00003150336055	1.01301761059465	1.05671958357853	1.01301761059465	1.01466891609549	1.00003491466166	1.01223987919827	1.00003491527332	2.0499976279691	0.0539418718465193	0.00166806166013023	0.0539418718465208	0.0623617602271489	0.00177338632069734	-0.0281723358574164	0.00177338631932962	0.00203001636280994	-0.0273412152955265	-0.0523528170837942	-0.0273412152955262	0.0623617602271505	0.00177338631932962	-0.0281723358574159	0.00177338632069836
1	1.0185706723069	1.00004325173268	1.0185706723069	1.01487754769151	1.0000348506716	1.01225733772422	1.00003485008392	1.00003192853349	1.01296323603654	1.05670796000651	1.01296323603654	1.01487754769151	1.00003485008392	1.01225733772421	1.0000348506716	2.04999767493846	0.053581679774036	0.00165806559913399	0.0535816797740375	0.0631421603368764	0.00177213351464013	-0.028178495094165	0.00177213351342183	0.00204383774891236	-0.0273174498877247	-0.0523517902390001	-0.0273174498877244	0.0631421603368781	0.00177213351342182	-0.0281784950941645	0.00177213351464115
1	1.01845044404713	1.00004273436027	1.01845044404713	1.01509468942531	1.00003478718993	1.01227426723628	1.00003478662529	1.00003235486921	1.01291043056045	1.05669673506262	1.01291043056045	1.01509468942531	1.00003478662529	1.01227426723627	1.00003478718993	2.04999772097776	0.0533389421715859	0.00165261480668012	0.0533389421715873	0.0637094024732625	0.00177141855219047	-0.0281817871441237	0.00177141855107439	0.00205236736571743	-0.0273050290544936	-0.0523510816634525	-0.0273050290544933	0.0637094024732641	0.00177141855107439	-0.0281817871441232	0.00177141855219148
1	1.01833042024245	1.00004223148799	1.01833042024245	1.01531553637336	1.00003472539011	1.01229061459064	1.00003472484761	1.00003277553792	1.01285940657065	1.05668591324573	1.01285940657065	1.01531553637336	1.00003472484761	1.01229061459063	1.00003472539011	2.04999776610542	0.0531746989721974	0.00164964143279012	0.0531746989721988	0.0641227949924771	0.00177101018072637	-0.0281836374752558	0.00177101017968503	0.00205763262014005	-0.0272982304195692	-0.0523505150261154	-0.027298230419569	0.0641227949924787	0.00177101017968503	-0.0281836374752553	0.00177101018072739
1	1.01821208046614	1.00004174518571	1.01821208046614	1.01553666465793	1.00003466555159	1.01230636546696	1.00003466503036	1.00003318654813	1.01281022988382	1.0566754880096	1.01281022988382	1.01553666465793	1.00003466503036	1.01230636546695	1.00003466555159	2.0499978103395	0.0530629408436813	0.00164801864947589	0.0530629408436827	0.0644250984597469	0.00177077666941234	-0.0281847616599057	0.00177077666842944	0.00206088380001865	-0.0272942285133965	-0.0523500126481435	-0.0272942285133962	0.0644250984597486	0.00177077666842943	-0.0281847616599052	0.00177077666941335
1	1.01809634716985	1.00004127623713	1.01809634716985	1.01575566912575	1.00003460779463	1.0123215245693	1.00003460729384	1.00003358566823	1.01276289547166	1.05666544816007	1.01276289547166	1.01575566912575	1.00003460729384	1.0123215245693	1.00003460779463	2.04999785369768	0.0529863030055112	0.0016471323460278	0.0529863030055126	0.0646471465159753	0.00177064295287705	-0.0281855181898481	0.00177064295194268	0.00206289206556187	-0.0272916283892896	-0.0523495413098262	-0.0272916283892894	0.064647146515977	0.00177064295194268	-0.0281855181898476	0.00177064295287806
1	1.01798377631789	1.00004082474175	1.01798377631789	1.01597088956743	1.00003455215028	1.01233610567752	1.00003455166912	1.00003397174986	1.01271736477098	1.05665578075402	1.01271736477098	1.01597088956743	1.00003455166912	1.01233610567751	1.00003455215028	2.04999789619732	0.0529331908022084	0.00164664778515927	0.0529331908022099	0.0648111751809403	0.00177056623705894	-0.0281860862012879	0.00177056623616689	0.00206413313460021	-0.0272897413642987	-0.0523490875519127	-0.0272897413642984	0.064811175180942	0.00177056623616689	-0.0281860862012874	0.00177056623705995
1	1.01787468285321	1.00004039043994	1.01787468285322	1.01618120683017	1.00003449860019	1.01235012666444	1.00003449813789	1.00003434430645	1.01267358405	1.05664647239844	1.01267358405	1.01618120683017	1.00003449813789	1.01235012666443	1.00003449860019	2.0499979378554	0.0528958611278001	0.00164638247222991	0.0528958611278016	0.0649332221641073	0.00177052211214208	-0.0281865549212688	0.00177052211128827	0.00206490052199556	-0.027288227342574	-0.0523486464819856	-0.0272882273425737	0.064933222164109	0.00177052211128827	-0.0281865549212683	0.00177052211214309
1	1.01776922360082	1.00003997288902	1.01776922360082	1.01638589247287	1.00003444709918	1.01236360701341	1.00003444665502	1.00003470325191	1.01263149342685	1.05663750981721	1.01263149342685	1.01638589247287	1.00003444665502	1.0123636070134	1.00003444709918	2.0499979786886	0.0528691419457857	0.00164623688185977	0.0528691419457871	0.0650248562929538	0.00177049664489622	-0.0281869686367412	0.00177049664407774	0.00206537535796507	-0.0272869181957897	-0.0523482167313064	-0.0272869181957894	0.0650248562929555	0.00177049664407774	-0.0281869686367407	0.00177049664489723
1	1.0176674521709	1.00003957155836	1.0176674521709	1.01658449868551	1.00003439758815	1.01237656659184	1.0000343971614	1.00003504873927	1.01259103127615	1.05662888009534	1.01259103127615	1.01658449868551	1.0000343971614	1.01237656659183	1.00003439758815	2.04999801871325	0.0528495773346997	0.00164615672956761	0.0528495773347012	0.0650944241275548	0.00177048187608596	-0.0281873492383023	0.00177048187530063	0.00206566944883228	-0.027285730588698	-0.0523477983244239	-0.0272857305886977	0.0650944241275565	0.00177048187530063	-0.0281873492383019	0.00177048187608698
1	1.01756935538771	1.00003918588082	1.01756935538771	1.01677677805035	1.00003435000127	1.01238902505639	1.00003434959125	1.00003538106107	1.01255213635481	1.05662057076359	1.01255213635481	1.01677677805035	1.00003434959125	1.01238902505638	1.00003435000127	2.04999805794535	0.0528348571838394	0.00164611237951532	0.0528348571838409	0.065147948956673	0.00177047325421232	-0.0281877075329631	0.0017704732534584	0.00206585182548537	-0.0272846229302908	-0.0523473915996779	-0.0272846229302905	0.0651479489566748	0.0017704732534584	-0.0281877075329627	0.00177047325421334
1	1.01747487743992	1.00003881528021	1.01747487743993	1.0169626253382	1.00003430427016	1.01240100157329	1.00003430387622	1.0000357005883	1.01251474880379	1.05661256982031	1.01251474880379	1.0169626253382	1.00003430387622	1.01240100157329	1.00003430427016	2.04999809640061	0.0528234364942051	0.00164608764920414	0.0528234364942066	0.0651897785835373	0.00177046817311803	-0.0281880488802811	0.00177046817239405	0.00206596511722689	-0.0272835741948277	-0.0523469969308041	-0.0272835741948275	0.065189778583539	0.00177046817239405	-0.0281880488802806	0.00177046817311904
1	1.01738393590949	1.00003845918589	1.01738393590949	1.01714203535836	1.00003426032614	1.0124125146954	1.00003425994764	1.00003600773289	1.01247881059868	1.05660486572868	1.01247881059868	1.01714203535836	1.00003425994764	1.0124125146954	1.00003426032614	2.0499981340944	0.0528142810861882	0.00164607369316962	0.0528142810861896	0.0652230526553241	0.00177046513807588	-0.0281883759846895	0.00177046513738051	0.00206603566038677	-0.0272825734476122	-0.0523466145765425	-0.0272825734476119	0.0652230526553259	0.00177046513738051	-0.028188375984689	0.0017704651380769
1	1.0172964323812	1.00003811704028	1.0172964323812	1.01731507253729	1.00003421810151	1.01242358231672	1.00003421773786	1.00003630292489	1.0124442657271	1.05659744740136	1.0124442657271	1.01731507253729	1.00003421773786	1.01242358231672	1.00003421810151	2.04999817104181	0.0528066979272299	0.00164606567123161	0.0528066979272313	0.0652500395379016	0.00177046329020815	-0.0281886902768203	0.00177046328954017	0.00206607973175743	-0.0272816147067048	-0.0523462446508812	-0.0272816147067046	0.0652500395379034	0.00177046328954017	-0.0281886902768198	0.00177046329020917
1	1.01721225945023	1.0000377883026	1.01721225945023	1.01748184900861	1.00003417753026	1.01243422166475	1.00003417718087	1.00003658659866	1.01241106023341	1.05659030418135	1.01241106023341	1.01748184900861	1.00003417718087	1.01243422166474	1.00003417753026	2.04999820725761	0.0528002218627885	0.00164606093120186	0.05280022186279	0.0652723792171974	0.00177046213487604	-0.0281889925875447	0.00177046213423432	0.00206610739545553	-0.0272806944189274	-0.0523458871357147	-0.0272806944189271	0.0652723792171992	0.00177046213423432	-0.0281889925875442	0.00177046213487706
1	1.01713130533145	1.0000374724505	1.01713130533145	1.01764250887096	1.00003413854838	1.01244444931069	1.00003413821268	1.0000368591846	1.0123791421995	1.05658342582253	1.0123791421995	1.01764250887096	1.00003413821268	1.01244444931069	1.00003413854838	2.04999824275629	0.0527945399960388	0.00164605801700509	0.0527945399960403	0.0652912584434963	0.00177046138635071	-0.0281892834733846	0.00177046138573421	0.0020661248775457	-0.0272798102241565	-0.0523455419086903	-0.0272798102241562	0.0652912584434981	0.00177046138573421	-0.0281892834733842	0.00177046138635172
1	1.01705345687208	1.00003716898056	1.01705345687208	1.01779721690814	1.00003410109403	1.01245428118789	1.00003410077149	1.00003712110434	1.01234846169557	1.05657680247105	1.01234846169557	1.01779721690814	1.00003410077149	1.01245428118788	1.00003410109403	2.04999827755204	0.0527894411942975	0.00164605612728886	0.0527894411942989	0.065307537019943	0.00177046087901707	-0.0281895633696203	0.00177046087842478	0.00206613603207379	-0.0272789603532506	-0.0523452087672306	-0.0272789603532503	0.0653075370199447	0.00177046087842477	-0.0281895633696199	0.00177046087901809
1	1.01697860150177	1.00003687740831	1.01697860150177	1.01794615053315	1.00003406510761	1.01246373261355	1.00003406479772	1.00003737276793	1.01231897071754	1.05657042464785	1.01231897071754	1.01794615053315	1.00003406479772	1.01246373261355	1.00003406510761	2.0499983116588	0.05278478237294	0.00164605481955921	0.0527847823729415	0.0653218388645969	0.00177046051645519	-0.0281898326603	0.00177046051588614	0.00206614324650562	-0.0272781433362034	-0.0523448874516278	-0.0272781433362031	0.0653218388645986	0.00177046051588613	-0.0281898326602996	0.0017704605164562
1	1.01690662847591	1.00003659726781	1.01690662847591	1.01808949405895	1.00003403053176	1.01247281831154	1.00003403023402	1.00003761457248	1.01229062311945	1.05656428323244	1.01229062311945	1.01808949405895	1.00003403023402	1.01247281831154	1.00003403053176	2.04999834509019	0.0527804659778389	0.00164605384840739	0.0527804659778404	0.0653346176730899	0.00177046024223402	-0.0281900917083885	0.00177046024168732	0.00206614800107818	-0.027277357862112	-0.0523445776626154	-0.0272773578621117	0.0653346176730917	0.00177046024168732	-0.0281900917083881	0.00177046024223504
1	1.01683742964974	1.00003632811112	1.01683742964974	1.01822743464636	1.00003399731126	1.01248155243508	1.0000339970252	1.0000378469014	1.01226337454471	1.05655836944779	1.01226337454471	1.01822743464636	1.0000339970252	1.01248155243508	1.00003399731126	2.0499983778596	0.0527764249453753	0.00164605307693035	0.0527764249453768	0.0653462042673534	0.00177046002310892	-0.0281903408675076	0.00177046002258369	0.00206615121449085	-0.0272766027126712	-0.0523442790753363	-0.0272766027126709	0.0653462042673551	0.00177046002258369	-0.0281903408675072	0.00177046002310994
1	1.0167708999413	1.00003606950775	1.0167708999413	1.01836015946009	1.00003396539306	1.01248994858893	1.00003396511821	1.0000380701243	1.01223718235818	1.05655267484623	1.01223718235818	1.01836015946009	1.00003396511821	1.01248994858893	1.00003396539306	2.04999840998014	0.0527726126548067	0.00164605242815172	0.0527726126548081	0.0653568407394785	0.00177045983933559	-0.0281905804854905	0.00177045983883096	0.00206615345763962	-0.0272758767311513	-0.0523439913497578	-0.0272758767311511	0.0653568407394802	0.00177045983883096	-0.0281905804854902	0.00177045983933661
1	1.01670693758885	1.000035821044	1.01670693758885	1.01848785369362	1.00003393472613	1.01249801985076	1.00003393446206	1.00003828459699	1.01221200558005	1.05654719129616	1.01221200558005	1.01848785369362	1.00003393446206	1.01249801985076	1.00003393472613	2.04999844146464	0.0527689962143765	0.00164605185833786	0.052768996214378	0.0653667050744045	0.00177045967907249	-0.028190810904569	0.00177045967858767	0.00206615508582797	-0.0272751788081518	-0.0523437141382594	-0.0272751788081515	0.0653667050744062	0.00177045967858767	-0.0281908109045686	0.0017704596790735
1	1.01664544427307	1.00003558232235	1.01664544427307	1.01861069921835	1.00003390526145	1.01250577879176	1.00003390500773	1.00003849066179	1.01218780482181	1.05654191096961	1.01218780482181	1.01861069921835	1.00003390500773	1.01250577879176	1.00003390526145	2.04999847232571	0.0527655519738833	0.00164605134228547	0.0527655519738847	0.065375928907603	0.0017704595351276	-0.0281910324604531	0.00177045953466182	0.00206615632060055	-0.027274507875166	-0.0523434470913951	-0.0272745078751658	0.0653759289076047	0.00177045953466182	-0.0281910324604527	0.00177045953512861
1	1.016586325151	1.00003535296084	1.016586325151	1.01872887368036	1.00003387695188	1.01251323749639	1.00003387670812	1.00003868864791	1.0121645422245	1.05653682633036	1.0121645422245	1.01872887368036	1.00003387670812	1.01251323749639	1.00003387695188	2.04999850257568	0.0527622625240145	0.00164605086520106	0.052762262524016	0.0653846103328847	0.00177045940306874	-0.0281912454811737	0.00177045940262125	0.00206615730042419	-0.0272738629016421	-0.0523431898617146	-0.0272738629016418	0.0653846103328865	0.00177045940262124	-0.0281912454811733	0.00177045940306975
1	1.01652948883275	1.00003513259249	1.01652948883275	1.01884254991757	1.00003384975217	1.01252040758132	1.00003384951796	1.0000388788718	1.01214218139927	1.05653193012274	1.01214218139927	1.01884254991757	1.00003384951796	1.01252040758132	1.00003384975217	2.04999853222667	0.0527591146891314	0.00164605041818091	0.0527591146891329	0.0653928231411686	0.00177045928011024	-0.0281914502861311	0.0017704592796803	0.00206615811210354	-0.0272732428935013	-0.0523429421067968	-0.027273242893501	0.0653928231411703	0.0017704592796803	-0.0281914502861308	0.00177045928011126
1	1.01647484732197	1.00003492086468	1.01647484732197	1.01895189560538	1.0000338236188	1.01252730021366	1.00003382339378	1.00003906163763	1.01212068737022	1.05652721536088	1.01212068737022	1.01895189560538	1.00003382339378	1.01252730021366	1.0000338236188	2.04999856129053	0.0527560981834022	0.00164604999569927	0.0527560981834037	0.0654006234858846	0.00177045916446358	-0.0281916471853713	0.00177045916405051	0.00206615881026858	-0.0272726468922178	-0.0523427034910089	-0.0272726468922176	0.0654006234858863	0.00177045916405051	-0.028191647185371	0.00177045916446459
1	1.01642231593374	1.00003471743863	1.01642231593375	1.0190570730647	1.00003379850998	1.01253392612838	1.00003379829377	1.00003923723769	1.01210002651943	1.05652267531849	1.01210002651943	1.0190570730647	1.00003379829377	1.01253392612838	1.00003379850998	2.04999858977889	0.0527532047105192	0.001646049594186	0.0527532047105206	0.0654080546928019	0.00177045905494556	-0.0281918364791576	0.00177045905454872	0.00206615942947779	-0.0272720739740228	-0.0523424736870162	-0.0272720739740226	0.0654080546928036	0.00177045905454872	-0.0281918364791573	0.00177045905494658
1	1.01637181319905	1.00003452198883	1.01637181319905	1.01915823918486	1.00003377438553	1.0125402956451	1.00003377417781	1.00003940595287	1.01208016653416	1.05651830351908	1.01208016653416	1.01915823918486	1.00003377417781	1.0125402956451	1.00003377438553	2.04999861770314	0.0527504273595384	0.00164604921123017	0.0527504273595399	0.0654151507319412	0.00177045895075051	-0.0281920184577256	0.00177045895036924	0.00206615999174203	-0.0272715232491185	-0.0523422523764297	-0.0272715232491183	0.065415150731943	0.00177045895036924	-0.0281920184577253	0.00177045895075152
1	1.01632326076192	1.00003433420254	1.01632326076193	1.01925554542698	1.00003375120687	1.0125464186842	1.00003375100729	1.00003956805307	1.01206107635604	1.05651409372655	1.01206107635604	1.01925554542698	1.00003375100729	1.0125464186842	1.00003375120687	2.04999864507445	0.0527477601990165	0.00164604884511441	0.052747760199018	0.0654219387246601	0.00177045885130625	-0.0281921934012421	0.00177045885093995	0.00206616051120942	-0.027270993860807	-0.0523420392505153	-0.0272709938608067	0.0654219387246619	0.00177045885093995	-0.0281921934012417	0.00177045885130726
1	1.01627658327319	1.00003415377927	1.01627658327319	1.01934913788324	1.00003372893693	1.01255230478225	1.00003372874517	1.00003972379762	1.01204272613233	1.05651003993621	1.01204272613233	1.01934913788325	1.00003372874517	1.01255230478225	1.00003372893693	2.04999867190377	0.052745198003403	0.00164604849455405	0.0527451980034044	0.0654284407550686	0.00177045875619287	-0.0281923615798507	0.00177045875584096	0.00206616099708616	-0.0272704849845806	-0.0523418340102447	-0.0272704849845803	0.0654284407550703	0.00177045875584096	-0.0281923615798503	0.00177045875619388
1	1.01623170828343	1.00003398043032	1.01623170828343	1.0194391573744	1.00003370754006	1.0125579631069	1.00003370735583	1.00003987343571	1.01202508716898	1.05650613636612	1.01202508716898	1.0194391573744	1.00003370735583	1.0125579631069	1.00003370754006	2.04999869820184	0.0527427360682771	0.00164604815853425	0.0527427360682785	0.0654346751796558	0.00177045866508608	-0.028192523253844	0.00177045866474798	0.00206616145546119	-0.0272699958271366	-0.052341636366586	-0.0272699958271363	0.0654346751796576	0.00177045866474798	-0.0281925232538437	0.00177045866508709
1	1.01618856613684	1.00003381387831	1.01618856613684	1.01952573957277	1.00003368698206	1.01256340247114	1.00003368680504	1.00004001720673	1.01200813188563	1.05650237744879	1.01200813188563	1.01952573957278	1.00003368680504	1.01256340247114	1.00003368698206	2.04999872397917	0.0527403700846712	0.0016460478362217	0.0527403700846726	0.0654406575751251	0.00177045857772836	-0.0281926786738566	0.00177045857740354	0.00206616189044841	-0.0272695256253887	-0.0523414460402526	-0.0272695256253884	0.0654406575751268	0.00177045857740354	-0.0281926786738563	0.00177045857772937
1	1.01614708986699	1.00003365385674	1.01614708986699	1.01960901514178	1.00003366723002	1.01256863134705	1.00003366705995	1.00004015534073	1.01199183377227	1.05649875782319	1.01199183377227	1.01960901514178	1.00003366705995	1.01256863134705	1.00003366723002	2.04999874924607	0.0527380960533741	0.00164604752690153	0.0527380960533755	0.0654464014251363	0.00177045849390415	-0.0281928280811371	0.00177045849359211	0.00206616230490318	-0.0272690736454337	-0.0523412627617904	-0.0272690736454334	0.0654464014251381	0.00177045849359211	-0.0281928280811367	0.00177045849390516
1	1.01610721509526	1.00003350010954	1.01610721509526	1.01968910988534	1.00003364825236	1.01257365787896	1.00003364808895	1.00004028805872	1.01197616734768	1.05649527232706	1.01197616734768	1.01968910988534	1.00003364808895	1.01257365787896	1.00003364825236	2.04999877401266	0.0527359102256295	0.00164604722994683	0.052735910225631	0.0654519186188194	0.00177045841343071	-0.0281929717078055	0.00177045841313091	0.00206616270087351	-0.0272686391815483	-0.0523410862711705	-0.027268639181548	0.0654519186188212	0.00177045841313091	-0.0281929717078052	0.00177045841343173
1	1.01606887993217	1.0000333523907	1.01606887993217	1.01976614490274	1.00003363001871	1.01257848989614	1.00003362986171	1.00004041557304	1.01196110811938	1.05649191598954	1.01196110811938	1.01976614490274	1.00003362986171	1.01257848989613	1.00003363001871	2.04999879828884	0.0527338090619756	0.00164604694479064	0.052733809061977	0.0654572198133279	0.00177045833614512	-0.0281931097771648	0.0017704583358571	0.00206616307988437	-0.0272682215551596	-0.0523409163177765	-0.0272682215551593	0.0654572198133297	0.0017704583358571	-0.0281931097771645	0.00177045833614613
1	1.01603202488203	1.00003321046386	1.01603202488203	1.01984023674561	1.0000336124999	1.01258313492498	1.00003361234906	1.00004053808772	1.01194663254525	1.05648868402404	1.01194663254525	1.01984023674561	1.00003361234906	1.01258313492498	1.0000336124999	2.04999882208431	0.0527317892028654	0.00164604667091598	0.0527317892028668	0.065462314698391	0.00177045826190291	-0.0281932425039782	0.00177045826162619	0.00206616344311831	-0.0272678201138726	-0.052340752659938	-0.0272678201138724	0.0654623146983928	0.00177045826162619	-0.0281932425039778	0.00177045826190393
1	1.01599659275076	1.0000330741019	1.01599659275076	1.01991149757473	1.00003359566792	1.01258760020072	1.00003359552299	1.00004065579879	1.0119327179966	1.05648557182144	1.0119327179966	1.01991149757474	1.00003359552299	1.01258760020072	1.00003359566792	2.04999884540861	0.0527298474476572	0.00164604640784093	0.0527298474476587	0.0654672121899567	0.0017704581905699	-0.0281933700947884	0.00177045819030405	0.00206616379152996	-0.0272674342304758	-0.0523405950648724	-0.0272674342304755	0.0654672121899585	0.00177045819030405	-0.0281933700947881	0.00177045819057091
1	1.01596252855708	1.00003294308663	1.01596252855708	1.01998003531516	1.00003357949583	1.01259189267869	1.00003357935658	1.00004076889459	1.01191934272266	1.05648257494344	1.01191934272266	1.01998003531516	1.00003357935658	1.01259189267869	1.00003357949583	2.04999886827105	0.0527279807388403	0.00164604615511661	0.0527279807388417	0.065471920572749	0.00177045812202383	-0.028193492748192	0.00177045812176844	0.00206616412591976	-0.0272670633020175	-0.0523404433081961	-0.0272670633020172	0.0654719205727508	0.00177045812176844	-0.0281934927481916	0.00177045812202485
1	1.01592977944699	1.00003281720842	1.01592977944699	1.02004595380844	1.00003356395775	1.01259601904516	1.00003356382397	1.00004087755607	1.01190648581649	1.05647968911627	1.01190648581649	1.02004595380844	1.00003356382397	1.01259601904516	1.00003356395775	2.04999889068078	0.052726186150254	0.00164604591231766	0.0527261861502555	0.0654764476057407	0.00177045805614839	-0.0281936106551529	0.00177045805590302	0.00206616444698076	-0.0272667067488641	-0.052340297173854	-0.0272667067488638	0.0654764476057424	0.00177045805590302	-0.0281936106551526	0.0017704580561494
1	1.01589829461143	1.00003269626583	1.01589829461143	1.02010935296137	1.00003354902885	1.01259998572772	1.00003354890031	1.0000409819571	1.01189412718218	1.05647691022457	1.01189412718218	1.02010935296137	1.00003354890031	1.01259998572772	1.00003354902885	2.04999891264677	0.0527244608776082	0.00164604567904325	0.0527244608776096	0.0654808006009369	0.00177045799283588	-0.0281937239992653	0.00177045799260015	0.0020661647553298	-0.0272663640138358	-0.0523401564536296	-0.0272663640138355	0.0654808006009386	0.00177045799260015	-0.0281937239992649	0.00177045799283689
1	1.01586802520707	1.00003258006534	1.01586802520707	1.02017032889071	1.00003353468523	1.01260379890529	1.00003353456173	1.00004108226473	1.01188224750337	1.05647423430551	1.01188224750337	1.02017032889071	1.00003353456173	1.01260379890529	1.00003353468523	2.04999893417781	0.0527228022310185	0.00164604545491019	0.0527228022310199	0.0654849864826675	0.00177045793198248	-0.0281938329570489	0.00177045793175601	0.00206616505152693	-0.0272660345613212	-0.0523400209470758	-0.027266034561321	0.0654849864826692	0.001770457931756	-0.0281938329570486	0.0017704579319835
1	1.01583892428011	1.00003246842102	1.01583892428011	1.02022897406361	1.00003352090394	1.01260746451775	1.00003352078528	1.00004117863944	1.01187082821299	1.05647165754314	1.01187082821299	1.02022897406361	1.00003352078528	1.01260746451775	1.00003352090394	2.0499989552825	0.0527212076285346	0.00164604523955508	0.052721207628536	0.065489011832883	0.00177045787349127	-0.0281939376982001	0.00177045787327371	0.00206616533608935	-0.027265717876474	-0.0523398904610434	-0.0272657178764737	0.0654890118328848	0.00177045787327371	-0.0281939376981998	0.00177045787349229
1	1.01581094669311	1.00003236115423	1.01581094669311	1.02028537743358	1.00003350766295	1.01261098827517	1.00003350754894	1.00004127123544	1.0118598514641	1.05646917626295	1.01185985146409	1.02028537743358	1.00003350754894	1.01261098827517	1.00003350766295	2.0499989759693	0.0527196745907832	0.0016460450326289	0.0527196745907847	0.06549288292612	0.00177045781726818	-0.0281940383858692	0.00177045781705918	0.00206616560949962	-0.0272654134643905	-0.0523397648096094	-0.0272654134643902	0.0654928829261217	0.00177045781705917	-0.0281940383858689	0.00177045781726919
1	1.01578404905451	1.00003225809331	1.01578404905451	1.02033962457197	1.00003349494106	1.01261437566672	1.00003349483153	1.0000413602009	1.01184930010199	1.05646678692662	1.01184930010199	1.02033962457197	1.00003349483153	1.01261437566672	1.00003349494106	2.04999899624646	0.0527182007360157	0.00164604483379948	0.0527182007360172	0.0654966057570714	0.00177045776322488	-0.0281941351768927	0.0017704577630241	0.00206616587221236	-0.0272651208493594	-0.0523396438136361	-0.0272651208493591	0.0654966057570732	0.0017704577630241	-0.0281941351768923	0.00177045776322589
1	1.015758189651	1.00003215907336	1.015758189651	1.02039179779492	1.00003348271793	1.01261763196918	1.00003348261269	1.00004144567815	1.01183915763728	1.05646448612694	1.01183915763728	1.02039179779492	1.00003348261269	1.01261763196918	1.00003348271793	2.04999901612211	0.052716783775845	0.001646044642747	0.0527167837758465	0.0655001860626017	0.00177045771127532	-0.0281942282220518	0.00177045771108243	0.00206616612465782	-0.0272648395741012	-0.0523395273006913	-0.0272648395741009	0.0655001860626035	0.00177045771108243	-0.0281942282220515	0.00177045771127633
1	1.01573332838245	1.00003206393594	1.01573332838245	1.02044197628587	1.00003347097401	1.01262076225518	1.00003347087289	1.00004152780396	1.01182940822009	1.05646227058302	1.01182940822009	1.02044197628587	1.00003347087289	1.01262076225518	1.00003347097401	2.0499990356042	0.0527154215111419	0.00164604445916635	0.0527154215111433	0.065503629339811	0.00177045766133849	-0.0281943176662904	0.00177045766115318	0.00206616636724549	-0.0272645691990745	-0.0523394151046481	-0.0272645691990743	0.0655036293398128	0.00177045766115318	-0.0281943176662901	0.0017704576613395
1	1.01570942669937	1.00003197252881	1.01570942669937	1.02049023621372	1.0000334596905	1.0126237714011	1.00003345959335	1.00004160670974	1.01182003661522	1.05646013713554	1.01182003661522	1.02049023621372	1.00003345959335	1.01262377140109	1.0000334596905	2.04999905470052	0.0527141118284	0.00164604428276354	0.0527141118284014	0.0655069408610378	0.00177045761333537	-0.0281944036489541	0.00177045761315735	0.00206616660036577	-0.02726430930177	-0.0523393070656014	-0.0272643093017697	0.0655069408610396	0.00177045761315735	-0.0281944036489538	0.00177045761333638
1	1.01568644754285	1.00003188470571	1.01568644754286	1.02053665084667	1.00003344884936	1.01262666409463	1.00003344875602	1.00004168252174	1.01181102817826	1.05645808274225	1.01181102817826	1.02053665084667	1.00003344875602	1.01262666409462	1.00003344884936	2.0499990734187	0.0527128526961598	0.00164604411325773	0.0527128526961612	0.0655101256867063	0.0017704575671914	-0.028194486303992	0.00177045756702037	0.00206616682439209	-0.0272640594760696	-0.0523392030295005	-0.0272640594760693	0.065510125686708	0.00177045756702037	-0.0281944863039917	0.00177045756719242
1	1.01566435528678	1.00003180032611	1.01566435528678	1.02058129066192	1.00003343843324	1.0126294448421	1.00003343834356	1.00004175536127	1.0118023688327	1.0564561044737	1.0118023688327	1.02058129066192	1.00003343834356	1.0126294448421	1.00003343843324	2.04999909176624	0.052711642161786	0.00164604395037816	0.0527116421617874	0.0655131886764211	0.00177045752283384	-0.0281945657601783	0.00177045752266951	0.00206616703968178	-0.0272638193315918	-0.0523391028480621	-0.0272638193315915	0.0655131886764228	0.00177045752266951	-0.028194565760178	0.00177045752283485
1	1.0156431156823	1.00003171925499	1.0156431156823	1.02062422345131	1.00003342842548	1.01263211797549	1.00003342833932	1.00004182534486	1.01179404504789	1.05645419950895	1.01179404504789	1.02062422345131	1.00003342833932	1.01263211797549	1.00003342842548	2.04999910975047	0.052710478348262	0.00164604379386583	0.0527104783482635	0.0655161344988467	0.00177045748019384	-0.0281946421412987	0.00177045748003599	0.00206616724657747	-0.0272635884930999	-0.0523390063784353	-0.0272635884930996	0.0655161344988485	0.00177045748003599	-0.0281946421412984	0.00177045748019485
1	1.01562269580452	1.00003164136263	1.01562269580453	1.0206655144231	1.00003341881007	1.01263468765916	1.00003341872729	1.00004189258451	1.0117860438178	1.05645236513165	1.0117860438178	1.0206655144231	1.00003341872729	1.01263468765916	1.00003341881007	2.0499991273786	0.052709359451274	0.00164604364347112	0.0527093594512755	0.0655189676405331	0.00177045743920436	-0.0281947155663561	0.00177045743905274	0.00206616744540763	-0.0272633665998987	-0.0523389134831177	-0.0272633665998985	0.0655189676405349	0.00177045743905274	-0.0281947155663558	0.00177045743920537
1	1.0156030640012	1.00003156652439	1.0156030640012	1.0207052262999	1.00003340957163	1.01263715789633	1.00003340949209	1.00004195718778	1.01177835264072	1.05645059872608	1.01177835264072	1.0207052262999	1.00003340949209	1.01263715789633	1.00003340957163	2.04999914465766	0.0527082837362967	0.00164604349895507	0.0527082837362981	0.0655216924140119	0.00177045739980188	-0.0281947861497445	0.00177045739965622	0.00206616763648767	-0.027263153305285	-0.0523388240296488	-0.0272631533052848	0.0655216924140137	0.00177045739965622	-0.0281947861497442	0.0017704573998029
1	1.01558418984344	1.00003149462052	1.01558418984344	1.02074341941299	1.00003340069538	1.01263953253535	1.00003340061896	1.00004201925805	1.01177095949967	1.05644889777349	1.01177095949967	1.02074341941299	1.00003340061896	1.01263953253535	1.00003340069538	2.04999916159457	0.0527072495359216	0.00164604336008742	0.052707249535923	0.0655243129652153	0.00177045736192453	-0.0281948540014355	0.00177045736178459	0.0020661678201202	-0.0272629482759912	-0.0523387378905236	-0.0272629482759909	0.0655243129652171	0.00177045736178459	-0.0281948540014352	0.00177045736192555
1	1.01556604407836	1.00003142553596	1.01556604407836	1.02078015179306	1.00003339216713	1.01264181527565	1.0000333920937	1.00004207889464	1.01176385284359	1.05644725984845	1.01176385284359	1.02078015179306	1.0000333920937	1.01264181527565	1.00003339216713	2.04999917819611	0.0527062552471912	0.00164604322664761	0.0527062552471927	0.0655268332804295	0.00177045732551356	-0.0281949192271422	0.00177045732537913	0.00206616799659601	-0.0272627511916768	-0.0523386549429187	-0.0272627511916765	0.0655268332804312	0.00177045732537913	-0.0281949192271418	0.00177045732551457
1	1.01554859858352	1.00003135916018	1.01554859858352	1.02081547925762	1.00003338397321	1.01264400967352	1.00003338390267	1.00004213619297	1.01175702156926	1.05644568261542	1.01175702156926	1.02081547925762	1.00003338390267	1.01264400967352	1.00003338397321	2.04999919446892	0.0527052993291379	0.00164604309842311	0.0527052993291394	0.0655292571927723	0.00177045729051187	-0.0281949819284902	0.00177045729038274	0.00206616816619426	-0.0272625617444151	-0.0523385750685977	-0.0272625617444149	0.0655292571927741	0.00177045729038273	-0.0281949819284899	0.00177045729051289
1	1.01553182632321	1.00003129538695	1.01553182632321	1.02084945549504	1.00003337610054	1.01264611914763	1.00003337603276	1.00004219124471	1.01175045500393	1.05644416382542	1.01175045500393	1.02084945549504	1.00003337603276	1.01264611914763	1.00003337610054	2.0499992104195	0.0527043803003362	0.00164604297521031	0.0527043803003376	0.0655315883883459	0.0017704572568652	-0.0281950422031706	0.00177045725674113	0.00206616832918324	-0.0272623796382235	-0.0523384981536744	-0.0272623796382232	0.0655315883883476	0.00177045725674113	-0.0281950422031703	0.00177045725686621
1	1.01551570130632	1.00003123411424	1.01551570130632	1.02088213214551	1.00003336853651	1.0126481469844	1.00003336847139	1.00004224413795	1.01174414288861	1.0564427013128	1.01174414288861	1.02088213214551	1.00003336847139	1.0126481469844	1.00003336853651	2.04999922605424	0.0527034967366297	0.00164604285681307	0.0527034967366312	0.065533830412036	0.0017704572245208	-0.0281951001450966	0.00177045722440162	0.0020661684858206	-0.0272622045885886	-0.0523384240885107	-0.0272622045885883	0.0655338304120378	0.00177045722440162	-0.0281951001450963	0.00177045722452182
1	1.015500198546	1.00003117524401	1.015500198546	1.02091355887885	1.00003336126903	1.01265009634305	1.00003336120646	1.00004229495733	1.01173807536205	1.05644129299219	1.01173807536205	1.02091355887885	1.00003336120646	1.01265009634305	1.00003336126903	2.0499992413794	0.0527026472688774	0.00164604274304333	0.0527026472688789	0.065535986673057	0.00177045719342851	-0.0281951558445446	0.00177045719331403	0.002066168636354	-0.0272620363220323	-0.0523383527675039	-0.027262036322032	0.0655359866730588	0.00177045719331403	-0.0281951558445443	0.00177045719342952
1	1.01548529402071	1.00003111868204	1.01548529402072	1.0209437834695	1.00003335428646	1.01265197026057	1.00003335422635	1.00004234378415	1.01173224294526	1.05643993685547	1.01173224294526	1.0209437834695	1.00003335422635	1.01265197026057	1.00003335428646	2.04999925640109	0.0527018305808532	0.00164604263372005	0.0527018305808546	0.0655380604502172	0.00177045716353965	-0.0281952093883004	0.00177045716342968	0.00206616878102137	-0.0272618745756731	-0.0523382840889902	-0.0272618745756728	0.065538060450219	0.00177045716342968	-0.0281952093883001	0.00177045716354066
1	1.01547096463694	1.00003106433784	1.01547096463694	1.02097285186859	1.00003334757765	1.01265377165645	1.00003334751989	1.00004239069654	1.01172663652673	1.05643863096895	1.01172663652673	1.02097285186859	1.00003334751989	1.01265377165645	1.00003334757765	2.04999927112534	0.0527010454071689	0.00164604252866957	0.0527010454071704	0.065540054896976	0.00177045713480779	-0.0281952608597886	0.00177045713470213	0.00206616892005133	-0.0272617190968247	-0.0523382179550484	-0.0272617190968244	0.0655400548969778	0.00177045713470213	-0.0281952608597883	0.0017704571348088
1	1.01545718819326	1.00003101212444	1.01545718819326	1.02100080827331	1.00003334113185	1.01265550333717	1.00003334107636	1.00004243576956	1.01172124734816	1.0564373734706	1.01172124734815	1.02100080827331	1.00003334107636	1.01265550333717	1.00003334113185	2.04999928555802	0.0527002905313324	0.00164604242772478	0.0527002905313338	0.0655419730462642	0.00177045710718801	-0.0281953103392092	0.00177045710708654	0.0020661690536636	-0.0272615696425932	-0.0523381542714079	-0.027261569642593	0.065541973046266	0.00177045710708654	-0.0281953103392089	0.00177045710718903
1	1.01544394334583	1.00003096195831	1.01544394334583	1.0210276951937	1.00003333493875	1.01265716800066	1.00003333488544	1.00004247907534	1.01171606699073	1.0564361625674	1.01171606699073	1.0210276951937	1.00003333488544	1.01265716800066	1.00003333493875	2.04999929970492	0.0526995647838322	0.00164604233072531	0.0526995647838337	0.0655438178151255	0.00177045708063739	-0.0281953579036552	0.00177045708053991	0.00206616918206929	-0.0272614259795028	-0.0523380929472712	-0.0272614259795025	0.0655438178151273	0.0017704570805399	-0.0281953579036549	0.00177045708063841
1	1.01543120957525	1.00003091375916	1.01543120957525	1.02105355351683	1.00003332898846	1.0126587682404	1.00003332893723	1.00004252068316	1.011711087362	1.05643499653276	1.011711087362	1.02105355351683	1.00003332893723	1.0126587682404	1.00003332898846	2.04999931357169	0.0526988670403399	0.00164604223751685	0.0526988670403413	0.0655455920091502	0.00177045705511444	-0.0281954036272388	0.0017704570550208	0.00206616930547132	-0.0272612878831259	-0.0523380338952232	-0.0272612878831256	0.065545592009152	0.0017704570550208	-0.0281954036272385	0.00177045705511545
1	1.01541896715463	1.00003086744988	1.01541896715464	1.02107842256865	1.00003332327144	1.01266030654957	1.00003332322222	1.0000425606596	1.01170630068319	1.05643387370408	1.01170630068319	1.02107842256865	1.00003332322222	1.01266030654956	1.00003332327144	2.04999932716388	0.0526981962199444	0.00164604214795134	0.0526981962199458	0.0655472983267512	0.00177045703057948	-0.028195447581202	0.00177045703048952	0.00206616942406465	-0.0272611551377363	-0.052337977031072	-0.027261155137736	0.065547298326753	0.00177045703048952	-0.0281954475812017	0.00177045703058049
1	1.01540719711899	1.00003082295636	1.01540719711899	1.0211023401734	1.00003331777856	1.01266178532481	1.00003331773127	1.00004259906862	1.01170169947704	1.05643279248036	1.01170169947704	1.0211023401734	1.00003331773127	1.01266178532481	1.00003331777856	2.04999934048693	0.0526975512834893	0.00164604206188631	0.0526975512834907	0.0655489393632542	0.00177045700699416	-0.0281954898340322	0.00177045700690776	0.00206616953803673	-0.027261027535968	-0.0523379222737603	-0.0272610275359677	0.065548939363256	0.00177045700690776	-0.0281954898340319	0.00177045700699518
1	1.01539588123576	1.00003078020741	1.01539588123576	1.02112534271084	1.00003331250102	1.01266320687007	1.00003331245558	1.00004263597167	1.01169727655612	1.05643175131995	1.01169727655612	1.02112534271084	1.00003331245558	1.01266320687007	1.00003331250102	2.04999935354617	0.0526969312319432	0.001646041979185	0.0526969312319446	0.065550517614844	0.00177045698432182	-0.0281955304515645	0.00177045698423883	0.00206616964756758	-0.0272609048784943	-0.0523378695452194	-0.027260904878494	0.0655505176148458	0.00177045698423883	-0.0281955304515642	0.00177045698432284
1	1.01538500197649	1.00003073913462	1.01538500197649	1.02114746517128	1.00003330743038	1.01266457340013	1.00003330738673	1.00004267142782	1.01169302501159	1.05643074873832	1.01169302501159	1.02114746517128	1.00003330738673	1.01266457340013	1.00003330743038	2.04999936634681	0.0526963351048615	0.0016460418997159	0.052696335104863	0.0655520354823427	0.00177045696252705	-0.0281955694970877	0.00177045696244733	0.00206616975283029	-0.0272607869737135	-0.0523378187702869	-0.0272607869737132	0.0655520354823445	0.00177045696244733	-0.0281955694970874	0.00177045696252806
1	1.01537454248961	1.00003069967227	1.01537454248961	1.02116874120853	1.00003330255854	1.01266588704405	1.0000333025166	1.00004270549377	1.0116889382024	1.05642978330593	1.0116889382024	1.02116874120853	1.0000333025166	1.01266588704405	1.00003330255854	2.04999937889398	0.0526957619788837	0.00164604182335275	0.0526957619788852	0.0655534952748577	0.00177045694157593	-0.0281956070314403	0.00177045694149936	0.00206616985399117	-0.0272606736374509	-0.0523377698765738	-0.0272606736374506	0.0655534952748595	0.00177045694149936	-0.02819560703144	0.00177045694157695
1	1.01536448657428	1.00003066175722	1.01536448657428	1.02118920319084	1.0000332978777	1.01266714984851	1.0000332978374	1.00004273822405	1.01168500974488	1.05642885364624	1.01168500974488	1.02118920319084	1.0000332978374	1.01266714984851	1.0000332978777	2.04999939119271	0.0526952109663082	0.0016460417499741	0.0526952109663097	0.065554899213275	0.00177045692143575	-0.0281956431131071	0.00177045692136219	0.00206616995121005	-0.0272605646926702	-0.0523377227943824	-0.02726056469267	0.0655548992132768	0.00177045692136219	-0.0281956431131068	0.00177045692143677
1	1.01535481865523	1.0000306253288	1.01535481865523	1.0212088822499	1.00003329338036	1.012668363781	1.00003329334165	1.00004276967102	1.01168123350281	1.05642795843371	1.0116812335028	1.0212088822499	1.00003329334165	1.012668363781	1.00003329338036	2.0499994032479	0.0526946812137072	0.00164604167946334	0.0526946812137086	0.0655562494336316	0.00177045690207519	-0.0281956777983094	0.00177045690200452	0.00206617004464055	-0.0272604599691974	-0.0523376774565916	-0.0272604599691971	0.0655562494336334	0.00177045690200452	-0.0281956777983091	0.0017704569020762
1	1.01534552375857	1.00003059032872	1.01534552375857	1.021227808328	1.00003328905935	1.01266953073286	1.00003328902215	1.000042799885	1.01167760357776	1.05642709639193	1.01167760357776	1.021227808328	1.00003328902215	1.01266953073286	1.00003328905935	2.04999941506438	0.0526941719006076	0.00164604161170838	0.052694171900609	0.0655575479903466	0.00177045688346399	-0.028195711141093	0.00177045688339613	0.0020661701344303	-0.0272603593034528	-0.0523376337985728	-0.0272603593034525	0.0655575479903484	0.00177045688339613	-0.0281957111410927	0.001770456883465
1	1.01533658748856	1.00003055670097	1.01533658748856	1.02124601022335	1.00003328490773	1.01267065252224	1.00003328487199	1.00004282891434	1.01167411429995	1.05642626629177	1.01167411429994	1.02124601022335	1.00003328487199	1.01267065252224	1.00003328490773	2.04999942664688	0.0526936822382127	0.00164604154660147	0.0526936822382141	0.065558796859341	0.00177045686557323	-0.028195743193412	0.00177045686550805	0.00206617022072116	-0.0272602625381982	-0.0523375917580841	-0.0272602625381979	0.0655587968593428	0.00177045686550805	-0.0281957431934117	0.00177045686557424
1	1.01532799600528	1.00003052439174	1.01532799600528	1.02126351563378	1.00003328091888	1.01267173089694	1.00003328088454	1.00004285680547	1.0116707602193	1.05642546694966	1.0116707602193	1.02126351563378	1.00003328088454	1.01267173089694	1.00003328091888	2.04999943800004	0.0526932114681812	0.00164604148403917	0.0526932114681826	0.0655599979410281	0.00177045684837495	-0.0281957740052094	0.00177045684831235	0.0020661703036495	-0.0272601695222883	-0.0523375512751991	-0.027260169522288	0.0655599979410298	0.00177045684831234	-0.0281957740052091	0.00177045684837596
1	1.01531973600312	1.00003049334935	1.01531973600312	1.02128035119864	1.00003327708641	1.01267276753711	1.00003327705342	1.00004288360304	1.01166753609699	1.05642469722588	1.01166753609699	1.02128035119864	1.00003327705342	1.01267276753711	1.00003327708641	2.04999944912838	0.0526927588614489	0.00164604142392198	0.0526927588614503	0.0655611530631976	0.00177045683184237	-0.028195803624496	0.00177045683178224	0.0020661703833463	-0.027260080110436	-0.0523375122922031	-0.0272600801104357	0.0655611530631994	0.00177045683178224	-0.0281958036244957	0.00177045683184339
1	1.01531179469016	1.00003046352411	1.01531179469017	1.02129654253923	1.00003327340419	1.0126737640579	1.00003327337249	1.00004290934991	1.01166443689722	1.05642395602295	1.01166443689722	1.02129654253923	1.00003327337249	1.0126737640579	1.00003327340419	2.04999946003637	0.0526923237170982	0.00164604136615434	0.0526923237170996	0.0655622639837845	0.00177045681594971	-0.0281958320974243	0.00177045681589194	0.0020661704599375	-0.0272599941629855	-0.0523374747535267	-0.0272599941629852	0.0655622639837863	0.00177045681589194	-0.028195832097424	0.00177045681595072
1	1.01530415976833	1.0000304348683	1.01530415976833	1.02131211429762	1.00003326986633	1.01267472201194	1.00003326983587	1.00004293408728	1.01166145777935	1.05642324228405	1.01166145777935	1.02131211429762	1.00003326983587	1.01267472201194	1.00003326986633	2.04999947072836	0.052691905361271	0.00164604131064445	0.0526919053612724	0.0655633323935377	0.00177045680067223	-0.0281958594683608	0.00177045680061674	0.00206617053354413	-0.0272599115456931	-0.0523374386056555	-0.0272599115456928	0.0655633323935394	0.00177045680061674	-0.0281958594683605	0.00177045680067324
1	1.01529681941428	1.00003040733607	1.01529681941428	1.02132709017403	1.00003326646717	1.01267564289178	1.0000332664379	1.00004295785473	1.01165859409034	1.05642255499153	1.01165859409034	1.02132709017403	1.0000332664379	1.01267564289178	1.00003326646717	2.04999948120865	0.0526915031461215	0.00164604125730405	0.052691503146123	0.0655643599185816	0.00177045678598609	-0.0281958857799553	0.00177045678593282	0.00206617060428252	-0.0272598321295175	-0.0523374037970606	-0.0272598321295172	0.0655643599185834	0.00177045678593282	-0.028195885779955	0.0017704567859871
1	1.01528976226111	1.00003038088336	1.01528976226111	1.02134149296275	1.00003326320127	1.01267652813222	1.00003326317315	1.0000429806903	1.01165584135748	1.05642189316545	1.01165584135748	1.02134149296275	1.00003326317315	1.01267652813222	1.00003326320127	2.0499994914814	0.0526911164488126	0.00164604120604834	0.052691116448814	0.0655653481228829	0.00177045677186843	-0.0281959110732067	0.00177045677181726	0.00206617067226438	-0.0272597557904189	-0.0523373702781197	-0.0272597557904186	0.0655653481228846	0.00177045677181726	-0.0281959110732064	0.00177045677186944
1	1.01528297738068	1.00003035546785	1.01528297738068	1.02135534458677	1.00003326006341	1.01267737911252	1.0000332600364	1.00004300263052	1.01165319528138	1.05642125586218	1.01165319528138	1.02135534458677	1.0000332600364	1.01267737911252	1.00003326006341	2.04999950155075	0.0526907446705501	0.00164604115679587	0.0526907446705516	0.065566298510624	0.0017704567582972	-0.0281959353875272	0.00177045675824808	0.00206617073759717	-0.0272596824091641	-0.0523373380010523	-0.0272596824091638	0.0655662985106258	0.00177045675824807	-0.0281959353875269	0.00177045675829821
1	1.0152764542667	1.00003033104887	1.0152764542667	1.02136866613096	1.00003325704857	1.01267819715856	1.00003325702261	1.00004302371049	1.01165065172929	1.05642064217304	1.01165065172929	1.02136866613096	1.00003325702261	1.01267819715856	1.00003325704857	2.0499995114207	0.0526903872356524	0.00164604110946831	0.0526903872356538	0.0655672125284848	0.0017704567452513	-0.0281959587608041	0.00177045674520412	0.00206617080038412	-0.0272596118711406	-0.0523373069198428	-0.0272596118711404	0.0655672125284866	0.00177045674520411	-0.0281959587608038	0.00177045674525232
1	1.01527018281841	1.00003030758734	1.01527018281841	1.02138147787416	1.00003325415192	1.01267898354494	1.00003325412698	1.00004304396395	1.0116482067286	1.05642005122304	1.0116482067286	1.02138147787416	1.00003325412698	1.01267898354494	1.00003325415192	2.04999952109522	0.0526900435906599	0.00164604106399045	0.0526900435906613	0.0655680915678394	0.00177045673271036	-0.0281959812294574	0.00177045673266505	0.00206617086072442	-0.0272595440661779	-0.0523372769901878	-0.0272595440661776	0.0655680915678412	0.00177045673266505	-0.0281959812294571	0.00177045673271137
1	1.01526415332493	1.00003028504573	1.01526415332493	1.02139379931987	1.00003325136883	1.01267973949691	1.00003325134488	1.00004306342329	1.01164585646065	1.05641948216962	1.01164585646065	1.02139379931987	1.00003325134488	1.01267973949691	1.00003325136883	2.04999953057817	0.0526897132034755	0.00164604102029003	0.0526897132034769	0.065568936966865	0.00177045672065484	-0.0281960028284989	0.00177045672061133	0.00206617091871338	-0.0272594788883747	-0.0523372481694198	-0.0272594788883744	0.0655689369668668	0.00177045672061133	-0.0281960028284986	0.00177045672065585
1	1.01525835645019	1.00003026338796	1.01525835645019	1.02140564922591	1.00003324869486	1.01268046619229	1.00003324867184	1.00004308211967	1.01164359725478	1.05641893420141	1.01164359725478	1.02140564922591	1.00003324867184	1.01268046619229	1.00003324869486	2.04999953987335	0.0526893955625382	0.00164604097829751	0.0526893955625396	0.065569750012576	0.00177045670906595	-0.0281960235915848	0.00177045670902416	0.00206617097444269	-0.0272594162359335	-0.0523372204164552	-0.0272594162359333	0.0655697500125778	0.00177045670902416	-0.0281960235915845	0.00177045670906697
1	1.01525278321849	1.00003024257938	1.01525278321849	1.02141704563289	1.00003324612571	1.01268116476336	1.0000332461036	1.00004310008298	1.01164142558254	1.05641840653714	1.01164142558254	1.02141704563289	1.0000332461036	1.01268116476336	1.00003324612571	2.04999954898446	0.0526890901760339	0.00164604093794613	0.0526890901760353	0.0655705319427766	0.00177045669792565	-0.0281960435510682	0.0017704566978855	0.00206617102800038	-0.0272593560110027	-0.05233719369173	-0.0272593560110025	0.0655705319427784	0.0017704566978855	-0.0281960435510679	0.00177045669792666
1	1.01524742500052	1.00003022258669	1.01524742500052	1.02142800589157	1.00003324365729	1.01268183629854	1.00003324363604	1.00004311734198	1.01163933805226	1.05641789842446	1.01163933805226	1.02142800589157	1.00003324363604	1.01268183629854	1.00003324365729	2.04999955791517	0.0526887965711282	0.00164604089917181	0.0526887965711296	0.0655712839479395	0.00177045668721655	-0.0281960627380514	0.00177045668717799	0.00206617107947109	-0.0272592981195207	-0.0523371679571489	-0.0272592981195204	0.0655712839479412	0.00177045668717799	-0.0281960627380511	0.00177045668721756
1	1.01524227350006	1.00003020337791	1.01524227350006	1.02143854668924	1.00003324128564	1.01268248184416	1.00003324126523	1.00004313392428	1.01163733140365	1.05641740913893	1.01163733140365	1.02143854668924	1.00003324126523	1.01268248184416	1.00003324128564	2.04999956666904	0.0526885142932367	0.0016460408619129	0.0526885142932382	0.0655720071730155	0.00177045667692195	-0.0281960811824326	0.00177045667688493	0.00206617112893611	-0.0272592424710732	-0.0523371431760262	-0.0272592424710729	0.0655720071730172	0.00177045667688493	-0.0281960811824323	0.00177045667692296
1	1.01523732074104	1.00003018492229	1.01523732074104	1.02144868407507	1.00003323900697	1.01268310240604	1.00003323898736	1.00004314985641	1.0116354025028	1.05641693798292	1.0116354025028	1.02144868407507	1.00003323898736	1.01268310240604	1.00003323900697	2.04999957524956	0.0526882429053197	0.00164604082611016	0.0526882429053211	0.0655727027191711	0.00177045666702583	-0.0281960989129515	0.00177045666699027	0.00206617117647364	-0.0272591889787478	-0.0523371193130369	-0.0272591889787475	0.0655727027191729	0.00177045666699027	-0.0281960989129512	0.00177045666702685
1	1.01523255905525	1.00003016719031	1.01523255905525	1.02145843348446	1.00003323681764	1.01268369895108	1.00003323679879	1.00004316516387	1.01163354833723	1.05641648428467	1.01163354833723	1.02145843348446	1.00003323679879	1.01268369895108	1.00003323681764	2.04999958366019	0.052687981987203	0.00164604079170666	0.0526879819872044	0.0655733716454625	0.00177045665751271	-0.0281961159572372	0.00177045665747858	0.00206617122215874	-0.0272591375590012	-0.0523370963341629	-0.0272591375590009	0.0655733716454642	0.00177045665747858	-0.0281961159572369	0.00177045665751373
1	1.01522798107039	1.00003015015358	1.01522798107039	1.02146780976248	1.00003323471414	1.01268427240875	1.00003323469603	1.00004317987114	1.01163176601118	1.05641604739732	1.01163176601118	1.02146780976248	1.00003323469603	1.01268427240875	1.00003323471414	2.04999959190427	0.0526877311349286	0.00164604075864773	0.05268773113493	0.0655740149704425	0.00177045664836784	-0.0281961323418487	0.00177045664833505	0.00206617126606366	-0.0272590881315264	-0.0523370742066489	-0.0272590881315261	0.0655740149704443	0.00177045664833505	-0.0281961323418484	0.00177045664836885
1	1.01522357969868	1.00003013378486	1.01522357969869	1.02147682718649	1.0000332326931	1.01268482367257	1.0000332326757	1.00004319400176	1.01163005274112	1.05641562669795	1.01163005274112	1.02147682718649	1.0000332326757	1.01268482367257	1.0000332326931	2.0499995999851	0.0526874899601293	0.00164604072688082	0.0526874899601307	0.0655746336737097	0.00177045663957692	-0.028196148092318	0.00177045663954545	0.00206617130825772	-0.0272590406191299	-0.0523370528989504	-0.0272590406191296	0.0655746336737115	0.00177045663954545	-0.0281961480923177	0.00177045663957794
1	1.0152193481259	1.00003011805794	1.0152193481259	1.02148549948776	1.0000332307513	1.01268535360147	1.00003323073458	1.00004320757833	1.01162840585137	1.05641522158674	1.01162840585137	1.02148549948776	1.00003323073458	1.01268535360147	1.0000332307513	2.04999960790593	0.0526872580894232	0.00164604069635542	0.0526872580894246	0.0655752286973956	0.00177045663112626	-0.0281961632331874	0.00177045663109606	0.00206617134880762	-0.0272589949476076	-0.0523370323806943	-0.0272589949476073	0.0655752286973974	0.00177045663109605	-0.0281961632331871	0.00177045663112728
1	1.01521527980075	1.00003010294767	1.01521527980075	1.02149383987237	1.00003322888562	1.01268586302113	1.00003322886956	1.00004322062259	1.01162682276994	1.05641483148611	1.01162682276994	1.02149383987237	1.00003322886956	1.01268586302113	1.00003322888562	2.04999961566991	0.0526870351638389	0.00164604066702304	0.0526870351638404	0.0655758009475982	0.0017704566230027	-0.0281961777880507	0.0017704566229737	0.00206617138777743	-0.0272589510456323	-0.0523370126226317	-0.027258951045632	0.0655758009476	0.0017704566229737	-0.0281961777880504	0.00177045662300371
1	1.01521136842477	1.00003008842987	1.01521136842477	1.02150186104128	1.00003322709309	1.01268635272529	1.00003322707766	1.00004323315541	1.0116253010245	1.05641445583986	1.0116253010245	1.02150186104128	1.00003322707766	1.01268635272529	1.00003322709309	2.04999962328016	0.0526868208382561	0.00164604063883701	0.0526868208382576	0.0655763512957573	0.00177045661519357	-0.028196191779588	0.00177045661516572	0.00206617142522872	-0.0272589088446401	-0.0523369935965967	-0.0272589088446398	0.065576351295759	0.00177045661516572	-0.0281961917795877	0.00177045661519458
1	1.01520760794256	1.0000300744813	1.01520760794256	1.02150957520963	1.00003322537083	1.01268682347698	1.000033225356	1.00004324519683	1.01162383823852	1.0564140941124	1.01162383823852	1.02150957520964	1.000033225356	1.01268682347698	1.00003322537083	2.04999963073971	0.052686614780875	0.00164604061175255	0.0526866147808764	0.0655768805799794	0.00177045660768668	-0.0281962052296019	0.00177045660765995	0.00206617146122065	-0.0272588682787235	-0.0523369752754677	-0.0272588682787232	0.0655768805799812	0.00177045660765995	-0.0281962052296016	0.00177045660768769
1	1.01520399253239	1.00003006107964	1.01520399253239	1.02151699412533	1.00003322371609	1.01268727600967	1.00003322370185	1.00004325676612	1.01162243212755	1.056413745788	1.01162243212755	1.02151699412534	1.00003322370185	1.01268727600967	1.00003322371609	2.04999963805156	0.0526864166726973	0.00164604058572659	0.0526864166726987	0.0655773896063128	0.00177045660047038	-0.0281962181590511	0.0017704566004447	0.00206617149581012	-0.0272588292845299	-0.0523369576331294	-0.0272588292845296	0.0655773896063146	0.0017704566004447	-0.0281962181590508	0.00177045660047139
1	1.01520051659716	1.00003004820346	1.01520051659716	1.02152412908688	1.00003322212623	1.01268771102846	1.00003322211254	1.00004326788179	1.01162108049567	1.05641341037003	1.01162108049567	1.02152412908688	1.00003322211254	1.01268771102846	1.00003322212623	2.04999964521862	0.0526862262070344	0.00164604056071777	0.0526862262070359	0.0655778791499709	0.00177045659353337	-0.0281962305880827	0.00177045659350872	0.00206617152905175	-0.0272587918011601	-0.0523369406444309	-0.0272587918011598	0.0655778791499727	0.00177045659350872	-0.0281962305880824	0.00177045659353439
1	1.01519717475578	1.00003003583214	1.01519717475578	1.02153099096057	1.00003322059869	1.01268812921118	1.00003322058554	1.00004327856164	1.01161978123204	1.05641308738026	1.01161978123204	1.02153099096057	1.00003322058554	1.01268812921118	1.00003322059869	2.04999965224376	0.0526860430890327	0.00164604053668635	0.0526860430890342	0.0655783499565138	0.00177045658686484	-0.0281962425360653	0.00177045658684117	0.00206617156099804	-0.0272587557700761	-0.0523369242851553	-0.0272587557700758	0.0655783499565156	0.00177045658684117	-0.028196242536065	0.00177045658686586
1	1.0151939618348	1.0000300239459	1.0151939618348	1.021537590197	1.00003321913104	1.0126885312094	1.00003321911841	1.00004328882274	1.01161853230763	1.05641277635818	1.01161853230763	1.021537590197	1.00003321911841	1.0126885312094	1.00003321913104	2.04999965912979	0.0526858670352168	0.0016460405135941	0.0526858670352183	0.0655788027429798	0.00177045658045443	-0.0281962540216165	0.0017704565804317	0.00206617159169953	-0.0272587211350079	-0.0523369085319834	-0.0272587211350076	0.0655788027429816	0.0017704565804317	-0.0281962540216162	0.00177045658045544
1	1.01519087286037	1.00003001252571	1.01519087286037	1.02154393684699	1.00003321772093	1.01268891764949	1.0000332177088	1.00004329868153	1.011617331772	1.05641247686037	1.011617331772	1.02154393684699	1.0000332177088	1.01268891764949	1.00003321772093	2.04999966587947	0.0526856977730483	0.00164604049140433	0.0526856977730497	0.0655792381989758	0.00177045657429212	-0.0281962650626343	0.00177045657427032	0.00206617162120471	-0.027258687841865	-0.0523368933624592	-0.0272586878418647	0.0655792381989775	0.00177045657427032	-0.028196265062634	0.00177045657429314
1	1.01518790305059	1.0000300015533	1.01518790305059	1.02155004057683	1.00003321636611	1.01268928913358	1.00003321635444	1.00004330815376	1.01161617775032	1.0564121884598	1.01161617775032	1.02155004057683	1.00003321635444	1.01268928913357	1.00003321636611	2.0499996724955	0.0526855350405057	0.00164604047008181	0.0526855350405072	0.0655796569877271	0.00177045656836835	-0.0281962756763228	0.00177045656834742	0.00206617164956019	-0.0272586558386541	-0.0523368787549583	-0.0272586558386538	0.0655796569877289	0.00177045656834742	-0.0281962756763225	0.00177045656836936
1	1.01518504780807	1.00002999101111	1.01518504780807	1.02155591068301	1.00003321506439	1.01268964624047	1.00003321505319	1.0000433172546	1.01161506844038	1.05641191074528	1.01161506844038	1.02155591068301	1.00003321505319	1.01268964624047	1.00003321506439	2.04999967898053	0.0526853785856765	0.00164604044959254	0.052685378585678	0.0655800597470842	0.00177045656267381	-0.0281962858792209	0.00177045656265373	0.00206617167681073	-0.0272586250753947	-0.0523368646886563	-0.0272586250753944	0.0655800597470859	0.00177045656265373	-0.0281962858792206	0.00177045656267482
1	1.0151823027128	1.00002998088227	1.01518230271281	1.02156155610633	1.00003321381371	1.01268998952661	1.00003321380295	1.00004332599861	1.0116140021098	1.05641164332087	1.0116140021098	1.02156155610633	1.00003321380295	1.01268998952661	1.00003321381371	2.04999968533714	0.0526852281663713	0.00164604042990404	0.0526852281663728	0.0655804470904954	0.00177045655719969	-0.0281962956872289	0.00177045655718042	0.00206617170299945	-0.0272585955040448	-0.0523368511435039	-0.0272585955040445	0.0655804470904972	0.00177045655718042	-0.0281962956872286	0.00177045655720071
1	1.01517966351534	1.00002997115058	1.01517966351534	1.02156698544554	1.00003321261207	1.01269031952686	1.00003321260172	1.00004333439977	1.01161297709336	1.05641138580528	1.01161297709335	1.02156698544554	1.00003321260172	1.01269031952686	1.00003321261207	2.04999969156788	0.0526850835497423	0.00164604041098499	0.0526850835497437	0.0655808196079388	0.00177045655193745	-0.0281963051156299	0.00177045655191896	0.0020661717281677	-0.0272585670784231	-0.052336838100192	-0.0272585670784228	0.0655808196079405	0.00177045655191896	-0.0281963051156296	0.00177045655193846
1	1.0151771261302	1.00002996180047	1.0151771261302	1.0215722069704	1.00003321145753	1.01269063675543	1.00003321144759	1.00004334247154	1.01161199179031	1.05641113783136	1.01161199179031	1.0215722069704	1.00003321144759	1.01269063675543	1.00003321145753	2.04999969767525	0.0526849445119281	0.00164604039280532	0.0526849445119295	0.0655811778668196	0.00177045654687889	-0.0281963141791157	0.00177045654686114	0.00206617175235526	-0.027258539754138	-0.0523368255401284	-0.0272585397541377	0.0655811778668214	0.00177045654686114	-0.0281963141791154	0.0017704565468799
1	1.01517468662951	1.00002995281696	1.01517468662951	1.02157722863423	1.00003321034825	1.01269094170659	1.00003321033871	1.00004335022683	1.01161104466196	1.05641089904556	1.01161104466196	1.02157722863423	1.00003321033871	1.01269094170659	1.00003321034825	2.04999970366168	0.052684810837704	0.00164604037533612	0.0526848108377054	0.0655815224128331	0.00177045654201612	-0.0281963228918098	0.00177045654199908	0.00206617177560036	-0.0272585134885174	-0.0523368134454076	-0.0272585134885172	0.0655815224128349	0.00177045654199908	-0.0281963228918095	0.00177045654201713
1	1.01517234123698	1.0000299441857	1.01517234123698	1.02158205808608	1.00003320928247	1.0126912348555	1.00003320927329	1.00004335767805	1.01161013422924	1.05641066910744	1.01161013422924	1.02158205808608	1.00003320927329	1.0126912348555	1.00003320928247	2.04999970952957	0.0526846823201489	0.00164604035854963	0.0526846823201503	0.0655818537707945	0.00177045653734154	-0.0281963312672894	0.00177045653732517	0.00206617179793966	-0.0272584882405431	-0.0523368017987892	-0.0272584882405429	0.0655818537707963	0.00177045653732517	-0.0281963312672891	0.00177045653734255
1	1.01517008632201	1.00002993589286	1.01517008632201	1.0215867026823	1.00003320825846	1.01269151665893	1.00003320824965	1.00004336483711	1.01160925907037	1.05641044768915	1.01160925907037	1.0215867026823	1.00003320824965	1.01269151665893	1.00003320825846	2.04999971528127	0.0526845587603254	0.00164604034241915	0.0526845587603269	0.0655821724454391	0.00177045653284786	-0.0281963393186057	0.00177045653283218	0.00206617181940853	-0.0272584639707862	-0.0523367905836714	-0.0272584639707859	0.0655821724454409	0.00177045653283218	-0.0281963393186054	0.00177045653284888
1	1.01516791839408	1.00002992792518	1.01516791839408	1.02159116949776	1.00003320727461	1.01269178755598	1.00003320726614	1.00004337171547	1.01160841781867	1.05641023447502	1.01160841781867	1.02159116949776	1.00003320726614	1.01269178755597	1.00003320727461	2.04999972091908	0.0526844399669726	0.00164604032691906	0.0526844399669741	0.0655824789221891	0.00177045652852813	-0.0281963470583047	0.00177045652851305	0.00206617184004084	-0.027258440641345	-0.0523367797840672	-0.0272584406413448	0.0655824789221908	0.00177045652851305	-0.0281963470583044	0.00177045652852915
1	1.01516583409735	1.00002992026991	1.01516583409735	1.02159546533664	1.00003320632932	1.01269204796873	1.00003320632118	1.00004337832415	1.01160760916042	1.05641002916105	1.01160760916042	1.02159546533664	1.00003320632118	1.01269204796872	1.00003320632932	2.04999972644525	0.0526843257562088	0.00164604031202473	0.0526843257562102	0.0655827736678929	0.00177045652437557	-0.0281963544984473	0.00177045652436111	0.00206617185986923	-0.0272584182157874	-0.0523367693845818	-0.0272584182157871	0.0655827736678947	0.00177045652436111	-0.028196354498447	0.00177045652437659
1	1.01516383020545	1.00002991291479	1.01516383020545	1.02159959674273	1.00003320542109	1.01269229830294	1.00003320541328	1.00004338467371	1.01160683183278	1.05640983145453	1.01160683183278	1.02159959674273	1.00003320541328	1.01269229830294	1.00003320542109	2.049999731862	0.0526842159512461	0.00164604029771248	0.0526842159512476	0.0655830571315351	0.00177045652038374	-0.0281963616506277	0.00177045652036988	0.002066171878925	-0.0272583966590923	-0.052336759370391	-0.027258396659092	0.0655830571315369	0.00177045652036988	-0.0281963616506274	0.00177045652038475
1	1.0151619036165	1.00002990584807	1.0151619036165	1.02160357000945	1.00003320454847	1.01269253894869	1.00003320454096	1.00004339077431	1.01160608462188	1.05640964107357	1.01160608462188	1.02160357000945	1.00003320454096	1.01269253894869	1.00003320454847	2.04999973717149	0.052684110382118	0.00164604028395956	0.0526841103821194	0.0655833297449188	0.00177045651654638	-0.0281963685259904	0.00177045651653309	0.00206617189723825	-0.0272583759375954	-0.0523367497272198	-0.0272583759375951	0.0655833297449206	0.00177045651653309	-0.0281963685259901	0.00177045651654739
1	1.01516005134829	1.00002989905843	1.01516005134829	1.02160739118937	1.00003320371007	1.01269277028093	1.00003320370285	1.00004339663571	1.01160536636084	1.05640945774673	1.01160536636083	1.02160739118937	1.00003320370285	1.01269277028093	1.00003320371007	2.04999974237584	0.0526840088854149	0.0016460402707441	0.0526840088854164	0.0655835919233236	0.00177045651285755	-0.0281963751352498	0.0017704565128448	0.00206617191483794	-0.0272583560189372	-0.0523367404413216	-0.0272583560189369	0.0655835919233254	0.0017704565128448	-0.0281963751352495	0.00177045651285856
1	1.01515827053367	1.00002989253501	1.01515827053367	1.02161106610347	1.00003320290452	1.0126929926601	1.00003320289759	1.0000434022673	1.01160467592801	1.05640928121265	1.01160467592801	1.02161106610347	1.00003320289759	1.0126929926601	1.00003320290453	2.04999974747714	0.0526839113040326	0.0016460402580451	0.052683911304034	0.065583844066139	0.00177045650931149	-0.028196381488705	0.00177045650929927	0.00206617193175187	-0.0272583368720116	-0.0523367314994611	-0.0272583368720113	0.0655838440661408	0.00177045650929927	-0.0281963814887047	0.00177045650931251
1	1.01515655841611	1.00002988626736	1.01515655841611	1.02161460034996	1.00003320213057	1.01269320643272	1.0000332021239	1.00004340767808	1.0116040122452	1.05640911121962	1.0116040122452	1.02161460034996	1.0000332021239	1.01269320643272	1.00003320213057	2.04999975247743	0.052683817486928	0.00164604024584237	0.0526838174869294	0.0655840865574704	0.00177045650590268	-0.0281963875962564	0.00177045650589094	0.00206617194800674	-0.0272583184669175	-0.0523367228888905	-0.0272583184669172	0.0655840865574721	0.00177045650589094	-0.0281963875962561	0.00177045650590369
1	1.01515491234542	1.00002988024547	1.01515491234542	1.02161799931283	1.00003320138695	1.01269341193187	1.00003320138055	1.00004341287671	1.011603374276	1.05640894752529	1.011603374276	1.02161799931283	1.00003320138055	1.01269341193187	1.00003320138695	2.0499997573787	0.052683727288885	0.0016460402341165	0.0526837272888864	0.065584319766724	0.00177045650262579	-0.0281963934674214	0.00177045650261452	0.00206617196362826	-0.027258300774913	-0.0523367145973356	-0.0272583007749127	0.0655843197667258	0.00177045650261452	-0.0281963934674211	0.0017704565026268
1	1.01515332977367	1.00002987445969	1.01515332977367	1.02162126817004	1.00003320067248	1.01269360947775	1.00003320066634	1.00004341787151	1.01160276102415	1.05640878989627	1.01160276102415	1.02162126817004	1.00003320066634	1.01269360947775	1.00003320067248	2.04999976218293	0.0526836405702895	0.0016460402228489	0.052683640570291	0.0655845440491704	0.00177045649947571	-0.0281963991113489	0.00177045649946489	0.00206617197864111	-0.02725828376837	-0.0523367066129775	-0.0272582837683698	0.0655845440491721	0.00177045649946489	-0.0281963991113486	0.00177045649947672
1	1.01515180825123	1.00002986890077	1.01515180825124	1.02162441190138	1.00003319998603	1.01269379937816	1.00003319998012	1.00004342267047	1.01160217153199	1.05640863810783	1.01160217153199	1.02162441190138	1.00003319998012	1.01269379937816	1.00003319998603	2.04999976689202	0.0526835571969155	0.00164604021202163	0.052683557196917	0.0655847597464831	0.00177045649644753	-0.0281964045368343	0.00177045649643716	0.00206617199306898	-0.0272582674207306	-0.0523366989244342	-0.0272582674207303	0.0655847597464849	0.00177045649643716	-0.028196404536834	0.00177045649644854
1	1.01515034542298	1.00002986355981	1.01515034542298	1.02162743529607	1.00003319932649	1.01269398192901	1.00003319932081	1.00004342728127	1.01160160487897	1.05640849194354	1.01160160487897	1.02162743529607	1.00003319932081	1.01269398192901	1.00003319932649	2.04999977150787	0.0526834770397144	0.0016460402016175	0.0526834770397158	0.0655849671872622	0.00177045649353657	-0.0281964097523318	0.00177045649352665	0.00206617200693469	-0.0272582517064658	-0.0523366915207473	-0.0272582517064655	0.065584967187264	0.00177045649352664	-0.0281964097523314	0.00177045649353758
1	1.01514893902464	1.00002985842827	1.01514893902465	1.02163034296007	1.0000331986928	1.01269415741474	1.00003319868735	1.00004343171129	1.0116010601802	1.05640835119503	1.0116010601802	1.02163034296008	1.00003319868735	1.01269415741474	1.0000331986928	2.04999977603231	0.0526833999746153	0.00164604019161995	0.0526833999746167	0.0655851666875299	0.00177045649073824	-0.0281964147659686	0.00177045649072874	0.00206617202026013	-0.0272582366010351	-0.0523366843913614	-0.0272582366010348	0.0655851666875316	0.00177045649072874	-0.0281964147659683	0.00177045649073926
1	1.01514758687932	1.00002985349793	1.01514758687932	1.02163313932306	1.00003319808396	1.01269432610877	1.00003319807872	1.00004343596761	1.01160053658508	1.05640821566161	1.01160053658508	1.02163313932306	1.00003319807872	1.01269432610877	1.00003319808396	2.04999978046717	0.0526833258823353	0.00164604018201309	0.0526833258823367	0.0655853585512154	0.00177045648804823	-0.0281964195855577	0.00177045648803912	0.00206617203306636	-0.02725822208085	-0.052336677526115	-0.0272582220808497	0.0655853585512172	0.00177045648803912	-0.0281964195855574	0.00177045648804924
1	1.01514628689408	1.00002984876091	1.01514628689408	1.02163582864517	1.00003319749899	1.01269448827397	1.00003319749395	1.00004344005705	1.01160003327597	1.05640808515007	1.01160003327597	1.02163582864517	1.00003319749395	1.01269448827397	1.00003319749899	2.04999978481421	0.0526832546481925	0.00164604017278167	0.0526832546481939	0.0655855430706174	0.00177045648546231	-0.0281964242186096	0.00177045648545358	0.00206617204537361	-0.0272582081232352	-0.0523366709152207	-0.0272582081232349	0.0655855430706191	0.00177045648545358	-0.0281964242186093	0.00177045648546333
1	1.01514503705674	1.00002984420963	1.01514503705674	1.02163841502352	1.00003319693695	1.01269464416301	1.00003319693211	1.00004344398615	1.0115995494669	1.05640795947432	1.0115995494669	1.02163841502352	1.00003319693211	1.01269464416301	1.00003319693695	2.04999978907518	0.0526831861619304	0.00164604016391103	0.0526831861619319	0.0655857205268461	0.00177045648297647	-0.0281964286723435	0.00177045648296811	0.00206617205720133	-0.0272581947063945	-0.0523366645492564	-0.0272581947063942	0.0655857205268479	0.00177045648296811	-0.0281964286723432	0.00177045648297749
1	1.01514383543276	1.00002983983679	1.01514383543276	1.02164090239842	1.00003319639695	1.01269479401879	1.0000331963923	1.00004344776119	1.01159908440235	1.05640783845517	1.01159908440235	1.02164090239842	1.0000331963923	1.01269479401879	1.00003319639695	2.04999979325177	0.0526831203175446	0.00164604015538699	0.0526831203175461	0.0655858911902539	0.00177045648058686	-0.0281964329537	0.00177045648057884	0.00206617206856822	-0.0272581818093755	-0.0523366584191464	-0.0272581818093752	0.0655858911902557	0.00177045648057884	-0.0281964329536997	0.00177045648058787
1	1.01514268016221	1.00002983563542	1.01514268016221	1.02164329455937	1.00003319587811	1.01269493807481	1.00003319587365	1.00004345138822	1.0115986373561	1.05640772192011	1.0115986373561	1.02164329455937	1.00003319587365	1.01269493807481	1.00003319587811	2.04999979734566	0.0526830570131216	0.00164604014719609	0.0526830570131231	0.0655860553208469	0.00177045647828971	-0.0281964370693508	0.00177045647828203	0.00206617207949219	-0.0272581694120379	-0.0523366525161519	-0.0272581694120376	0.0655860553208487	0.00177045647828203	-0.0281964370693505	0.00177045647829073
1	1.01514156945694	1.00002983159877	1.01514156945694	1.02164559515085	1.00003319537962	1.01269507655554	1.00003319537533	1.00004345487304	1.01159820763004	1.05640760970296	1.01159820763004	1.02164559515085	1.00003319537533	1.01269507655554	1.00003319537962	2.04999980135848	0.0526829961506787	0.00164604013932527	0.0526829961506801	0.0655862131686801	0.00177045647608145	-0.0281964410257093	0.00177045647607408	0.00206617208999054	-0.0272581574950223	-0.0523366468318598	-0.027258157495022	0.0655862131686819	0.00177045647607408	-0.028196441025709	0.00177045647608247
1	1.01514050159775	1.0000298277204	1.01514050159775	1.02164780767785	1.00003319490067	1.01269520967674	1.00003319489654	1.00004345822123	1.01159779455311	1.05640750164375	1.01159779455311	1.02164780767785	1.00003319489654	1.01269520967674	1.00003319490067	2.04999980529185	0.0526829376360137	0.00164604013176202	0.0526829376360151	0.0655863649742376	0.00177045647395863	-0.0281964448289407	0.00177045647395158	0.00206617210007983	-0.0272581460397187	-0.0523366413581665	-0.0272581460397184	0.0655863649742394	0.00177045647395158	-0.0281964448289404	0.00177045647395965
1	1.0151394749318	1.0000298239941	1.0151394749318	1.02164993551121	1.00003319444049	1.01269533764586	1.00003319443653	1.00004346143813	1.01159739748026	1.05640739758842	1.01159739748026	1.02164993551121	1.00003319443653	1.01269533764585	1.00003319444049	2.04999980914733	0.0526828813785586	0.00164604012449434	0.0526828813785601	0.0655865109688008	0.00177045647191801	-0.0281964484849718	0.00177045647191124	0.00206617210977603	-0.0272581350282388	-0.0523366360872705	-0.0272581350282385	0.0655865109688026	0.00177045647191124	-0.0281964484849715	0.00177045647191902
1	1.01513848787	1.00002982041391	1.01513848787	1.02165198189277	1.00003319399836	1.01269546066227	1.00003319399456	1.00004346452891	1.01159701579143	1.05640729738859	1.01159701579143	1.02165198189277	1.00003319399456	1.01269546066227	1.00003319399836	2.04999981292646	0.052682827291238	0.00164604011751067	0.0526828272912394	0.0655866513747978	0.00177045646995632	-0.0281964519994992	0.00177045646994985	0.00206617211909441	-0.0272581244433863	-0.0523366310116556	-0.027258124443386	0.0655866513747996	0.00177045646994985	-0.0281964519994989	0.00177045646995734
1	1.01513753888456	1.00002981697409	1.01513753888456	1.02165394994029	1.00003319357356	1.01269557891766	1.0000331935699	1.0000434674985	1.01159664889059	1.05640720090143	1.01159664889059	1.0216539499403	1.0000331935699	1.01269557891766	1.00003319357356	2.04999981663077	0.0526827752903381	0.00164604011079991	0.0526827752903395	0.0655867864061451	0.00177045646807058	-0.0281964553780001	0.00177045646806439	0.00206617212804975	-0.0272581142686322	-0.0523366261240899	-0.0272581142686319	0.0655867864061469	0.00177045646806439	-0.0281964553779998	0.0017704564680716
1	1.01513662650663	1.00002981366915	1.01513662650663	1.0216558426522	1.00003319316542	1.0126956925963	1.0000331931619	1.00004347035166	1.01159629620478	1.05640710798936	1.01159629620478	1.0216558426522	1.0000331931619	1.0126956925963	1.00003319316542	2.04999982026172	0.0526827252953721	0.00164604010435137	0.0526827252953735	0.0655869162685706	0.00177045646625779	-0.0281964586257392	0.00177045646625185	0.00206617213665615	-0.0272581044880869	-0.0523366214176052	-0.0272581044880867	0.0655869162685724	0.00177045646625185	-0.0281964586257389	0.00177045646625881
1	1.01513574932404	1.00002981049379	1.01513574932404	1.02165766291216	1.00003319277327	1.01269580187532	1.0000331927699	1.00004347309294	1.01159595718326	1.05640701851992	1.01159595718326	1.02165766291217	1.0000331927699	1.01269580187532	1.00003319277327	2.04999982382078	0.0526826772289607	0.00164604009815483	0.0526826772289621	0.0655870411599283	0.00177045646451517	-0.028196461747778	0.00177045646450946	0.00206617214492724	-0.0272580950864782	-0.0523366168854921	-0.0272580950864779	0.0655870411599301	0.00177045646450945	-0.0281964617477776	0.00177045646451618
1	1.01513490597907	1.00002980744294	1.01513490597907	1.02165941349348	1.0000331923965	1.01269590692498	1.00003319239326	1.00004347572675	1.01159563129663	1.05640693236555	1.01159563129663	1.02165941349348	1.00003319239326	1.01269590692498	1.0000331923965	2.04999982730936	0.0526826310167077	0.00164604009220046	0.0526826310167091	0.0655871612705001	0.00177045646283998	-0.028196464748981	0.0017704564628345	0.00206617215287608	-0.0272580860491242	-0.0523366125212902	-0.0272580860491239	0.0655871612705019	0.0017704564628345	-0.0281964647489807	0.00177045646284099
1	1.01513409516641	1.00002980451171	1.01513409516641	1.0216610970633	1.0000331920345	1.01269600790897	1.00003319203139	1.00004347825729	1.01159531803598	1.05640684940341	1.01159531803598	1.0216610970633	1.00003319203139	1.01269600790897	1.0000331920345	2.04999983072886	0.0526825865870871	0.00164604008647878	0.0526825865870885	0.0655872767832843	0.00177045646122962	-0.0281964676340249	0.00177045646122437	0.00206617216051518	-0.0272580773619118	-0.0523366083187789	-0.0272580773619116	0.0655872767832861	0.00177045646122437	-0.0281964676340246	0.00177045646123063
1	1.01513331563108	1.00002980169541	1.01513331563108	1.02166271618669	1.00003319168669	1.01269610498465	1.0000331916837	1.00004348068861	1.01159501691215	1.05640676951523	1.01159501691215	1.02166271618669	1.0000331916837	1.01269610498465	1.00003319168669	2.04999983408066	0.0526825438713341	0.00164604008098069	0.0526825438713355	0.0655873878742758	0.00177045645968157	-0.0281964704074064	0.00177045645967656	0.00206617216785667	-0.0272580690112751	-0.0523366042719678	-0.0272580690112748	0.0655873878742776	0.00177045645967656	-0.0281964704074061	0.00177045645968258
1	1.01513256616653	1.00002979898953	1.01513256616653	1.02166427333054	1.00003319135252	1.01269619830328	1.00003319134965	1.0000434830246	1.0115947274549	1.05640669258711	1.0115947274549	1.02166427333055	1.00003319134965	1.01269619830328	1.00003319135252	2.04999983736608	0.0526825028033337	0.00164604007569745	0.0526825028033351	0.0655874947127326	0.00177045645819342	-0.0281964730734464	0.00177045645818864	0.00206617217491214	-0.0272580609841742	-0.0523366003750882	-0.0272580609841739	0.0655874947127344	0.00177045645818864	-0.0281964730734461	0.00177045645819443
1	1.01513184561275	1.00002979638975	1.01513184561275	1.02166577086733	1.00003319103145	1.01269628801025	1.00003319102869	1.000043485269	1.01159444921223	1.05640661850937	1.01159444921223	1.02166577086733	1.00003319102869	1.01269628801025	1.00003319103145	2.04999984058645	0.052682463319524	0.00164604007062065	0.0526824633195254	0.0655875974614348	0.00177045645676287	-0.0281964756362994	0.0017704564567583	0.00206617218169271	-0.0272580532680739	-0.0523365966225842	-0.0272580532680737	0.0655875974614366	0.0017704564567583	-0.0281964756362991	0.00177045645676388
1	1.01513115285448	1.00002979389191	1.01513115285448	1.0216672110787	1.00003319072297	1.01269637424536	1.00003319072031	1.0000434874254	1.01159418174964	1.05640654717639	1.01159418174964	1.0216672110787	1.00003319072031	1.01269637424536	1.00003319072297	2.04999984374305	0.0526824253587933	0.00164604006574225	0.0526824253587948	0.0655876962769316	0.00177045645538768	-0.0281964780999592	0.00177045645538331	0.00206617218820909	-0.0272580458509243	-0.052336593009108	-0.027258045850924	0.0655876962769334	0.0017704564553833	-0.0281964780999589	0.00177045645538869
1	1.01513048681949	1.00002979149201	1.01513048681949	1.02166859615899	1.00003319042658	1.01269645714296	1.00003319042403	1.00004348949726	1.01159392464948	1.05640647848647	1.01159392464948	1.02166859615899	1.00003319042403	1.01269645714296	1.00003319042658	2.04999984683714	0.0526823888623887	0.00164604006105447	0.0526823888623901	0.0655877913097797	0.0017704564540657	-0.0281964804682654	0.00177045645406153	0.00206617219447159	-0.027258038721143	-0.0523365895295086	-0.0272580387211427	0.0655877913097814	0.00177045645406153	-0.0281964804682651	0.00177045645406671
1	1.01512984647691	1.0000297891862	1.01512984647691	1.02166992821854	1.00003319014181	1.01269653683224	1.00003319013936	1.00004349148787	1.01159367751026	1.05640641234169	1.01159367751026	1.02166992821854	1.00003319013936	1.01269653683223	1.00003319014181	2.04999984986997	0.0526823537738227	0.00164604005654986	0.0526823537738241	0.0655878827047744	0.00177045645279485	-0.0281964827449081	0.00177045645279088	0.00206617220049007	-0.0272580318675959	-0.0523365861788253	-0.0272580318675956	0.0655878827047762	0.00177045645279088	-0.0281964827449078	0.00177045645279586
1	1.01512923083562	1.00002978697081	1.01512923083562	1.02167120928692	1.0000331898682	1.01269661343734	1.00003318986585	1.00004349340044	1.01159343994605	1.05640634864774	1.01159343994605	1.02167120928692	1.00003318986585	1.01269661343734	1.0000331898682	2.04999985284274	0.0526823200387876	0.00164604005222129	0.0526823200387891	0.0655879706011678	0.0017704564515732	-0.0281964849334358	0.0017704564515694	0.00206617220627407	-0.0272580252795815	-0.0523365829522826	-0.0272580252795813	0.0655879706011696	0.0017704564515694	-0.0281964849334355	0.00177045645157421
1	1.01512863894276	1.00002978484228	1.01512863894276	1.02167244131599	1.00003318960532	1.01269668707766	1.00003318960306	1.00004349523802	1.0115932115859	1.0564062873138	1.0115932115859	1.02167244131599	1.00003318960306	1.01269668707765	1.00003318960532	2.04999985575665	0.0526822876050716	0.00164604004806189	0.0526822876050731	0.0655880551328824	0.00177045645039883	-0.0281964870372582	0.00177045645039519	0.00206617221183273	-0.0272580189468116	-0.0523365798452814	-0.0272580189468113	0.0655880551328842	0.00177045645039519	-0.0281964870372579	0.00177045645039984
1	1.01512806988222	1.0000297827972	1.01512806988222	1.02167362618294	1.00003318935275	1.01269675786791	1.00003318935057	1.00004349700355	1.0115929920732	1.05640622825244	1.0115929920732	1.02167362618294	1.00003318935057	1.01269675786791	1.00003318935275	2.04999985861286	0.052682256422475	0.00164604004406501	0.0526822564224765	0.0655881364287144	0.0017704564492699	-0.0281964890596536	0.00177045644926643	0.00206617221717482	-0.0272580128593965	-0.0523365768533918	-0.0272580128593962	0.0655881364287162	0.00177045644926642	-0.0281964890596533	0.00177045644927091
1	1.01512752277323	1.00002978083232	1.01512752277323	1.02167476569308	1.00003318911008	1.01269682591842	1.00003318910799	1.00004349869985	1.01159278106516	1.05640617137945	1.01159278106516	1.02167476569308	1.00003318910799	1.01269682591842	1.00003318911008	2.04999986141251	0.0526822264427355	0.00164604004022431	0.0526822264427369	0.0655882146125303	0.00177045644818464	-0.0281964910037743	0.00177045644818133	0.00206617222230876	-0.0272580070078306	-0.052336573972349	-0.0272580070078304	0.065588214612532	0.00177045644818133	-0.028196491003774	0.00177045644818566
1	1.01512699676899	1.00002977894447	1.01512699676899	1.02167586158262	1.00003318887692	1.01269689133521	1.00003318887491	1.00004350032965	1.0115925782323	1.05640611661374	1.0115925782323	1.02167586158262	1.00003318887491	1.0126968913352	1.00003318887692	2.04999986415673	0.0526821976194536	0.00164604003653368	0.0526821976194551	0.0655882898034555	0.00177045644714141	-0.0281964928726496	0.00177045644713824	0.00206617222724271	-0.0272580013829766	-0.0523365711980471	-0.0272580013829763	0.0655882898034572	0.00177045644713824	-0.0281964928726493	0.00177045644714242
1	1.01512649105537	1.00002977713065	1.01512649105537	1.02167691552132	1.0000331886529	1.01269695422021	1.00003318865097	1.00004350189554	1.01159238325786	1.05640606387723	1.01159238325786	1.02167691552132	1.00003318865097	1.01269695422021	1.0000331886529	2.04999986684661	0.0526821699080173	0.0016460400329873	0.0526821699080187	0.0655883621160545	0.00177045644613852	-0.0281964946691915	0.00177045644613549	0.00206617223198443	-0.0272579959760499	-0.0523365685265308	-0.0272579959760496	0.0655883621160563	0.00177045644613549	-0.0281964946691911	0.00177045644613953
1	1.01512600484966	1.00002977538794	1.01512600484966	1.02167792911502	1.00003318843767	1.01269701467141	1.00003318843581	1.00004350340004	1.01159219583739	1.05640601309474	1.01159219583739	1.02167792911502	1.00003318843581	1.01269701467141	1.00003318843767	2.04999986948322	0.0526821432655384	0.00164604002957948	0.0526821432655399	0.0655884316605085	0.00177045644517444	-0.0281964963961997	0.00177045644517155	0.0020661722365414	-0.0272579907786077	-0.0523365659539921	-0.0272579907786074	0.0655884316605102	0.00177045644517155	-0.0281964963961994	0.00177045644517545
1	1.01512553739933	1.00002977371357	1.01512553739933	1.02167890390811	1.00003318823087	1.01269707278301	1.00003318822909	1.00004350484555	1.01159201567822	1.05640596419387	1.01159201567822	1.02167890390811	1.00003318822909	1.01269707278301	1.00003318823087	2.04999987206763	0.052682117650781	0.0016460400263048	0.0526821176507824	0.0655884985427796	0.00177045644424767	-0.0281964980563652	0.00177045644424491	0.00206617224092083	-0.0272579857825336	-0.0523365634767648	-0.0272579857825333	0.0655884985427814	0.00177045644424491	-0.0281964980563649	0.00177045644424868
1	1.01512508798088	1.00002977210485	1.01512508798088	1.02167984138584	1.00003318803218	1.01269712864555	1.00003318803047	1.00004350623438	1.01159184249903	1.05640591710489	1.01159184249903	1.02167984138584	1.00003318803047	1.01269712864555	1.00003318803218	2.04999987460086	0.0526820930241011	0.00164604002315809	0.0526820930241025	0.0655885628647745	0.00177045644335675	-0.0281964996522753	0.00177045644335412	0.00206617224512964	-0.027257980980026	-0.0523365610913158	-0.0272579809800257	0.0655885628647763	0.00177045644335412	-0.0281964996522749	0.00177045644335776
1	1.01512465589873	1.0000297705592	1.01512465589873	1.02168074297663	1.00003318784128	1.01269718234608	1.00003318783964	1.00004350756876	1.01159167602938	1.05640587176067	1.01159167602938	1.02168074297663	1.00003318783964	1.01269718234608	1.00003318784128	2.04999987708393	0.0526820693473842	0.00164604002013435	0.0526820693473856	0.0655886247244996	0.00177045644250032	-0.0281965011864176	0.00177045644249782	0.00206617224917449	-0.0272579763635855	-0.052336558794246	-0.0272579763635852	0.0655886247245013	0.00177045644249782	-0.0281965011864172	0.00177045644250133
1	1.01512424048412	1.00002976907416	1.01512424048412	1.02168161005421	1.00003318765787	1.01269723396826	1.00003318765629	1.00004350885082	1.01159151600931	1.05640582809657	1.01159151600931	1.02168161005421	1.00003318765629	1.01269723396826	1.00003318765787	2.04999987951783	0.0526820465839848	0.00164604001722877	0.0526820465839862	0.0655886842162092	0.00177045644167703	-0.0281965026611813	0.00177045644167463	0.00206617225306172	-0.0272579719260023	-0.0523365565822807	-0.027257971926002	0.065588684216211	0.00177045644167462	-0.0281965026611809	0.00177045644167804
1	1.01512384109409	1.00002976764735	1.01512384109409	1.02168244393972	1.00003318748164	1.01269728359255	1.00003318748012	1.00004351008261	1.01159136218897	1.05640578605033	1.01159136218897	1.02168244393972	1.00003318748012	1.01269728359255	1.00003318748164	2.04999988190353	0.0526820246986723	0.00164604001443674	0.0526820246986737	0.0655887414305506	0.00177045644088559	-0.0281965040788659	0.0017704564408833	0.00206617225679752	-0.027257967660348	-0.0523365544522676	-0.0272579676603477	0.0655887414305524	0.0017704564408833	-0.0281965040788656	0.0017704564408866
1	1.0151234571105	1.00002976627648	1.0151234571105	1.02168324590376	1.00003318731232	1.01269733129625	1.00003318731087	1.00004351126611	1.01159121432813	1.056405745562	1.01159121432813	1.02168324590376	1.00003318731087	1.01269733129625	1.00003318731232	2.049999884242	0.0526820036575735	0.00164604001175379	0.0526820036575749	0.0655887964546999	0.00177045644012477	-0.0281965054416799	0.0017704564401226	0.00206617226038777	-0.0272579635599605	-0.0523365524011698	-0.0272579635599602	0.0655887964547016	0.0017704564401226	-0.0281965054416796	0.00177045644012579
1	1.01512308793902	1.00002976495936	1.01512308793903	1.02168401716825	1.00003318714965	1.01269737715371	1.00003318714825	1.0000435124032	1.01159107219592	1.05640570657386	1.01159107219591	1.02168401716825	1.00003318714825	1.01269737715371	1.00003318714965	2.04999988653416	0.0526819834281241	0.00164604000917569	0.0526819834281256	0.0655888493724972	0.0017704564393934	-0.0281965067517479	0.00177045643939133	0.00206617226383816	-0.0272579596184371	-0.0523365504260633	-0.0272579596184368	0.0655888493724989	0.00177045643939133	-0.0281965067517476	0.00177045643939442
1	1.0151227330083	1.00002976369388	1.0151227330083	1.02168475890838	1.00003318699335	1.01269742123637	1.000033186992	1.0000435134957	1.01159093557038	1.05640566903032	1.01159093557037	1.02168475890838	1.000033186992	1.01269742123637	1.00003318699335	2.04999988878094	0.0526819639790151	0.00164604000669833	0.0526819639790165	0.0655889002645731	0.00177045643869034	-0.0281965080111104	0.00177045643868836	0.00206617226715412	-0.0272579558296228	-0.0523365485241325	-0.0272579558296225	0.0655889002645749	0.00177045643868836	-0.0281965080111101	0.00177045643869136
1	1.01512239176897	1.00002976247803	1.01512239176897	1.02168547225433	1.00003318684317	1.01269746361293	1.00003318684188	1.00004351454538	1.01159080423816	1.05640563287787	1.01159080423816	1.02168547225433	1.00003318684188	1.01269746361293	1.00003318684317	2.04999989098322	0.0526819452801446	0.00164604000431777	0.052681945280146	0.0655889492084726	0.00177045643801445	-0.0281965092217302	0.00177045643801258	0.0020661722703409	-0.0272579521876007	-0.0523365466926671	-0.0272579521876004	0.0655889492084744	0.00177045643801258	-0.0281965092217299	0.00177045643801546
1	1.01512206369291	1.00002976130984	1.01512206369291	1.02168615829302	1.00003318669889	1.01269750434941	1.00003318669765	1.00004351555389	1.01159067799419	1.05640559806494	1.01159067799419	1.02168615829302	1.00003318669765	1.01269750434941	1.00003318669889	2.0499998931419	0.0526819273025715	0.00164604000203021	0.052681927302573	0.0655889962787712	0.00177045643736472	-0.0281965103854938	0.00177045643736294	0.00206617227340352	-0.027257948686684	-0.0523365449290564	-0.0272579486866837	0.065588996278773	0.00177045643736294	-0.0281965103854935	0.00177045643736574
1	1.01512174827232	1.00002976018746	1.01512174827232	1.02168681806977	1.00003318656026	1.01269754350929	1.00003318655907	1.00004351652286	1.01159055664134	1.05640556454192	1.01159055664134	1.02168681806977	1.00003318655907	1.01269754350929	1.00003318656026	2.04999989525783	0.0526819100184726	0.00164603999983205	0.0526819100184741	0.0655890415471899	0.00177045643674014	-0.0281965115042149	0.00177045643673843	0.00206617227634683	-0.0272579453214056	-0.0523365432307854	-0.0272579453214053	0.0655890415471917	0.00177045643673843	-0.0281965115042146	0.00177045643674115
1	1.01512144501902	1.00002975910909	1.01512144501903	1.02168745258989	1.00003318642706	1.01269758115359	1.00003318642592	1.00004351745385	1.01159043999009	1.05640553226101	1.01159043999009	1.0216874525899	1.00003318642592	1.01269758115359	1.00003318642706	2.04999989733186	0.0526818934010976	0.00164603999771975	0.0526818934010991	0.0655890850827054	0.00177045643613973	-0.0281965125796366	0.00177045643613809	0.00206617227917547	-0.0272579420865104	-0.0523365415954345	-0.0272579420865102	0.0655890850827072	0.00177045643613809	-0.0281965125796363	0.00177045643614075
1	1.01512115346367	1.000029758073	1.01512115346367	1.02168806282021	1.00003318629909	1.01269761734096	1.00003318629799	1.00004351834832	1.01159032785829	1.05640550117618	1.01159032785829	1.02168806282021	1.00003318629799	1.01269761734096	1.00003318629909	2.04999989936483	0.0526818774247275	0.00164603999569002	0.052681877424729	0.0655891269516532	0.00177045643556255	-0.0281965136134354	0.00177045643556099	0.00206617228189392	-0.027257938976947	-0.0523365400206715	-0.0272579389769467	0.0655891269516549	0.00177045643556099	-0.028196513613435	0.00177045643556357
1	1.015120873155	1.00002975707754	1.01512087315501	1.02168864969052	1.00003318617614	1.01269765212779	1.00003318617508	1.00004351920773	1.01159022007085	1.05640547124312	1.01159022007085	1.02168864969052	1.00003318617508	1.01269765212779	1.00003318617614	2.04999990135754	0.0526818620646363	0.00164603999373959	0.0526818620646377	0.0655891672178292	0.0017704564350077	-0.0281965146072215	0.00177045643500623	0.00206617228450645	-0.0272579359878592	-0.0523365385042524	-0.027257935987859	0.065589167217831	0.00177045643500623	-0.0281965146072212	0.00177045643500871
