1	1.05073385366947	1.11709162201653	1.05073385366947	1.04888876965188	1.08912435174514	1.1179493309101	1.08912435173797	1.07495423304683	1.11495690369076	1.1502133459338	1.11495690369076	1.04888876965188	1.08912435173797	1.1179493309101	1.08912435174514	0.636987755093309	0.530800890337271	0.582896683432889	0.530800890337273	0.532878267313428	0.498004580684039	0.468462888450451	0.498004580668799	0.456575108215193	0.46492891217722	0.448367460347063	0.46492891217722	0.532878267313429	0.498004580668799	0.468462888450451	0.49800458068404
1	1.06807781094139	1.16110906872168	1.06807781094139	1.05848552507153	1.10841024338858	1.14712673491654	1.10841024338309	1.0842657468496	1.13613648920125	1.17058355199134	1.13613648920125	1.05848552507153	1.10841024338309	1.14712673491654	1.10841024338858	0.691133954253485	0.564325804591497	0.630015937167657	0.564325804591499	0.565810446958207	0.519601058419263	0.49347672201932	0.51960105841128	0.471725173388818	0.483121373586081	0.456408541517464	0.483121373586082	0.565810446958208	0.51960105841128	0.493476722019321	0.519601058419265
1	1.08229817985948	1.19720930987597	1.08229817985948	1.06023395431063	1.11823939258035	1.16696349352011	1.1182393925763	1.08319678356489	1.14285711869005	1.17951396798293	1.14285711869005	1.06023395431063	1.1182393925763	1.16696349352011	1.11823939258035	0.723975284126573	0.584904222029314	0.657430653084508	0.584904222029316	0.584383057651457	0.531669059223376	0.511451914050602	0.531669059216092	0.480360587981634	0.490410565948471	0.464834593835787	0.490410565948472	0.584383057651459	0.531669059216091	0.511451914050603	0.531669059223378
1	1.09383864466674	1.22514903334764	1.09383864466674	1.05802595560302	1.12328194054952	1.1818161570427	1.12328194054648	1.07812413399248	1.14249401312722	1.18607910680178	1.14249401312722	1.05802595560302	1.12328194054648	1.1818161570427	1.12328194054952	0.743894557653349	0.597890324308896	0.672767495857629	0.597890324308898	0.593959316713956	0.538506582457607	0.524654468065842	0.538506582452726	0.484980705946096	0.491230088561334	0.475124181366172	0.491230088561335	0.593959316713958	0.538506582452726	0.524654468065842	0.538506582457609
1	1.10109850927924	1.2414634483353	1.10109850927924	1.05619100666644	1.12598923897505	1.19180823161083	1.1259892389729	1.0745653870604	1.14064303072037	1.19273167836422	1.14064303072037	1.05619100666644	1.1259892389729	1.19180823161083	1.12598923897505	0.755976207774607	0.605971652886337	0.681389175531532	0.605971652886339	0.59873928303716	0.54274518296714	0.533751032878476	0.542745182963776	0.4873624464568	0.49027856343532	0.485568784690977	0.490278563435322	0.598739283037162	0.542745182963775	0.533751032878477	0.542745182967142
1	1.10491423767305	1.24924544940856	1.10491423767305	1.05550428779313	1.12755725599378	1.19794597191452	1.12755725599229	1.07308698448379	1.13921428340863	1.19914822594478	1.13921428340863	1.05550428779313	1.12755725599229	1.19794597191452	1.12755725599378	0.763304098996363	0.610850111338169	0.686251315020061	0.61085011133817	0.60122893435604	0.545532335588548	0.539645459481649	0.545532335586298	0.488625690187363	0.489463712085411	0.49428132351589	0.489463712085412	0.601228934356042	0.545532335586297	0.539645459481649	0.54553233558855
1	1.10678189268621	1.25264233053182	1.1067818926862	1.0554245392992	1.12853490150284	1.20160021735126	1.12853490150182	1.07269219683674	1.13836714291663	1.20470712972508	1.13836714291663	1.0554245392992	1.12853490150182	1.20160021735126	1.12853490150284	0.767748689699408	0.613723048143438	0.68896328352445	0.613723048143439	0.602598789730819	0.547434185627781	0.54333946364082	0.547434185626287	0.489369154971033	0.489031999704212	0.50105666930104	0.489031999704213	0.60259878973082	0.547434185626286	0.543339463640821	0.547434185627783
1	1.10763779133223	1.25397512080123	1.10763779133223	1.05557877661085	1.12918546012597	1.20372781755316	1.12918546012529	1.07275064389208	1.13794851515459	1.20921831859743	1.13794851515459	1.05557877661085	1.12918546012529	1.20372781755316	1.12918546012597	0.770444470233213	0.615379301452225	0.690458028408491	0.615379301452226	0.603399826868797	0.548778565669481	0.545599263201939	0.548778565668493	0.489862118382552	0.488895666150539	0.506223074842767	0.48889566615054	0.603399826868799	0.548778565668492	0.54559926320194	0.548778565669483
1	1.10797711988798	1.25435388811915	1.10797711988797	1.05580161821723	1.12964328030887	1.20492544217132	1.12964328030842	1.0729752358175	1.13780205876762	1.21276367523555	1.13780205876762	1.05580161821723	1.12964328030842	1.20492544217132	1.12964328030887	0.772079543780512	0.616312698627862	0.691273067612558	0.616312698627864	0.603901133728544	0.549761302469732	0.546948023200397	0.549761302469082	0.49022087510526	0.488942969154205	0.510150543416278	0.488942969154206	0.603901133728546	0.549761302469081	0.546948023200397	0.549761302469734
1	1.1080561577437	1.25430186687713	1.1080561577437	1.05602897083472	1.12998064322152	1.20556083630734	1.12998064322122	1.07324521806852	1.13781436191053	1.21551278688883	1.13781436191053	1.05602897083472	1.12998064322122	1.20556083630734	1.12998064322152	0.77307126601928	0.616823427274331	0.691712523322633	0.616823427274333	0.604237731412802	0.550501364867056	0.547727917410022	0.550501364866629	0.490497981378266	0.48909018545359	0.513145988297675	0.489090185453591	0.604237731412804	0.550501364866628	0.547727917410022	0.550501364867058
1	1.10800862059846	1.25406880293244	1.10800862059846	1.0562384674163	1.13023836110279	1.20586097321853	1.1302383611026	1.07351160132806	1.13791141953665	1.21763714650744	1.13791141953665	1.0562384674163	1.1302383611026	1.20586097321853	1.13023836110279	0.773672775964267	0.617090643122765	0.691946157817838	0.617090643122767	0.604478989215545	0.55107269289162	0.548157937959705	0.551072692891343	0.490719579011624	0.489282803184375	0.515444683329149	0.489282803184376	0.604478989215546	0.551072692891342	0.548157937959705	0.551072692891622
1	1.10790478327542	1.25377458894239	1.10790478327542	1.05642385575992	1.1304406085134	1.20596575676269	1.13044060851328	1.07375571445264	1.13804763500411	1.21928188172555	1.13804763500411	1.05642385575992	1.13044060851328	1.20596575676269	1.1304406085134	0.774037610190391	0.61721989879798	0.692067884956693	0.617219898797981	0.604661482354338	0.55152256715206	0.548376328203225	0.551522567151884	0.49090031898425	0.489487963905769	0.51722197672	0.48948796390577	0.60466148235434	0.551522567151883	0.548376328203225	0.551522567152063
1	1.10778140997738	1.25347585851625	1.10778140997738	1.05658484784047	1.13060242851184	1.20596091128663	1.13060242851176	1.0739717436235	1.13819618617445	1.22056135501538	1.13819618617445	1.05658484784047	1.13060242851176	1.20596091128663	1.13060242851184	0.774258893335421	0.617272715938888	0.692129315169442	0.617272715938889	0.60480514054238	0.551882222520256	0.548469429272415	0.551882222520143	0.491049412510276	0.489687192011885	0.518607180013022	0.489687192011886	0.604805140542382	0.551882222520142	0.548469429272415	0.551882222520258
1	1.10765726979207	1.25319789255522	1.10765726979207	1.05672323467353	1.13073366426899	1.20589840089817	1.13073366426894	1.07415933437244	1.13834210152103	1.22156283296558	1.13834210152103	1.05672323467353	1.13073366426894	1.20589840089817	1.13073366426899	0.774393108347997	0.617284567576178	0.692158646133632	0.61728456757618	0.604921316406752	0.552173023596289	0.548490618986089	0.552173023596218	0.491173212260879	0.489871029076449	0.519695433443559	0.48987102907645	0.604921316406754	0.552173023596217	0.54849061898609	0.552173023596291
1	1.10754139441174	1.25295038317366	1.10754139441174	1.05684142349608	1.13084108105811	1.20580920486005	1.13084108105807	1.07432038646855	1.13847765525819	1.22235197782142	1.13847765525819	1.05684142349608	1.13084108105807	1.20580920486005	1.13084108105811	0.774474513868524	0.617275647583188	0.692171187636081	0.61727564758319	0.605016864423451	0.552410101870582	0.548472515465463	0.552410101870538	0.491276401338277	0.4900354341732	0.520556908812394	0.490035434173201	0.605016864423453	0.552410101870537	0.548472515465463	0.552410101870585
1	1.10743756541767	1.25273539112835	1.10743756541767	1.05694189057056	1.1309295442283	1.20571132937618	1.13092954422828	1.07445762895589	1.13859942627632	1.22297797792561	1.13859942627632	1.05694189057056	1.13092954422828	1.20571132937618	1.1309295442283	0.774523888812885	0.617257255859881	0.692175187163129	0.617257255859883	0.605096221659242	0.552604531651283	0.548434754611179	0.552604531651257	0.491362593309027	0.490179484969464	0.521243651020156	0.490179484969465	0.605096221659244	0.552604531651256	0.548434754611179	0.552604531651285
1	1.10734678490667	1.25255140656374	1.10734678490667	1.05702697765258	1.13100269212372	1.20561482742937	1.13100269212371	1.07457397446693	1.13870646697902	1.22347772431453	1.13870646697902	1.05702697765258	1.13100269212371	1.20561482742937	1.13100269212372	0.774553836230685	0.617235557259018	0.692175040139686	0.61723555725902	0.605162477671425	0.552764657201921	0.548388910545459	0.552764657201904	0.49143466376273	0.490303956248202	0.521794555269919	0.490303956248203	0.605162477671427	0.552764657201904	0.548388910545459	0.552764657201923
1	1.10726864273405	1.25239542051704	1.10726864273405	1.05709881913944	1.13106333275172	1.20552493497171	1.13106333275171	1.07467222721895	1.13879918517475	1.22387901311649	1.13879918517475	1.05709881913944	1.13106333275171	1.20552493497171	1.13106333275172	0.774572000257932	0.617213781139685	0.692173052365739	0.617213781139687	0.605217929974445	0.552896921343735	0.54834159212327	0.552896921343726	0.49149494906631	0.490410464053671	0.522238948307598	0.490410464053672	0.605217929974447	0.552896921343725	0.548341592123271	0.552896921343737
1	1.10720207050801	1.25226396668473	1.10720207050801	1.05715932113706	1.1311136861048	1.20544402149489	1.13111368610479	1.07475495747769	1.1388786739048	1.22420292905721	1.1388786739048	1.05715932113706	1.13111368610479	1.20544402149489	1.1311136861048	0.774583017297498	0.617193501298385	0.692170404164883	0.617193501298387	0.605264376937572	0.553006397243422	0.548296382352121	0.553006397243417	0.491545373930958	0.490500964569141	0.522599153691853	0.490500964569142	0.605264376937573	0.553006397243416	0.548296382352121	0.553006397243424
1	1.10714575162933	1.25215362692947	1.10714575162933	1.05721016284992	1.13115553833093	1.20537279555917	1.13115553833092	1.07482445680556	1.13894631842406	1.22446559326715	1.13894631842406	1.05721016284992	1.13115553833093	1.20537279555917	1.13115553833093	0.774589699469881	0.617175376014611	0.692167675653673	0.617175376014612	0.605303276527369	0.553097140529356	0.548255047247026	0.553097140529354	0.491587538266732	0.490577471027714	0.52289232932935	0.490577471027715	0.605303276527371	0.553097140529354	0.548255047247027	0.553097140529358
1	1.10709833782139	1.2520612580663	1.10709833782139	1.05725280846665	1.13119034426752	1.20531104331563	1.13119034426752	1.07488273315554	1.13900357258038	1.22467943677957	1.13900357258038	1.05725280846665	1.13119034426752	1.20531104331563	1.13119034426752	0.774593752412388	0.61715957261359	0.692165131455675	0.617159572613592	0.605335836412243	0.553172430382282	0.548218284938549	0.553172430382282	0.491622779423195	0.490641902356239	0.523131788082639	0.49064190235624	0.605335836412245	0.553172430382281	0.548218284938549	0.553172430382284
1	1.10705855712333	1.25198407545273	1.10705855712333	1.05728852421448	1.13121929878304	1.20525807534481	1.13121929878304	1.07493152543497	1.13905183749527	1.22485412724588	1.13905183749527	1.05728852421448	1.13121929878304	1.20525807534481	1.13121929878304	0.77459621064638	0.617146008395598	0.692162873988485	0.617146008395599	0.605363068753356	0.55323494032287	0.548186186376778	0.553234940322872	0.491652218837997	0.490696009939514	0.523327952462381	0.490696009939515	0.605363068753358	0.553234940322871	0.548186186376779	0.553234940322872
1	1.1070252617087	1.25191966539316	1.1070252617087	1.0573183976444	1.13124338867337	1.20521299196856	1.13124338867337	1.07497232681124	1.13909240115361	1.22499724635884	1.13909240115361	1.0573183976444	1.13124338867337	1.20521299196856	1.13124338867337	0.774597701640742	0.617134485274063	0.692160925210309	0.617134485274064	0.605385826560673	0.553286863145111	0.548158515758567	0.553286863145115	0.49167679839437	0.490741349645985	0.523489049810936	0.490741349645986	0.605385826560675	0.553286863145114	0.548158515758568	0.553286863145114
1	1.10699744298249	1.25186596364284	1.10699744298248	1.05734335755776	1.13126343176454	1.20517483663005	1.13126343176455	1.07500641134024	1.13912641353545	1.22511478624569	1.13912641353545	1.05734335755776	1.13126343176455	1.20517483663005	1.13126343176454	0.774598605974574	0.617124763234593	0.692159269643095	0.617124763234595	0.60540483003334	0.553330005005036	0.548134878649783	0.55333000500504	0.4916973095528	0.490779279169494	0.523621623412873	0.490779279169495	0.605404830033342	0.553330005005039	0.548134878649783	0.553330005005038
1	1.10697422957549	1.25182121981181	1.10697422957549	1.05736419347403	1.13128010729339	1.20514268069194	1.1312801072934	1.07503486086392	1.13915488189088	1.22521151609471	1.13915488189088	1.05736419347403	1.1312801072934	1.20514268069194	1.13128010729339	0.774599154480791	0.617116598918811	0.692157876563953	0.617116598918813	0.605420687111593	0.553365858039259	0.548114820546758	0.553365858039266	0.491714417217601	0.490810968772328	0.52373091203587	0.490810968772329	0.605420687111595	0.553365858039265	0.548114820546758	0.553365858039261
1	1.10695487708708	1.25178395806357	1.10695487708708	1.05738157388399	1.13129398013212	1.20511566663949	1.13129398013212	1.07505859045623	1.13917867689097	1.22529125621674	1.13917867689097	1.05738157388399	1.13129398013212	1.20511566663949	1.13129398013212	0.774599487166641	0.61710976454656	0.692156711076679	0.617109764546561	0.6054339103619	0.553395657521199	0.548097882719563	0.553395657521205	0.491728679642096	0.490837418381038	0.523821134502597	0.490837418381039	0.605433910361902	0.553395657521204	0.548097882719563	0.553395657521201
1	1.10693875443678	1.25175293880872	1.10693875443677	1.05739606296338	1.13130552038296	1.20509302671522	1.13130552038296	1.07507837173494	1.13919854412504	1.22535708417026	1.13919854412504	1.05739606296338	1.13130552038296	1.20509302671522	1.13130552038296	0.774599688950819	0.617104055982348	0.692155739336456	0.617104055982349	0.605444931239907	0.553420427541165	0.548083632050212	0.553420427541172	0.491740565148904	0.49085947696881	0.52389570544176	0.490859476968811	0.605444931239909	0.553420427541171	0.548083632050213	0.553420427541167
1	1.10692532945534	1.25172712363035	1.10692532945534	1.05740813557245	1.13131511941445	1.20507408738487	1.13131511941445	1.07509485372144	1.13921511772822	1.22541149138059	1.13921511772822	1.05740813557245	1.13131511941445	1.20507408738487	1.13131511941445	0.774599811339115	0.617099294960501	0.692154930755024	0.617099294960503	0.605454112303422	0.553441017940493	0.548071675297967	0.5534410179405	0.491750466255992	0.490877861960118	0.523957400557309	0.490877861960119	0.605454112303424	0.553441017940499	0.548071675297967	0.553441017940495
1	1.10691415506736	1.25170564424792	1.10691415506736	1.05741819051075	1.13132310308622	1.20505826601001	1.13132310308623	1.07510858120355	1.13922893431819	1.22545650332496	1.13922893431819	1.05741819051075	1.13132310308623	1.20505826601001	1.13132310308622	0.774599885571374	0.617095328334298	0.692154258692058	0.6170953283343	0.605461757715607	0.553458134425166	0.548061664249898	0.553458134425172	0.491758711637807	0.490893177473947	0.52400848449126	0.490893177473948	0.605461757715609	0.553458134425171	0.548061664249898	0.553458134425168
1	1.10690485669467	1.25168777560813	1.10690485669467	1.05742656208955	1.13132974270892	1.20504506358223	1.13132974270892	1.07512001070896	1.13924044626191	1.22549377263722	1.13924044626191	1.05742656208955	1.13132974270892	1.20504506358223	1.13132974270892	0.774599930595518	0.617092025930529	0.692153700425341	0.617092025930531	0.60546812227202	0.553472363270072	0.548053295728144	0.553472363270077	0.491765576261436	0.490905930848923	0.524050810668509	0.490905930848924	0.605468122272021	0.553472363270077	0.548053295728145	0.553472363270074
1	1.10689712111143	1.25167291284953	1.10689712111143	1.05743353013965	1.13133526415373	1.20503405580263	1.13133526415373	1.07512952427579	1.1392500337935	1.22552465188013	1.1392500337935	1.05743353013965	1.13133526415373	1.20503405580263	1.13133526415373	0.774599957904045	0.617089277888388	0.69215323680891	0.61708927788839	0.605473419136427	0.553484191671406	0.548046308867372	0.553484191671414	0.491771289968875	0.490916547264154	0.52408589993284	0.490916547264155	0.605473419136429	0.553484191671413	0.548046308867372	0.553484191671408
1	1.10689068676837	1.25166055174658	1.10689068676837	1.0574393286009	1.13133985543705	1.20502488381984	1.13133985543706	1.07513744124205	1.13925801579777	1.22555025089607	1.13925801579777	1.0574393286009	1.13133985543706	1.20502488381984	1.13133985543705	0.774599974467506	0.617086991932456	0.692152851825021	0.617086991932458	0.605477826444912	0.553494024565841	0.548040481107824	0.553494024565849	0.491776044736068	0.490925382468516	0.524115002956819	0.490925382468517	0.605477826444914	0.553494024565848	0.548040481107825	0.553494024565843
1	1.10688533549577	1.25165027219141	1.10688533549577	1.05744415285201	1.13134367303916	1.20501724534904	1.13134367303916	1.07514402828745	1.13926465923959	1.22557148231538	1.13926465923959	1.05744415285201	1.13134367303916	1.20501724534904	1.13134367303916	0.774599984513754	0.617085090811765	0.692152532128785	0.617085090811767	0.605481492921538	0.553502198558208	0.54803562374626	0.553502198558215	0.491780000800091	0.490932733741317	0.524139150122642	0.490932733741318	0.60548149292154	0.553502198558214	0.548035623746261	0.55350219855821
1	1.1068808854237	1.2516417241323	1.1068808854237	1.05744816597739	1.13134684713349	1.20501088660835	1.13134684713349	1.07514950801697	1.13927018730566	1.22558909736653	1.13927018730566	1.05744816597739	1.13134684713349	1.20501088660835	1.13134684713349	0.774599990607114	0.617083509995592	0.69215226663743	0.617083509995594	0.605484542627021	0.553508993482897	0.548031577493036	0.553508993482903	0.491783291797002	0.490938849256624	0.524159191774725	0.490938849256625	0.605484542627023	0.553508993482903	0.548031577493036	0.553508993482899
1	1.10687718509709	1.25163461648441	1.10687718509709	1.05745150389064	1.13134948611269	1.20500559474907	1.13134948611269	1.07515406592334	1.13927478639959	1.22560371715994	1.13927478639959	1.05745150389063	1.13134948611269	1.20500559474907	1.13134948611269	0.774599994302926	0.617082195663712	0.692152046132225	0.617082195663714	0.605487079014825	0.553514641963941	0.548028208430815	0.553514641963947	0.491786029205549	0.490943936029098	0.524175830152481	0.490943936029099	0.605487079014827	0.553514641963947	0.548028208430816	0.553514641963943
1	1.10687410841043	1.25162870688378	1.10687410841043	1.05745427988218	1.13135168012163	1.20500119182677	1.13135168012163	1.07515785664036	1.13927861204254	1.22561585428912	1.13927861204254	1.05745427988218	1.13135168012163	1.20500119182677	1.13135168012163	0.774599996544549	0.617081102977273	0.692151862968546	0.617081102977275	0.60548918827705	0.55351933739113	0.548025404214388	0.553519337391137	0.491788305906444	0.490948166617813	0.524189646083953	0.490948166617814	0.605489188277052	0.553519337391137	0.548025404214389	0.553519337391132
1	1.10687155039825	1.25162379362412	1.10687155039825	1.05745658833499	1.13135350413507	1.20499752922141	1.13135350413507	1.07516100900221	1.13928179390524	1.22562593253796	1.13928179390524	1.05745658833499	1.13135350413507	1.20499752922141	1.13135350413507	0.774599997904163	0.617080194606815	0.692151710806236	0.617080194606817	0.605490942197945	0.553523240539037	0.548023070790923	0.553523240539045	0.491790199264823	0.490951684792033	0.524201120362648	0.490951684792034	0.605490942197947	0.553523240539044	0.548023070790923	0.553523240539039
1	1.10686942371547	1.25161970888428	1.10686942371547	1.05745850784663	1.13135502050932	1.20499448292074	1.13135502050933	1.07516363030118	1.13928444004612	1.22563430265526	1.13928444004612	1.05745850784663	1.13135502050933	1.20499448292074	1.13135502050932	0.77459999872881	0.617079439489287	0.692151584385959	0.617079439489289	0.605492400542556	0.553526485067285	0.548021129544722	0.553526485067293	0.491791773704434	0.490954610285737	0.524210651253317	0.490954610285738	0.605492400542558	0.553526485067292	0.548021129544722	0.553526485067287
1	1.10686765569557	1.251616313063	1.10686765569557	1.05746010384719	1.13135628110304	1.20499194952689	1.13135628110305	1.07516580985928	1.13928664047306	1.22564125517385	1.13928664047306	1.05746010384719	1.13135628110305	1.20499194952689	1.13135628110304	0.774599999228984	0.617078811785223	0.692151479343916	0.617078811785225	0.605493613055124	0.553529182092358	0.548019514842351	0.553529182092365	0.49179308285836	0.490957042782383	0.524218568851548	0.490957042782384	0.605493613055126	0.553529182092365	0.548019514842352	0.55352918209236
1	1.10686618589435	1.25161349005047	1.10686618589435	1.05746143079028	1.13135732904175	1.20498984288372	1.13135732904175	1.07516762201768	1.13928847013096	1.22564703089913	1.13928847013096	1.05746143079028	1.13135732904175	1.20498984288372	1.13135732904175	0.774599999532355	0.61707829000505	0.692151392058474	0.617078290005052	0.605494621129476	0.553531423988584	0.548018171939828	0.553531423988592	0.491794171366139	0.490959065249419	0.524225146885208	0.490959065249421	0.605494621129478	0.553531423988591	0.548018171939829	0.553531423988586
1	1.10686496404109	1.25161114328647	1.10686496404109	1.05746253398434	1.13135820018631	1.20498809123734	1.13135820018631	1.07516912863533	1.1392899914037	1.22565182952212	1.1392899914037	1.05746253398434	1.13135820018631	1.20498809123734	1.13135820018631	0.774599999716359	0.617077856279976	0.692151319523208	0.617077856279978	0.605495459204053	0.553533287548197	0.548017055209065	0.553533287548205	0.491795076374316	0.490960746725686	0.524230612431348	0.490960746725687	0.605495459204054	0.553533287548205	0.548017055209065	0.553533287548199
1	1.10686394833089	1.25160919247675	1.10686394833089	1.05746345112149	1.13135892435514	1.20498663485177	1.13135892435515	1.07517038117502	1.13929125620646	1.2256558167096	1.13929125620646	1.05746345112149	1.13135892435515	1.20498663485177	1.13135892435514	0.774599999827963	0.617077495753399	0.692151259241824	0.617077495753401	0.60549615592599	0.553534836608828	0.548016126641618	0.553534836608837	0.491795828788959	0.490962144648832	0.52423515392903	0.490962144648833	0.605496155925992	0.553534836608836	0.548016126641618	0.55353483660883
1	1.1068631040022	1.251607570859	1.1068631040022	1.05746421355286	1.13135952634126	1.20498542401109	1.13135952634127	1.07517142244362	1.13929230773355	1.22565912995133	1.13929230773355	1.05746421355286	1.13135952634127	1.20498542401109	1.13135952634126	0.774599999895654	0.617077196074292	0.692151209141133	0.617077196074294	0.605496735121856	0.55353612423799	0.548015354590569	0.553536124238	0.491796454320305	0.490963306797281	0.524238927795853	0.490963306797282	0.605496735121858	0.553536124237999	0.54801535459057	0.553536124237992
1	1.10686240215248	1.25160622292731	1.10686240215248	1.05746484735172	1.13136002675858	1.20498441734823	1.13136002675858	1.07517228804274	1.13929318191723	1.22566188338925	1.13929318191723	1.05746484735172	1.13136002675858	1.20498441734823	1.13136002675858	0.774599999936711	0.617076946975103	0.69215116749897	0.617076946975105	0.605497216606673	0.553537194549395	0.548014712715403	0.553537194549404	0.491796974353809	0.490964272909358	0.524242063897219	0.490964272909359	0.605497216606675	0.553537194549404	0.548014712715403	0.553537194549397
1	1.10686181875245	1.25160510253899	1.10686181875244	1.05746537419918	1.13136044274602	1.20498358044872	1.13136044274602	1.07517300757745	1.13929390864431	1.2256641718112	1.13929390864431	1.05746537419918	1.13136044274602	1.20498358044872	1.13136044274602	0.774599999961613	0.617076739920796	0.692151132884426	0.617076739920798	0.605497616857869	0.55353808421294	0.548014179098829	0.553538084212948	0.491797406675965	0.49096507603259	0.524244670071356	0.490965076032591	0.605497616857871	0.553538084212947	0.54801417909883	0.553538084212942
1	1.10686133395505	1.25160417231309	1.10686133395505	1.05746581188405	1.13136078876553	1.20498288413815	1.13136078876553	1.07517360526285	1.13929451278531	1.22566607754832	1.13929451278531	1.05746581188405	1.13136078876553	1.20498288413815	1.13136078876553	0.774599999976717	0.617076567824459	0.692151104055731	0.61707656782446	0.605497949632478	0.553538823659268	0.548013735678015	0.553538823659277	0.491797766243201	0.490965743639867	0.524246834972012	0.490965743639869	0.60549794963248	0.553538823659276	0.548013735678015	0.55353882365927
1	1.10686093092963	1.25160339824745	1.10686093092963	1.05746617587722	1.13136107616564	1.20498230598766	1.13136107616564	1.07517410241382	1.1392950149277	1.22566765735861	1.1392950149277	1.05746617587722	1.13136107616564	1.20498230598766	1.13136107616564	0.774599999985878	0.617076424785715	0.692151080137591	0.617076424785716	0.605498226174306	0.553539438293613	0.548013366946188	0.553539438293621	0.491798064969969	0.490966298545042	0.524248634828742	0.490966298545043	0.605498226174308	0.55353943829362	0.548013366946189	0.553539438293615
1	1.10686059586576	1.25160275449171	1.10686059586575	1.05746647853486	1.1313613149854	1.20498182552761	1.1313613149854	1.07517451581035	1.139295432334	1.22566896933307	1.139295432334	1.05746647853486	1.1313613149854	1.20498182552761	1.1313613149854	0.774599999991434	0.617076305889944	0.692151060277416	0.617076305889945	0.605498456025351	0.553539949199788	0.548013060371948	0.553539949199796	0.491798313229974	0.490966759813457	0.524250130995279	0.490966759813459	0.605498456025352	0.553539949199795	0.548013060371949	0.55353994919979
1	1.10686031731055	1.25160221924407	1.10686031731055	1.05746673016514	1.13136151347636	1.20498142614804	1.13136151347636	1.0751748595104	1.13929577931766	1.22567005953996	1.13929577931766	1.05746673016514	1.13136151347636	1.20498142614804	1.13136151347636	0.774599999994805	0.61707620705795	0.692151043779482	0.617076207057952	0.605498647083898	0.553540373890063	0.54801280549296	0.553540373890071	0.491798519579265	0.490967143257767	0.524251374671278	0.490967143257768	0.6054986470839	0.553540373890071	0.54801280549296	0.553540373890065
1	1.10686008574043	1.25160177426323	1.10686008574043	1.05746693935851	1.13136167846341	1.20498109414293	1.13136167846342	1.07517514524445	1.13929606776451	1.22567096565587	1.13929606776451	1.05746693935851	1.13136167846342	1.20498109414293	1.13136167846341	0.774599999996849	0.617076124902054	0.692151030071333	0.617076124902055	0.605498805902963	0.553540726916845	0.54801259359848	0.553540726916853	0.491798691104643	0.490967462011883	0.524252408462935	0.490967462011885	0.605498805902964	0.553540726916853	0.54801259359848	0.553540726916847
1	1.10685989323384	1.25160140434311	1.10685989323383	1.05746711326629	1.13136181560736	1.2049808181425	1.13136181560736	1.07517538278098	1.13929630755091	1.22567171882434	1.13929630755091	1.05746711326629	1.13136181560736	1.2049808181425	1.13136181560736	0.774599999998089	0.617076056607677	0.692151018679683	0.617076056607679	0.605498937925055	0.553541020374843	0.548012417442473	0.553541020374852	0.491798833687499	0.490967726990535	0.524253267794799	0.490967726990536	0.605498937925057	0.553541020374851	0.548012417442473	0.553541020374845
1	1.10685973320288	1.25160109682821	1.10685973320288	1.05746725783778	1.13136192960921	1.20498058869989	1.13136192960921	1.0751755802469	1.13929650688582	1.22567234488191	1.13929650688582	1.05746725783778	1.13136192960921	1.20498058869989	1.13136192960921	0.774599999998841	0.617075999835744	0.692151009212284	0.617075999835746	0.605499047672506	0.55354126431681	0.548012270999121	0.553541264316818	0.491798952213225	0.490967947266045	0.524253982112935	0.490967947266047	0.605499047672508	0.553541264316817	0.548012270999121	0.553541264316812
1	1.10685960016979	1.251600841193	1.10685960016979	1.05746737802057	1.13136202437501	1.20498039796234	1.13136202437501	1.07517574440052	1.13929667259304	1.22567286528894	1.13929667259304	1.05746737802057	1.13136202437501	1.20498039796234	1.13136202437501	0.774599999999297	0.617075952642103	0.692151001343653	0.617075952642105	0.605499138903868	0.553541467098568	0.548012149257939	0.553541467098576	0.491799050741528	0.490968130379918	0.524254575892439	0.490968130379919	0.605499138903869	0.553541467098576	0.548012149257939	0.553541467098571
1	1.10685948958033	1.25160062868589	1.10685948958033	1.05746747792837	1.13136210315103	1.20498023940144	1.13136210315103	1.07517588086097	1.13929681034524	1.22567329787855	1.13929681034524	1.05746747792837	1.13136210315103	1.20498023940144	1.13136210315103	0.774599999999574	0.617075913410703	0.692150994803537	0.617075913410704	0.605499214743243	0.553541635665607	0.548012048052961	0.553541635665615	0.491799132646612	0.490968282601333	0.524255069476538	0.490968282601334	0.605499214743245	0.553541635665614	0.548012048052961	0.553541635665609
1	1.10685939764832	1.25160045203114	1.10685939764832	1.05746756098128	1.13136216863547	1.20498010758972	1.13136216863548	1.07517599429982	1.1392969248582	1.22567365747208	1.1392969248582	1.05746756098128	1.13136216863548	1.20498010758972	1.13136216863547	0.774599999999741	0.617075880798193	0.692150989367468	0.617075880798195	0.605499277787527	0.55354177579123	0.548011963920537	0.553541775791238	0.491799200733172	0.49096840914187	0.524255479774356	0.490968409141871	0.605499277787529	0.553541775791238	0.548011963920537	0.553541775791232
