1	1.55683233431112	1.45277398971265	1.55683233431113	1.56265783751872	1.40314252553248	1.56313846761526	1.40314252553855	1.30150419330623	1.69538990409405	1.60481389519197	1.69538990409405	1.56265783751873	1.40314252553855	1.56313846761526	1.40314252553248	3.25	0.336570708797697	0.210192624400852	0.336570708797704	0.399362972896061	0.211740050108941	0.205506715661642	0.211740050110804	0.195901546376443	0.24729376481107	0.190927362156518	0.247293764811072	0.399362972896068	0.211740050110803	0.205506715661644	0.211740050108944
1	1.60722433366164	1.44372080107457	1.60722433366166	1.63392974016762	1.4000546724357	1.54832804190056	1.40005467243608	1.30113801418025	1.70240539331788	1.57116500806533	1.70240539331788	1.63392974016763	1.40005467243608	1.54832804190056	1.40005467243571	3.25	0.354043879440259	0.207185327476193	0.354043879440266	0.42905489350355	0.210346302219257	0.201746345022651	0.210346302219375	0.195447144590891	0.248370340668815	0.183948145358206	0.248370340668817	0.429054893503558	0.210346302219374	0.201746345022652	0.210346302219261
1	1.61430004054153	1.4420404133285	1.61430004054154	1.64654929754654	1.39925659086738	1.54502615007552	1.39925659086741	1.30140778249552	1.70076627362888	1.56566965508719	1.70076627362889	1.64654929754655	1.39925659086741	1.54502615007552	1.39925659086739	3.25	0.356604719385586	0.206733812321164	0.356604719385593	0.434316150686719	0.210103641998941	0.201013366346555	0.210103641998951	0.19553485571374	0.248002743522167	0.182867274581401	0.248002743522169	0.434316150686727	0.21010364199895	0.201013366346556	0.210103641998945
1	1.61539428515549	1.44181352922888	1.6153942851555	1.64888342580731	1.39914760738855	1.54447416392691	1.39914760738856	1.30148720872325	1.7001863598569	1.56484958519944	1.7001863598569	1.64888342580732	1.39914760738856	1.54447416392691	1.39914760738856	3.25	0.35700135987531	0.206673745957065	0.357001359875317	0.435287610065771	0.210070996818814	0.200891175723022	0.210070996818817	0.195562361287004	0.247873549022014	0.182706167258633	0.247873549022016	0.435287610065779	0.210070996818816	0.200891175723023	0.210070996818818
1	1.61556705423259	1.44178179255883	1.6155670542326	1.64931815264969	1.39913206970968	1.54438164537379	1.39913206970968	1.30150373166935	1.70004347442369	1.56472154502435	1.7000434744237	1.6493181526497	1.39913206970968	1.54438164537379	1.39913206970968	3.25	0.357064090235757	0.206665458868724	0.357064090235764	0.435468524468031	0.210066389454958	0.200870724013799	0.210066389454961	0.19556815099124	0.247841731669872	0.182681038974398	0.247841731669875	0.435468524468039	0.21006638945496	0.2008707240138	0.210066389454962
1	1.6155948737167	1.44177720100891	1.61559487371671	1.64939944480751	1.39912975434623	1.54436590121232	1.39912975434623	1.30150696926082	1.70001241766136	1.56470071448713	1.70001241766137	1.64939944480752	1.39912975434623	1.54436590121232	1.39912975434624	3.25	0.357074210850268	0.206664279343225	0.357074210850275	0.43550235953594	0.21006571012791	0.200867248492813	0.210065710127912	0.195569291439827	0.247834817095163	0.182676954962701	0.247834817095165	0.435502359535948	0.210065710127912	0.200867248492814	0.210065710127914
1	1.61559943949591	1.44177651541848	1.61559943949593	1.64941468303343	1.39912939482198	1.54436317262685	1.399129394822	1.30150759185085	1.70000606676115	1.5646972074791	1.70000606676115	1.64941468303344	1.39912939482199	1.54436317262685	1.39912939482199	3.25	0.357075875280534	0.206664106519658	0.357075875280541	0.435508702716168	0.210065605782881	0.200866646921468	0.210065605782886	0.195569511382084	0.247833403219209	0.182676267970775	0.247833403219212	0.435508702716176	0.210065605782886	0.200866646921469	0.210065605782885
1	1.61560020243505	1.44177640981509	1.61560020243506	1.64941754350627	1.39912933681922	1.54436269128501	1.39912933681922	1.30150771047982	1.70000481145385	1.56469660061039	1.70000481145386	1.64941754350629	1.39912933681922	1.54436269128501	1.39912933681923	3.25	0.357076153986564	0.206664080451799	0.357076153986571	0.435509893532355	0.210065589124031	0.200866540916668	0.210065589124032	0.195569553357931	0.247833123766945	0.182676149169728	0.247833123766948	0.435509893532363	0.210065589124031	0.200866540916669	0.210065589124035
1	1.61560033204763	1.44177639304336	1.61560033204764	1.6494180808865	1.39912932713524	1.5443626050524	1.39912932713525	1.301507732958	1.70000456832139	1.56469649341583	1.7000045683214	1.64941808088651	1.39912932713525	1.5443626050524	1.39912932713525	3.25	0.357076201433436	0.206664076405388	0.357076201433443	0.435510117254586	0.210065586371296	0.200866521949338	0.210065586371298	0.195569561320585	0.247833069646651	0.182676128041839	0.247833069646653	0.435510117254594	0.210065586371298	0.200866521949339	0.2100655863713
1	1.61560035440636	1.44177639030555	1.61560035440637	1.6494181818889	1.39912932547451	1.54436258942079	1.39912932547451	1.30150773720522	1.70000452183291	1.56469647401364	1.70000452183292	1.64941818188891	1.39912932547451	1.54436258942079	1.39912932547451	3.25	0.357076209632733	0.206664075756398	0.35707620963274	0.435510159303359	0.210065585900556	0.200866518507056	0.210065585900557	0.195569562823419	0.247833059294609	0.182676124382977	0.247833059294612	0.435510159303367	0.210065585900557	0.200866518507057	0.21006558590056
