1	1.0057241135174	1.01054008029811	1.0057241135174	1.0057241135048	1.01054008028763	1.01525917903402	1.01054008028762	1.01054008027724	1.01525917902346	1.01968389545463	1.01525917902346	1.0057241135048	1.01054008028762	1.01525917903402	1.01054008028763	0.351949480052481	0.296784746078891	0.282532500736521	0.296784746078892	0.296784746048558	0.282532500740201	0.276759662858843	0.282532500740122	0.28253250074529	0.276759662856212	0.271498771267836	0.276759662856212	0.296784746048559	0.282532500740122	0.276759662858844	0.282532500740202
1	1.01794794813898	1.03414613419086	1.01794794813898	1.0179479481302	1.03414613425141	1.04562410891113	1.03414613426285	1.03414613432424	1.04562410890377	1.06045521255185	1.04562410890377	1.0179479481302	1.03414613426285	1.04562410891113	1.03414613425141	0.481424457988405	0.422490795330695	0.415722281414305	0.422490795330695	0.422490795316145	0.41572228195559	0.388362492620941	0.415722282048014	0.415722282595528	0.388362492614309	0.389924290872034	0.388362492614309	0.422490795316146	0.415722282048014	0.388362492620941	0.41572228195559
1	1.02429854934786	1.04704389147116	1.02429854934786	1.02429854936383	1.04704389157299	1.06073645721126	1.04704389158493	1.04704389168757	1.06073645723173	1.08315540469814	1.06073645723173	1.02429854936383	1.04704389158493	1.06073645721126	1.04704389157299	0.529055640462859	0.46807665853668	0.463790796933358	0.468076658536681	0.468076658523422	0.463790797304364	0.429742430468669	0.463790797349246	0.4637907977232	0.429742430502796	0.440116402542723	0.429742430502797	0.468076658523423	0.463790797349246	0.429742430468669	0.463790797304364
1	1.02676567947626	1.05182037362169	1.02676567947626	1.0267656794862	1.05182037368778	1.06662850411369	1.05182037369407	1.05182037376057	1.06662850413133	1.09534622162414	1.06662850413133	1.0267656794862	1.05182037369407	1.06662850411369	1.05182037368778	0.546578173344053	0.484281447262692	0.479007069722579	0.484281447262692	0.484281447256901	0.479007069918135	0.445125030947921	0.479007069937163	0.479007070133941	0.445125030977908	0.468277883992152	0.445125030977908	0.484281447256902	0.479007069937163	0.445125030947922	0.479007069918135
1	1.02756385407334	1.0524773604812	1.02756385407334	1.02756385407845	1.05247736051505	1.06859341817322	1.05247736051778	1.0524773605518	1.06859341818408	1.10575361829923	1.06859341818408	1.02756385407845	1.05247736051778	1.06859341817322	1.05247736051505	0.553024353033021	0.48873011360279	0.477737037184044	0.488730113602791	0.48873011360246	0.477737037274741	0.449578394413663	0.47773703728228	0.477737037373451	0.44957839443156	0.495257408531675	0.449578394431561	0.488730113602461	0.47773703728228	0.449578394413664	0.477737037274742
1	1.02746706793957	1.04932894330677	1.02746706793957	1.02746706794196	1.04932894332103	1.06830094460134	1.04932894332205	1.04932894333637	1.06830094460678	1.11613919230979	1.06830094460678	1.02746706794195	1.04932894332205	1.06830094460134	1.04932894332103	0.555395770033052	0.484084439576981	0.454667728236613	0.484084439576982	0.484084439579275	0.454667728270656	0.445112086805954	0.454667728273243	0.454667728307445	0.445112086814699	0.518366035113514	0.445112086814699	0.484084439579276	0.454667728273243	0.445112086805954	0.454667728270658
1	1.02699737962614	1.04563058214215	1.02699737962614	1.02699737962723	1.04563058214733	1.06709961089718	1.04563058214767	1.04563058215288	1.06709961089964	1.12291645188507	1.06709961089964	1.02699737962723	1.04563058214767	1.06709961089718	1.04563058214733	0.556268165597513	0.477877095598424	0.436273993757994	0.477877095598425	0.477877095600388	0.436273993769148	0.439293638093268	0.436273993769972	0.436273993781171	0.439293638097266	0.528411412637481	0.439293638097267	0.477877095600389	0.436273993769972	0.439293638093269	0.436273993769149
1	1.02658879911431	1.0434891025094	1.02658879911431	1.0265887991148	1.04348910251116	1.06609293048487	1.04348910251127	1.04348910251304	1.06609293048594	1.12604935720928	1.06609293048594	1.0265887991148	1.04348910251127	1.06609293048487	1.04348910251116	0.556589101990688	0.474206039773186	0.428532565173575	0.474206039773187	0.474206039774304	0.428532565177196	0.435905741030075	0.428532565177458	0.428532565181096	0.435905741031845	0.532134704507968	0.435905741031845	0.474206039774305	0.428532565177458	0.435905741030076	0.428532565177197
1	1.02634501434382	1.04255566454753	1.02634501434382	1.02634501434403	1.04255566454812	1.06550451491609	1.04255566454815	1.04255566454874	1.06550451491654	1.12729710354903	1.06550451491654	1.02634501434403	1.04255566454815	1.06550451491609	1.04255566454812	0.556707167891392	0.472372823133496	0.425512642774789	0.472372823133497	0.47237282313404	0.425512642775971	0.434221986031305	0.425512642776055	0.425512642777238	0.43422198603207	0.533498077144621	0.43422198603207	0.472372823134041	0.425512642776055	0.434221986031305	0.425512642775973
1	1.02622017229451	1.0421825588412	1.02622017229451	1.02622017229459	1.0421825588414	1.06520577195681	1.04218255884141	1.0421825588416	1.065205771957	1.12777484539209	1.06520577195699	1.02622017229459	1.04218255884141	1.06520577195681	1.0421825588414	0.55675060191028	0.471513425297932	0.424340272554763	0.471513425297933	0.471513425298178	0.424340272555149	0.433431340711118	0.424340272555177	0.424340272555565	0.433431340711443	0.534002929193986	0.433431340711443	0.471513425298179	0.424340272555177	0.433431340711119	0.424340272555151
1	1.02616073532073	1.04203675612121	1.02616073532073	1.02616073532077	1.04203675612128	1.06506369414774	1.04203675612128	1.04203675612135	1.06506369414782	1.12795764575977	1.06506369414782	1.02616073532077	1.04203675612128	1.06506369414774	1.04203675612128	0.556766580393771	0.47112368522221	0.423881667428674	0.471123685222211	0.471123685222317	0.423881667428801	0.433070977596373	0.42388166742881	0.423881667428937	0.43307097759651	0.534193021738005	0.43307097759651	0.471123685222318	0.42388166742881	0.433070977596374	0.423881667428803
1	1.02613353844075	1.04197979482971	1.02613353844075	1.02613353844077	1.04197979482973	1.06499847104348	1.04197979482973	1.04197979482976	1.06499847104351	1.12802841583638	1.06499847104351	1.02613353844077	1.04197979482973	1.06499847104348	1.04197979482973	0.556772458549863	0.470950502285403	0.42370038899878	0.470950502285404	0.470950502285449	0.423700388998821	0.432909793407135	0.423700388998825	0.423700388998868	0.432909793407191	0.534265879518716	0.432909793407191	0.47095050228545	0.423700388998825	0.432909793407135	0.423700388998823
1	1.02612138756674	1.04195737186718	1.02612138756674	1.02612138756675	1.04195737186718	1.06496916971074	1.04195737186718	1.04195737186719	1.06496916971075	1.12805621691277	1.06496916971075	1.02612138756675	1.04195737186718	1.06496916971074	1.04195737186718	0.55677462100195	0.47087458219767	0.423627967120682	0.470874582197671	0.470874582197688	0.423627967120691	0.432838629611063	0.423627967120692	0.42362796712071	0.432838629611087	0.534294283726334	0.432838629611088	0.470874582197689	0.423627967120692	0.432838629611064	0.423627967120692
