1	5.15093365304842	1.001448509419	5.15093365304866	6.75811041622767	1.00177941302545	6.72189825477003	1.00177941302462	1.00234521749628	5.93611866954987	39.0480329955143	5.93611866954956	6.7581104162279	1.00177941302462	6.72189825476971	1.00177941302545	11.25	1.72947308242061	0.0130313156511174	1.7294730824207	2.30874804821589	0.0145106483499343	-1.31753795954262	0.0145106483465282	0.0167380403784991	-1.16335281951347	-6.7109194809326	-1.16335281951341	2.30874804821599	0.0145106483465282	-1.31753795954256	0.0145106483499435
1	1.00000000124178	1.00000000001319	1.00000000124178	1.00000000144413	1.00000000000441	1.00000000150557	1.00000000000441	0.999999999995633	1.00000000130811	1.00000000229765	1.00000000130811	1.00000000144413	1.00000000000441	1.00000000150557	1.00000000000441	11.25	5.74999999953725	0.249999999979839	5.74999999953732	5.74999999999927	0.249999999979822	-5.24999999999804	0.249999999979899	0.249999999979391	-5.24999999954567	-10.7499999999997	-5.24999999954559	5.74999999999934	0.249999999979899	-5.24999999999796	0.249999999979976
1	1.00000000162645	1.00000000001542	1.00000000162645	1.00000000189001	1.00000000000826	1.00000000196999	1.00000000000826	0.999999999994768	1.00000000171218	1.00000000300928	1.00000000171218	1.00000000189001	1.00000000000826	1.00000000196999	1.00000000000826	11.25	5.74999999999998	0.250003507330224	5.75000000000006	5.74999999999998	0.249999414540867	-5.25000000000002	0.249999414349486	0.249996345423155	-5.25000000000001	-10.75	-5.24999999999994	5.75000000000006	0.249999414349486	-5.24999999999994	0.249999414541021
1	1.0000000006312	1.00000000000757	1.0000000006312	1.00000000073783	1	1.00000000076686	1	0.999999999998675	1.00000000066653	1.00000000116629	1.00000000066653	1.00000000073783	1	1.00000000076686	1	11.25	5.74999999999998	0.250002294286871	5.75000000000006	5.74999999999998	0.250000285220853	-5.25000000000002	0.249988766735125	0.250000200251453	-5.25000000000002	-10.75	-5.24999999999994	5.75000000000006	0.249988766735125	-5.24999999999994	0.250000285221007
1	1.00000000173403	1.00000000003148	1.00000000173403	1.0000000019913	1	1.00000000206391	1	1	1.00000000174688	1.00000000315174	1.00000000174688	1.0000000019913	1	1.00000000206391	1	11.25	5.74999999999998	0.249999667769195	5.75000000000006	5.74999999999998	0.2500005814565	-5.25000000000002	0.249999840650728	0.250000239321427	-5.25000000000002	-10.75	-5.24999999999994	5.75000000000006	0.249999840650728	-5.24999999999994	0.250000581456653
1	1.00000000124184	1.00000000002251	1.00000000124184	1.00000000142609	1	1.00000000147816	1	1	1.00000000125107	1.00000000225708	1.00000000125107	1.00000000142609	1	1.00000000147816	1	11.25	5.74999999999998	0.249998899360733	5.75000000000006	5.74999999999998	0.250000188622117	-5.25000000000002	0.249999605739696	0.249999744874767	-5.25000000000002	-10.75	-5.24999999999994	5.75000000000006	0.249999605739696	-5.24999999999994	0.25000018862227
1	1.00000000110056	1.00000000001991	1.00000000110056	1.00000000126385	1	1.00000000131005	1	1	1.00000000110889	1.00000000200038	1.00000000110889	1.00000000126385	1	1.00000000131005	1	11.25	5.74999999999998	0.24999825132545	5.75000000000006	5.74999999999998	0.249999456661032	-5.25000000000002	0.249999571981142	0.249998748692835	-5.25000000000002	-10.75	-5.24999999999994	5.75000000000006	0.249999571981142	-5.24999999999994	0.249999456661186
1	1.00000000382894	1.00000000006966	1.00000000382894	1.0000000043969	1	1.00000000455945	1	1	1.00000000385971	1.00000000695967	1.00000000385971	1.0000000043969	1	1.00000000455945	1	11.25	5.74999999999998	0.249999957478469	5.75000000000006	5.74999999999998	0.249999861447799	-5.25000000000002	0.249999921388585	0.250000058829964	-5.25000000000002	-10.75	-5.24999999999994	5.75000000000006	0.249999921388585	-5.24999999999994	0.249999861447952
1	1.00000000304914	1.00000000005546	1.00000000304914	1.00000000350142	1	1.00000000363085	1	1	1.00000000307365	1.0000000055422	1.00000000307365	1.00000000350142	1	1.00000000363085	1	11.25	5.74999999999998	0.249999954336585	5.75000000000006	5.74999999999998	0.249999507563001	-5.25000000000002	0.249999946516179	0.25000004185343	-5.25000000000002	-10.75	-5.24999999999994	5.75000000000006	0.249999946516179	-5.24999999999994	0.249999507563155
1	1.00000000331284	1.00000000006027	1.00000000331284	1.0000000038042	1	1.00000000394482	1	1	1.00000000333946	1.0000000060214	1.00000000333946	1.0000000038042	1	1.00000000394482	1	11.25	5.74999999999998	0.249999961616682	5.75000000000006	5.74999999999998	0.24999979142517	-5.25000000000002	0.249999953854302	0.250000073841192	-5.25000000000002	-10.75	-5.24999999999994	5.75000000000006	0.249999953854302	-5.24999999999994	0.249999791425323
