1	1.04527081433472	1.06704172049774	1.04527081433472	1.04527081433473	1.06704172049774	1.10365535411274	1.06704172049774	1.06704172049774	1.10365535411274	1.11879169288921	1.10365535411274	1.04527081433472	1.06704172049774	1.10365535411274	1.06704172049774	0.615358750374813	0.494072051134812	0.420888457692035	0.494072051134814	0.494072051134828	0.420888457692035	0.42855564087932	0.420888457692036	0.420888457692031	0.428555640879314	0.39689810082454	0.428555640879315	0.494072051134829	0.420888457692036	0.42855564087932	0.420888457692037
1	1.05670447582873	1.08100336542856	1.05670447582873	1.05670447582874	1.08100336542857	1.12443098103098	1.08100336542857	1.08100336542856	1.12443098103098	1.14109618879829	1.12443098103098	1.05670447582874	1.08100336542857	1.12443098103098	1.08100336542857	0.667682794797805	0.52022884334053	0.436033643828234	0.520228843340532	0.520228843340538	0.436033643828236	0.444679223609194	0.436033643828237	0.436033643828231	0.44467922360919	0.409918801443293	0.444679223609191	0.52022884334054	0.436033643828237	0.444679223609195	0.436033643828238
1	1.06353840416938	1.08830478293196	1.06353840416938	1.06353840416938	1.08830478293196	1.1355667402818	1.08830478293196	1.08830478293196	1.13556674028179	1.15239868493149	1.13556674028179	1.06353840416938	1.08830478293196	1.13556674028179	1.08830478293196	0.699418931881935	0.536153963315883	0.444843614083026	0.536153963315884	0.536153963315887	0.444843614083023	0.455026674212557	0.444843614083025	0.444843614083021	0.455026674212557	0.418013195965026	0.455026674212557	0.536153963315889	0.444843614083025	0.455026674212558	0.444843614083025
1	1.06765244166537	1.09223022377525	1.06765244166537	1.06765244166537	1.09223022377525	1.14191994595556	1.09223022377525	1.09223022377525	1.14191994595556	1.15848605865198	1.14191994595556	1.06765244166537	1.09223022377525	1.14191994595556	1.09223022377525	0.718667872096062	0.545788367094348	0.44992036222863	0.54578836709435	0.545788367094347	0.449920362228622	0.461487337184444	0.449920362228624	0.449920362228621	0.461487337184444	0.422865889956312	0.461487337184445	0.545788367094349	0.449920362228624	0.461487337184445	0.449920362228625
1	1.07013330003318	1.09438105619839	1.07013330003318	1.07013330003318	1.09438105619839	1.14567412134744	1.09438105619839	1.09438105619839	1.14567412134744	1.16188297355495	1.14567412134744	1.07013330003318	1.09438105619839	1.14567412134744	1.09438105619839	0.730342944561637	0.551590637199131	0.452834575718015	0.551590637199133	0.551590637199129	0.45283457571801	0.465467870091437	0.452834575718013	0.452834575718009	0.465467870091436	0.425731600285793	0.465467870091437	0.551590637199131	0.452834575718013	0.465467870091437	0.452834575718012
1	1.07162826184765	1.0955747127738	1.07162826184765	1.07162826184765	1.0955747127738	1.14793144977228	1.0955747127738	1.09557471277379	1.14793144977228	1.16381536461125	1.14793144977228	1.07162826184765	1.0955747127738	1.14793144977228	1.09557471277379	0.73742423398718	0.555074444268723	0.454505699843366	0.555074444268725	0.55507444426872	0.454505699843362	0.467903272725028	0.454505699843365	0.454505699843361	0.467903272725028	0.427413479367286	0.467903272725029	0.555074444268722	0.454505699843365	0.467903272725029	0.454505699843365
1	1.07252775486041	1.09624298735919	1.07252775486041	1.07252775486041	1.09624298735919	1.14929933942497	1.09624298735919	1.09624298735919	1.14929933942497	1.16492617519717	1.14929933942497	1.07252775486041	1.09624298735919	1.14929933942497	1.09624298735919	0.74171925312936	0.557162097317764	0.455464435419394	0.557162097317765	0.55716209731776	0.455464435419396	0.469387450337749	0.455464435419397	0.455464435419391	0.469387450337748	0.428398413632609	0.469387450337749	0.557162097317762	0.455464435419397	0.46938745033775	0.455464435419398
1	1.07306809455366	1.0966194648566	1.07306809455366	1.07306809455366	1.0966194648566	1.15013073935466	1.0966194648566	1.0966194648566	1.15013073935466	1.16556854678957	1.15013073935466	1.07306809455366	1.0966194648566	1.15013073935466	1.0966194648566	0.744324313912703	0.558411550504956	0.456015174082473	0.558411550504958	0.558411550504951	0.456015174082472	0.470289761177955	0.456015174082472	0.456015174082469	0.470289761177954	0.42897502225365	0.470289761177955	0.558411550504953	0.456015174082472	0.470289761177956	0.456015174082474
1	1.07339222789584	1.09683255571681	1.07339222789584	1.07339222789584	1.09683255571681	1.15063644980063	1.09683255571681	1.09683255571681	1.15063644980063	1.16594143517552	1.15063644980063	1.07339222789584	1.09683255571681	1.15063644980063	1.09683255571681	0.745904363158665	0.559158752810578	0.456332087788086	0.55915875281058	0.559158752810574	0.456332087788086	0.470837453382985	0.456332087788087	0.456332087788082	0.470837453382983	0.429312776666029	0.470837453382983	0.559158752810576	0.456332087788087	0.470837453382986	0.456332087788088
1	1.07358644523563	1.09695362408512	1.07358644523563	1.07358644523563	1.09695362408512	1.1509439870127	1.09695362408512	1.09695362408512	1.1509439870127	1.16615847689222	1.1509439870127	1.07358644523563	1.09695362408512	1.1509439870127	1.09695362408512	0.746862711498811	0.559605374291733	0.456514807689295	0.559605374291735	0.559605374291731	0.456514807689295	0.471169518476402	0.456514807689297	0.456514807689293	0.471169518476402	0.429510813777051	0.471169518476402	0.559605374291733	0.456514807689297	0.471169518476403	0.456514807689297
1	1.07370271701131	1.09702263131972	1.07370271701131	1.07370271701131	1.09702263131972	1.1511308929478	1.09702263131972	1.09702263131972	1.1511308929478	1.16628507764328	1.1511308929478	1.07370271701131	1.09702263131972	1.1511308929478	1.09702263131972	0.747443979146008	0.559872247461047	0.456620374444797	0.559872247461049	0.559872247461046	0.456620374444794	0.471370672852573	0.456620374444795	0.456620374444792	0.471370672852571	0.429627064523138	0.471370672852571	0.559872247461048	0.456620374444795	0.471370672852573	0.456620374444797
1	1.07377228001577	1.09706207785844	1.07377228001577	1.07377228001577	1.09706207785844	1.15124439895488	1.09706207785844	1.09706207785844	1.15124439895488	1.166359059399	1.15124439895488	1.07377228001577	1.09706207785844	1.15124439895488	1.09706207785844	0.74779653578452	0.560031683506838	0.456681493974083	0.56003168350684	0.560031683506837	0.456681493974081	0.471492438555715	0.456681493974083	0.456681493974077	0.471492438555715	0.42969538884346	0.471492438555716	0.560031683506839	0.456681493974083	0.471492438555716	0.456681493974084
1	1.07381387830676	1.09708468679718	1.07381387830676	1.07381387830676	1.09708468679718	1.15131327633389	1.09708468679718	1.09708468679718	1.15131327633389	1.16640236334799	1.15131327633389	1.07381387830676	1.09708468679718	1.15131327633389	1.09708468679718	0.748010372188971	0.560126923483816	0.456716954037761	0.560126923483818	0.560126923483816	0.456716954037759	0.471566102535486	0.45671695403776	0.456716954037752	0.471566102535485	0.429735594355752	0.471566102535486	0.560126923483818	0.45671695403776	0.471566102535487	0.456716954037761
1	1.07383874521276	1.09709767793892	1.07383874521276	1.07383874521276	1.09709767793892	1.15135504036847	1.09709767793892	1.09709767793892	1.15135504036847	1.16642774895162	1.15135504036847	1.07383874521276	1.09709767793892	1.15135504036847	1.09709767793892	0.748140070585216	0.560183812438264	0.456737569264502	0.560183812438266	0.560183812438264	0.456737569264501	0.471610642994554	0.456737569264501	0.456737569264495	0.471610642994556	0.429759281593202	0.471610642994556	0.560183812438266	0.456737569264501	0.471610642994554	0.456737569264504
1	1.07385360679842	1.09710516066607	1.07385360679842	1.07385360679842	1.09710516066607	1.15138034703046	1.09710516066607	1.09710516066607	1.15138034703046	1.16644265173745	1.15138034703046	1.07385360679842	1.09710516066607	1.15138034703046	1.09710516066607	0.748218736644239	0.56021779280723	0.456749578103238	0.560217792807232	0.56021779280723	0.456749578103236	0.471637560859413	0.456749578103235	0.456749578103231	0.471637560859413	0.429773252942298	0.471637560859414	0.560217792807232	0.456749578103235	0.471637560859414	0.456749578103238
1	1.07386248730678	1.09710948062779	1.07386248730678	1.07386248730678	1.09710948062779	1.15139567174628	1.09710948062779	1.09710948062779	1.15139567174628	1.16645141224185	1.15139567174628	1.07386248730678	1.09710948062779	1.15139567174628	1.09710948062779	0.748266449999846	0.560238089821009	0.456756586964732	0.560238089821011	0.560238089821008	0.45675658696473	0.471653821276763	0.456756586964731	0.456756586964724	0.471653821276764	0.42978150255765	0.471653821276765	0.56023808982101	0.456756586964731	0.471653821276764	0.456756586964733
1	1.07386779330499	1.09711198021355	1.07386779330499	1.07386779330499	1.09711198021355	1.15140494661084	1.09711198021355	1.09711198021354	1.15140494661084	1.16645656857983	1.15140494661084	1.07386779330499	1.09711198021355	1.15140494661084	1.09711198021355	0.748295389567625	0.560250213897959	0.456760685180497	0.560250213897961	0.560250213897958	0.456760685180496	0.471663639624299	0.456760685180496	0.456760685180491	0.471663639624302	0.429786378671714	0.471663639624303	0.56025021389796	0.456760685180496	0.4716636396243	0.456760685180499
1	1.07387096363591	1.09711342942467	1.07387096363591	1.07387096363591	1.09711342942467	1.15141055901933	1.09711342942467	1.09711342942467	1.15141055901933	1.16645960740659	1.15141055901933	1.07387096363591	1.09711342942467	1.15141055901933	1.09711342942467	0.748312942146343	0.56025745615829	0.456763085808905	0.560257456158292	0.560257456158288	0.456763085808905	0.47166956500787	0.456763085808905	0.456763085808901	0.471669565007873	0.429789263485457	0.471669565007874	0.56025745615829	0.456763085808905	0.471669565007871	0.456763085808908
1	1.07387285733097	1.09711427180974	1.07387285733097	1.07387285733097	1.09711427180974	1.15141394921882	1.09711427180974	1.09711427180974	1.15141394921882	1.16646139977469	1.15141394921882	1.07387285733097	1.09711427180974	1.15141394921882	1.09711427180974	0.748323588425273	0.560261782895181	0.45676449419125	0.560261782895183	0.56026178289518	0.456764494191251	0.47167314125073	0.456764494191252	0.456764494191245	0.471673141250732	0.429790971968214	0.471673141250733	0.560261782895182	0.456764494191252	0.47167314125073	0.456764494191253
1	1.07387398856232	1.09711476236755	1.07387398856232	1.07387398856232	1.09711476236755	1.15141599708008	1.09711476236755	1.09711476236755	1.15141599708008	1.16646245819557	1.15141599708008	1.07387398856232	1.09711476236755	1.15141599708008	1.09711476236755	0.748330045781589	0.560264368009252	0.456765321793843	0.560264368009254	0.56026436800925	0.456765321793843	0.471675298791383	0.456765321793841	0.456765321793837	0.471675298791382	0.429791984636997	0.471675298791383	0.560264368009252	0.456765321793841	0.471675298791384	0.456765321793846
1	1.07387466437121	1.09711504857121	1.07387466437121	1.07387466437121	1.09711504857121	1.15141723383125	1.09711504857121	1.09711504857121	1.15141723383125	1.16646308386958	1.15141723383125	1.07387466437121	1.09711504857121	1.15141723383125	1.09711504857121	0.74833396240362	0.560265912678954	0.456765808851957	0.560265912678956	0.560265912678953	0.456765808851958	0.471676599983218	0.456765808851957	0.456765808851952	0.471676599983216	0.429792585351826	0.471676599983217	0.560265912678954	0.456765808851957	0.471676599983218	0.45676580885196
1	1.073875068134	1.09711521585244	1.073875068134	1.073875068134	1.09711521585244	1.15141798050952	1.09711521585244	1.09711521585244	1.15141798050952	1.16646345408757	1.15141798050952	1.073875068134	1.09711521585244	1.15141798050952	1.09711521585244	0.748336337977675	0.560266835742306	0.456766095900303	0.560266835742308	0.560266835742304	0.456766095900301	0.471677384481144	0.456766095900301	0.456766095900295	0.471677384481141	0.42979294196139	0.471677384481142	0.560266835742305	0.456766095900301	0.471677384481145	0.456766095900304
1	1.0738753093797	1.09711531379625	1.0738753093797	1.0738753093797	1.09711531379625	1.15141843116287	1.09711531379625	1.09711531379625	1.15141843116287	1.16646367334541	1.15141843116287	1.0738753093797	1.09711531379625	1.15141843116287	1.09711531379625	0.748337778849948	0.56026738740044	0.456766265297181	0.560267387400442	0.560267387400437	0.45676626529718	0.471677857330286	0.45676626529718	0.456766265297174	0.471677857330285	0.429793153807795	0.471677857330286	0.560267387400439	0.45676626529718	0.471677857330287	0.456766265297183
1	1.07387545353341	1.09711537123832	1.07387545353341	1.07387545353341	1.09711537123832	1.15141870306317	1.09711537123832	1.09711537123832	1.15141870306317	1.16646380330667	1.15141870306317	1.07387545353341	1.09711537123832	1.15141870306317	1.09711537123832	0.748338652791514	0.560267717126516	0.456766365388111	0.560267717126518	0.560267717126513	0.456766365388112	0.471678142263491	0.456766365388111	0.456766365388106	0.471678142263488	0.429793279738939	0.471678142263488	0.560267717126515	0.456766365388111	0.471678142263492	0.456766365388114
1	1.0738755396779	1.09711540498027	1.0738755396779	1.0738755396779	1.09711540498027	1.15141886706167	1.09711540498027	1.09711540498027	1.15141886706167	1.16646388039873	1.15141886706167	1.0738755396779	1.09711540498027	1.15141886706167	1.09711540498027	0.748339182868936	0.560267914224837	0.456766424597083	0.560267914224839	0.560267914224833	0.456766424597084	0.47167831392023	0.456766424597083	0.456766424597077	0.471678313920225	0.429793354643868	0.471678313920225	0.560267914224835	0.456766424597083	0.471678313920231	0.456766424597086
1	1.07387559116128	1.09711542483024	1.07387559116128	1.07387559116128	1.09711542483024	1.15141896594889	1.09711542483024	1.09711542483024	1.15141896594889	1.16646392616235	1.15141896594889	1.07387559116128	1.09711542483024	1.15141896594889	1.09711542483024	0.748339504380219	0.560268032055984	0.456766459660153	0.560268032055986	0.56026803205598	0.456766459660152	0.471678417311217	0.456766459660152	0.456766459660147	0.47167841731121	0.429793399223374	0.471678417311211	0.560268032055982	0.456766459660152	0.471678417311217	0.456766459660155
