1	17.1118675667266	3.31709420218393	17.1118676074455	17.1118676203589	4.24915807498641	1.00189967299376	4.24915807479746	3.31709419776956	1.00189967299409	8.4004913127765	1.00189967299409	17.1118675428631	4.24915807479746	1.00189967299376	4.24915807498691	14.75	6.10909009548274	0.7997874419836	6.10909008887167	6.10909008386826	1.04432871320139	-0.0127327414930103	1.04432871315223	0.799787440805465	-0.0127327414940782	-1.49141163789666	-0.0127327414940747	6.10909009645071	1.04432871315223	-0.0127327414930068	1.04432871320153
1	1.00000000546513	1.00000000278462	1.00000000546513	1.00000000546257	1.00000000292693	1.00000000001062	1.00000000292693	1.00000000277733	1.00000000001062	1.00000000573008	1.00000000001062	1.00000000546257	1.00000000292693	1.00000000001062	1.00000000292693	14.75	9.74999999992864	4.74999999960284	9.74999999992871	9.74999999992864	4.74999999958742	-0.249999999936615	4.74999999958749	4.74999999960284	-0.249999999936615	-5.24999998710264	-0.249999999936545	9.74999999992871	4.74999999958749	-0.249999999936545	4.74999999958756
1	1.00000000074012	1.00000000037221	1.00000000074012	1.00000000075972	1.00000000040633	1	1.00000000040633	1.00000000037562	1	1.00000000078367	1	1.00000000075972	1.00000000040633	1	1.00000000040633	14.75	9.74999999999998	4.75	9.75000000000005	9.74999999999998	4.74999999999996	-0.250000000000018	4.75000000000003	4.75	-0.250000000000017	-5.24931852064084	-0.249999999999948	9.75000000000005	4.75000000000003	-0.249999999999948	4.7500000000001
1	1	1	1	1	1	1	1	1	1	1	1	1	1	1	1	14.75	9.74999999999998	4.75	9.75000000000005	9.74999999999998	4.74999999999997	-0.250000000000018	4.75000000000003	4.75	-0.250000000000017	-5.99457628037403	-0.249999999999948	9.75000000000005	4.75000000000003	-0.249999999999948	4.7500000000001
1	1	1	1	1	1	1	1	1	1	1	1	1	1	1	1	14.75	9.74999999999998	4.75	9.75000000000005	9.74999999999998	4.74999999999997	-0.250000000000018	4.75000000000004	4.75	-0.250000000000017	-5.42877908034485	-0.249999999999948	9.75000000000005	4.75000000000004	-0.249999999999948	4.7500000000001
1	1	1	1	1	1	1	1	1	1	1	1	1	1	1	1	14.75	9.74999999999998	4.75	9.75000000000005	9.74999999999998	4.74999999999997	-0.250000000000018	4.75000000000003	4.75	-0.250000000000017	-5.99156731504979	-0.249999999999948	9.75000000000005	4.75000000000003	-0.249999999999948	4.7500000000001
1	1	1	1	1	1	1	1	1	1	1	1	1	1	1	1	14.75	9.74999999999998	4.75	9.75000000000005	9.74999999999998	4.74999999999997	-0.250000000000018	4.75000000000003	4.75	-0.250000000000017	-1.28929754522804	-0.249999999999948	9.75000000000005	4.75000000000003	-0.249999999999948	4.7500000000001
1	1	1	1	1	1	1	1	1	1	1	1	1	1	1	1	14.75	9.74999999999998	4.75	9.75000000000005	9.74999999999998	4.74999999999997	-0.250000000000018	4.75000000000003	4.75	-0.250000000000017	-0.0880233988526671	-0.249999999999948	9.75000000000005	4.75000000000003	-0.249999999999948	4.7500000000001
1	1	1	1	1	1	1	1	1	1	1	1	1	1	1	1	14.75	9.74999999999998	4.75	9.75000000000005	9.74999999999998	4.74999999999997	-0.250000000000018	4.75000000000003	4.75	-0.250000000000017	-0.0607868351104429	-0.249999999999948	9.75000000000005	4.75000000000003	-0.249999999999948	4.7500000000001
1	1	1	1	1	1	1	1	1	1	1	1	1	1	1	1	14.75	9.74999999999998	4.75	9.75000000000005	9.74999999999998	4.74999999999997	-0.250000000000018	4.75000000000003	4.75	-0.250000000000017	-0.0738028236335865	-0.249999999999948	9.75000000000005	4.75000000000003	-0.249999999999948	4.7500000000001
1	1	1	1	1	1	1	1	1	1	1	1	1	1	1	1	14.75	9.74999999999998	4.75	9.75000000000005	9.74999999999998	4.74999999999997	-0.250000000000018	4.75000000000003	4.75	-0.250000000000017	-0.0842449953060585	-0.249999999999948	9.75000000000005	4.75000000000003	-0.249999999999948	4.7500000000001
1	1	1	1	1	1	1	1	1	1	1	1	1	1	1	1	14.75	9.74999999999998	4.75	9.75000000000005	9.74999999999998	4.74999999999997	-0.250000000000018	4.75000000000003	4.75	-0.250000000000017	-0.103428065547252	-0.249999999999948	9.75000000000005	4.75000000000003	-0.249999999999948	4.7500000000001
1	1	1	1	1	1	1	1	1	1	1	1	1	1	1	1	14.75	9.74999999999998	4.75	9.75000000000005	9.74999999999998	4.74999999999997	-0.250000000000018	4.75000000000003	4.75	-0.250000000000017	-0.073156632784796	-0.249999999999948	9.75000000000005	4.75000000000003	-0.249999999999948	4.7500000000001
1	1	1	1	1	1	1	1	1	1	1	1	1	1	1	1	14.75	9.74999999999998	4.75	9.75000000000005	9.74999999999998	4.74999999999997	-0.250000000000018	4.75000000000003	4.75	-0.250000000000017	-0.0763101949451367	-0.249999999999948	9.75000000000005	4.75000000000003	-0.249999999999948	4.7500000000001
1	1	1	1	1	1	1	1	1	1	1	1	1	1	1	1	14.75	9.74999999999998	4.75	9.75000000000005	9.74999999999998	4.74999999999997	-0.250000000000018	4.75000000000003	4.75	-0.250000000000017	-0.0557173095816805	-0.249999999999948	9.75000000000005	4.75000000000003	-0.249999999999948	4.7500000000001
1	1	1	1	1	1	1	1	1	1	1	1	1	1	1	1	14.75	9.74999999999998	4.75	9.75000000000005	9.74999999999998	4.74999999999997	-0.250000000000018	4.75000000000003	4.75	-0.250000000000017	-0.0634402606715225	-0.249999999999948	9.75000000000005	4.75000000000003	-0.249999999999948	4.7500000000001
1	1	1	1	1	1	1	1	1	1	1	1	1	1	1	1	14.75	9.74999999999998	4.75	9.75000000000005	9.74999999999998	4.74999999999997	-0.250000000000018	4.75000000000003	4.75	-0.250000000000017	-0.0946683736869248	-0.249999999999948	9.75000000000005	4.75000000000003	-0.249999999999948	4.7500000000001
1	1	1	1	1	1	1	1	1	1	1	1	1	1	1	1	14.75	9.74999999999998	4.75	9.75000000000005	9.74999999999998	4.74999999999997	-0.250000000000018	4.75000000000003	4.75	-0.250000000000017	-0.108527195828664	-0.249999999999948	9.75000000000005	4.75000000000003	-0.249999999999948	4.7500000000001
1	1	1	1	1	1	1	1	1	1	1	1	1	1	1	1	14.75	9.74999999999998	4.75	9.75000000000005	9.74999999999998	4.74999999999997	-0.250000000000018	4.75000000000003	4.75	-0.250000000000017	-0.0615249948685195	-0.249999999999948	9.75000000000005	4.75000000000003	-0.249999999999948	4.7500000000001
1	1	1	1	1	1	1	1	1	1	1	1	1	1	1	1	14.75	9.74999999999998	4.75	9.75000000000005	9.74999999999998	4.74999999999997	-0.250000000000018	4.75000000000003	4.75	-0.250000000000017	-0.0785128495958867	-0.249999999999948	9.75000000000005	4.75000000000003	-0.249999999999948	4.7500000000001
1	1	1	1	1	1	1	1	1	1	1	1	1	1	1	1	14.75	9.74999999999998	4.75	9.75000000000005	9.74999999999998	4.74999999999997	-0.250000000000018	4.75000000000003	4.75	-0.250000000000017	-0.060435608950579	-0.249999999999948	9.75000000000005	4.75000000000003	-0.249999999999948	4.7500000000001
1	1	1	1	1	1	1	1	1	1	1	1	1	1	1	1	14.75	9.74999999999998	4.75	9.75000000000005	9.74999999999998	4.74999999999997	-0.250000000000018	4.75000000000003	4.75	-0.250000000000017	-0.0841558706783808	-0.249999999999948	9.75000000000005	4.75000000000003	-0.249999999999948	4.7500000000001
1	1	1	1	1	1	1	1	1	1	1	1	1	1	1	1	14.75	9.74999999999998	4.75	9.75000000000005	9.74999999999998	4.74999999999997	-0.250000000000018	4.75000000000003	4.75	-0.250000000000017	-0.064111511331949	-0.249999999999948	9.75000000000005	4.75000000000003	-0.249999999999948	4.7500000000001
1	1	1	1	1	1	1	1	1	1	1	1	1	1	1	1	14.75	9.74999999999998	4.75	9.75000000000005	9.74999999999998	4.74999999999997	-0.250000000000018	4.75000000000003	4.75	-0.250000000000017	-0.0768350568774921	-0.249999999999948	9.75000000000005	4.75000000000003	-0.249999999999948	4.7500000000001
1	1	1	1	1	1	1	1	1	1	1	1	1	1	1	1	14.75	9.74999999999998	4.75	9.75000000000005	9.74999999999998	4.74999999999997	-0.250000000000018	4.75000000000003	4.75	-0.250000000000017	-0.0473409529067486	-0.249999999999948	9.75000000000005	4.75000000000003	-0.249999999999948	4.7500000000001
1	1	1	1	1	1	1	1	1	1	1	1	1	1	1	1	14.75	9.74999999999998	4.75	9.75000000000005	9.74999999999998	4.74999999999997	-0.250000000000018	4.75000000000003	4.75	-0.250000000000017	-0.0472047274669482	-0.249999999999948	9.75000000000005	4.75000000000003	-0.249999999999948	4.7500000000001
1	1	1	1	1	1	1	1	1	1	1	1	1	1	1	1	14.75	9.74999999999998	4.75	9.75000000000005	9.74999999999998	4.74999999999997	-0.250000000000018	4.75000000000003	4.75	-0.250000000000017	-0.0336973479641384	-0.249999999999948	9.75000000000005	4.75000000000003	-0.249999999999948	4.7500000000001
1	1	1	1	1	1	1	1	1	1	1	1	1	1	1	1	14.75	9.74999999999998	4.75	9.75000000000005	9.74999999999998	4.74999999999997	-0.250000000000018	4.75000000000003	4.75	-0.250000000000017	-0.0869194137103281	-0.249999999999948	9.75000000000005	4.75000000000003	-0.249999999999948	4.7500000000001
1	1	1	1	1	1	1	1	1	1	1	1	1	1	1	1	14.75	9.74999999999998	4.75	9.75000000000005	9.74999999999998	4.74999999999997	-0.250000000000018	4.75000000000003	4.75	-0.250000000000017	-0.0641998134268856	-0.249999999999948	9.75000000000005	4.75000000000003	-0.249999999999948	4.7500000000001
1	1	1	1	1	1	1	1	1	1	1	1	1	1	1	1	14.75	9.74999999999998	4.75	9.75000000000005	9.74999999999998	4.74999999999997	-0.250000000000018	4.75000000000003	4.75	-0.250000000000017	-0.0532823073346467	-0.249999999999948	9.75000000000005	4.75000000000003	-0.249999999999948	4.7500000000001
1	1	1	1	1	1	1	1	1	1	1	1	1	1	1	1	14.75	9.74999999999998	4.75	9.75000000000005	9.74999999999998	4.74999999999997	-0.250000000000018	4.75000000000003	4.75	-0.250000000000017	-0.074119437266367	-0.249999999999948	9.75000000000005	4.75000000000003	-0.249999999999948	4.7500000000001
1	1	1	1	1	1	1	1	1	1	1	1	1	1	1	1	14.75	9.74999999999998	4.75	9.75000000000005	9.74999999999998	4.74999999999997	-0.250000000000018	4.75000000000003	4.75	-0.250000000000017	-0.024805253333449	-0.249999999999948	9.75000000000005	4.75000000000003	-0.249999999999948	4.7500000000001
1	1	1	1	1	1	1	1	1	1	1	1	1	1	1	1	14.75	9.74999999999998	4.75	9.75000000000005	9.74999999999998	4.74999999999997	-0.250000000000018	4.75000000000003	4.75	-0.250000000000017	-0.0924814011776114	-0.249999999999948	9.75000000000005	4.75000000000003	-0.249999999999948	4.7500000000001
1	1	1	1	1	1	1	1	1	1	1	1	1	1	1	1	14.75	9.74999999999998	4.75	9.75000000000005	9.74999999999998	4.74999999999997	-0.250000000000018	4.75000000000003	4.75	-0.250000000000017	-0.0457569877175293	-0.249999999999948	9.75000000000005	4.75000000000003	-0.249999999999948	4.7500000000001
1	1	1	1	1	1	1	1	1	1	1	1	1	1	1	1	14.75	9.74999999999998	4.75	9.75000000000005	9.74999999999998	4.74999999999997	-0.250000000000018	4.75000000000003	4.75	-0.250000000000017	-0.0328284982783812	-0.249999999999948	9.75000000000005	4.75000000000003	-0.249999999999948	4.7500000000001
1	1	1	1	1	1	1	1	1	1	1	1	1	1	1	1	14.75	9.74999999999998	4.75	9.75000000000005	9.74999999999998	4.74999999999997	-0.250000000000018	4.75000000000003	4.75	-0.250000000000017	-0.041782835958476	-0.249999999999948	9.75000000000005	4.75000000000003	-0.249999999999948	4.7500000000001
1	1	1	1	1	1	1	1	1	1	1	1	1	1	1	1	14.75	9.74999999999998	4.75	9.75000000000005	9.74999999999998	4.74999999999997	-0.250000000000018	4.75000000000003	4.75	-0.250000000000017	-0.0304177488403527	-0.249999999999948	9.75000000000005	4.75000000000003	-0.249999999999948	4.7500000000001
1	1	1	1	1	1	1	1	1	1	1	1	1	1	1	1	14.75	9.74999999999998	4.75	9.75000000000005	9.74999999999998	4.74999999999997	-0.250000000000018	4.75000000000003	4.75	-0.250000000000017	-0.0519843459672087	-0.249999999999948	9.75000000000005	4.75000000000003	-0.249999999999948	4.7500000000001
1	1	1	1	1	1	1	1	1	1	1	1	1	1	1	1	14.75	9.74999999999998	4.75	9.75000000000005	9.74999999999998	4.74999999999997	-0.250000000000018	4.75000000000003	4.75	-0.250000000000017	-0.114226985973929	-0.249999999999948	9.75000000000005	4.75000000000003	-0.249999999999948	4.7500000000001
1	1	1	1	1	1	1	1	1	1	1	1	1	1	1	1	14.75	9.74999999999998	4.75	9.75000000000005	9.74999999999998	4.74999999999997	-0.250000000000018	4.75000000000003	4.75	-0.250000000000017	-0.0970653216458397	-0.249999999999948	9.75000000000005	4.75000000000003	-0.249999999999948	4.7500000000001
1	1	1	1	1	1	1	1	1	1	1	1	1	1	1	1	14.75	9.74999999999998	4.75	9.75000000000005	9.74999999999998	4.74999999999997	-0.250000000000018	4.75000000000003	4.75	-0.250000000000017	-0.0627130557244885	-0.249999999999948	9.75000000000005	4.75000000000003	-0.249999999999948	4.7500000000001
1	1	1	1	1	1	1	1	1	1	1	1	1	1	1	1	14.75	9.74999999999998	4.75	9.75000000000005	9.74999999999998	4.74999999999997	-0.250000000000018	4.75000000000003	4.75	-0.250000000000017	-0.0413669189610455	-0.249999999999948	9.75000000000005	4.75000000000003	-0.249999999999948	4.7500000000001
1	1	1	1	1	1	1	1	1	1	1	1	1	1	1	1	14.75	9.74999999999998	4.75	9.75000000000005	9.74999999999998	4.74999999999997	-0.250000000000018	4.75000000000003	4.75	-0.250000000000017	-0.051838956514685	-0.249999999999948	9.75000000000005	4.75000000000003	-0.249999999999948	4.7500000000001
1	1	1	1	1	1	1	1	1	1	1	1	1	1	1	1	14.75	9.74999999999998	4.75	9.75000000000005	9.74999999999998	4.74999999999997	-0.250000000000018	4.75000000000003	4.75	-0.250000000000017	-0.0859059805818064	-0.249999999999948	9.75000000000005	4.75000000000003	-0.249999999999948	4.7500000000001
1	1	1	1	1	1	1	1	1	1	1	1	1	1	1	1	14.75	9.74999999999998	4.75	9.75000000000005	9.74999999999998	4.74999999999997	-0.250000000000018	4.75000000000003	4.75	-0.250000000000017	-0.0430379564627548	-0.249999999999948	9.75000000000005	4.75000000000003	-0.249999999999948	4.7500000000001
1	1	1	1	1	1	1	1	1	1	1	1	1	1	1	1	14.75	9.74999999999998	4.75	9.75000000000005	9.74999999999998	4.74999999999997	-0.250000000000018	4.75000000000003	4.75	-0.250000000000017	-0.0731121305865548	-0.249999999999948	9.75000000000005	4.75000000000003	-0.249999999999948	4.7500000000001
1	1	1	1	1	1	1	1	1	1	1	1	1	1	1	1	14.75	9.74999999999998	4.75	9.75000000000005	9.74999999999998	4.74999999999997	-0.250000000000018	4.75000000000003	4.75	-0.250000000000017	-0.0682255899470361	-0.249999999999948	9.75000000000005	4.75000000000003	-0.249999999999948	4.7500000000001
1	1	1	1	1	1	1	1	1	1	1	1	1	1	1	1	14.75	9.74999999999998	4.75	9.75000000000005	9.74999999999998	4.74999999999997	-0.250000000000018	4.75000000000003	4.75	-0.250000000000017	-0.0937011525617307	-0.249999999999948	9.75000000000005	4.75000000000003	-0.249999999999948	4.7500000000001
1	1	1	1	1	1	1	1	1	1	1	1	1	1	1	1	14.75	9.74999999999998	4.75	9.75000000000005	9.74999999999998	4.74999999999997	-0.250000000000018	4.75000000000003	4.75	-0.250000000000017	-0.0841030108747307	-0.249999999999948	9.75000000000005	4.75000000000003	-0.249999999999948	4.7500000000001
1	1	1	1	1	1	1	1	1	1	1	1	1	1	1	1	14.75	9.74999999999998	4.75	9.75000000000005	9.74999999999998	4.74999999999997	-0.250000000000018	4.75000000000003	4.75	-0.250000000000017	-0.0204672094644771	-0.249999999999948	9.75000000000005	4.75000000000003	-0.249999999999948	4.7500000000001
1	1	1	1	1	1	1	1	1	1	1	1	1	1	1	1	14.75	9.74999999999998	4.75	9.75000000000005	9.74999999999998	4.74999999999997	-0.250000000000018	4.75000000000003	4.75	-0.250000000000017	-0.0609846696380321	-0.249999999999948	9.75000000000005	4.75000000000003	-0.249999999999948	4.7500000000001
1	1	1	1	1	1	1	1	1	1	1	1	1	1	1	1	14.75	9.74999999999998	4.75	9.75000000000005	9.74999999999998	4.74999999999997	-0.250000000000018	4.75000000000003	4.75	-0.250000000000017	-0.0968026459210322	-0.249999999999948	9.75000000000005	4.75000000000003	-0.249999999999948	4.7500000000001
1	1	1	1	1	1	1	1	1	1	1	1	1	1	1	1	14.75	9.74999999999998	4.75	9.75000000000005	9.74999999999998	4.74999999999997	-0.250000000000018	4.75000000000003	4.75	-0.250000000000017	-0.0619515418652671	-0.249999999999948	9.75000000000005	4.75000000000003	-0.249999999999948	4.7500000000001
1	1	1	1	1	1	1	1	1	1	1	1	1	1	1	1	14.75	9.74999999999998	4.75	9.75000000000005	9.74999999999998	4.74999999999997	-0.250000000000018	4.75000000000003	4.75	-0.250000000000017	-0.081492600350742	-0.249999999999948	9.75000000000005	4.75000000000003	-0.249999999999948	4.7500000000001
1	1	1	1	1	1	1	1	1	1	1	1	1	1	1	1	14.75	9.74999999999998	4.75	9.75000000000005	9.74999999999998	4.74999999999997	-0.250000000000018	4.75000000000003	4.75	-0.250000000000017	-0.122564748168956	-0.249999999999948	9.75000000000005	4.75000000000003	-0.249999999999948	4.7500000000001
1	1	1	1	1	1	1	1	1	1	1	1	1	1	1	1	14.75	9.74999999999998	4.75	9.75000000000005	9.74999999999998	4.74999999999997	-0.250000000000018	4.75000000000003	4.75	-0.250000000000017	-0.0756797709134651	-0.249999999999948	9.75000000000005	4.75000000000003	-0.249999999999948	4.7500000000001
1	1	1	1	1	1	1	1	1	1	1	1	1	1	1	1	14.75	9.74999999999998	4.75	9.75000000000005	9.74999999999998	4.74999999999997	-0.250000000000018	4.75000000000003	4.75	-0.250000000000017	-0.0889312817341408	-0.249999999999948	9.75000000000005	4.75000000000003	-0.249999999999948	4.7500000000001
1	1	1	1	1	1	1	1	1	1	1	1	1	1	1	1	14.75	9.74999999999998	4.75	9.75000000000005	9.74999999999998	4.74999999999997	-0.250000000000018	4.75000000000003	4.75	-0.250000000000017	-0.0964442950482429	-0.249999999999948	9.75000000000005	4.75000000000003	-0.249999999999948	4.7500000000001
1	1	1	1	1	1	1	1	1	1	1	1	1	1	1	1	14.75	9.74999999999998	4.75	9.75000000000005	9.74999999999998	4.74999999999997	-0.250000000000018	4.75000000000003	4.75	-0.250000000000017	-0.0331143174064036	-0.249999999999948	9.75000000000005	4.75000000000003	-0.249999999999948	4.7500000000001
1	1	1	1	1	1	1	1	1	1	1	1	1	1	1	1	14.75	9.74999999999998	4.75	9.75000000000005	9.74999999999998	4.74999999999997	-0.250000000000018	4.75000000000003	4.75	-0.250000000000017	-0.0870946218711089	-0.249999999999948	9.75000000000005	4.75000000000003	-0.249999999999948	4.7500000000001
1	1	1	1	1	1	1	1	1	1	1	1	1	1	1	1	14.75	9.74999999999998	4.75	9.75000000000005	9.74999999999998	4.74999999999997	-0.250000000000018	4.75000000000003	4.75	-0.250000000000017	-0.100631308432977	-0.249999999999948	9.75000000000005	4.75000000000003	-0.249999999999948	4.7500000000001
1	1	1	1	1	1	1	1	1	1	1	1	1	1	1	1	14.75	9.74999999999998	4.75	9.75000000000005	9.74999999999998	4.74999999999997	-0.250000000000018	4.75000000000003	4.75	-0.250000000000017	-0.0751614654561896	-0.249999999999948	9.75000000000005	4.75000000000003	-0.249999999999948	4.7500000000001
1	1	1	1	1	1	1	1	1	1	1	1	1	1	1	1	14.75	9.74999999999998	4.75	9.75000000000005	9.74999999999998	4.74999999999997	-0.250000000000018	4.75000000000003	4.75	-0.250000000000017	-0.067676485967778	-0.249999999999948	9.75000000000005	4.75000000000003	-0.249999999999948	4.7500000000001
1	1	1	1	1	1	1	1	1	1	1	1	1	1	1	1	14.75	9.74999999999998	4.75	9.75000000000005	9.74999999999998	4.74999999999997	-0.250000000000018	4.75000000000003	4.75	-0.250000000000017	-0.0542821691695516	-0.249999999999948	9.75000000000005	4.75000000000003	-0.249999999999948	4.7500000000001
1	1	1	1	1	1	1	1	1	1	1	1	1	1	1	1	14.75	9.74999999999998	4.75	9.75000000000005	9.74999999999998	4.74999999999997	-0.250000000000018	4.75000000000003	4.75	-0.250000000000017	-0.0235594577429891	-0.249999999999948	9.75000000000005	4.75000000000003	-0.249999999999948	4.7500000000001
1	1	1	1	1	1	1	1	1	1	1	1	1	1	1	1	14.75	9.74999999999998	4.75	9.75000000000005	9.74999999999998	4.74999999999997	-0.250000000000018	4.75000000000003	4.75	-0.250000000000017	-0.00401526288082163	-0.249999999999948	9.75000000000005	4.75000000000003	-0.249999999999948	4.7500000000001
1	1	1	1	1	1	1	1	1	1	1	1	1	1	1	1	14.75	9.74999999999998	4.75	9.75000000000005	9.74999999999998	4.74999999999997	-0.250000000000018	4.75000000000003	4.75	-0.250000000000017	-0.0381416934603532	-0.249999999999948	9.75000000000005	4.75000000000003	-0.249999999999948	4.7500000000001
1	1	1	1	1	1	1	1	1	1	1	1	1	1	1	1	14.75	9.74999999999998	4.75	9.75000000000005	9.74999999999998	4.74999999999997	-0.250000000000018	4.75000000000003	4.75	-0.250000000000017	-0.0803885905070964	-0.249999999999948	9.75000000000005	4.75000000000003	-0.249999999999948	4.7500000000001
1	1	1	1	1	1	1	1	1	1	1	1	1	1	1	1	14.75	9.74999999999998	4.75	9.75000000000005	9.74999999999998	4.74999999999997	-0.250000000000018	4.75000000000003	4.75	-0.250000000000017	-0.023538490291583	-0.249999999999948	9.75000000000005	4.75000000000003	-0.249999999999948	4.7500000000001
1	1	1	1	1	1	1	1	1	1	1	1	1	1	1	1	14.75	9.74999999999998	4.75	9.75000000000005	9.74999999999998	4.74999999999997	-0.250000000000018	4.75000000000003	4.75	-0.250000000000017	-0.0838968506356333	-0.249999999999948	9.75000000000005	4.75000000000003	-0.249999999999948	4.7500000000001
1	1	1	1	1	1	1	1	1	1	1	1	1	1	1	1	14.75	9.74999999999998	4.75	9.75000000000005	9.74999999999998	4.74999999999997	-0.250000000000018	4.75000000000003	4.75	-0.250000000000017	-0.0743940503526542	-0.249999999999948	9.75000000000005	4.75000000000003	-0.249999999999948	4.7500000000001
1	1	1	1	1	1	1	1	1	1	1	1	1	1	1	1	14.75	9.74999999999998	4.75	9.75000000000005	9.74999999999998	4.74999999999997	-0.250000000000018	4.75000000000003	4.75	-0.250000000000017	-0.0452471102929882	-0.249999999999948	9.75000000000005	4.75000000000003	-0.249999999999948	4.7500000000001
1	1	1	1	1	1	1	1	1	1	1	1	1	1	1	1	14.75	9.74999999999998	4.75	9.75000000000005	9.74999999999998	4.74999999999997	-0.250000000000018	4.75000000000003	4.75	-0.250000000000017	-0.0816953810875779	-0.249999999999948	9.75000000000005	4.75000000000003	-0.249999999999948	4.7500000000001
1	1	1	1	1	1	1	1	1	1	1	1	1	1	1	1	14.75	9.74999999999998	4.75	9.75000000000005	9.74999999999998	4.74999999999997	-0.250000000000018	4.75000000000003	4.75	-0.250000000000017	-0.0556679340222062	-0.249999999999948	9.75000000000005	4.75000000000003	-0.249999999999948	4.7500000000001
1	1	1	1	1	1	1	1	1	1	1	1	1	1	1	1	14.75	9.74999999999998	4.75	9.75000000000005	9.74999999999998	4.74999999999997	-0.250000000000018	4.75000000000003	4.75	-0.250000000000017	-0.0603181081616315	-0.249999999999948	9.75000000000005	4.75000000000003	-0.249999999999948	4.7500000000001
1	1	1	1	1	1	1	1	1	1	1	1	1	1	1	1	14.75	9.74999999999998	4.75	9.75000000000005	9.74999999999998	4.74999999999997	-0.250000000000018	4.75000000000003	4.75	-0.250000000000017	-0.0375338158584586	-0.249999999999948	9.75000000000005	4.75000000000003	-0.249999999999948	4.7500000000001
1	1	1	1	1	1	1	1	1	1	1	1	1	1	1	1	14.75	9.74999999999998	4.75	9.75000000000005	9.74999999999998	4.74999999999997	-0.250000000000018	4.75000000000003	4.75	-0.250000000000017	-0.00816761937961044	-0.249999999999948	9.75000000000005	4.75000000000003	-0.249999999999948	4.7500000000001
1	1	1	1	1	1	1	1	1	1	1	1	1	1	1	1	14.75	9.74999999999998	4.75	9.75000000000005	9.74999999999998	4.74999999999997	-0.250000000000018	4.75000000000003	4.75	-0.250000000000017	-0.0781933429401214	-0.249999999999948	9.75000000000005	4.75000000000003	-0.249999999999948	4.7500000000001
1	1	1	1	1	1	1	1	1	1	1	1	1	1	1	1	14.75	9.74999999999998	4.75	9.75000000000005	9.74999999999998	4.74999999999997	-0.250000000000018	4.75000000000003	4.75	-0.250000000000017	-0.0558541665223648	-0.249999999999948	9.75000000000005	4.75000000000003	-0.249999999999948	4.7500000000001
1	1	1	1	1	1	1	1	1	1	1	1	1	1	1	1	14.75	9.74999999999998	4.75	9.75000000000005	9.74999999999998	4.74999999999997	-0.250000000000018	4.75000000000003	4.75	-0.250000000000017	-0.0854349099593724	-0.249999999999948	9.75000000000005	4.75000000000003	-0.249999999999948	4.7500000000001
1	1	1	1	1	1	1	1	1	1	1	1	1	1	1	1	14.75	9.74999999999998	4.75	9.75000000000005	9.74999999999998	4.74999999999997	-0.250000000000018	4.75000000000003	4.75	-0.250000000000017	-0.0900570821107897	-0.249999999999948	9.75000000000005	4.75000000000003	-0.249999999999948	4.7500000000001
1	1	1	1	1	1	1	1	1	1	1	1	1	1	1	1	14.75	9.74999999999998	4.75	9.75000000000005	9.74999999999998	4.74999999999997	-0.250000000000018	4.75000000000003	4.75	-0.250000000000017	-0.0859221554743323	-0.249999999999948	9.75000000000005	4.75000000000003	-0.249999999999948	4.7500000000001
1	1	1	1	1	1	1	1	1	1	1	1	1	1	1	1	14.75	9.74999999999998	4.75	9.75000000000005	9.74999999999998	4.74999999999997	-0.250000000000018	4.75000000000003	4.75	-0.250000000000017	-0.0905361306507872	-0.249999999999948	9.75000000000005	4.75000000000003	-0.249999999999948	4.7500000000001
1	1	1	1	1	1	1	1	1	1	1	1	1	1	1	1	14.75	9.74999999999998	4.75	9.75000000000005	9.74999999999998	4.74999999999997	-0.250000000000018	4.75000000000003	4.75	-0.250000000000017	-0.0747586101651061	-0.249999999999948	9.75000000000005	4.75000000000003	-0.249999999999948	4.7500000000001
1	1	1	1	1	1	1	1	1	1	1	1	1	1	1	1	14.75	9.74999999999998	4.75	9.75000000000005	9.74999999999998	4.74999999999997	-0.250000000000018	4.75000000000003	4.75	-0.250000000000017	-0.055359557232315	-0.249999999999948	9.75000000000005	4.75000000000003	-0.249999999999948	4.7500000000001
1	1	1	1	1	1	1	1	1	1	1	1	1	1	1	1	14.75	9.74999999999998	4.75	9.75000000000005	9.74999999999998	4.74999999999997	-0.250000000000018	4.75000000000003	4.75	-0.250000000000017	-0.070085037908704	-0.249999999999948	9.75000000000005	4.75000000000003	-0.249999999999948	4.7500000000001
1	1	1	1	1	1	1	1	1	1	1	1	1	1	1	1	14.75	9.74999999999998	4.75	9.75000000000005	9.74999999999998	4.74999999999997	-0.250000000000018	4.75000000000003	4.75	-0.250000000000017	-0.0749245257997001	-0.249999999999948	9.75000000000005	4.75000000000003	-0.249999999999948	4.7500000000001
1	1	1	1	1	1	1	1	1	1	1	1	1	1	1	1	14.75	9.74999999999998	4.75	9.75000000000005	9.74999999999998	4.74999999999997	-0.250000000000018	4.75000000000003	4.75	-0.250000000000017	-0.0645503085112167	-0.249999999999948	9.75000000000005	4.75000000000003	-0.249999999999948	4.7500000000001
1	1	1	1	1	1	1	1	1	1	1	1	1	1	1	1	14.75	9.74999999999998	4.75	9.75000000000005	9.74999999999998	4.74999999999997	-0.250000000000018	4.75000000000003	4.75	-0.250000000000017	-0.0818473364578862	-0.249999999999948	9.75000000000005	4.75000000000003	-0.249999999999948	4.7500000000001
1	1	1	1	1	1	1	1	1	1	1	1	1	1	1	1	14.75	9.74999999999998	4.75	9.75000000000005	9.74999999999998	4.74999999999997	-0.250000000000018	4.75000000000003	4.75	-0.250000000000017	-0.103274059142612	-0.249999999999948	9.75000000000005	4.75000000000003	-0.249999999999948	4.7500000000001
1	1	1	1	1	1	1	1	1	1	1	1	1	1	1	1	14.75	9.74999999999998	4.75	9.75000000000005	9.74999999999998	4.74999999999997	-0.250000000000018	4.75000000000003	4.75	-0.250000000000017	-0.0618254653810416	-0.249999999999948	9.75000000000005	4.75000000000003	-0.249999999999948	4.7500000000001
1	1	1	1	1	1	1	1	1	1	1	1	1	1	1	1	14.75	9.74999999999998	4.75	9.75000000000005	9.74999999999998	4.74999999999997	-0.250000000000018	4.75000000000003	4.75	-0.250000000000017	-0.0689279733097981	-0.249999999999948	9.75000000000005	4.75000000000003	-0.249999999999948	4.7500000000001
1	1	1	1	1	1	1	1	1	1	1	1	1	1	1	1	14.75	9.74999999999998	4.75	9.75000000000005	9.74999999999998	4.74999999999997	-0.250000000000018	4.75000000000003	4.75	-0.250000000000017	-0.0531599856493455	-0.249999999999948	9.75000000000005	4.75000000000003	-0.249999999999948	4.7500000000001
1	1	1	1	1	1	1	1	1	1	1	1	1	1	1	1	14.75	9.74999999999998	4.75	9.75000000000005	9.74999999999998	4.74999999999997	-0.250000000000018	4.75000000000003	4.75	-0.250000000000017	-0.100350745499495	-0.249999999999948	9.75000000000005	4.75000000000003	-0.249999999999948	4.7500000000001
1	1	1	1	1	1	1	1	1	1	1	1	1	1	1	1	14.75	9.74999999999998	4.75	9.75000000000005	9.74999999999998	4.74999999999997	-0.250000000000018	4.75000000000003	4.75	-0.250000000000017	-0.033039267348801	-0.249999999999948	9.75000000000005	4.75000000000003	-0.249999999999948	4.7500000000001
1	1	1	1	1	1	1	1	1	1	1	1	1	1	1	1	14.75	9.74999999999998	4.75	9.75000000000005	9.74999999999998	4.74999999999997	-0.250000000000018	4.75000000000003	4.75	-0.250000000000017	-0.0522018739132675	-0.249999999999948	9.75000000000005	4.75000000000003	-0.249999999999948	4.7500000000001
1	1	1	1	1	1	1	1	1	1	1	1	1	1	1	1	14.75	9.74999999999998	4.75	9.75000000000005	9.74999999999998	4.74999999999997	-0.250000000000018	4.75000000000003	4.75	-0.250000000000017	-0.0659505018781619	-0.249999999999948	9.75000000000005	4.75000000000003	-0.249999999999948	4.7500000000001
1	1	1	1	1	1	1	1	1	1	1	1	1	1	1	1	14.75	9.74999999999998	4.75	9.75000000000005	9.74999999999998	4.74999999999997	-0.250000000000018	4.75000000000003	4.75	-0.250000000000017	-0.106024939833622	-0.249999999999948	9.75000000000005	4.75000000000003	-0.249999999999948	4.7500000000001
1	1	1	1	1	1	1	1	1	1	1	1	1	1	1	1	14.75	9.74999999999998	4.75	9.75000000000005	9.74999999999998	4.74999999999997	-0.250000000000018	4.75000000000003	4.75	-0.250000000000017	-0.0517459864202136	-0.249999999999948	9.75000000000005	4.75000000000003	-0.249999999999948	4.7500000000001
1	1	1	1	1	1	1	1	1	1	1	1	1	1	1	1	14.75	9.74999999999998	4.75	9.75000000000005	9.74999999999998	4.74999999999997	-0.250000000000018	4.75000000000003	4.75	-0.250000000000017	-0.0631401709775785	-0.249999999999948	9.75000000000005	4.75000000000003	-0.249999999999948	4.7500000000001
1	1	1	1	1	1	1	1	1	1	1	1	1	1	1	1	14.75	9.74999999999998	4.75	9.75000000000005	9.74999999999998	4.74999999999997	-0.250000000000018	4.75000000000003	4.75	-0.250000000000017	-0.0909974146470287	-0.249999999999948	9.75000000000005	4.75000000000003	-0.249999999999948	4.7500000000001
1	1	1	1	1	1	1	1	1	1	1	1	1	1	1	1	14.75	9.74999999999998	4.75	9.75000000000005	9.74999999999998	4.74999999999997	-0.250000000000018	4.75000000000003	4.75	-0.250000000000017	-0.0796525560081768	-0.249999999999948	9.75000000000005	4.75000000000003	-0.249999999999948	4.7500000000001
1	1	1	1	1	1	1	1	1	1	1	1	1	1	1	1	14.75	9.74999999999998	4.75	9.75000000000005	9.74999999999998	4.74999999999997	-0.250000000000018	4.75000000000003	4.75	-0.250000000000017	-0.0699344358208144	-0.249999999999948	9.75000000000005	4.75000000000003	-0.249999999999948	4.7500000000001
1	1	1	1	1	1	1	1	1	1	1	1	1	1	1	1	14.75	9.74999999999998	4.75	9.75000000000005	9.74999999999998	4.74999999999997	-0.250000000000018	4.75000000000003	4.75	-0.250000000000017	-0.056323211750695	-0.249999999999948	9.75000000000005	4.75000000000003	-0.249999999999948	4.7500000000001
1	1	1	1	1	1	1	1	1	1	1	1	1	1	1	1	14.75	9.74999999999998	4.75	9.75000000000005	9.74999999999998	4.74999999999997	-0.250000000000018	4.75000000000003	4.75	-0.250000000000017	-0.0329880600643927	-0.249999999999948	9.75000000000005	4.75000000000003	-0.249999999999948	4.7500000000001
1	1	1	1	1	1	1	1	1	1	1	1	1	1	1	1	14.75	9.74999999999998	4.75	9.75000000000005	9.74999999999998	4.74999999999997	-0.250000000000018	4.75000000000003	4.75	-0.250000000000017	-0.0645493329764609	-0.249999999999948	9.75000000000005	4.75000000000003	-0.249999999999948	4.7500000000001
1	1	1	1	1	1	1	1	1	1	1	1	1	1	1	1	14.75	9.74999999999998	4.75	9.75000000000005	9.74999999999998	4.74999999999997	-0.250000000000018	4.75000000000003	4.75	-0.250000000000017	-0.0438665771818368	-0.249999999999948	9.75000000000005	4.75000000000003	-0.249999999999948	4.7500000000001
1	1	1	1	1	1	1	1	1	1	1	1	1	1	1	1	14.75	9.74999999999998	4.75	9.75000000000005	9.74999999999998	4.74999999999997	-0.250000000000018	4.75000000000003	4.75	-0.250000000000017	-0.0774411738591048	-0.249999999999948	9.75000000000005	4.75000000000003	-0.249999999999948	4.7500000000001
1	1	1	1	1	1	1	1	1	1	1	1	1	1	1	1	14.75	9.74999999999998	4.75	9.75000000000005	9.74999999999998	4.74999999999997	-0.250000000000018	4.75000000000003	4.75	-0.250000000000017	-0.0813022908599076	-0.249999999999948	9.75000000000005	4.75000000000003	-0.249999999999948	4.7500000000001
1	1	1	1	1	1	1	1	1	1	1	1	1	1	1	1	14.75	9.74999999999998	4.75	9.75000000000005	9.74999999999998	4.74999999999997	-0.250000000000018	4.75000000000003	4.75	-0.250000000000017	-0.0474812941413588	-0.249999999999948	9.75000000000005	4.75000000000003	-0.249999999999948	4.7500000000001
1	1	1	1	1	1	1	1	1	1	1	1	1	1	1	1	14.75	9.74999999999998	4.75	9.75000000000005	9.74999999999998	4.74999999999997	-0.250000000000018	4.75000000000003	4.75	-0.250000000000017	-0.073278897495235	-0.249999999999948	9.75000000000005	4.75000000000003	-0.249999999999948	4.7500000000001
1	1	1	1	1	1	1	1	1	1	1	1	1	1	1	1	14.75	9.74999999999998	4.75	9.75000000000005	9.74999999999998	4.74999999999997	-0.250000000000018	4.75000000000003	4.75	-0.250000000000017	-0.0727842278202486	-0.249999999999948	9.75000000000005	4.75000000000003	-0.249999999999948	4.7500000000001
1	1	1	1	1	1	1	1	1	1	1	1	1	1	1	1	14.75	9.74999999999998	4.75	9.75000000000005	9.74999999999998	4.74999999999997	-0.250000000000018	4.75000000000003	4.75	-0.250000000000017	-0.0767386756830324	-0.249999999999948	9.75000000000005	4.75000000000003	-0.249999999999948	4.7500000000001
1	1	1	1	1	1	1	1	1	1	1	1	1	1	1	1	14.75	9.74999999999998	4.75	9.75000000000005	9.74999999999998	4.74999999999997	-0.250000000000018	4.75000000000003	4.75	-0.250000000000017	-0.0616372537627564	-0.249999999999948	9.75000000000005	4.75000000000003	-0.249999999999948	4.7500000000001
1	1	1	1	1	1	1	1	1	1	1	1	1	1	1	1	14.75	9.74999999999998	4.75	9.75000000000005	9.74999999999998	4.74999999999997	-0.250000000000018	4.75000000000003	4.75	-0.250000000000017	-0.102337274234471	-0.249999999999948	9.75000000000005	4.75000000000003	-0.249999999999948	4.7500000000001
1	1	1	1	1	1	1	1	1	1	1	1	1	1	1	1	14.75	9.74999999999998	4.75	9.75000000000005	9.74999999999998	4.74999999999997	-0.250000000000018	4.75000000000003	4.75	-0.250000000000017	-0.113001419896169	-0.249999999999948	9.75000000000005	4.75000000000003	-0.249999999999948	4.7500000000001
1	1	1	1	1	1	1	1	1	1	1	1	1	1	1	1	14.75	9.74999999999998	4.75	9.75000000000005	9.74999999999998	4.74999999999997	-0.250000000000018	4.75000000000003	4.75	-0.250000000000017	-0.0279532452364891	-0.249999999999948	9.75000000000005	4.75000000000003	-0.249999999999948	4.7500000000001
1	1	1	1	1	1	1	1	1	1	1	1	1	1	1	1	14.75	9.74999999999998	4.75	9.75000000000005	9.74999999999998	4.74999999999997	-0.250000000000018	4.75000000000003	4.75	-0.250000000000017	-0.0801023353717271	-0.249999999999948	9.75000000000005	4.75000000000003	-0.249999999999948	4.7500000000001
1	1	1	1	1	1	1	1	1	1	1	1	1	1	1	1	14.75	9.74999999999998	4.75	9.75000000000005	9.74999999999998	4.74999999999997	-0.250000000000018	4.75000000000003	4.75	-0.250000000000017	-0.0769529378727103	-0.249999999999948	9.75000000000005	4.75000000000003	-0.249999999999948	4.7500000000001
1	1	1	1	1	1	1	1	1	1	1	1	1	1	1	1	14.75	9.74999999999998	4.75	9.75000000000005	9.74999999999998	4.74999999999997	-0.250000000000018	4.75000000000003	4.75	-0.250000000000017	-0.0945236387353403	-0.249999999999948	9.75000000000005	4.75000000000003	-0.249999999999948	4.7500000000001
1	1	1	1	1	1	1	1	1	1	1	1	1	1	1	1	14.75	9.74999999999998	4.75	9.75000000000005	9.74999999999998	4.74999999999997	-0.250000000000018	4.75000000000003	4.75	-0.250000000000017	-0.0725052237410681	-0.249999999999948	9.75000000000005	4.75000000000003	-0.249999999999948	4.7500000000001
1	1	1	1	1	1	1	1	1	1	1	1	1	1	1	1	14.75	9.74999999999998	4.75	9.75000000000005	9.74999999999998	4.74999999999997	-0.250000000000018	4.75000000000003	4.75	-0.250000000000017	-0.061458690660798	-0.249999999999948	9.75000000000005	4.75000000000003	-0.249999999999948	4.7500000000001
1	1	1	1	1	1	1	1	1	1	1	1	1	1	1	1	14.75	9.74999999999998	4.75	9.75000000000005	9.74999999999998	4.74999999999997	-0.250000000000018	4.75000000000003	4.75	-0.250000000000017	-0.0656327846823925	-0.249999999999948	9.75000000000005	4.75000000000003	-0.249999999999948	4.7500000000001
1	1	1	1	1	1	1	1	1	1	1	1	1	1	1	1	14.75	9.74999999999998	4.75	9.75000000000005	9.74999999999998	4.74999999999997	-0.250000000000018	4.75000000000003	4.75	-0.250000000000017	-0.0785040133103898	-0.249999999999948	9.75000000000005	4.75000000000003	-0.249999999999948	4.7500000000001
1	1	1	1	1	1	1	1	1	1	1	1	1	1	1	1	14.75	9.74999999999998	4.75	9.75000000000005	9.74999999999998	4.74999999999997	-0.250000000000018	4.75000000000003	4.75	-0.250000000000017	-0.0247707979619701	-0.249999999999948	9.75000000000005	4.75000000000003	-0.249999999999948	4.7500000000001
1	1	1	1	1	1	1	1	1	1	1	1	1	1	1	1	14.75	9.74999999999998	4.75	9.75000000000005	9.74999999999998	4.74999999999997	-0.250000000000018	4.75000000000003	4.75	-0.250000000000017	-0.0714488345584394	-0.249999999999948	9.75000000000005	4.75000000000003	-0.249999999999948	4.7500000000001
1	1	1	1	1	1	1	1	1	1	1	1	1	1	1	1	14.75	9.74999999999998	4.75	9.75000000000005	9.74999999999998	4.74999999999997	-0.250000000000018	4.75000000000003	4.75	-0.250000000000017	-0.0810090419838421	-0.249999999999948	9.75000000000005	4.75000000000003	-0.249999999999948	4.7500000000001
1	1	1	1	1	1	1	1	1	1	1	1	1	1	1	1	14.75	9.74999999999998	4.75	9.75000000000005	9.74999999999998	4.74999999999997	-0.250000000000018	4.75000000000003	4.75	-0.250000000000017	-0.0335854281165169	-0.249999999999948	9.75000000000005	4.75000000000003	-0.249999999999948	4.7500000000001
1	1	1	1	1	1	1	1	1	1	1	1	1	1	1	1	14.75	9.74999999999998	4.75	9.75000000000005	9.74999999999998	4.74999999999997	-0.250000000000018	4.75000000000003	4.75	-0.250000000000017	-0.0653384004722688	-0.249999999999948	9.75000000000005	4.75000000000003	-0.249999999999948	4.7500000000001
1	1	1	1	1	1	1	1	1	1	1	1	1	1	1	1	14.75	9.74999999999998	4.75	9.75000000000005	9.74999999999998	4.74999999999997	-0.250000000000018	4.75000000000003	4.75	-0.250000000000017	-0.0840477008668066	-0.249999999999948	9.75000000000005	4.75000000000003	-0.249999999999948	4.7500000000001
1	1	1	1	1	1	1	1	1	1	1	1	1	1	1	1	14.75	9.74999999999998	4.75	9.75000000000005	9.74999999999998	4.74999999999997	-0.250000000000018	4.75000000000003	4.75	-0.250000000000017	-0.0161782985970595	-0.249999999999948	9.75000000000005	4.75000000000003	-0.249999999999948	4.7500000000001
1	1	1	1	1	1	1	1	1	1	1	1	1	1	1	1	14.75	9.74999999999998	4.75	9.75000000000005	9.74999999999998	4.74999999999997	-0.250000000000018	4.75000000000003	4.75	-0.250000000000017	-0.0787878662820811	-0.249999999999948	9.75000000000005	4.75000000000003	-0.249999999999948	4.7500000000001
1	1	1	1	1	1	1	1	1	1	1	1	1	1	1	1	14.75	9.74999999999998	4.75	9.75000000000005	9.74999999999998	4.74999999999997	-0.250000000000018	4.75000000000003	4.75	-0.250000000000017	-0.0587899987227254	-0.249999999999948	9.75000000000005	4.75000000000003	-0.249999999999948	4.7500000000001
1	1	1	1	1	1	1	1	1	1	1	1	1	1	1	1	14.75	9.74999999999998	4.75	9.75000000000005	9.74999999999998	4.74999999999997	-0.250000000000018	4.75000000000003	4.75	-0.250000000000017	-0.0621970695018381	-0.249999999999948	9.75000000000005	4.75000000000003	-0.249999999999948	4.7500000000001
1	1	1	1	1	1	1	1	1	1	1	1	1	1	1	1	14.75	9.74999999999998	4.75	9.75000000000005	9.74999999999998	4.74999999999997	-0.250000000000018	4.75000000000003	4.75	-0.250000000000017	-0.0490429425569362	-0.249999999999948	9.75000000000005	4.75000000000003	-0.249999999999948	4.7500000000001
1	1	1	1	1	1	1	1	1	1	1	1	1	1	1	1	14.75	9.74999999999998	4.75	9.75000000000005	9.74999999999998	4.74999999999997	-0.250000000000018	4.75000000000003	4.75	-0.250000000000017	-0.0838768296630405	-0.249999999999948	9.75000000000005	4.75000000000003	-0.249999999999948	4.7500000000001
1	1	1	1	1	1	1	1	1	1	1	1	1	1	1	1	14.75	9.74999999999998	4.75	9.75000000000005	9.74999999999998	4.74999999999997	-0.250000000000018	4.75000000000003	4.75	-0.250000000000017	-0.0651159576085236	-0.249999999999948	9.75000000000005	4.75000000000003	-0.249999999999948	4.7500000000001
1	1	1	1	1	1	1	1	1	1	1	1	1	1	1	1	14.75	9.74999999999998	4.75	9.75000000000005	9.74999999999998	4.74999999999997	-0.250000000000018	4.75000000000003	4.75	-0.250000000000017	-0.0715749965209578	-0.249999999999948	9.75000000000005	4.75000000000003	-0.249999999999948	4.7500000000001
1	1	1	1	1	1	1	1	1	1	1	1	1	1	1	1	14.75	9.74999999999998	4.75	9.75000000000005	9.74999999999998	4.74999999999997	-0.250000000000018	4.75000000000003	4.75	-0.250000000000017	-0.0798808364730828	-0.249999999999948	9.75000000000005	4.75000000000003	-0.249999999999948	4.7500000000001
1	1	1	1	1	1	1	1	1	1	1	1	1	1	1	1	14.75	9.74999999999998	4.75	9.75000000000005	9.74999999999998	4.74999999999997	-0.250000000000018	4.75000000000003	4.75	-0.250000000000017	-0.0910183618650858	-0.249999999999948	9.75000000000005	4.75000000000003	-0.249999999999948	4.7500000000001
1	1	1	1	1	1	1	1	1	1	1	1	1	1	1	1	14.75	9.74999999999998	4.75	9.75000000000005	9.74999999999998	4.74999999999997	-0.250000000000018	4.75000000000003	4.75	-0.250000000000017	-0.0544351167843688	-0.249999999999948	9.75000000000005	4.75000000000003	-0.249999999999948	4.7500000000001
1	1	1	1	1	1	1	1	1	1	1	1	1	1	1	1	14.75	9.74999999999998	4.75	9.75000000000005	9.74999999999998	4.74999999999997	-0.250000000000018	4.75000000000003	4.75	-0.250000000000017	-0.0810855515227578	-0.249999999999948	9.75000000000005	4.75000000000003	-0.249999999999948	4.7500000000001
1	1	1	1	1	1	1	1	1	1	1	1	1	1	1	1	14.75	9.74999999999998	4.75	9.75000000000005	9.74999999999998	4.74999999999997	-0.250000000000018	4.75000000000003	4.75	-0.250000000000017	-0.0830950376223095	-0.249999999999948	9.75000000000005	4.75000000000003	-0.249999999999948	4.7500000000001
1	1	1	1	1	1	1	1	1	1	1	1	1	1	1	1	14.75	9.74999999999998	4.75	9.75000000000005	9.74999999999998	4.74999999999997	-0.250000000000018	4.75000000000003	4.75	-0.250000000000017	-0.0408134234008584	-0.249999999999948	9.75000000000005	4.75000000000003	-0.249999999999948	4.7500000000001
1	1	1	1	1	1	1	1	1	1	1	1	1	1	1	1	14.75	9.74999999999998	4.75	9.75000000000005	9.74999999999998	4.74999999999997	-0.250000000000018	4.75000000000003	4.75	-0.250000000000017	-0.0672820996647163	-0.249999999999948	9.75000000000005	4.75000000000003	-0.249999999999948	4.7500000000001
1	1	1	1	1	1	1	1	1	1	1	1	1	1	1	1	14.75	9.74999999999998	4.75	9.75000000000005	9.74999999999998	4.74999999999997	-0.250000000000018	4.75000000000003	4.75	-0.250000000000017	-0.0650551350309292	-0.249999999999948	9.75000000000005	4.75000000000003	-0.249999999999948	4.7500000000001
1	1	1	1	1	1	1	1	1	1	1	1	1	1	1	1	14.75	9.74999999999998	4.75	9.75000000000005	9.74999999999998	4.74999999999997	-0.250000000000018	4.75000000000003	4.75	-0.250000000000017	-0.0740795348303347	-0.249999999999948	9.75000000000005	4.75000000000003	-0.249999999999948	4.7500000000001
1	1	1	1	1	1	1	1	1	1	1	1	1	1	1	1	14.75	9.74999999999998	4.75	9.75000000000005	9.74999999999998	4.74999999999997	-0.250000000000018	4.75000000000003	4.75	-0.250000000000017	-0.0645413910996995	-0.249999999999948	9.75000000000005	4.75000000000003	-0.249999999999948	4.7500000000001
1	1	1	1	1	1	1	1	1	1	1	1	1	1	1	1	14.75	9.74999999999998	4.75	9.75000000000005	9.74999999999998	4.74999999999997	-0.250000000000018	4.75000000000003	4.75	-0.250000000000017	-0.0649816329295145	-0.249999999999948	9.75000000000005	4.75000000000003	-0.249999999999948	4.7500000000001
1	1	1	1	1	1	1	1	1	1	1	1	1	1	1	1	14.75	9.74999999999998	4.75	9.75000000000005	9.74999999999998	4.74999999999997	-0.250000000000018	4.75000000000003	4.75	-0.250000000000017	-0.116816421166577	-0.249999999999948	9.75000000000005	4.75000000000003	-0.249999999999948	4.7500000000001
1	1	1	1	1	1	1	1	1	1	1	1	1	1	1	1	14.75	9.74999999999998	4.75	9.75000000000005	9.74999999999998	4.74999999999997	-0.250000000000018	4.75000000000003	4.75	-0.250000000000017	-0.0947873838725256	-0.249999999999948	9.75000000000005	4.75000000000003	-0.249999999999948	4.7500000000001
1	1	1	1	1	1	1	1	1	1	1	1	1	1	1	1	14.75	9.74999999999998	4.75	9.75000000000005	9.74999999999998	4.74999999999997	-0.250000000000018	4.75000000000003	4.75	-0.250000000000017	-0.0714718864382044	-0.249999999999948	9.75000000000005	4.75000000000003	-0.249999999999948	4.7500000000001
1	1	1	1	1	1	1	1	1	1	1	1	1	1	1	1	14.75	9.74999999999998	4.75	9.75000000000005	9.74999999999998	4.74999999999997	-0.250000000000018	4.75000000000003	4.75	-0.250000000000017	-0.0434450025758124	-0.249999999999948	9.75000000000005	4.75000000000003	-0.249999999999948	4.7500000000001
1	1	1	1	1	1	1	1	1	1	1	1	1	1	1	1	14.75	9.74999999999998	4.75	9.75000000000005	9.74999999999998	4.74999999999997	-0.250000000000018	4.75000000000003	4.75	-0.250000000000017	-0.053729178203292	-0.249999999999948	9.75000000000005	4.75000000000003	-0.249999999999948	4.7500000000001
1	1	1	1	1	1	1	1	1	1	1	1	1	1	1	1	14.75	9.74999999999998	4.75	9.75000000000005	9.74999999999998	4.74999999999997	-0.250000000000018	4.75000000000003	4.75	-0.250000000000017	-0.0664984318032421	-0.249999999999948	9.75000000000005	4.75000000000003	-0.249999999999948	4.7500000000001
1	1	1	1	1	1	1	1	1	1	1	1	1	1	1	1	14.75	9.74999999999998	4.75	9.75000000000005	9.74999999999998	4.74999999999997	-0.250000000000018	4.75000000000003	4.75	-0.250000000000017	-0.0668762214542748	-0.249999999999948	9.75000000000005	4.75000000000003	-0.249999999999948	4.7500000000001
1	1	1	1	1	1	1	1	1	1	1	1	1	1	1	1	14.75	9.74999999999998	4.75	9.75000000000005	9.74999999999998	4.74999999999997	-0.250000000000018	4.75000000000003	4.75	-0.250000000000017	-0.0726904746980833	-0.249999999999948	9.75000000000005	4.75000000000003	-0.249999999999948	4.7500000000001
1	1	1	1	1	1	1	1	1	1	1	1	1	1	1	1	14.75	9.74999999999998	4.75	9.75000000000005	9.74999999999998	4.74999999999997	-0.250000000000018	4.75000000000003	4.75	-0.250000000000017	-0.0362278698643936	-0.249999999999948	9.75000000000005	4.75000000000003	-0.249999999999948	4.7500000000001
1	1	1	1	1	1	1	1	1	1	1	1	1	1	1	1	14.75	9.74999999999998	4.75	9.75000000000005	9.74999999999998	4.74999999999997	-0.250000000000018	4.75000000000003	4.75	-0.250000000000017	-0.0722633682891102	-0.249999999999948	9.75000000000005	4.75000000000003	-0.249999999999948	4.7500000000001
1	1	1	1	1	1	1	1	1	1	1	1	1	1	1	1	14.75	9.74999999999998	4.75	9.75000000000005	9.74999999999998	4.74999999999997	-0.250000000000018	4.75000000000003	4.75	-0.250000000000017	-0.0622384041747439	-0.249999999999948	9.75000000000005	4.75000000000003	-0.249999999999948	4.7500000000001
1	1	1	1	1	1	1	1	1	1	1	1	1	1	1	1	14.75	9.74999999999998	4.75	9.75000000000005	9.74999999999998	4.74999999999997	-0.250000000000018	4.75000000000003	4.75	-0.250000000000017	-0.0446245394743151	-0.249999999999948	9.75000000000005	4.75000000000003	-0.249999999999948	4.7500000000001
1	1	1	1	1	1	1	1	1	1	1	1	1	1	1	1	14.75	9.74999999999998	4.75	9.75000000000005	9.74999999999998	4.74999999999997	-0.250000000000018	4.75000000000003	4.75	-0.250000000000017	-0.0887752812707643	-0.249999999999948	9.75000000000005	4.75000000000003	-0.249999999999948	4.7500000000001
1	1	1	1	1	1	1	1	1	1	1	1	1	1	1	1	14.75	9.74999999999998	4.75	9.75000000000005	9.74999999999998	4.74999999999997	-0.250000000000018	4.75000000000003	4.75	-0.250000000000017	-0.0780767239477324	-0.249999999999948	9.75000000000005	4.75000000000003	-0.249999999999948	4.7500000000001
1	1	1	1	1	1	1	1	1	1	1	1	1	1	1	1	14.75	9.74999999999998	4.75	9.75000000000005	9.74999999999998	4.74999999999997	-0.250000000000018	4.75000000000003	4.75	-0.250000000000017	-0.0439781492616031	-0.249999999999948	9.75000000000005	4.75000000000003	-0.249999999999948	4.7500000000001
1	1	1	1	1	1	1	1	1	1	1	1	1	1	1	1	14.75	9.74999999999998	4.75	9.75000000000005	9.74999999999998	4.74999999999997	-0.250000000000018	4.75000000000003	4.75	-0.250000000000017	-0.0775542659372735	-0.249999999999948	9.75000000000005	4.75000000000003	-0.249999999999948	4.7500000000001
1	1	1	1	1	1	1	1	1	1	1	1	1	1	1	1	14.75	9.74999999999998	4.75	9.75000000000005	9.74999999999998	4.74999999999997	-0.250000000000018	4.75000000000003	4.75	-0.250000000000017	-0.123705918607975	-0.249999999999948	9.75000000000005	4.75000000000003	-0.249999999999948	4.7500000000001
1	1	1	1	1	1	1	1	1	1	1	1	1	1	1	1	14.75	9.74999999999998	4.75	9.75000000000005	9.74999999999998	4.74999999999997	-0.250000000000018	4.75000000000003	4.75	-0.250000000000017	-0.118698162652804	-0.249999999999948	9.75000000000005	4.75000000000003	-0.249999999999948	4.7500000000001
1	1	1	1	1	1	1	1	1	1	1	1	1	1	1	1	14.75	9.74999999999998	4.75	9.75000000000005	9.74999999999998	4.74999999999997	-0.250000000000018	4.75000000000003	4.75	-0.250000000000017	-0.047155836770162	-0.249999999999948	9.75000000000005	4.75000000000003	-0.249999999999948	4.7500000000001
1	1	1	1	1	1	1	1	1	1	1	1	1	1	1	1	14.75	9.74999999999998	4.75	9.75000000000005	9.74999999999998	4.74999999999997	-0.250000000000018	4.75000000000003	4.75	-0.250000000000017	-0.074607214081234	-0.249999999999948	9.75000000000005	4.75000000000003	-0.249999999999948	4.7500000000001
1	1	1	1	1	1	1	1	1	1	1	1	1	1	1	1	14.75	9.74999999999998	4.75	9.75000000000005	9.74999999999998	4.74999999999997	-0.250000000000018	4.75000000000003	4.75	-0.250000000000017	-0.0707435610324306	-0.249999999999948	9.75000000000005	4.75000000000003	-0.249999999999948	4.7500000000001
1	1	1	1	1	1	1	1	1	1	1	1	1	1	1	1	14.75	9.74999999999998	4.75	9.75000000000005	9.74999999999998	4.74999999999997	-0.250000000000018	4.75000000000003	4.75	-0.250000000000017	-0.069706703862413	-0.249999999999948	9.75000000000005	4.75000000000003	-0.249999999999948	4.7500000000001
1	1	1	1	1	1	1	1	1	1	1	1	1	1	1	1	14.75	9.74999999999998	4.75	9.75000000000005	9.74999999999998	4.74999999999997	-0.250000000000018	4.75000000000003	4.75	-0.250000000000017	-0.0645063090437626	-0.249999999999948	9.75000000000005	4.75000000000003	-0.249999999999948	4.7500000000001
1	1	1	1	1	1	1	1	1	1	1	1	1	1	1	1	14.75	9.74999999999998	4.75	9.75000000000005	9.74999999999998	4.74999999999997	-0.250000000000018	4.75000000000003	4.75	-0.250000000000017	-0.0392887551679348	-0.249999999999948	9.75000000000005	4.75000000000003	-0.249999999999948	4.7500000000001
1	1	1	1	1	1	1	1	1	1	1	1	1	1	1	1	14.75	9.74999999999998	4.75	9.75000000000005	9.74999999999998	4.74999999999997	-0.250000000000018	4.75000000000003	4.75	-0.250000000000017	-0.0692595179335341	-0.249999999999948	9.75000000000005	4.75000000000003	-0.249999999999948	4.7500000000001
1	1	1	1	1	1	1	1	1	1	1	1	1	1	1	1	14.75	9.74999999999998	4.75	9.75000000000005	9.74999999999998	4.74999999999997	-0.250000000000018	4.75000000000003	4.75	-0.250000000000017	-0.0543247927584627	-0.249999999999948	9.75000000000005	4.75000000000003	-0.249999999999948	4.7500000000001
1	1	1	1	1	1	1	1	1	1	1	1	1	1	1	1	14.75	9.74999999999998	4.75	9.75000000000005	9.74999999999998	4.74999999999997	-0.250000000000018	4.75000000000003	4.75	-0.250000000000017	-0.0702888348876018	-0.249999999999948	9.75000000000005	4.75000000000003	-0.249999999999948	4.7500000000001
1	1	1	1	1	1	1	1	1	1	1	1	1	1	1	1	14.75	9.74999999999998	4.75	9.75000000000005	9.74999999999998	4.74999999999997	-0.250000000000018	4.75000000000003	4.75	-0.250000000000017	-0.0788226941452491	-0.249999999999948	9.75000000000005	4.75000000000003	-0.249999999999948	4.7500000000001
1	1	1	1	1	1	1	1	1	1	1	1	1	1	1	1	14.75	9.74999999999998	4.75	9.75000000000005	9.74999999999998	4.74999999999997	-0.250000000000018	4.75000000000003	4.75	-0.250000000000017	-8.01188292673673	-0.249999999999948	9.75000000000005	4.75000000000003	-0.249999999999948	4.7500000000001
1	1	1	1	1	1	1	1	1	1	1	1	1	1	1	1	14.7500000017344	9.74999999587003	4.74999999624592	9.75000000196246	9.7499999996097	4.75000000297168	-0.250000000123063	4.75000000011351	4.74999999624592	-0.250000000385975	-5.1470474524087	-0.249999999959009	9.75000000196246	4.75000000011351	-0.249999999999948	4.7500000000001
1	1	1	1	1	1	1	1	1	1	1	1	1	1	1	1	14.75	9.74999999999997	4.74999999999999	9.75000000000007	9.74999999999997	4.74999999999997	-0.250000000000018	4.75000000000004	4.74999999999999	-0.250000000000018	-0.129238378451222	-0.249999999999948	9.75000000000007	4.75000000000004	-0.249999999999948	4.7500000000001
1	1	1	1	1	1	1	1	1	1	1	1	1	1	1	1	14.75	9.74999999999997	4.74999999999999	9.75000000000007	9.74999999999997	4.74999999999997	-0.250000000000018	4.75000000000004	4.74999999999999	-0.250000000000018	-0.0952194067443839	-0.249999999999948	9.75000000000007	4.75000000000004	-0.249999999999948	4.7500000000001
1	1	1	1	1	1	1	1	1	1	1	1	1	1	1	1	14.75	9.74999999999997	4.74999999999999	9.75000000000007	9.74999999999997	4.74999999999997	-0.250000000000018	4.75000000000004	4.74999999999999	-0.250000000000018	-0.0391074103524313	-0.249999999999948	9.75000000000007	4.75000000000004	-0.249999999999948	4.7500000000001
1	1	1	1	1	1	1	1	1	1	1	1	1	1	1	1	14.75	9.74999999999997	4.74999999999999	9.75000000000007	9.74999999999997	4.74999999999997	-0.250000000000018	4.75000000000004	4.74999999999999	-0.250000000000018	-0.0699116081190587	-0.249999999999948	9.75000000000007	4.75000000000004	-0.249999999999948	4.7500000000001
1	1	1	1	1	1	1	1	1	1	1	1	1	1	1	1	14.75	9.74999999999997	4.74999999999999	9.75000000000007	9.74999999999997	4.74999999999997	-0.250000000000018	4.75000000000004	4.74999999999999	-0.250000000000018	-0.0742519385019444	-0.249999999999948	9.75000000000007	4.75000000000004	-0.249999999999948	4.7500000000001
1	1	1	1	1	1	1	1	1	1	1	1	1	1	1	1	14.75	9.74999999999997	4.74999999999999	9.75000000000007	9.74999999999997	4.74999999999997	-0.250000000000018	4.75000000000004	4.74999999999999	-0.250000000000018	-0.109836215787057	-0.249999999999948	9.75000000000007	4.75000000000004	-0.249999999999948	4.7500000000001
1	1	1	1	1	1	1	1	1	1	1	1	1	1	1	1	14.75	9.74999999999997	4.74999999999999	9.75000000000007	9.74999999999997	4.74999999999997	-0.250000000000018	4.75000000000004	4.74999999999999	-0.250000000000018	-0.0422776859361537	-0.249999999999948	9.75000000000007	4.75000000000004	-0.249999999999948	4.7500000000001
1	1	1	1	1	1	1	1	1	1	1	1	1	1	1	1	14.75	9.74999999999997	4.74999999999999	9.75000000000007	9.74999999999997	4.74999999999997	-0.250000000000018	4.75000000000004	4.74999999999999	-0.250000000000018	-0.0319811549688772	-0.249999999999948	9.75000000000007	4.75000000000004	-0.249999999999948	4.7500000000001
1	1	1	1	1	1	1	1	1	1	1	1	1	1	1	1	14.75	9.74999999999998	4.75	9.75000000000005	9.74999999999998	4.74999999999997	-0.250000000000018	4.75000000000003	4.75	-0.250000000000017	-8.50476431034294	-0.249999999999948	9.75000000000005	4.75000000000003	-0.249999999999948	4.7500000000001
1	1	1	1	1	1	1	1	1	1	1	1	1	1	1	1	14.75	9.74999999999999	4.75	9.75000000000005	9.74999999999998	4.74999999999997	-0.250000000000018	4.75000000000003	4.75	-0.250000000000017	-5.26727569439746	-0.249999999999948	9.75000000000005	4.75000000000003	-0.249999999999948	4.7500000000001
1	1	1	1	1	1	1	1	1	1	1	1	1	1	1	1	14.75	9.74999999999998	4.75	9.75000000000005	9.74999999999998	4.74999999999997	-0.250000000000018	4.75000000000003	4.75	-0.250000000000017	-6.2879161648375	-0.249999999999948	9.75000000000005	4.75000000000003	-0.249999999999948	4.7500000000001
1	1	1	1	1	1	1	1	1	1	1	1	1	1	1	1	14.75	9.74999999999998	4.75	9.75000000000005	9.74999999999998	4.74999999999997	-0.250000000000018	4.75000000000004	4.75	-0.250000000000017	-1.62890517529952	-0.249999999999948	9.75000000000005	4.75000000000004	-0.249999999999948	4.7500000000001
1	1	1	1	1	1	1	1	1	1	1	1	1	1	1	1	14.75	9.74999999999998	4.75	9.75000000000005	9.74999999999998	4.74999999999997	-0.250000000000018	4.75000000000004	4.75	-0.250000000000017	-0.0533043600927641	-0.249999999999948	9.75000000000005	4.75000000000004	-0.249999999999948	4.7500000000001
1	1	1	1	1	1	1	1	1	1	1	1	1	1	1	1	14.75	9.74999999999998	4.75	9.75000000000005	9.74999999999998	4.74999999999997	-0.250000000000018	4.75000000000004	4.75	-0.250000000000017	-0.0914969984592147	-0.249999999999948	9.75000000000005	4.75000000000004	-0.249999999999948	4.7500000000001
1	1	1	1	1	1	1	1	1	1	1	1	1	1	1	1	14.75	9.74999999999998	4.75	9.75000000000005	9.74999999999998	4.74999999999997	-0.250000000000018	4.75000000000004	4.75	-0.250000000000017	-0.0995904948813115	-0.249999999999948	9.75000000000005	4.75000000000004	-0.249999999999948	4.7500000000001
1	1	1	1	1	1	1	1	1	1	1	1	1	1	1	1	14.75	9.74999999999998	4.75	9.75000000000005	9.74999999999998	4.74999999999997	-0.250000000000018	4.75000000000004	4.75	-0.250000000000017	-0.0884555260160216	-0.249999999999948	9.75000000000005	4.75000000000004	-0.249999999999948	4.7500000000001
1	1	1	1	1	1	1	1	1	1	1	1	1	1	1	1	14.75	9.74999999999998	4.75	9.75000000000005	9.74999999999998	4.74999999999997	-0.250000000000018	4.75000000000004	4.75	-0.250000000000017	-0.072675662916429	-0.249999999999948	9.75000000000005	4.75000000000004	-0.249999999999948	4.7500000000001
1	1	1	1	1	1	1	1	1	1	1	1	1	1	1	1	14.75	9.74999999999998	4.75	9.75000000000005	9.74999999999998	4.74999999999997	-0.250000000000018	4.75000000000004	4.75	-0.250000000000017	-0.0359634347081214	-0.249999999999948	9.75000000000005	4.75000000000004	-0.249999999999948	4.7500000000001
1	1	1	1	1	1	1	1	1	1	1	1	1	1	1	1	14.75	9.74999999999998	4.75	9.75000000000005	9.74999999999998	4.74999999999997	-0.250000000000018	4.75000000000004	4.75	-0.250000000000017	-0.0911002404707554	-0.249999999999948	9.75000000000005	4.75000000000004	-0.249999999999948	4.7500000000001
1	1	1	1	1	1	1	1	1	1	1	1	1	1	1	1	14.75	9.74999999999998	4.75	9.75000000000005	9.74999999999998	4.74999999999997	-0.250000000000018	4.75000000000004	4.75	-0.250000000000017	-0.0619942049060847	-0.249999999999948	9.75000000000005	4.75000000000004	-0.249999999999948	4.7500000000001
1	1	1	1	1	1	1	1	1	1	1	1	1	1	1	1	14.75	9.74999999999998	4.75	9.75000000000005	9.74999999999998	4.74999999999997	-0.250000000000018	4.75000000000004	4.75	-0.250000000000017	-0.0649466078945572	-0.249999999999948	9.75000000000005	4.75000000000004	-0.249999999999948	4.7500000000001
1	1	1	1	1	1	1	1	1	1	1	1	1	1	1	1	14.75	9.74999999999998	4.75	9.75000000000005	9.74999999999998	4.74999999999997	-0.250000000000018	4.75000000000004	4.75	-0.250000000000017	-0.0460789286289519	-0.249999999999948	9.75000000000005	4.75000000000004	-0.249999999999948	4.7500000000001
1	1	1	1	1	1	1	1	1	1	1	1	1	1	1	1	14.75	9.74999999999998	4.75	9.75000000000005	9.74999999999998	4.74999999999997	-0.250000000000018	4.75000000000004	4.75	-0.250000000000017	-0.0783869717685796	-0.249999999999948	9.75000000000005	4.75000000000004	-0.249999999999948	4.7500000000001
1	1	1	1	1	1	1	1	1	1	1	1	1	1	1	1	14.75	9.74999999999998	4.75	9.75000000000005	9.74999999999998	4.74999999999997	-0.250000000000018	4.75000000000004	4.75	-0.250000000000017	-0.0277614059631591	-0.249999999999948	9.75000000000005	4.75000000000004	-0.249999999999948	4.7500000000001
1	1	1	1	1	1	1	1	1	1	1	1	1	1	1	1	14.75	9.74999999999998	4.75	9.75000000000005	9.74999999999998	4.74999999999997	-0.250000000000018	4.75000000000004	4.75	-0.250000000000017	-0.0990749311741806	-0.249999999999948	9.75000000000005	4.75000000000004	-0.249999999999948	4.7500000000001
1	1	1	1	1	1	1	1	1	1	1	1	1	1	1	1	14.75	9.74999999999998	4.75	9.75000000000005	9.74999999999998	4.74999999999997	-0.250000000000018	4.75000000000004	4.75	-0.250000000000017	-0.0963794606026703	-0.249999999999948	9.75000000000005	4.75000000000004	-0.249999999999948	4.7500000000001
1	1	1	1	1	1	1	1	1	1	1	1	1	1	1	1	14.75	9.74999999999998	4.75	9.75000000000005	9.74999999999998	4.74999999999997	-0.250000000000018	4.75000000000004	4.75	-0.250000000000017	-0.0533642709744475	-0.249999999999948	9.75000000000005	4.75000000000004	-0.249999999999948	4.7500000000001
1	1	1	1	1	1	1	1	1	1	1	1	1	1	1	1	14.75	9.74999999999998	4.75	9.75000000000005	9.74999999999998	4.74999999999997	-0.250000000000018	4.75000000000004	4.75	-0.250000000000017	-0.0793191695315157	-0.249999999999948	9.75000000000005	4.75000000000004	-0.249999999999948	4.7500000000001
1	1	1	1	1	1	1	1	1	1	1	1	1	1	1	1	14.75	9.74999999999998	4.75	9.75000000000005	9.74999999999998	4.74999999999997	-0.250000000000018	4.75000000000004	4.75	-0.250000000000017	-0.0443261769341877	-0.249999999999948	9.75000000000005	4.75000000000004	-0.249999999999948	4.7500000000001
1	1	1	1	1	1	1	1	1	1	1	1	1	1	1	1	14.75	9.74999999999998	4.75	9.75000000000005	9.74999999999998	4.74999999999997	-0.250000000000018	4.75000000000004	4.75	-0.250000000000017	-0.0619863026867964	-0.249999999999948	9.75000000000005	4.75000000000004	-0.249999999999948	4.7500000000001
1	1	1	1	1	1	1	1	1	1	1	1	1	1	1	1	14.75	9.74999999999998	4.75	9.75000000000005	9.74999999999998	4.74999999999997	-0.250000000000018	4.75000000000004	4.75	-0.250000000000017	-0.0612204529591245	-0.249999999999948	9.75000000000005	4.75000000000004	-0.249999999999948	4.7500000000001
1	1	1	1	1	1	1	1	1	1	1	1	1	1	1	1	14.75	9.74999999999998	4.75	9.75000000000005	9.74999999999998	4.74999999999997	-0.250000000000018	4.75000000000004	4.75	-0.250000000000017	-0.084664223453167	-0.249999999999948	9.75000000000005	4.75000000000004	-0.249999999999948	4.7500000000001
1	1	1	1	1	1	1	1	1	1	1	1	1	1	1	1	14.75	9.74999999999998	4.75	9.75000000000005	9.74999999999998	4.74999999999997	-0.250000000000018	4.75000000000004	4.75	-0.250000000000017	-0.079714321324137	-0.249999999999948	9.75000000000005	4.75000000000004	-0.249999999999948	4.7500000000001
1	1	1	1	1	1	1	1	1	1	1	1	1	1	1	1	14.75	9.74999999999998	4.75	9.75000000000005	9.74999999999998	4.74999999999997	-0.250000000000018	4.75000000000004	4.75	-0.250000000000017	-0.0761835449922953	-0.249999999999948	9.75000000000005	4.75000000000004	-0.249999999999948	4.7500000000001
1	1	1	1	1	1	1	1	1	1	1	1	1	1	1	1	14.75	9.74999999999998	4.75	9.75000000000005	9.74999999999998	4.74999999999997	-0.250000000000018	4.75000000000004	4.75	-0.250000000000017	-0.0710117844666157	-0.249999999999948	9.75000000000005	4.75000000000004	-0.249999999999948	4.7500000000001
1	1	1	1	1	1	1	1	1	1	1	1	1	1	1	1	14.75	9.74999999999998	4.75	9.75000000000005	9.74999999999998	4.74999999999997	-0.250000000000018	4.75000000000004	4.75	-0.250000000000017	-0.048858210925322	-0.249999999999948	9.75000000000005	4.75000000000004	-0.249999999999948	4.7500000000001
1	1	1	1	1	1	1	1	1	1	1	1	1	1	1	1	14.75	9.74999999999998	4.75	9.75000000000005	9.74999999999998	4.74999999999997	-0.250000000000018	4.75000000000004	4.75	-0.250000000000017	-0.0910693492092526	-0.249999999999948	9.75000000000005	4.75000000000004	-0.249999999999948	4.7500000000001
1	1	1	1	1	1	1	1	1	1	1	1	1	1	1	1	14.75	9.74999999999998	4.75	9.75000000000005	9.74999999999998	4.74999999999997	-0.250000000000018	4.75000000000004	4.75	-0.250000000000017	-0.0558558549055086	-0.249999999999948	9.75000000000005	4.75000000000004	-0.249999999999948	4.7500000000001
1	1	1	1	1	1	1	1	1	1	1	1	1	1	1	1	14.75	9.74999999999998	4.75	9.75000000000005	9.74999999999998	4.74999999999997	-0.250000000000018	4.75000000000004	4.75	-0.250000000000017	-0.0741657396061255	-0.249999999999948	9.75000000000005	4.75000000000004	-0.249999999999948	4.7500000000001
1	1	1	1	1	1	1	1	1	1	1	1	1	1	1	1	14.75	9.74999999999998	4.75	9.75000000000005	9.74999999999998	4.74999999999997	-0.250000000000018	4.75000000000004	4.75	-0.250000000000017	-0.0488571127231765	-0.249999999999948	9.75000000000005	4.75000000000004	-0.249999999999948	4.7500000000001
1	1	1	1	1	1	1	1	1	1	1	1	1	1	1	1	14.75	9.74999999999998	4.75	9.75000000000005	9.74999999999998	4.74999999999997	-0.250000000000018	4.75000000000004	4.75	-0.250000000000017	-0.066281277664309	-0.249999999999948	9.75000000000005	4.75000000000004	-0.249999999999948	4.7500000000001
1	1	1	1	1	1	1	1	1	1	1	1	1	1	1	1	14.75	9.74999999999998	4.75	9.75000000000005	9.74999999999998	4.74999999999997	-0.250000000000018	4.75000000000004	4.75	-0.250000000000017	-0.0990722442216668	-0.249999999999948	9.75000000000005	4.75000000000004	-0.249999999999948	4.7500000000001
1	1	1	1	1	1	1	1	1	1	1	1	1	1	1	1	14.75	9.74999999999998	4.75	9.75000000000005	9.74999999999998	4.74999999999997	-0.250000000000018	4.75000000000004	4.75	-0.250000000000017	-0.0686943290699338	-0.249999999999948	9.75000000000005	4.75000000000004	-0.249999999999948	4.7500000000001
1	1	1	1	1	1	1	1	1	1	1	1	1	1	1	1	14.75	9.74999999999998	4.75	9.75000000000005	9.74999999999998	4.74999999999997	-0.250000000000018	4.75000000000004	4.75	-0.250000000000017	-0.0460071955477699	-0.249999999999948	9.75000000000005	4.75000000000004	-0.249999999999948	4.7500000000001
1	1	1	1	1	1	1	1	1	1	1	1	1	1	1	1	14.75	9.74999999999998	4.75	9.75000000000005	9.74999999999998	4.74999999999997	-0.250000000000018	4.75000000000004	4.75	-0.250000000000017	-0.0611332608474773	-0.249999999999948	9.75000000000005	4.75000000000004	-0.249999999999948	4.7500000000001
1	1	1	1	1	1	1	1	1	1	1	1	1	1	1	1	14.75	9.74999999999998	4.75	9.75000000000005	9.74999999999998	4.74999999999997	-0.250000000000018	4.75000000000004	4.75	-0.250000000000017	-0.040799796691949	-0.249999999999948	9.75000000000005	4.75000000000004	-0.249999999999948	4.7500000000001
1	1	1	1	1	1	1	1	1	1	1	1	1	1	1	1	14.75	9.74999999999998	4.75	9.75000000000005	9.74999999999998	4.74999999999997	-0.250000000000018	4.75000000000004	4.75	-0.250000000000017	-0.10065624365826	-0.249999999999948	9.75000000000005	4.75000000000004	-0.249999999999948	4.7500000000001
1	1	1	1	1	1	1	1	1	1	1	1	1	1	1	1	14.75	9.74999999999998	4.75	9.75000000000005	9.74999999999998	4.74999999999997	-0.250000000000018	4.75000000000004	4.75	-0.250000000000017	-0.072097045876259	-0.249999999999948	9.75000000000005	4.75000000000004	-0.249999999999948	4.7500000000001
1	1	1	1	1	1	1	1	1	1	1	1	1	1	1	1	14.75	9.74999999999998	4.75	9.75000000000005	9.74999999999998	4.74999999999997	-0.250000000000018	4.75000000000004	4.75	-0.250000000000017	-0.023301432161082	-0.249999999999948	9.75000000000005	4.75000000000004	-0.249999999999948	4.7500000000001
1	1	1	1	1	1	1	1	1	1	1	1	1	1	1	1	14.75	9.74999999999998	4.75	9.75000000000005	9.74999999999998	4.74999999999997	-0.250000000000018	4.75000000000004	4.75	-0.250000000000017	-0.043506547095893	-0.249999999999948	9.75000000000005	4.75000000000004	-0.249999999999948	4.7500000000001
1	1	1	1	1	1	1	1	1	1	1	1	1	1	1	1	14.75	9.74999999999998	4.75	9.75000000000005	9.74999999999998	4.74999999999997	-0.250000000000018	4.75000000000004	4.75	-0.250000000000017	-0.0911297008144222	-0.249999999999948	9.75000000000005	4.75000000000004	-0.249999999999948	4.7500000000001
1	1	1	1	1	1	1	1	1	1	1	1	1	1	1	1	14.75	9.74999999999998	4.75	9.75000000000005	9.74999999999998	4.74999999999997	-0.250000000000018	4.75000000000004	4.75	-0.250000000000017	-0.0422410954597571	-0.249999999999948	9.75000000000005	4.75000000000004	-0.249999999999948	4.7500000000001
1	1	1	1	1	1	1	1	1	1	1	1	1	1	1	1	14.75	9.74999999999998	4.75	9.75000000000005	9.74999999999998	4.74999999999997	-0.250000000000018	4.75000000000004	4.75	-0.250000000000017	-0.0543877060196936	-0.249999999999948	9.75000000000005	4.75000000000004	-0.249999999999948	4.7500000000001
1	1	1	1	1	1	1	1	1	1	1	1	1	1	1	1	14.75	9.74999999999998	4.75	9.75000000000005	9.74999999999998	4.74999999999997	-0.250000000000018	4.75000000000004	4.75	-0.250000000000017	-0.0347395371717529	-0.249999999999948	9.75000000000005	4.75000000000004	-0.249999999999948	4.7500000000001
1	1	1	1	1	1	1	1	1	1	1	1	1	1	1	1	14.75	9.74999999999998	4.75	9.75000000000005	9.74999999999998	4.74999999999997	-0.250000000000018	4.75000000000004	4.75	-0.250000000000017	-0.0719126898287156	-0.249999999999948	9.75000000000005	4.75000000000004	-0.249999999999948	4.7500000000001
1	1	1	1	1	1	1	1	1	1	1	1	1	1	1	1	14.75	9.74999999999998	4.75	9.75000000000005	9.74999999999998	4.74999999999997	-0.250000000000018	4.75000000000004	4.75	-0.250000000000017	-0.0826358476753925	-0.249999999999948	9.75000000000005	4.75000000000004	-0.249999999999948	4.7500000000001
1	1	1	1	1	1	1	1	1	1	1	1	1	1	1	1	14.75	9.74999999999998	4.75	9.75000000000005	9.74999999999998	4.74999999999997	-0.250000000000018	4.75000000000004	4.75	-0.250000000000017	-0.0870299340756621	-0.249999999999948	9.75000000000005	4.75000000000004	-0.249999999999948	4.7500000000001
1	1	1	1	1	1	1	1	1	1	1	1	1	1	1	1	14.75	9.74999999999998	4.75	9.75000000000005	9.74999999999998	4.74999999999997	-0.250000000000018	4.75000000000004	4.75	-0.250000000000017	-0.0507614157868197	-0.249999999999948	9.75000000000005	4.75000000000004	-0.249999999999948	4.7500000000001
1	1	1	1	1	1	1	1	1	1	1	1	1	1	1	1	14.75	9.74999999999998	4.75	9.75000000000005	9.74999999999998	4.74999999999997	-0.250000000000018	4.75000000000004	4.75	-0.250000000000017	-0.0472271069192579	-0.249999999999948	9.75000000000005	4.75000000000004	-0.249999999999948	4.7500000000001
1	1	1	1	1	1	1	1	1	1	1	1	1	1	1	1	14.75	9.74999999999998	4.75	9.75000000000005	9.74999999999998	4.74999999999997	-0.250000000000018	4.75000000000004	4.75	-0.250000000000017	-0.0510838906336478	-0.249999999999948	9.75000000000005	4.75000000000004	-0.249999999999948	4.7500000000001
1	1	1	1	1	1	1	1	1	1	1	1	1	1	1	1	14.75	9.74999999999998	4.75	9.75000000000005	9.74999999999998	4.74999999999997	-0.250000000000018	4.75000000000004	4.75	-0.250000000000017	-0.0715682771583292	-0.249999999999948	9.75000000000005	4.75000000000004	-0.249999999999948	4.7500000000001
1	1	1	1	1	1	1	1	1	1	1	1	1	1	1	1	14.75	9.74999999999998	4.75	9.75000000000005	9.74999999999998	4.74999999999997	-0.250000000000018	4.75000000000004	4.75	-0.250000000000017	-0.0987077732462516	-0.249999999999948	9.75000000000005	4.75000000000004	-0.249999999999948	4.7500000000001
1	1	1	1	1	1	1	1	1	1	1	1	1	1	1	1	14.75	9.74999999999998	4.75	9.75000000000005	9.74999999999998	4.74999999999997	-0.250000000000018	4.75000000000004	4.75	-0.250000000000017	-0.0618721530976695	-0.249999999999948	9.75000000000005	4.75000000000004	-0.249999999999948	4.7500000000001
1	1	1	1	1	1	1	1	1	1	1	1	1	1	1	1	14.75	9.74999999999998	4.75	9.75000000000005	9.74999999999998	4.74999999999997	-0.250000000000018	4.75000000000004	4.75	-0.250000000000017	-0.0509791438273151	-0.249999999999948	9.75000000000005	4.75000000000004	-0.249999999999948	4.7500000000001
1	1	1	1	1	1	1	1	1	1	1	1	1	1	1	1	14.75	9.74999999999998	4.75	9.75000000000005	9.74999999999998	4.74999999999997	-0.250000000000018	4.75000000000004	4.75	-0.250000000000017	-0.068013735301604	-0.249999999999948	9.75000000000005	4.75000000000004	-0.249999999999948	4.7500000000001
1	1	1	1	1	1	1	1	1	1	1	1	1	1	1	1	14.75	9.74999999999998	4.75	9.75000000000005	9.74999999999998	4.74999999999997	-0.250000000000018	4.75000000000004	4.75	-0.250000000000017	-0.0473893488365826	-0.249999999999948	9.75000000000005	4.75000000000004	-0.249999999999948	4.7500000000001
1	1	1	1	1	1	1	1	1	1	1	1	1	1	1	1	14.75	9.74999999999998	4.75	9.75000000000005	9.74999999999998	4.74999999999997	-0.250000000000018	4.75000000000004	4.75	-0.250000000000017	-0.0862226593035401	-0.249999999999948	9.75000000000005	4.75000000000004	-0.249999999999948	4.7500000000001
1	1	1	1	1	1	1	1	1	1	1	1	1	1	1	1	14.75	9.74999999999998	4.75	9.75000000000005	9.74999999999998	4.74999999999997	-0.250000000000018	4.75000000000004	4.75	-0.250000000000017	-0.082985257553806	-0.249999999999948	9.75000000000005	4.75000000000004	-0.249999999999948	4.7500000000001
1	1	1	1	1	1	1	1	1	1	1	1	1	1	1	1	14.75	9.74999999999998	4.75	9.75000000000005	9.74999999999998	4.74999999999997	-0.250000000000018	4.75000000000004	4.75	-0.250000000000017	-0.0737612808541391	-0.249999999999948	9.75000000000005	4.75000000000004	-0.249999999999948	4.7500000000001
1	1	1	1	1	1	1	1	1	1	1	1	1	1	1	1	14.75	9.74999999999998	4.75	9.75000000000005	9.74999999999998	4.74999999999997	-0.250000000000018	4.75000000000004	4.75	-0.250000000000017	-0.0484832163863664	-0.249999999999948	9.75000000000005	4.75000000000004	-0.249999999999948	4.7500000000001
1	1	1	1	1	1	1	1	1	1	1	1	1	1	1	1	14.75	9.74999999999998	4.75	9.75000000000005	9.74999999999998	4.74999999999997	-0.250000000000018	4.75000000000004	4.75	-0.250000000000017	-0.0183601797784905	-0.249999999999948	9.75000000000005	4.75000000000004	-0.249999999999948	4.7500000000001
1	1	1	1	1	1	1	1	1	1	1	1	1	1	1	1	14.75	9.74999999999998	4.75	9.75000000000005	9.74999999999998	4.74999999999997	-0.250000000000018	4.75000000000004	4.75	-0.250000000000017	-0.0830172508487454	-0.249999999999948	9.75000000000005	4.75000000000004	-0.249999999999948	4.7500000000001
1	1	1	1	1	1	1	1	1	1	1	1	1	1	1	1	14.75	9.74999999999998	4.75	9.75000000000005	9.74999999999998	4.74999999999997	-0.250000000000018	4.75000000000004	4.75	-0.250000000000017	-0.0670262121544315	-0.249999999999948	9.75000000000005	4.75000000000004	-0.249999999999948	4.7500000000001
1	1	1	1	1	1	1	1	1	1	1	1	1	1	1	1	14.75	9.74999999999998	4.75	9.75000000000005	9.74999999999998	4.74999999999997	-0.250000000000018	4.75000000000004	4.75	-0.250000000000017	-0.0522809648261706	-0.249999999999948	9.75000000000005	4.75000000000004	-0.249999999999948	4.7500000000001
1	1	1	1	1	1	1	1	1	1	1	1	1	1	1	1	14.75	9.74999999999998	4.75	9.75000000000005	9.74999999999998	4.74999999999997	-0.250000000000018	4.75000000000004	4.75	-0.250000000000017	-0.0316305092182424	-0.249999999999948	9.75000000000005	4.75000000000004	-0.249999999999948	4.7500000000001
1	1	1	1	1	1	1	1	1	1	1	1	1	1	1	1	14.75	9.74999999999998	4.75	9.75000000000005	9.74999999999998	4.74999999999997	-0.250000000000018	4.75000000000004	4.75	-0.250000000000017	-0.117245715017842	-0.249999999999948	9.75000000000005	4.75000000000004	-0.249999999999948	4.7500000000001
1	1	1	1	1	1	1	1	1	1	1	1	1	1	1	1	14.75	9.74999999999998	4.75	9.75000000000005	9.74999999999998	4.74999999999997	-0.250000000000018	4.75000000000004	4.75	-0.250000000000017	-0.0867118137354046	-0.249999999999948	9.75000000000005	4.75000000000004	-0.249999999999948	4.7500000000001
1	1	1	1	1	1	1	1	1	1	1	1	1	1	1	1	14.75	9.74999999999998	4.75	9.75000000000005	9.74999999999998	4.74999999999997	-0.250000000000018	4.75000000000004	4.75	-0.250000000000017	-0.0643791489548735	-0.249999999999948	9.75000000000005	4.75000000000004	-0.249999999999948	4.7500000000001
1	1	1	1	1	1	1	1	1	1	1	1	1	1	1	1	14.75	9.74999999999998	4.75	9.75000000000005	9.74999999999998	4.74999999999997	-0.250000000000018	4.75000000000004	4.75	-0.250000000000017	-0.0747400813509272	-0.249999999999948	9.75000000000005	4.75000000000004	-0.249999999999948	4.7500000000001
1	1	1	1	1	1	1	1	1	1	1	1	1	1	1	1	14.75	9.74999999999998	4.75	9.75000000000005	9.74999999999998	4.74999999999997	-0.250000000000018	4.75000000000004	4.75	-0.250000000000017	-0.0582077606210196	-0.249999999999948	9.75000000000005	4.75000000000004	-0.249999999999948	4.7500000000001
1	1	1	1	1	1	1	1	1	1	1	1	1	1	1	1	14.75	9.74999999999998	4.75	9.75000000000005	9.74999999999998	4.74999999999997	-0.250000000000018	4.75000000000004	4.75	-0.250000000000017	-0.0758001142947244	-0.249999999999948	9.75000000000005	4.75000000000004	-0.249999999999948	4.7500000000001
1	1	1	1	1	1	1	1	1	1	1	1	1	1	1	1	14.75	9.74999999999998	4.75	9.75000000000005	9.74999999999998	4.74999999999997	-0.250000000000018	4.75000000000004	4.75	-0.250000000000017	-0.0926995831163856	-0.249999999999948	9.75000000000005	4.75000000000004	-0.249999999999948	4.7500000000001
1	1	1	1	1	1	1	1	1	1	1	1	1	1	1	1	14.75	9.74999999999998	4.75	9.75000000000005	9.74999999999998	4.74999999999997	-0.250000000000018	4.75000000000004	4.75	-0.250000000000017	-0.0777040190206204	-0.249999999999948	9.75000000000005	4.75000000000004	-0.249999999999948	4.7500000000001
1	1	1	1	1	1	1	1	1	1	1	1	1	1	1	1	14.75	9.74999999999998	4.75	9.75000000000005	9.74999999999998	4.74999999999997	-0.250000000000018	4.75000000000004	4.75	-0.250000000000017	-0.0604867730433999	-0.249999999999948	9.75000000000005	4.75000000000004	-0.249999999999948	4.7500000000001
1	1	1	1	1	1	1	1	1	1	1	1	1	1	1	1	14.75	9.74999999999998	4.75	9.75000000000005	9.74999999999998	4.74999999999997	-0.250000000000018	4.75000000000004	4.75	-0.250000000000017	-0.0444620755479142	-0.249999999999948	9.75000000000005	4.75000000000004	-0.249999999999948	4.7500000000001
1	1	1	1	1	1	1	1	1	1	1	1	1	1	1	1	14.75	9.74999999999998	4.75	9.75000000000005	9.74999999999998	4.74999999999997	-0.250000000000018	4.75000000000004	4.75	-0.250000000000017	-0.0726943469920124	-0.249999999999948	9.75000000000005	4.75000000000004	-0.249999999999948	4.7500000000001
1	1	1	1	1	1	1	1	1	1	1	1	1	1	1	1	14.75	9.74999999999998	4.75	9.75000000000005	9.74999999999998	4.74999999999997	-0.250000000000018	4.75000000000004	4.75	-0.250000000000017	-0.0666816178791276	-0.249999999999948	9.75000000000005	4.75000000000004	-0.249999999999948	4.7500000000001
1	1	1	1	1	1	1	1	1	1	1	1	1	1	1	1	14.75	9.74999999999998	4.75	9.75000000000005	9.74999999999998	4.74999999999997	-0.250000000000018	4.75000000000004	4.75	-0.250000000000017	-0.0683200495669325	-0.249999999999948	9.75000000000005	4.75000000000004	-0.249999999999948	4.7500000000001
1	1	1	1	1	1	1	1	1	1	1	1	1	1	1	1	14.75	9.74999999999998	4.75	9.75000000000005	9.74999999999998	4.74999999999997	-0.250000000000018	4.75000000000004	4.75	-0.250000000000017	-0.0954847827589769	-0.249999999999948	9.75000000000005	4.75000000000004	-0.249999999999948	4.7500000000001
1	1	1	1	1	1	1	1	1	1	1	1	1	1	1	1	14.75	9.74999999999998	4.75	9.75000000000005	9.74999999999998	4.74999999999997	-0.250000000000018	4.75000000000004	4.75	-0.250000000000017	-0.0494246264937438	-0.249999999999948	9.75000000000005	4.75000000000004	-0.249999999999948	4.7500000000001
1	1	1	1	1	1	1	1	1	1	1	1	1	1	1	1	14.75	9.74999999999998	4.75	9.75000000000005	9.74999999999998	4.74999999999997	-0.250000000000018	4.75000000000004	4.75	-0.250000000000017	-0.104322664996946	-0.249999999999948	9.75000000000005	4.75000000000004	-0.249999999999948	4.7500000000001
1	1	1	1	1	1	1	1	1	1	1	1	1	1	1	1	14.75	9.74999999999998	4.75	9.75000000000005	9.74999999999998	4.74999999999997	-0.250000000000018	4.75000000000004	4.75	-0.250000000000017	-0.0982583423340816	-0.249999999999948	9.75000000000005	4.75000000000004	-0.249999999999948	4.7500000000001
1	1	1	1	1	1	1	1	1	1	1	1	1	1	1	1	14.75	9.74999999999998	4.75	9.75000000000005	9.74999999999998	4.74999999999997	-0.250000000000018	4.75000000000004	4.75	-0.250000000000017	-0.0793052758180409	-0.249999999999948	9.75000000000005	4.75000000000004	-0.249999999999948	4.7500000000001
1	1	1	1	1	1	1	1	1	1	1	1	1	1	1	1	14.75	9.74999999999998	4.75	9.75000000000005	9.74999999999998	4.74999999999997	-0.250000000000018	4.75000000000004	4.75	-0.250000000000017	-0.0944171662498018	-0.249999999999948	9.75000000000005	4.75000000000004	-0.249999999999948	4.7500000000001
1	1	1	1	1	1	1	1	1	1	1	1	1	1	1	1	14.75	9.74999999999998	4.75	9.75000000000005	9.74999999999998	4.74999999999997	-0.250000000000018	4.75000000000004	4.75	-0.250000000000017	-0.102576369537761	-0.249999999999948	9.75000000000005	4.75000000000004	-0.249999999999948	4.7500000000001
1	1	1	1	1	1	1	1	1	1	1	1	1	1	1	1	14.75	9.74999999999998	4.75	9.75000000000005	9.74999999999998	4.74999999999997	-0.250000000000018	4.75000000000004	4.75	-0.250000000000017	-0.0761533503061077	-0.249999999999948	9.75000000000005	4.75000000000004	-0.249999999999948	4.7500000000001
1	1	1	1	1	1	1	1	1	1	1	1	1	1	1	1	14.75	9.74999999999998	4.75	9.75000000000005	9.74999999999998	4.74999999999997	-0.250000000000018	4.75000000000004	4.75	-0.250000000000017	-0.120576817248315	-0.249999999999948	9.75000000000005	4.75000000000004	-0.249999999999948	4.7500000000001
1	1	1	1	1	1	1	1	1	1	1	1	1	1	1	1	14.75	9.74999999999998	4.75	9.75000000000005	9.74999999999998	4.74999999999997	-0.250000000000018	4.75000000000004	4.75	-0.250000000000017	-0.06203110828029	-0.249999999999948	9.75000000000005	4.75000000000004	-0.249999999999948	4.7500000000001
1	1	1	1	1	1	1	1	1	1	1	1	1	1	1	1	14.75	9.74999999999998	4.75	9.75000000000005	9.74999999999998	4.74999999999997	-0.250000000000018	4.75000000000004	4.75	-0.250000000000017	-0.0538034357571698	-0.249999999999948	9.75000000000005	4.75000000000004	-0.249999999999948	4.7500000000001
1	1	1	1	1	1	1	1	1	1	1	1	1	1	1	1	14.75	9.74999999999998	4.75	9.75000000000005	9.74999999999998	4.74999999999997	-0.250000000000018	4.75000000000004	4.75	-0.250000000000017	-0.0577348853112284	-0.249999999999948	9.75000000000005	4.75000000000004	-0.249999999999948	4.7500000000001
1	1	1	1	1	1	1	1	1	1	1	1	1	1	1	1	14.75	9.74999999999998	4.75	9.75000000000005	9.74999999999998	4.74999999999997	-0.250000000000018	4.75000000000004	4.75	-0.250000000000017	-0.0803978614880946	-0.249999999999948	9.75000000000005	4.75000000000004	-0.249999999999948	4.7500000000001
1	1	1	1	1	1	1	1	1	1	1	1	1	1	1	1	14.75	9.74999999999998	4.75	9.75000000000005	9.74999999999998	4.74999999999997	-0.250000000000018	4.75000000000004	4.75	-0.250000000000017	-0.0946680564193015	-0.249999999999948	9.75000000000005	4.75000000000004	-0.249999999999948	4.7500000000001
1	1	1	1	1	1	1	1	1	1	1	1	1	1	1	1	14.75	9.74999999999998	4.75	9.75000000000005	9.74999999999998	4.74999999999997	-0.250000000000018	4.75000000000004	4.75	-0.250000000000017	-0.0563665824672087	-0.249999999999948	9.75000000000005	4.75000000000004	-0.249999999999948	4.7500000000001
1	1	1	1	1	1	1	1	1	1	1	1	1	1	1	1	14.75	9.74999999999998	4.75	9.75000000000005	9.74999999999998	4.74999999999997	-0.250000000000018	4.75000000000004	4.75	-0.250000000000017	-0.0452653248522054	-0.249999999999948	9.75000000000005	4.75000000000004	-0.249999999999948	4.7500000000001
1	1	1	1	1	1	1	1	1	1	1	1	1	1	1	1	14.75	9.74999999999998	4.75	9.75000000000005	9.74999999999998	4.74999999999997	-0.250000000000018	4.75000000000004	4.75	-0.250000000000017	-0.0425494381620144	-0.249999999999948	9.75000000000005	4.75000000000004	-0.249999999999948	4.7500000000001
1	1	1	1	1	1	1	1	1	1	1	1	1	1	1	1	14.75	9.74999999999998	4.75	9.75000000000005	9.74999999999998	4.74999999999997	-0.250000000000018	4.75000000000004	4.75	-0.250000000000017	-0.038855220564612	-0.249999999999948	9.75000000000005	4.75000000000004	-0.249999999999948	4.7500000000001
1	1	1	1	1	1	1	1	1	1	1	1	1	1	1	1	14.75	9.74999999999998	4.75	9.75000000000005	9.74999999999998	4.74999999999997	-0.250000000000018	4.75000000000004	4.75	-0.250000000000017	-0.0891930325578141	-0.249999999999948	9.75000000000005	4.75000000000004	-0.249999999999948	4.7500000000001
1	1	1	1	1	1	1	1	1	1	1	1	1	1	1	1	14.75	9.74999999999998	4.75	9.75000000000005	9.74999999999998	4.74999999999997	-0.250000000000018	4.75000000000004	4.75	-0.250000000000017	-0.0722366430503869	-0.249999999999948	9.75000000000005	4.75000000000004	-0.249999999999948	4.7500000000001
1	1	1	1	1	1	1	1	1	1	1	1	1	1	1	1	14.75	9.74999999999998	4.75	9.75000000000005	9.74999999999998	4.74999999999997	-0.250000000000018	4.75000000000004	4.75	-0.250000000000017	-0.0299909635644937	-0.249999999999948	9.75000000000005	4.75000000000004	-0.249999999999948	4.7500000000001
1	1	1	1	1	1	1	1	1	1	1	1	1	1	1	1	14.75	9.74999999999998	4.75	9.75000000000005	9.74999999999998	4.74999999999997	-0.250000000000018	4.75000000000004	4.75	-0.250000000000017	-0.0904097256647929	-0.249999999999948	9.75000000000005	4.75000000000004	-0.249999999999948	4.7500000000001
1	1	1	1	1	1	1	1	1	1	1	1	1	1	1	1	14.75	9.74999999999998	4.75	9.75000000000005	9.74999999999998	4.74999999999997	-0.250000000000018	4.75000000000004	4.75	-0.250000000000017	-0.0912046820566796	-0.249999999999948	9.75000000000005	4.75000000000004	-0.249999999999948	4.7500000000001
1	1	1	1	1	1	1	1	1	1	1	1	1	1	1	1	14.75	9.74999999999998	4.75	9.75000000000005	9.74999999999998	4.74999999999997	-0.250000000000018	4.75000000000004	4.75	-0.250000000000017	-0.0769859628215083	-0.249999999999948	9.75000000000005	4.75000000000004