1	1.04905112572221	1.08407791698019	1.04905112572221	1.04904823231159	1.09602420628646	1.11316333313186	1.07957411422702	1.0834096571393	1.11318153532484	1.12806977933964	1.11318153532484	1.04904823231159	1.07957411422702	1.11316333313185	1.09602420628646	0.636993201944546	0.523488198266325	0.483701270707846	0.523488198266326	0.523421537617197	0.507552989215047	0.456194687760552	0.459521646258216	0.481491394955167	0.456240054327281	0.418785697425228	0.456240054327282	0.523421537617198	0.459521646258216	0.456194687760553	0.507552989215048
1	1.06205612555239	1.1041875150108	1.06205612555239	1.06205822322108	1.1131843075553	1.13715487983225	1.09328451829464	1.10315189133306	1.13719909206496	1.15269983166333	1.13719909206496	1.06205822322108	1.09328451829464	1.13715487983225	1.1131843075553	0.691137257853568	0.554343807394464	0.508580068059327	0.554343807394466	0.554236393545417	0.521662207988267	0.476162463292829	0.470594936961223	0.505331170353938	0.476232899218072	0.433974341946929	0.476232899218072	0.554236393545418	0.470594936961223	0.476162463292829	0.521662207988268
1	1.06991984138108	1.11569579509459	1.06991984138108	1.06995893751803	1.12134741241679	1.15025684682559	1.09960962388391	1.11421291975495	1.150350849973	1.16524936528883	1.150350849973	1.06995893751803	1.09960962388391	1.15025684682559	1.12134741241679	0.723977287737624	0.573079979529952	0.523877627257671	0.573079979529954	0.572947522478823	0.530345564500014	0.488877921597937	0.477412914111179	0.519245317224417	0.488981301842349	0.443450738363051	0.48898130184235	0.572947522478824	0.477412914111179	0.488877921597937	0.530345564500016
1	1.07464877732815	1.12244769356285	1.07464877732815	1.07475924366553	1.12549264090787	1.15778261935932	1.10272932997258	1.12040095764177	1.15795437784528	1.17203529702608	1.15795437784528	1.07475924366553	1.10272932997258	1.15778261935931	1.12549264090787	0.743895772744281	0.584381705212142	0.533446693036729	0.584381705212144	0.584232121657928	0.535544390244899	0.496800428832862	0.481511153915342	0.526982276256736	0.496953745648057	0.449175989823321	0.496953745648058	0.58423212165793	0.481511153915342	0.496800428832863	0.535544390244901
1	1.07746485542212	1.12654236472151	1.07746485542212	1.07768324136909	1.12769761915247	1.16222103479196	1.10436023355417	1.12376688169998	1.16250492524659	1.17583869838759	1.16250492524659	1.07768324136909	1.10436023355417	1.16222103479196	1.12769761915247	0.755976944661895	0.591168294022674	0.539739051461459	0.591168294022676	0.591003467587397	0.538596147159453	0.501673513385136	0.483973024876417	0.530848329876903	0.501900676287587	0.452587457830041	0.501900676287587	0.591003467587399	0.483973024876417	0.501673513385137	0.538596147159455
1	1.07911385210465	1.1291707031499	1.07911385210465	1.07948078432709	1.12889656400359	1.16485755495062	1.10526216045287	1.12543920998427	1.16529586532123	1.17801405173744	1.16529586532122	1.07948078432709	1.10526216045287	1.16485755495062	1.12889656400358	0.763304545881594	0.595233780963165	0.544288668568679	0.595233780963167	0.595050874008603	0.54033458353659	0.504637801524853	0.485495900054695	0.532187140958301	0.504969295322743	0.454607938827761	0.504969295322744	0.595050874008605	0.485495900054695	0.504637801524854	0.540334583536592
1	1.08004763559797	1.13102804447513	1.08004763559797	1.0806112437708	1.12953789705772	1.16640565786344	1.10580225291403	1.12603737043954	1.16705103478201	1.17927272152097	1.16705103478201	1.0806112437708	1.10580225291403	1.16640565786344	1.12953789705772	0.767748960717022	0.597668416642406	0.548059647228961	0.597668416642407	0.597460844487825	0.54124657337989	0.506413305003642	0.486526467415595	0.531730149875592	0.506887223078352	0.455801768782974	0.506887223078353	0.597460844487827	0.486526467415595	0.506413305003643	0.541246573379893
1	1.08053665633688	1.13252929803768	1.08053665633688	1.08135645143988	1.12984264954	1.16727807894648	1.1061783782442	1.12589131243533	1.16819664049455	1.18000661980443	1.16819664049455	1.08135645143988	1.1061783782442	1.16727807894648	1.12984264954	0.77044463459783	0.599129491236773	0.551662839408908	0.599129491236774	0.598887883250171	0.54158964088011	0.507445634900045	0.487370525689763	0.529833281659341	0.508109403029634	0.456507167075963	0.508109403029635	0.598887883250173	0.487370525689763	0.507445634900045	0.541589640880112
1	1.0807402409132	1.13392161098916	1.0807402409132	1.08189018037486	1.12991300568575	1.1677178921467	1.10651484920514	1.12516807228363	1.16899185908054	1.18043793910862	1.16899185908054	1.08189018037486	1.10651484920514	1.1677178921467	1.12991300568574	0.772079643468884	0.600010737670239	0.555468482544986	0.600010737670241	0.599724452334452	0.541466770078668	0.508006832683691	0.488266702312407	0.526648308462766	0.508918603412597	0.45692524611107	0.508918603412598	0.599724452334454	0.488266702312407	0.508006832683692	0.541466770078671
1	1.08075115179261	1.13533853463835	1.08075115179261	1.08231976134319	1.12978248981656	1.16786934274151	1.1069051562396	1.12395633892783	1.16959695910091	1.18069498466548	1.16959695910091	1.08231976134319	1.1069051562396	1.16786934274151	1.12978248981656	0.773071326484686	0.600546022521292	0.559641386945515	0.600546022521294	0.600205940340293	0.540877803223792	0.508261613234688	0.489422413812509	0.522277903732157	0.509489693713041	0.457175567451796	0.509489693713042	0.600205940340294	0.489422413812509	0.508261613234689	0.540877803223794
1	1.08062517454583	1.13682199083304	1.08062517454583	1.08270913307332	1.12944608123375	1.16782039456749	1.10742568674512	1.12233491688406	1.1701095268263	1.18085287323883	1.1701095268263	1.08270913307332	1.10742568674512	1.16782039456749	1.12944608123375	0.773672812641338	0.600872055118877	0.564135481909224	0.600872055118878	0.600474888077904	0.539773601937466	0.508310860244184	0.491003208577139	0.516936485151286	0.509928891520874	0.457329747113753	0.509928891520875	0.600474888077905	0.491003208577139	0.508310860244185	0.539773601937469
1	1.0804020923686	1.13833682021462	1.0804020923686	1.08308974204744	1.12888879612273	1.16763079497222	1.10812784835809	1.1204258436785	1.17058280036105	1.18095592759152	1.17058280036105	1.08308974204744	1.10812784835809	1.16763079497222	1.12888879612273	0.774037632438059	0.601066891601798	0.56871044200847	0.601066891601799	0.600619521352151	0.538129930838939	0.508220737622946	0.49307785825721	0.511064474565859	0.510296965626844	0.457431168298419	0.510296965626845	0.600619521352153	0.49307785825721	0.508220737622947	0.538129930838941
1	1.0801191531468	1.13979933171711	1.0801191531468	1.083466381605	1.12811564137522	1.16734994296977	1.10901992175717	1.11840883247416	1.17103590401366	1.18102997198857	1.17103590401366	1.083466381605	1.10901992175717	1.16734994296977	1.12811564137522	0.774258906830668	0.601174997961732	0.573027319926729	0.601174997961733	0.600695469814915	0.536018024027406	0.508041088707567	0.495568422605291	0.505278042954321	0.510623634034668	0.457505798950908	0.510623634034669	0.600695469814917	0.495568422605291	0.508041088707567	0.536018024027408
1	1.07981432941724	1.14111977092706	1.07981432941724	1.08382582703079	1.12716979088792	1.16702370542089	1.11005977753419	1.11648254779694	1.17146459260604	1.18108916779075	1.17146459260604	1.08382582703079	1.11005977753419	1.16702370542089	1.12716979088792	0.77439311653431	0.601223834641738	0.57679545239582	0.60122383464174	0.600737062507139	0.533614449053804	0.507813714712547	0.498275269866942	0.500143504201405	0.510918699369053	0.457567802605537	0.510918699369055	0.600737062507141	0.498275269866942	0.507813714712548	0.533614449053806
1	1.07952056100027	1.14223675837198	1.07952056100027	1.08414997999972	1.12612621442214	1.16669166076082	1.11117125731125	1.11480306812319	1.17185509007453	1.18114026868641	1.17185509007453	1.08414997999972	1.11117125731125	1.16669166076082	1.12612621442214	0.774474518834558	0.601233077187143	0.579869509660791	0.601233077187145	0.600763789472875	0.531137616238023	0.507572701254521	0.500970295953216	0.495974184384848	0.511182061021435	0.457623252638068	0.511182061021436	0.600763789472876	0.500970295953216	0.507572701254522	0.531137616238026
1	1.07925929707243	1.14312867724531	1.07925929707243	1.08442667624244	1.12506765057608	1.16638200985944	1.11227349318851	1.11344791849752	1.17219577945521	1.18118573411725	1.17219577945521	1.08442667624244	1.11227349318851	1.16638200985944	1.12506765057608	0.774523891825512	0.601218011181841	0.58224861961979	0.601218011181842	0.600785255964345	0.528772033717742	0.507342251016323	0.503478465227196	0.492809532873838	0.511411299520927	0.457673589478585	0.511411299520928	0.600785255964347	0.503478465227196	0.507342251016324	0.528772033717744
1	1.07903960326016	1.14380675200149	1.07903960326016	1.08465288318483	1.12406203523392	1.16611023918141	1.1133035615975	1.11242117318276	1.17248209713742	1.18122601695495	1.17248209713742	1.08465288318483	1.1133035615975	1.16611023918141	1.12406203523392	0.774553838058428	0.601190152775923	0.584020136141072	0.601190152775925	0.600805263862683	0.526633176438911	0.507136374775128	0.505703341705034	0.490520114474986	0.511605528853727	0.457718447427475	0.511605528853728	0.600805263862685	0.505703341705033	0.507136374775129	0.526633176438913
1	1.0788616821334	1.1443014331422	1.0788616821334	1.08483233361599	1.12315256628674	1.16588164286198	1.11422428790037	1.11168118023348	1.17271588362286	1.18126098514209	1.17271588362286	1.08483233361599	1.11422428790037	1.16588164286198	1.12315256628674	0.774572001366915	0.601157458457993	0.585303359398407	0.601157458457995	0.600824722702088	0.524771669436537	0.506960881492322	0.507613319106803	0.488918073952622	0.511766220264564	0.45775727917256	0.511766220264565	0.60082472270209	0.507613319106803	0.506960881492323	0.524771669436539
1	1.07872109518065	1.14464998395738	1.07872109518065	1.08497195024392	1.12235900644703	1.1656950528465	1.11502117399367	1.11116864889982	1.17290279376058	1.18129059429346	1.17290279376058	1.08497195024392	1.11502117399367	1.1656950528465	1.12235900644703	0.774583017970451	0.601124870752048	0.586214860442726	0.60112487075205	0.600843391939951	0.523193233881431	0.506816167912402	0.509217364999226	0.487822604584701	0.511896604703778	0.457789948269686	0.511896604703778	0.600843391939953	0.509217364999227	0.506816167912403	0.523193233881433
1	1.07861178791241	1.14488832800517	1.07861178791241	1.08507926568445	1.12168408145409	1.16554600040778	1.11569529866098	1.1108249873211	1.17304996337855	1.18131507797063	1.17304996337855	1.08507926568445	1.11569529866098	1.16554600040778	1.12168408145409	0.774589699878298	0.601095082636577	0.586853339277271	0.601095082636578	0.600860756787387	0.521878278845665	0.506699657813281	0.510544931478382	0.487085652064629	0.512000779503845	0.457816766244736	0.512000779503846	0.600860756787389	0.510544931478382	0.506699657813282	0.521878278845667
1	1.07852772280436	1.14504701531118	1.07852772280436	1.0851611278046	1.12112030696691	1.16542880528178	1.11625653984941	1.11060085119437	1.17316455004412	1.18133490974545	1.17316455004412	1.0851611278046	1.11625653984941	1.16542880528178	1.12112030696691	0.774593752660298	0.601069279471798	0.58729610865696	0.6010692794718	0.600876392336637	0.520795836339923	0.506607494448461	0.511633035830841	0.48659575225729	0.512083004241916	0.457838342128477	0.512083004241917	0.600876392336639	0.511633035830842	0.506607494448462	0.520795836339925
1	1.07846355522032	1.14515002154076	1.07846355522032	1.08522327547893	1.12065525058528	1.1653377398485	1.11671866075017	1.11045834290116	1.17325302636969	1.18135069945341	1.17325302636969	1.08522327547893	1.11671866075017	1.1653377398485	1.12065525058528	0.774596210796865	0.601047726731507	0.587600950831456	0.601047726731509	0.600890069722109	0.51991194940274	0.50653554443881	0.512519104694912	0.486273015013795	0.512147280611598	0.457855423136952	0.512147280611599	0.600890069722111	0.512519104694913	0.506535544438811	0.519911949402742
1	1.07841484757752	1.14521518748917	1.07841484757752	1.0852702990968	1.12027493350219	1.16526761560281	1.11709628034061	1.11037001007475	1.17332090255129	1.18136309522237	1.17332090255129	1.0852702990968	1.11709628034061	1.16526761560281	1.12027493350219	0.774597701732072	0.601030186187234	0.587809750248031	0.601030186187236	0.600901743195914	0.519194104480818	0.506479937813045	0.513237530131879	0.486061921592607	0.512197136451503	0.457868771936711	0.512197136451504	0.600901743195915	0.51323753013188	0.506479937813046	0.519194104480821
1	1.07837802385066	1.14525524416786	1.07837802385066	1.08530579921779	1.11996575249433	1.1652139892457	1.11740324182491	1.11031678524385	1.17337271695843	1.18137271641582	1.17337271695843	1.08530579921779	1.11740324182491	1.1652139892457	1.11996575249433	0.774598606029997	0.601016181663054	0.587952253801331	0.601016181663056	0.600911503897158	0.518613232387822	0.506437293362116	0.513818338797484	0.485924675488947	0.51223556562111	0.457879097598837	0.512235565621111	0.60091150389716	0.513818338797484	0.506437293362117	0.518613232387825
1	1.0783502900789	1.14527904943862	1.0783502900789	1.08533253435512	1.11971541065636	1.16517321538592	1.1176518748051	1.1102857879413	1.17341209844115	1.18138011511688	1.17341209844115	1.08533253435512	1.1176518748051	1.16517321538592	1.11971541065636	0.774599154514422	0.601005164981001	0.588049274524889	0.601005164981003	0.600919524537664	0.518144341800671	0.506404794208344	0.514286976195254	0.485835909002579	0.512265026440498	0.45788701741776	0.512265026440498	0.600919524537666	0.514286976195254	0.506404794208345	0.518144341800673
1	1.07832946387885	1.14529256664302	1.07832946387885	1.08535262998152	1.11951325864116	1.16514235545212	1.11785276966639	1.11026855671189	1.17344192422891	1.18138576197363	1.17344192422891	1.08535262998151	1.11785276966639	1.16514235545212	1.11951325864116	0.774599487187051	0.600996598185953	0.588115234110294	0.600996598185955	0.600926019501998	0.517766459300543	0.506380150691334	0.514664607600396	0.485778774215011	0.512287509017149	0.457893050873626	0.51228750901715	0.600926019502	0.514664607600397	0.506380150691335	0.517766459300545
1	1.07831385410724	1.14529971715891	1.07831385410724	1.08536771815901	1.11935031517692	1.16511907916795	1.11801481905998	1.11025965353329	1.17346445265287	1.18139004589203	1.17346445265287	1.08536771815901	1.11801481905998	1.16511907916795	1.11935031517692	0.774599688963209	0.600989995036796	0.588160051756584	0.600989995036798	0.60093121526396	0.517462249052845	0.506361536415565	0.514968632479785	0.485742171905905	0.512304603866703	0.457897622974452	0.512304603866704	0.600931215263962	0.514968632479785	0.506361536415566	0.517462249052848
1	1.07830218056188	1.14530306101629	1.07830218056188	1.08537902672282	1.11921913220723	1.16510157787675	1.11814538296729	1.1102556271166	1.17348142437135	1.18139327992305	1.17348142437135	1.08537902672282	1.11814538296729	1.16510157787675	1.11921913220723	0.774599811346641	0.600984942603918	0.588190505673733	0.60098494260392	0.600935328432409	0.517217521438671	0.506347523010878	0.51521324867598	0.485718834940543	0.5123175583676	0.457901072094355	0.512317558367601	0.600935328432411	0.51521324867598	0.506347523010878	0.517217521438673
1	1.07829346567705	1.14530421391782	1.07829346567705	1.08538749070122	1.11911360160651	1.16508845194064	1.11825049457211	1.11025434412032	1.17349418197999	1.18139571159538	1.17349418197999	1.08538749070121	1.11825049457211	1.16508845194064	1.11911360160651	0.774599885575947	0.600981099357176	0.588211213341624	0.600981099357178	0.600938555592244	0.517020736957099	0.506337002139723	0.515409982375782	0.485704030717755	0.512327347027131	0.457903664552852	0.512327347027132	0.600938555592246	0.515409982375782	0.506337002139724	0.517020736957101
1	1.07828696891466	1.14530417633053	1.07828696891466	1.0853938177345	1.1190287500528	1.1650786281572	1.11833506827679	1.11025451265412	1.1735037536614	1.18139753403133	1.1735037536614	1.0853938177345	1.11833506827679	1.1650786281572	1.1190287500528	0.774599930598298	0.600978189868386	0.588225311038201	0.600978189868388	0.600941068236537	0.51686255083157	0.506329121268238	0.515568160244272	0.485694691363676	0.512334724961634	0.457905607384833	0.512334724961635	0.600941068236539	0.515568160244273	0.506329121268239	0.516862550831573
1	1.07828213167155	1.14530355172836	1.07828213167155	1.0853985419051	1.11896054737011	1.16507128877164	1.1184030902685	1.11025537103312	1.17351092304984	1.18139889627699	1.17351092304984	1.0853985419051	1.1184030902685	1.16507128877164	1.11896054737011	0.774599957905736	0.600975995909715	0.588234924926282	0.600975995909717	0.600943011675991	0.516735416592231	0.506323229152595	0.515695312512466	0.485688836562182	0.512340273620612	0.457907059866966	0.512340273620613	0.600943011675993	0.515695312512466	0.506323229152596	0.516735416592233
1	1.07827853372217	1.14530269145724	1.07827853372217	1.08540206566407	1.11890573785296	1.16506581358855	1.11845778459339	1.11025648627534	1.17351628524984	1.18139991239801	1.17351628524984	1.08540206566407	1.11845778459339	1.16506581358855	1.11890573785296	0.774599974468535	0.600974346857094	0.588241495043897	0.600974346857096	0.60094450628994	0.516633251157002	0.506318830929492	0.515797509928623	0.485685193121892	0.512344438469393	0.457908143708483	0.512344438469394	0.600944506289942	0.515797509928623	0.506318830929493	0.516633251157004
1	1.07827585991506	1.14530179048504	1.07827585991506	1.08540469155848	1.11886169680405	1.16506173422905	1.11850175378412	1.11025762480029	1.1735202906159	1.18140066905779	1.1735202906159	1.08540469155848	1.11850175378412	1.16506173422905	1.11886169680405	0.774599984514381	0.600973110689811	0.588245996278695	0.600973110689812	0.60094565005575	0.516551156895632	0.506315552268379	0.515879641677918	0.485682945768294	0.512347559268833	0.457908951173886	0.512347559268834	0.600945650055752	0.515879641677918	0.50631555226838	0.516551156895634
1	1.07827387439513	1.14530094884559	1.07827387439513	1.08540664666996	1.11882631104078	1.16505869812123	1.11853709585287	1.11025867124178	1.17352327903129	1.18140123172263	1.17352327903129	1.08540664666996	1.11853709585287	1.16505869812123	1.11882631104078	0.774599990607495	0.600972186094064	0.588249088815195	0.600972186094066	0.600946521571333	0.516485193682276	0.50631311102828	0.515945642616619	0.485681574578188	0.512349894192761	0.457909551917845	0.512349894192762	0.600946521571335	0.515945642616619	0.506313111028281	0.516485193682278
1	1.07827240089766	1.1453002105748	1.07827240089766	1.08540810125309	1.11879788065709	1.16505644051292	1.1185655005163	1.11025957818735	1.17352550645021	1.18140164965625	1.17352550645021	1.08540810125309	1.1185655005163	1.16505644051292	1.11879788065708	0.774599994303156	0.600971495815864	0.588251220134618	0.600971495815866	0.600947183159342	0.516432193277018	0.506311295089864	0.515998677999438	0.485680749460703	0.51235163879909	0.457909998386783	0.512351638799091	0.600947183159344	0.515998677999438	0.506311295089865	0.51643219327702
1	1.07827130798608	1.14529958826608	1.07827130798608	1.08540918268801	1.11877503949116	1.16505476312139	1.11858832720595	1.11026033537061	1.17352716513715	1.18140195979614	1.17352716513715	1.08540918268801	1.11858832720595	1.16505476312139	1.11877503949116	0.774599996544689	0.600970981271146	0.588252693896706	0.600970981271148	0.60094768375066	0.51638960868645	0.506309945407041	0.516041293379476	0.485680261869524	0.512352940779797	0.457910329911139	0.512352940779798	0.600947683750662	0.516041293379477	0.506309945407041	0.516389608686452
1	1.07827049772873	1.14529907787578	1.07827049772873	1.08540998620382	1.11875668854444	1.16505351764065	1.11860667054541	1.11026095144839	1.17352839932923	1.18140218978796	1.17352839932923	1.08540998620382	1.11860667054541	1.16505351764065	1.11875668854444	0.774599997904247	0.600970598214192	0.588253716554027	0.600970598214194	0.600948061448996	0.516355393256318	0.506308942965495	0.516075534956291	0.485679980802999	0.51235391140824	0.45791057591709	0.512353911408241	0.600948061448998	0.516075534956292	0.506308942965496	0.51635539325632
1	1.07826989728233	1.1452986675555	1.07826989728233	1.08541058286813	1.11874194492965	1.1650525933982	1.11862141063059	1.11026144341011	1.17352931699622	1.18140236024607	1.17352931699622	1.08541058286813	1.11862141063059	1.1650525933982	1.11874194492965	0.774599998728862	0.600970313354909	0.588254428761966	0.600970313354911	0.600948345713275	0.516327902336775	0.506308198901369	0.516103047517556	0.485679824479103	0.512354634327496	0.457910758341941	0.512354634327497	0.600948345713277	0.516103047517557	0.50630819890137	0.516327902336778
1	1.07826945245282	1.14529834256351	1.07826945245282	1.08541102571348	1.11873009940116	1.16505190795191	1.11863325481851	1.1102618309036	1.17352999885011	1.18140248659676	1.17352999885011	1.08541102571348	1.11863325481851	1.16505190795191	1.11873009940116	0.774599999229015	0.600970101641059	0.588254926563113	0.60097010164106	0.600948559145884	0.516305814126975	0.506307647187857	0.516125152548094	0.485679742849091	0.512355172169136	0.457910893772621	0.512355172169136	0.600948559145886	0.516125152548094	0.506307647187858	0.516305814126977
1	1.07826912003978	1.14529808297262	1.07826912003978	1.08541135723304	1.11872058230814	1.16505139741902	1.11864277175691	1.11026213665475	1.17353050766753	1.18140258049537	1.17353050766753	1.08541135723304	1.11864277175691	1.16505139741902	1.11872058230814	0.774599999532374	0.600969944115489	0.588255277252851	0.600969944115491	0.600948719563649	0.51628806741728	0.506307236552956	0.516142912675557	0.485679704370394	0.512355573530811	0.457910994859976	0.512355573530811	0.600948719563651	0.516142912675558	0.506307236552957	0.516288067417283
1	1.0782688694358	1.14529787447329	1.0782688694358	1.08541160758776	1.11871293598145	1.16505101505389	1.11865041847633	1.11026237851718	1.17353088937032	1.1814026505888	1.17353088937032	1.08541160758776	1.11865041847633	1.16505101505389	1.11871293598145	0.77459999971637	0.60096982655577	0.588255526475566	0.600969826555771	0.600948840479297	0.516273808931696	0.50630692945975	0.516157181311843	0.48567969095366	0.512355874226564	0.457911070746106	0.512355874226565	0.600948840479299	0.516157181311843	0.50630692945975	0.516273808931699
1	1.07826868613082	1.14529771907879	1.07826868613082	1.08541179094668	1.11870679251052	1.16505073276106	1.11865656270864	1.11026256076293	1.17353117143106	1.18140270256407	1.17353117143106	1.08541179094668	1.11865656270864	1.16505073276106	1.11870679251052	0.77459999982797	0.600969739255342	0.588255701992939	0.600969739255344	0.600948930905932	0.516262352486132	0.506306702166213	0.516168646776714	0.485679689415646	0.512356097405237	0.457911126333407	0.512356097405238	0.600948930905934	0.516168646776714	0.506306702166214	0.516262352486134
1	1.07826855216832	1.14529760331317	1.07826855216832	1.08541192511382	1.1187018564323	1.16505052484558	1.11866149975645	1.11026269735307	1.17353137940109	1.18140274083803	1.17353137940109	1.08541192511382	1.11866149975645	1.16505052484558	1.1187018564323	0.774599999895658	0.600969674690214	0.588255825791223	0.600969674690216	0.600948998220128	0.516253147777344	0.506306534453415	0.516177858535034	0.48567969399708	0.512356262451068	0.457911167144359	0.512356262451068	0.60094899822013	0.516177858535034	0.506306534453416	0.516253147777347
1	1.07826845440781	1.14529751733428	1.07826845440781	1.08541202313727	1.11869789037677	1.16505037207987	1.11866546679358	1.11026279920407	1.17353153237676	1.18140276892735	1.17353153237676	1.08541202313727	1.11866546679358	1.16505037207987	1.11869789037677	0.774599999936713	0.600969627083803	0.588255913262139	0.600969627083805	0.60094904812698	0.516245752183547	0.506306411042526	0.516185259708081	0.485679700809747	0.512356384163244	0.457911197006591	0.512356384163245	0.600949048126982	0.516185259708081	0.506306411042527	0.516245752183549
1	1.07826838260894	1.14529745272335	1.07826838260894	1.08541209520737	1.11869470360167	1.16505025962792	1.11866865446458	1.11026287552886	1.17353164511412	1.18140278952869	1.17353164511412	1.08541209520737	1.11866865446458	1.16505025962792	1.11869470360167	0.774599999961615	0.600969592012328	0.588255975410479	0.60096959201233	0.600949085084965	0.516239810240563	0.506306320167745	0.516191205910078	0.485679708101296	0.512356473938978	0.457911218934038	0.512356473938978	0.600949085084967	0.516191205910078	0.506306320167746	0.516239810240565
1	1.07826833005027	1.14529740468526	1.07826833005027	1.08541214801267	1.11869213979024	1.16505017698035	1.11867121903904	1.11026293231128	1.17353172804506	1.18140280465524	1.17353172804506	1.08541214801267	1.11867121903904	1.16505017698035	1.11869213979024	0.774599999976718	0.600969566206972	0.588256019599629	0.600969566206974	0.600949112399801	0.516235037449931	0.506306253376002	0.516195981976415	0.485679714900532	0.512356540039193	0.457911234987411	0.512356540039194	0.600949112399803	0.516195981976415	0.506306253376003	0.516235037449934
1	1.07826829141319	1.1452973686269	1.07826829141319	1.08541218686712	1.11869008322686	1.16505011623944	1.11867327623489	1.11026297472949	1.17353178906366	1.18140281571762	1.17353178906366	1.08541218686711	1.11867327623489	1.16505011623943	1.11869008322686	0.774599999985878	0.600969547231183	0.58825605118283	0.600969547231185	0.600949132568101	0.516231201989243	0.506306204242399	0.516199819906145	0.485679720819671	0.512356588727684	0.45791124677752	0.512356588727685	0.600949132568102	0.516199819906145	0.5063062042424	0.516231201989246
1	1.0782682630614	1.14529734175292	1.0782682630614	1.08541221540081	1.11868843183586	1.16505007162379	1.11867492813391	1.11026300626965	1.17353183392379	1.18140282382153	1.17353183392379	1.08541221540081	1.11867492813391	1.16505007162379	1.11868843183586	0.774599999991435	0.600969533284068	0.588256073788928	0.60096953328407	0.600949147444076	0.516228119943313	0.506306168131147	0.516202903820108	0.485679725756001	0.512356624558851	0.457911255425282	0.512356624558851	0.600949147444078	0.516202903820109	0.506306168131148	0.516228119943315
1	1.07826824222196	1.14529732170603	1.07826824222196	1.0854122363883	1.11868710525306	1.16505003882693	1.11867625511709	1.1102630297239	1.17353186692685	1.18140282976354	1.17353186692685	1.0854122363883	1.11867625511709	1.16505003882693	1.11868710525306	0.774599999994805	0.600969523032896	0.588256090021695	0.600969523032898	0.600949158413495	0.516225643383555	0.506306141582631	0.516205381778065	0.48567972977339	0.51235665092991	0.457911261774464	0.512356650929911	0.600949158413497	0.516205381778065	0.506306141582632	0.516225643383557
1	1.07826822692257	1.14529730681588	1.07826822692257	1.08541225180564	1.11868603942259	1.16505001473195	1.1186773212586	1.1102630471146	1.17353189118999	1.18140283412204	1.17353189118999	1.08541225180564	1.1186773212586	1.16505001473195	1.11868603942259	0.774599999996849	0.600969515500216	0.588256101696258	0.600969515500217	0.600949166496586	0.516223653372485	0.506306122074423	0.516207372837362	0.48567973297368	0.512356670328067	0.45791126643368	0.512356670328068	0.600949166496587	0.516207372837363	0.506306122074423	0.516223653372488
1	1.07826821567993	1.14529729575328	1.07826821567993	1.08541226314098	1.11868518303787	1.16504999702362	1.11867817788255	1.1102630600069	1.17353190903302	1.18140283732008	1.17353190903301	1.08541226314098	1.11867817788255	1.16504999702362	1.11868518303787	0.774599999998089	0.600969509965087	0.588256110114258	0.600969509965089	0.600949172451375	0.516222054333074	0.506306107736866	0.516208972657562	0.485679735488881	0.51235668459711	0.457911269854686	0.51235668459711	0.600949172451377	0.516208972657563	0.506306107736866	0.516222054333076
1	1.07826820742434	1.14529728755685	1.07826820742434	1.08541227146857	1.11868449492396	1.16504998401407	1.11867886617898	1.11026306954604	1.17353192214864	1.18140283966702	1.17353192214864	1.08541227146857	1.11867886617898	1.16504998401407	1.11868449492396	0.774599999998841	0.60096950589842	0.588256116193208	0.600969505898421	0.600949176836095	0.516220769453185	0.506306097202709	0.516210258119331	0.485679737441417	0.512356695089612	0.457911272366035	0.512356695089613	0.600949176836096	0.516210258119331	0.506306097202709	0.516220769453188
1	1.07826820135891	1.14529728148475	1.07826820135891	1.08541227758945	1.11868394201222	1.1650499744547	1.11867941922913	1.11026307660178	1.17353193179068	1.18140284138967	1.17353193179069	1.08541227758945	1.11867941922913	1.1650499744547	1.11868394201221	0.774599999999297	0.600969502910644	0.588256120592068	0.600969502910646	0.600949180064036	0.516219737013919	0.506306089462211	0.516211290990502	0.485679738944508	0.512356702804827	0.45791127421015	0.512356702804827	0.600949180064038	0.516211290990503	0.506306089462212	0.516219737013922
1	1.07826819690457	1.14529727699461	1.07826819690456	1.0854122820862	1.11868349773621	1.16504996743221	1.11867986360955	1.11026308181377	1.17353193887696	1.18140284265423	1.17353193887696	1.0854122820862	1.11867986360955	1.16504996743221	1.11868349773621	0.774599999999574	0.600969500715741	0.588256123779442	0.600969500715743	0.600949182439531	0.516218907418458	0.506306083775593	0.516212120906547	0.485679740092667	0.512356708476564	0.4579112755642	0.512356708476565	0.600949182439533	0.516212120906547	0.506306083775594	0.51621890741846
1	1.07826819363235	1.14529727367521	1.07826819363235	1.08541228539065	1.11868314075087	1.16504996227284	1.11868022067335	1.11026308566238	1.17353194408522	1.18140284358262	1.17353194408522	1.08541228539065	1.11868022067335	1.16504996227284	1.11868314075087	0.774599999999741	0.600969499103322	0.588256126092753	0.600969499103324	0.600949184187384	0.51621824081542	0.50630607959765	0.516212787746933	0.485679740964826	0.51235671264586	0.457911276558562	0.51235671264586	0.600949184187386	0.516212787746933	0.506306079597651	0.516218240815422
1	1.07826819122917	1.14529727122435	1.07826819122917	1.08541228781821	1.11868285390539	1.16504995848286	1.11868050757759	1.11026308850162	1.17353194791241	1.18140284426425	1.17353194791241	1.08541228781821	1.11868050757759	1.16504995848286	1.11868285390539	0.774599999999843	0.60096949791888	0.588256127773623	0.600969497918882	0.600949185473088	0.51621770518159	0.506306076528511	0.516213323556444	0.485679741623916	0.512356715710216	0.457911277288766	0.512356715710216	0.600949185473089	0.516213323556444	0.506306076528512	0.516217705181592
1	1.07826818946392	1.14529726941537	1.07826818946392	1.08541228960184	1.11868262341886	1.16504995569867	1.118680738108	1.11026309059548	1.1735319507248	1.18140284476473	1.1735319507248	1.08541228960184	1.118680738108	1.16504995569867	1.11868262341886	0.774599999999905	0.600969497048828	0.588256128996531	0.60096949704883	0.600949186418695	0.516217274785822	0.506306074273845	0.516213754082028	0.485679742120059	0.512356717962343	0.45791127782502	0.512356717962344	0.600949186418697	0.516213754082028	0.506306074273846	0.516217274785824
1	1.07826818816747	1.14529726808132	1.07826818816747	1.08541229091209	1.11868243821802	1.16504995365355	1.11868092334153	1.11026309213862	1.17353195279119	1.18140284513224	1.17353195279119	1.08541229091209	1.11868092334153	1.16504995365355	1.11868243821802	0.774599999999942	0.600969496409745	0.588256129887108	0.600969496409746	0.600949187114033	0.516216928951794	0.506306072617649	0.516214100011951	0.485679742492205	0.512356719617338	0.457911278218842	0.512356719617339	0.600949187114035	0.516214100011951	0.50630607261765	0.516216928951796
