1	1.05076679876982	1.09404727361876	1.05076679876982	1.05076680184717	1.09404727544315	1.11853286624323	1.09404727548255	1.09404727728206	1.11853286871491	1.16584423180067	1.11853286871491	1.05076680184717	1.09404727548255	1.11853286624323	1.09404727544314	0.647519296665335	0.539915478583452	0.507192377326501	0.539915478583453	0.539915479496803	0.507192374631001	0.473714926706245	0.507192374840139	0.507192372015795	0.473714927633758	0.48860715450874	0.473714927633759	0.539915479496805	0.507192374840139	0.473714926706246	0.507192374631003
1	1.06526836825449	1.10793858999222	1.06526836825449	1.06526836946324	1.10793859010521	1.14580390767332	1.10793859015989	1.10793859023936	1.14580390880341	1.19100806045589	1.14580390880341	1.06526836946324	1.10793859015989	1.14580390767332	1.10793859010521	0.70255806470563	0.574897501621112	0.502591021061476	0.574897501621113	0.574897502267864	0.502591019807154	0.496597399434813	0.5025910199154	0.502591018596348	0.496597400106751	0.479857125722377	0.496597400106752	0.574897502267865	0.5025910199154	0.496597399434814	0.502591019807156
1	1.07433691763165	1.11149181035915	1.07433691763165	1.07433691813621	1.11149181015967	1.16116947480591	1.11149181019932	1.111491809976	1.16116947538969	1.1956289685735	1.16116947538969	1.07433691813621	1.11149181019932	1.16116947480591	1.11149181015967	0.735940764977316	0.595286508166684	0.501337211239077	0.595286508166686	0.59528650857375	0.501337210619192	0.510536355940266	0.501337210676912	0.50133721002328	0.510536356381797	0.477156082887562	0.510536356381798	0.595286508573751	0.501337210676912	0.510536355940267	0.501337210619194
1	1.07980475804029	1.11222291815578	1.07980475804029	1.07980475826627	1.11222291797003	1.16999140215705	1.11222291799467	1.11222291779438	1.16999140248506	1.19578583133979	1.16999140248506	1.07980475826627	1.11222291799467	1.16999140215705	1.11222291797003	0.756188396163876	0.607080543163224	0.501135226345459	0.607080543163226	0.607080543406782	0.501135226025911	0.518940009494768	0.501135226057256	0.501135225719829	0.518940009773717	0.476299925208968	0.518940009773718	0.607080543406784	0.501135226057256	0.518940009494769	0.501135226025913
1	1.08314220056331	1.11218682818563	1.08314220056331	1.08314220051282	1.1121868279841	1.17565157361287	1.11218682799895	1.11218682778992	1.17565157383838	1.19519066029659	1.17565157383838	1.08314220051282	1.11218682799895	1.17565157361287	1.1121868279841	0.768469205268776	0.615218685063201	0.501041355079648	0.615218685063203	0.615218684771862	0.501041354883669	0.526090120753673	0.50104135490321	0.501041354702085	0.526090121306289	0.476075253259633	0.52609012130629	0.615218684771864	0.50104135490321	0.526090120753674	0.501041354883671
1	1.08522519086493	1.11200890358994	1.08522519086493	1.0852251907358	1.11200890346341	1.17949623944426	1.1120089034724	1.11200890334224	1.17949623972895	1.19466861276453	1.17949623972895	1.0852251907358	1.1120089034724	1.17949623944426	1.11200890346341	0.775917892510958	0.620222016745802	0.501116303052084	0.620222016745804	0.620222016173324	0.50111630293111	0.530618259344456	0.501116302942817	0.501116302818395	0.530618259872722	0.476058517942481	0.530618259872723	0.620222016173326	0.501116302942817	0.530618259344457	0.501116302931113
1	1.08651219338578	1.11186675025846	1.08651219338578	1.08651219319321	1.11186675015867	1.18200998192125	1.11186675016406	1.11186675006234	1.18200998218693	1.19432931388703	1.18200998218693	1.08651219319321	1.11186675016406	1.18200998192125	1.11186675015867	0.78043574971545	0.623293638071358	0.501223976687122	0.62329363807136	0.623293637516739	0.501223976607637	0.533492212490189	0.501223976614485	0.501223976532857	0.533492212950336	0.47610120871758	0.533492212950336	0.623293637516741	0.501223976614484	0.53349221249019	0.50122397660764
1	1.0873028182869	1.11177733693485	1.0873028182869	1.08730281808301	1.11177733685328	1.18362701742058	1.11177733685646	1.11177733677381	1.18362701763662	1.19412821225086	1.18362701763662	1.08730281808301	1.11177733685646	1.18362701742058	1.11177733685328	0.783175968625338	0.625178207282861	0.501320985535049	0.625178207282863	0.625178206803858	0.501320985481406	0.535316458989135	0.501320985485352	0.501320985430423	0.535316459331599	0.476153472921399	0.535316459331599	0.62517820680386	0.501320985485352	0.535316458989136	0.501320985481409
1	1.08778699062191	1.11172614266668	1.08778699062191	1.08778699042638	1.1117261425936	1.18465953924359	1.11172614259546	1.11172614252176	1.18465953939292	1.19401341827728	1.18465953939292	1.08778699042638	1.11172614259546	1.18465953924359	1.1117261425936	0.784837995404805	0.62633443488138	0.501396848980334	0.626334434881381	0.626334434508873	0.501396848942167	0.53647375730125	0.501396848944417	0.501396848905496	0.536473757538672	0.476199372423428	0.536473757538673	0.626334434508875	0.501396848944417	0.53647375730125	0.501396848942169
1	1.08808304395308	1.11169825413941	1.08808304395308	1.08808304377815	1.11169825407281	1.18531645209082	1.11169825407388	1.11169825400692	1.18531645217817	1.19394903625884	1.18531645217817	1.08808304377815	1.11169825407388	1.18531645209082	1.11169825407281	0.785846065599661	0.627044048849308	0.501452310260784	0.62704404884931	0.627044048569358	0.501452310232655	0.537207436210306	0.501452310233929	0.501452310205358	0.537207436358421	0.476235185582191	0.537207436358422	0.62704404856936	0.501452310233929	0.537207436210306	0.501452310232657
1	1.08826397542422	1.11168355132639	1.08826397542422	1.08826397527075	1.11168355126413	1.18573358839362	1.11168355126474	1.11168355120226	1.18573358842889	1.19391326483534	1.18573358842889	1.08826397527075	1.11168355126474	1.18573358839362	1.11168355126413	0.786457491099078	0.627479807856024	0.501491297458416	0.627479807856026	0.627479807651427	0.501491297436807	0.53767225274212	0.501491297437525	0.501491297415648	0.537672252822985	0.476261486010814	0.537672252822986	0.627479807651429	0.501491297437525	0.53767225274212	0.501491297436809
1	1.08837456114233	1.11167600387558	1.08837456114233	1.08837456100798	1.11167600381666	1.1859981642233	1.111676003817	1.11167600375796	1.18599816421861	1.19389350441249	1.18599816421861	1.08837456100798	1.111676003817	1.1859981642233	1.11167600381666	0.786828339420241	0.627747584317139	0.50151800937865	0.627747584317141	0.627747584168131	0.501518009361443	0.537966563419039	0.501518009361846	0.501518009344473	0.537966563450695	0.476280100021139	0.537966563450695	0.627747584168133	0.501518009361846	0.53796656341904	0.501518009361446
1	1.08844218282314	1.11167223074822	1.08844218282314	1.08844218270388	1.11167223069171	1.1861658471395	1.11167223069191	1.11167223063532	1.18616584710544	1.19388263469215	1.18616584710544	1.08844218270388	1.11167223069191	1.1861658471395	1.11167223069171	0.787053270296735	0.627912260379897	0.501535981738193	0.627912260379899	0.627912260270694	0.501535981723968	0.538152820779159	0.501535981724194	0.501535981709855	0.538152820776365	0.476292949445669	0.538152820776366	0.627912260270696	0.501535981724194	0.53815282077916	0.50153598172397
1	1.08848356086575	1.11167040210556	1.08848356086574	1.08848356075776	1.11167040205083	1.18627206031727	1.11167040205094	1.11167040199616	1.18627206026246	1.19387667718963	1.18627206026246	1.08848356075776	1.11167040205094	1.18627206031727	1.11167040205083	0.787189697767221	0.628013612908511	0.501547911565505	0.628013612908513	0.628013612826756	0.501547911553321	0.538270644489402	0.501547911553447	0.501547911541184	0.538270644462923	0.476301661432308	0.538270644462924	0.628013612826758	0.501547911553447	0.538270644489403	0.501547911553324
1	1.08850890076522	1.11166955183276	1.08850890076522	1.08850890066529	1.1116695517793	1.18633930634629	1.11166955177936	1.11166955172587	1.18633930627713	1.19387342333653	1.18633930627713	1.08850890066528	1.11166955177936	1.18633930634629	1.1116695517793	0.787272445207865	0.628076042239333	0.501555748206864	0.628076042239334	0.628076042176177	0.501555748196075	0.538345149709837	0.501555748196145	0.501555748185292	0.538345149667416	0.476307488705608	0.538345149667417	0.628076042176178	0.501555748196145	0.538345149709838	0.501555748196077
1	1.08852443238503	1.11166918063153	1.08852443238503	1.08852443229068	1.11166918057898	1.18638186331366	1.11166918057901	1.11166918052644	1.1863818632348	1.19387165302072	1.1863818632348	1.08852443229068	1.11166918057901	1.18638186331366	1.11166918057898	0.787322634090697	0.628114527215165	0.501560853535486	0.628114527215166	0.628114527164377	0.501560853525651	0.538392247145561	0.501560853525691	0.501560853515799	0.538392247092539	0.47631134537016	0.538392247092539	0.628114527164379	0.501560853525691	0.538392247145561	0.501560853525653
1	1.08853396083384	1.11166903544897	1.08853396083384	1.0885339607433	1.11166903539705	1.1864087869936	1.11166903539707	1.11166903534513	1.18640878690826	1.19387069330022	1.18640878690826	1.0885339607433	1.11166903539707	1.1864087869936	1.11166903539705	0.787353075193137	0.628138270211595	0.50156415740243	0.628138270211597	0.62813827016894	0.50156415739324	0.538422009883507	0.501564157393263	0.501564157384024	0.538422009823519	0.476313876608846	0.53842200982352	0.628138270168942	0.501564157393263	0.538422009883508	0.501564157393243
1	1.08853981174237	1.11166899142905	1.08853981174236	1.08853981165436	1.11166899137756	1.18642581514247	1.11166899137757	1.11166899132607	1.18642581505287	1.19387017512099	1.18642581505287	1.08853981165436	1.11166899137757	1.18642581514247	1.11166899137756	0.787371538652205	0.628152929520429	0.501566283816737	0.628152929520431	0.628152929483066	0.501566283807982	0.538440812816051	0.501566283807996	0.501566283799195	0.538440812751522	0.476315526709996	0.538440812751523	0.628152929483068	0.501566283807996	0.538440812816052	0.501566283807985
1	1.08854340772158	1.1116689888566	1.08854340772158	1.08854340763525	1.11166898880541	1.18643658189189	1.11166898880542	1.11166898875421	1.1864365817995	1.19386989655082	1.1864365817995	1.08854340763525	1.11166898880542	1.18643658189189	1.11166898880541	0.78738273729794	0.628161987172837	0.501567646234853	0.628161987172839	0.62816198713889	0.50156764622639	0.538452688634404	0.5015676462264	0.50156764621789	0.538452688566938	0.476316596446689	0.538452688566939	0.628161987138892	0.5015676462264	0.538452688634405	0.501567646226393
1	1.08854561980144	1.11166900038594	1.08854561980144	1.0885456197162	1.11166900033495	1.18644338837331	1.11166900033495	1.11166900028394	1.18644338827911	1.19386974731476	1.18644338827911	1.0885456197162	1.11166900033495	1.18644338837331	1.11166900033495	0.787389529605267	0.628167587729103	0.501568515903545	0.628167587729105	0.628167587697348	0.501568515895278	0.538460187346604	0.501568515895284	0.501568515886969	0.53846018727725	0.476317286831819	0.538460187277251	0.62816758769735	0.501568515895284	0.538460187346605	0.501568515895281
1	1.08854698180081	1.11166901429606	1.08854698180081	1.08854698171629	1.11166901424521	1.1864476914373	1.11166901424521	1.11166901419433	1.18644769134194	1.19386966723277	1.18644769134194	1.08854698171629	1.11166901424521	1.1864476914373	1.11166901424521	0.787393649323861	0.628171053080678	0.501569069385598	0.62817105308068	0.628171053050321	0.501569069377459	0.538464920774388	0.501569069377463	0.501569069369279	0.538464920703826	0.476317730891946	0.538464920703827	0.628171053050323	0.501569069377463	0.538464920774388	0.501569069377461
1	1.08854782092077	1.11166902707446	1.08854782092077	1.0885478208367	1.1116690270237	1.18645040712489	1.1116690270237	1.11166902697291	1.18645040702878	1.19386962625061	1.18645040702878	1.0885478208367	1.1116690270237	1.18645040712489	1.1116690270237	0.787396148083387	0.628173198801942	0.501569420352658	0.628173198801943	0.628173198772473	0.501569420344605	0.538467909172606	0.501569420344608	0.50156942033651	0.538467909101273	0.476318014880669	0.538467909101274	0.628173198772475	0.501569420344608	0.538467909172607	0.501569420344607
1	1.08854833835315	1.11166903703531	1.08854833835315	1.08854833826937	1.1116690369846	1.18645212171839	1.1116690369846	1.11166903693387	1.18645212162181	1.19386960518295	1.18645212162181	1.08854833826937	1.1116690369846	1.18645212171839	1.1116690369846	0.78739766367214	0.628174528294704	0.501569642454977	0.628174528294706	0.628174528265798	0.501569642446979	0.538469795352104	0.50156964244698	0.501569642438938	0.538469795280284	0.476318196133454	0.538469795280284	0.628174528265799	0.50156964244698	0.538469795352105	0.501569642446981
1	1.08854865768729	1.11166904422513	1.08854865768729	1.0885486576037	1.11166904417445	1.18645320433427	1.11166904417445	1.11166904412376	1.18645320423738	1.19386959440475	1.18645320423738	1.0885486576037	1.11166904417445	1.18645320433427	1.11166904417445	0.787398582931974	0.628175352573345	0.501569782752299	0.628175352573347	0.628175352544792	0.501569782744336	0.538470985592315	0.501569782744338	0.50156978273633	0.538470985520184	0.476318311575733	0.538470985520184	0.628175352544794	0.501569782744338	0.538470985592316	0.501569782744338
1	1.08854885492105	1.1116690491866	1.08854885492105	1.08854885483758	1.11166904913595	1.18645388786203	1.11166904913595	1.11166904908528	1.18645388776495	1.19386958895191	1.18645388776495	1.08854885483758	1.11166904913595	1.18645388786203	1.11166904913595	0.787399140496578	0.628175863933886	0.501569871233812	0.628175863933887	0.628175863905555	0.501569871225874	0.538471736535367	0.501569871225876	0.501569871217893	0.53847173646304	0.476318384960855	0.538471736463041	0.628175863905557	0.501569871225876	0.538471736535367	0.501569871225877
1	1.0885489768328	1.11166905250954	1.0885489768328	1.08854897674941	1.11166905245891	1.18645431936188	1.11166905245891	1.11166905240826	1.18645431926468	1.19386958623943	1.18645431926468	1.08854897674941	1.11166905245891	1.18645431936188	1.11166905245891	0.787399478679839	0.628176181354926	0.50156992695964	0.628176181354927	0.628176181326735	0.501569926951718	0.538472210241079	0.501569926951719	0.501569926943751	0.53847221016863	0.476318431530805	0.53847221016863	0.628176181326737	0.50156992695172	0.53847221024108	0.50156992695172
1	1.08854905224203	1.1116690546876	1.08854905224203	1.08854905215868	1.11166905463698	1.18645459171896	1.11166905463698	1.11166905458634	1.18645459162168	1.19386958492174	1.18645459162168	1.08854905215868	1.11166905463698	1.18645459171896	1.11166905463698	0.787399683800316	0.628176378501903	0.501569962014368	0.628176378501905	0.628176378473798	0.501569962006456	0.538472509016855	0.501569962006457	0.5015699619985	0.538472508944327	0.476318461039491	0.538472508944328	0.6281763784738	0.501569962006457	0.538472509016856	0.501569962006458
1	1.08854909891931	1.11166905609188	1.08854909891931	1.08854909883599	1.11166905604126	1.18645476360011	1.11166905604126	1.11166905599063	1.18645476350278	1.19386958430284	1.18645476350278	1.08854909883599	1.11166905604126	1.18645476360011	1.11166905604126	0.787399808213363	0.628176501014658	0.501569984043548	0.628176501014659	0.628176500986607	0.501569984035641	0.538472697434646	0.501569984035643	0.501569984027694	0.53847269736207	0.476318479712943	0.538472697362071	0.628176500986609	0.501569984035643	0.538472697434647	0.501569984035644
