1	1.35560531961368	1.05708109490984	1.35560531961369	1.35560532356925	1.12255780351486	1.00262444896304	1.12255780358747	1.05708109487549	1.00262444899887	1.01186846522287	1.00262444899887	1.35560532356926	1.12255780358747	1.00262444896304	1.12255780351487	4.99999999999999	0.335512354891421	0.0888239302197286	0.33551235489143	0.335512357106593	0.132218415696582	0.015345324816508	0.132218415738221	0.0888239302101128	0.0153453249224438	-0.0283274415753122	0.0153453249224448	0.335512357106602	0.132218415738221	0.015345324816509	0.132218415696588
1	1.44891025780354	1.05265036011245	1.44891025780355	1.44891025903367	1.12367604344647	1.00246840005468	1.12367604344754	1.0526503600371	1.00246840005442	1.01071312703078	1.00246840005442	1.44891025903369	1.12367604344754	1.00246840005468	1.12367604344648	4.99999999999999	0.384802650373599	0.0853129618485197	0.38480265037361	0.384802650999455	0.133025958941832	0.014901340319799	0.133025958942441	0.0853129617863413	0.0149013403190579	-0.0269438911329042	0.0149013403190588	0.384802650999466	0.13302595894244	0.0149013403197999	0.133025958941838
1	1.46874664197514	1.05180835625833	1.46874664197516	1.46874664241755	1.12355034232191	1.00244754899477	1.12355034232193	1.05180835623171	1.00244754899464	1.01051135459629	1.00244754899464	1.46874664241757	1.12355034232193	1.00244754899477	1.12355034232192	4.99999999999999	0.39494393407239	0.0846411212811876	0.394943934072401	0.394943934294969	0.133000855728998	0.0148433246474052	0.13300085572901	0.084641121259072	0.0148433246470195	-0.026696658083505	0.0148433246470204	0.39494393429498	0.13300085572901	0.0148433246474061	0.133000855729004
1	1.47304843776611	1.05163568253178	1.47304843776613	1.47304843792695	1.12351795011238	1.00244320356658	1.12351795011239	1.05163568252227	1.00244320356653	1.01046959413286	1.00244320356653	1.47304843792697	1.12351795011239	1.00244320356658	1.12351795011239	4.99999999999999	0.397129906466414	0.0845032789323756	0.397129906466426	0.397129906547137	0.132992749822364	0.0148312616060706	0.132992749822367	0.0845032789244655	0.0148312616059316	-0.0266452719302603	0.0148312616059325	0.397129906547148	0.132992749822367	0.0148312616060715	0.13299274982237
1	1.47398559429439	1.05159853407243	1.4739855942944	1.47398559435293	1.12351073747968	1.00244226315001	1.12351073747968	1.05159853406898	1.00244226314999	1.01046058573278	1.00244226314999	1.47398559435295	1.12351073747968	1.00244226315001	1.12351073747969	4.99999999999999	0.397605518466643	0.0844736233463568	0.397605518466654	0.39760551849601	0.132990906613962	0.01482865184966	0.132990906613965	0.0844736233434892	0.0148286518496096	-0.0266341773127429	0.0148286518496105	0.397605518496022	0.132990906613965	0.0148286518496609	0.132990906613967
1	1.47418996327397	1.05159045494955	1.47418996327398	1.47418996329527	1.1235091578902	1.0024420583552	1.12350915789021	1.0515904549483	1.00244205835519	1.01045862540147	1.0024420583552	1.47418996329529	1.12350915789021	1.0024420583552	1.12350915789021	4.99999999999999	0.397709208178645	0.084467173770893	0.397709208178656	0.397709208189331	0.132990501376996	0.0148280835610133	0.132990501376999	0.0844671737698504	0.014828083560995	-0.0266317624982703	0.0148280835609959	0.397709208189343	0.132990501376999	0.0148280835610142	0.132990501377002
1	1.47423454065006	1.05158869375499	1.47423454065008	1.47423454065775	1.12350881303435	1.00244201369844	1.12350881303435	1.05158869375454	1.00244201369844	1.01045819800647	1.00244201369844	1.47423454065777	1.12350881303435	1.00244201369844	1.12350881303436	4.99999999999999	0.397731823828074	0.0844657678058989	0.397731823828086	0.39773182383193	0.132990412833289	0.014827959644034	0.132990412833292	0.0844657678055236	0.0148279596440275	-0.0266312360058953	0.0148279596440284	0.397731823831942	0.132990412833292	0.0148279596440349	0.132990412833295
1	1.47424426443105	1.05158830963086	1.47424426443106	1.47424426443304	1.12350873779574	1.00244200395799	1.12350873779575	1.05158830963076	1.00244200395799	1.01045810478239	1.002442003958	1.47424426443305	1.12350873779575	1.002442003958	1.12350873779575	4.99999999999999	0.397736756974666	0.0844654611587718	0.397736756974678	0.397736756975663	0.132990393512026	0.0148279326155683	0.132990393512028	0.0844654611586859	0.0148279326155679	-0.0266311212798276	0.0148279326155688	0.397736756975675	0.132990393512028	0.0148279326155692	0.132990393512031
1	1.9834225453696	1.03054271617426	1.98342254536964	1.98342252460438	1.06485587383508	1.00295871488089	1.06485587575392	1.03054271617561	1.00295871489027	1.02166885750785	1.00295871489027	1.98342252460442	1.06485587575392	1.00295871488089	1.06485587383509	4.99999999999999	0.63432596524962	0.0652123604548457	0.634325965249642	0.63432595621083	0.095620829949641	0.0164120735298378	0.0956208313889415	0.0652123604425001	0.0164120735547463	-0.0385885073114287	0.0164120735547473	0.634325956210852	0.0956208313889416	0.0164120735298388	0.0956208299496447
1	2.1703155111736	1.03045347361889	2.17031551117365	2.17031549380197	1.06048764915399	1.002867297357	1.06048764938706	1.03045347361851	1.0028672973621	1.0219776395156	1.0028672973621	2.17031549380202	1.06048764938706	1.002867297357	1.06048764915399	4.99999999999999	0.714589244986824	0.0652309486842157	0.714589244986848	0.714589237602267	0.0924789560358966	0.0162008214742485	0.0924789562182197	0.0652309486725543	0.0162008214877409	-0.0389920251971061	0.0162008214877419	0.714589237602292	0.0924789562182197	0.0162008214742494	0.0924789560359001
1	2.23027284970145	1.03044098587344	2.2302728497015	2.23027283464306	1.05935009754465	1.00283766252354	1.05935009759259	1.03044098587259	1.00283766252766	1.02205544778335	1.00283766252766	2.23027283464311	1.05935009759259	1.00283766252354	1.05935009754466	4.99999999999999	0.740078908629312	0.0652630325249769	0.740078908629338	0.74007890226259	0.0916619086965836	0.0161322316485187	0.0916619087344222	0.065263032514131	0.0161322316594472	-0.0391042738443046	0.0161322316594481	0.740078902262615	0.0916619087344222	0.0161322316485197	0.0916619086965872
1	2.24904400852132	1.0304378504015	2.24904400852137	2.24904399542358	1.05901127236314	1.00282844640339	1.05901127235887	1.03043785040062	1.0028284464069	1.02207917194413	1.00282844640691	2.24904399542362	1.05901127235887	1.0028284464034	1.05901127236315	4.99999999999999	0.748039707429671	0.0652746912703199	0.748039707429697	0.748039701900489	0.0914187236375519	0.0161109280081003	0.0914187236341747	0.0652746912606963	0.0161109280173991	-0.0391390480587136	0.0161109280174001	0.748039701900515	0.0914187236341747	0.0161109280081013	0.0914187236375555
1	2.25487832690466	1.03043695016497	2.25487832690471	2.2548783154783	1.05890752035914	1.00282558769828	1.05890752035978	1.03043695016417	1.00282558770132	1.022086489953	1.00282558770132	2.25487831547835	1.05890752035978	1.00282558769828	1.05890752035914	5	0.750512326148937	0.0652784697210596	0.750512326148963	0.750512321327577	0.0913442801456892	0.0161043224902011	0.0913442801461974	0.0652784697126094	0.0161043224982615	-0.0391498265668008	0.0161043224982624	0.750512321327603	0.0913442801461973	0.0161043224902021	0.0913442801456928
1	2.25668766524395	1.03043667819619	2.256687665244	2.25668765529024	1.05887549219034	1.00282470169182	1.05887549219019	1.03043667819548	1.00282470169447	1.02208875402825	1.00282470169447	2.25668765529029	1.05887549219019	1.00282470169182	1.05887549219035	5	0.75127897599486	0.0652796562547409	0.751278975994886	0.751278971795497	0.0913213018594682	0.0161022754606082	0.0913213018593433	0.0652796562473643	0.0161022754676128	-0.0391531663511796	0.0161022754676138	0.751278971795523	0.0913213018593433	0.0161022754606092	0.0913213018594717
1	2.25724838961104	1.03043659459357	2.25724838961109	2.25724838093392	1.0588655805545	1.00282442716391	1.05886558055454	1.03043659459295	1.00282442716621	1.02208945516095	1.00282442716621	2.25724838093397	1.05886558055454	1.00282442716391	1.0588655805545	5	0.751516550124824	0.0652800255719656	0.75151655012485	0.751516546464199	0.0913141910893608	0.0161016412135489	0.0913141910893918	0.0652800255655349	0.0161016412196518	-0.0391542010835819	0.0161016412196528	0.751516546464225	0.0913141910893917	0.0161016412135498	0.0913141910893643
1	2.25742212396196	1.03043656876781	2.25742212396201	2.25742211634919	1.05886251088609	1.00282434210918	1.0588625108861	1.03043656876727	1.00282434211121	1.02208967234882	1.00282434211121	2.25742211634924	1.0588625108861	1.00282434210918	1.0588625108861	5	0.751590158446322	0.0652801399758574	0.751590158446348	0.751590155234753	0.0913119888821489	0.0161014447123087	0.091311988882151	0.0652801399702148	0.0161014447176683	-0.0391545216694235	0.0161014447176693	0.751590155234779	0.091311988882151	0.0161014447123097	0.0913119888821524
1	2.25747594990931	1.03043656077458	2.25747594990936	2.2574759432061	1.05886155997341	1.00282431575814	1.05886155997342	1.0304365607741	1.00282431575992	1.02208973963296	1.00282431575992	2.25747594320615	1.05886155997342	1.00282431575814	1.05886155997342	5	0.751612963456982	0.0652801754051834	0.751612963457008	0.75161296062913	0.0913113066912769	0.0161013838339564	0.0913113066912785	0.0652801754002155	0.0161013838386784	-0.0391546209925547	0.0161013838386794	0.751612960629156	0.0913113066912785	0.0161013838339574	0.0913113066912804
1	2.25749262562188	1.03043655829573	2.25749262562193	2.25749261970904	1.05886126538097	1.00282430759436	1.05886126538097	1.03043655829531	1.00282430759593	1.02208976047826	1.00282430759593	2.25749261970909	1.05886126538097	1.00282430759436	1.05886126538098	5	0.751620028620037	0.0652801864277038	0.751620028620063	0.751620026125618	0.0913110953487973	0.0161013649733279	0.0913110953487991	0.0652801864233235	0.0161013649774944	-0.0391546517608086	0.0161013649774954	0.751620026125645	0.0913110953487991	0.0161013649733289	0.0913110953488009
1	2.25749779171121	1.03043655752556	2.25749779171126	2.2574977864904	1.05886117411433	1.0028243050652	1.05886117411433	1.03043655752519	1.00282430506659	1.02208976693646	1.00282430506659	2.25749778649045	1.05886117411433	1.0028243050652	1.05886117411434	5	0.751622217386754	0.0652801898768963	0.75162221738678	0.751622215184278	0.0913110298734194	0.0161013591302445	0.0913110298734212	0.0652801898730328	0.0161013591339241	-0.0391546612907283	0.0161013591339251	0.751622215184303	0.0913110298734211	0.0161013591302455	0.091311029873423
1	2.25749939201782	1.03043655728561	2.25749939201787	2.25749938740489	1.0588611458392	1.00282430428169	1.05886114583921	1.03043655728528	1.00282430428292	1.02208976893736	1.00282430428292	2.25749938740494	1.05886114583921	1.00282430428169	1.05886114583921	5	0.751622895404104	0.0652801909660109	0.75162289540413	0.751622893458071	0.0913110095885509	0.0161013573201238	0.0913110095885527	0.065280190962615	0.0161013573233752	-0.0391546642417399	0.0161013573233762	0.751622893458097	0.0913110095885527	0.0161013573201247	0.0913110095885545
1	2.25749988763238	1.03043655719811	2.25749988763243	2.25749988355506	1.05886113707947	1.00282430403901	1.05886113707947	1.0304365571978	1.00282430404009	1.02208976955832	1.00282430404009	2.25749988355511	1.05886113707947	1.00282430403901	1.05886113707947	5	0.751623105384833	0.065280191501012	0.751623105384859	0.751623103664753	0.0913110033034653	0.0161013567592917	0.0913110033034669	0.0652801914981403	0.0161013567621658	-0.0391546651423808	0.0161013567621668	0.75162310366478	0.0913110033034669	0.0161013567592927	0.0913110033034688
1	2.25750004101896	1.03043655719002	2.25750004101901	2.25750003741473	1.05886113436564	1.00282430396386	1.05886113436564	1.03043655718976	1.00282430396481	1.02208976974897	1.00282430396481	2.25750003741478	1.05886113436564	1.00282430396386	1.05886113436564	5	0.751623170373485	0.0652801913844147	0.751623170373511	0.751623168852988	0.09131100135739	0.0161013565858847	0.0913110013573915	0.0652801913818198	0.0161013565884254	-0.0391546654406575	0.0161013565884264	0.751623168853014	0.0913110013573915	0.0161013565858857	0.0913110013573935
1	2.25750008840302	1.03043655718796	2.25750008840308	2.25750008521696	1.05886113352483	1.00282430394061	1.05886113352483	1.03043655718773	1.00282430394146	1.02208976980818	1.00282430394146	2.25750008521701	1.05886113352483	1.00282430394061	1.05886113352483	5	0.75162319045002	0.0652801913365905	0.751623190450046	0.751623189105931	0.0913110007544819	0.0161013565322713	0.0913110007544834	0.0652801913343008	0.0161013565345172	-0.0391546655340298	0.0161013565345182	0.751623189105957	0.0913110007544834	0.0161013565322723	0.0913110007544855
