1	1.00691995283097	1.01309061263313	1.00691995283097	1.00688697366859	1.01287884641479	1.017906170777	1.01249120930842	1.01265616145782	1.01806074388971	1.02276732323056	1.01806074388971	1.00688697366859	1.01249120930842	1.017906170777	1.01287884641479	0.373967553947683	0.331201902040686	0.320529598404348	0.331201902040687	0.328830121312098	0.316700048863419	0.302988182782931	0.310898557513485	0.312705871448013	0.304132301011089	0.294474562161324	0.304132301011089	0.328830121312098	0.310898557513485	0.302988182782931	0.31670004886342
1	1.02077500925385	1.03855708760844	1.02077500925385	1.02058235985326	1.04069029749723	1.05198721506078	1.03703429625255	1.03612173233868	1.05206172966801	1.06275721953242	1.05206172966801	1.02058235985326	1.03703429625255	1.05198721506078	1.04069029749723	0.511542528581365	0.45610926179996	0.439746505068575	0.456109261799961	0.455196627627588	0.457910582117835	0.417922911622106	0.432283694172952	0.424868914053506	0.418167249601026	0.395670835907385	0.418167249601026	0.455196627627588	0.432283694172952	0.417922911622106	0.457910582117836
1	1.0271497055242	1.04994969037755	1.0271497055242	1.02703613443249	1.05232683776647	1.067819819579	1.04895017404497	1.04809435276907	1.06781061505525	1.09512727756477	1.06781061505525	1.02703613443249	1.04895017404497	1.06781981957901	1.05232683776647	0.562153533465533	0.499985009668873	0.48133992540084	0.499985009668874	0.499623938868498	0.490448025131293	0.460564788799032	0.478276064710292	0.475626319796461	0.460559270673478	0.490899697647296	0.460559270673478	0.499623938868498	0.478276064710292	0.460564788799033	0.490448025131294
1	1.02903808124213	1.05359395000403	1.02903808124213	1.02900958821583	1.05487553797608	1.07276045244712	1.05316297339901	1.05281381964629	1.07275793083315	1.11530010266068	1.07275793083315	1.02900958821583	1.05316297339901	1.07276045244712	1.05487553797608	0.580772281650644	0.512331267345455	0.495681231703117	0.512331267345455	0.512203585018644	0.499624539150289	0.473414110492236	0.494476988537337	0.493587151691405	0.473390875824065	0.530987010112063	0.473390875824065	0.512203585018645	0.494476988537337	0.473414110492237	0.49962453915029
1	1.02949073556275	1.05474116984448	1.02949073556275	1.02948393143785	1.05531516114068	1.0740725826129	1.05456976362649	1.05444845399239	1.07407052233422	1.12421564880256	1.07407052233422	1.02948393143785	1.05456976362649	1.0740725826129	1.05531516114068	0.587621736312118	0.515805905197427	0.500525556394052	0.515805905197428	0.515762046835098	0.502155336280063	0.477283251904999	0.500059974091309	0.499774394043836	0.477268701120586	0.546015668344778	0.477268701120586	0.515762046835099	0.500059974091309	0.477283251904999	0.502155336280064
1	1.02959801435829	1.05513450472555	1.02959801435829	1.02959627903398	1.05537539214063	1.07444081523359	1.05506774527878	1.05502853353558	1.07443925624939	1.12768024781862	1.07443925624939	1.02959627903398	1.05506774527878	1.07444081523359	1.05537539214062	0.59014150984106	0.51682250064523	0.502187541487966	0.516822500645231	0.51680755255372	0.502850658349135	0.478499810447549	0.502007638207419	0.50192011898724	0.478492492194044	0.551301133198679	0.478492492194045	0.516807552553721	0.502007638207419	0.478499810447549	0.502850658349136
1	1.02962351131995	1.05527524525677	1.02962351131995	1.02962302731561	1.05537382071017	1.07455155426631	1.0552493090984	1.05523735943102	1.07455061783945	1.12893340311752	1.07455061783945	1.02962302731561	1.0552493090984	1.07455155426631	1.05537382071017	0.591068482711784	0.517124883773663	0.502765157953523	0.517124883773663	0.517119800056432	0.503033214424131	0.478891649938581	0.502695293834494	0.502670193788415	0.478888259144145	0.553112824272527	0.478888259144146	0.517119800056433	0.502695293834494	0.478891649938581	0.503033214424133
1	1.02962914929553	1.055326169188	1.02962914929553	1.02962900394375	1.0553660818753	1.07458589104377	1.05531605365991	1.05531268524989	1.07458540115848	1.12937027962484	1.07458540115848	1.02962900394375	1.05531605365991	1.07458589104377	1.0553660818753	0.591409496993164	0.517214291018241	0.502967450266051	0.517214291018242	0.517212562141812	0.503075430749716	0.479018547267053	0.502940138411153	0.502933754940793	0.479017042226177	0.553728347003806	0.479017042226177	0.517212562141813	0.502940138411153	0.479018547267053	0.503075430749717
1	1.0296301058949	1.05534465414583	1.0296301058949	1.02963006001987	1.05536073280385	1.07459655546563	1.05534068528969	1.05533986251301	1.07459631936991	1.12952007827479	1.07459631936991	1.02963006001987	1.05534068528969	1.07459655546563	1.05536073280385	0.591534949100734	0.517240150681829	0.503038681117164	0.51724015068183	0.517239562103357	0.503082076838249	0.479059471023468	0.503027931152137	0.503026727708708	0.47905882088949	0.553936935281977	0.479058820889491	0.517239562103358	0.503027931152137	0.479059471023469	0.50308207683825
1	1.02963010412394	1.05535138294513	1.02963010412394	1.02963008916141	1.05535784150859	1.0745998148649	1.05534981580713	1.05534968096171	1.07459970682715	1.1295711067687	1.07459970682715	1.0296300891614	1.05534981580713	1.0745998148649	1.05535784150859	0.591581100380963	0.517247348946333	0.503063882358342	0.517247348946334	0.517247148205953	0.503081291034724	0.479072541990967	0.503059623888586	0.503059641818626	0.479072266463537	0.554007597572041	0.479072266463537	0.517247148205954	0.503059623888586	0.479072541990968	0.503081291034725
