1	1.02453416673012	1.03795107009217	1.02453416673012	1.02692128235718	1.04184873940117	1.05455757329323	1.04184873940117	1.04138295386849	1.0567307934027	1.06846892423838	1.0567307934027	1.02692128235718	1.04184873940117	1.05455757329323	1.04184873940117	0.520013297395359	0.375471179506249	0.326214142452324	0.375471179506251	0.374365927192738	0.33492029770041	0.312868093608194	0.334920297700412	0.324187848267579	0.313993016263475	0.300471875286866	0.313993016263476	0.374365927192739	0.334920297700412	0.312868093608194	0.334920297700412
1	1.03005317234931	1.04494570515084	1.03005317234931	1.03291909700563	1.04977093547197	1.06368825529083	1.04977093547197	1.04888987026231	1.06622991625544	1.07915551423195	1.06622991625544	1.03291909700563	1.04977093547197	1.06368825529083	1.04977093547197	0.564257627150789	0.38883613392157	0.333219532824933	0.388836133921572	0.387543631374569	0.342886641914851	0.318237780075439	0.342886641914852	0.330965009442727	0.319487321487018	0.304798235929726	0.319487321487018	0.387543631374571	0.342886641914852	0.318237780075439	0.342886641914853
1	1.03302328819587	1.04828563370196	1.03302328819587	1.03614524800778	1.05363825556279	1.06787594962293	1.05363825556279	1.05246511547631	1.07060857728622	1.08390848142837	1.07060857728623	1.03614524800778	1.05363825556279	1.06787594962293	1.05363825556279	0.591093169609679	0.395729945792522	0.33680909913047	0.395729945792524	0.394375922665178	0.347014353585512	0.321215308982191	0.347014353585513	0.33447994304308	0.322560640337132	0.307363075054597	0.322560640337133	0.394375922665179	0.347014353585513	0.321215308982192	0.347014353585514
1	1.03460293300585	1.04990625253272	1.03460293300585	1.03786294029724	1.05555373686986	1.069877539422	1.05555373686986	1.05420144563616	1.07271562840331	1.08615047369943	1.07271562840331	1.03786294029724	1.05555373686986	1.069877539422	1.05555373686986	0.607369748897166	0.399289107257788	0.338635400574579	0.39928910725779	0.397919884061934	0.349138222086891	0.322806635473748	0.349138222086892	0.336283560981645	0.324214365036227	0.308775441109405	0.324214365036227	0.397919884061936	0.349138222086892	0.322806635473749	0.349138222086894
1	1.03543579703294	1.0507019007774	1.03543579703294	1.03877047909028	1.05651197984267	1.07086150003354	1.05651197984267	1.05505641528789	1.0737590895509	1.08724963416423	1.0737590895509	1.03877047909028	1.05651197984267	1.07086150003354	1.05651197984267	0.61724199322826	0.40112768842095	0.33956123094067	0.401127688420952	0.399758636379685	0.350226816316974	0.323641352922368	0.350226816316974	0.337203858279011	0.325087011081166	0.309527838869942	0.325087011081166	0.399758636379687	0.350226816316974	0.323641352922369	0.350226816316976
1	1.03587225264809	1.05109581292399	1.03587225264809	1.03924735179291	1.05699454512384	1.07135383626097	1.05699454512384	1.05548139891055	1.07428503264198	1.08780098317917	1.07428503264198	1.03924735179291	1.05699454512384	1.07135383626097	1.05699454512384	0.623229812009951	0.402077785299529	0.340029793489992	0.402077785299531	0.400712770768065	0.350783594121317	0.324074883813311	0.350783594121316	0.337672102016639	0.325542761708373	0.30992225453588	0.325542761708374	0.400712770768066	0.350783594121316	0.324074883813311	0.350783594121319
1	1.03610001252944	1.05129200077013	1.03610001252944	1.03949696836935	1.05723862575818	1.07160281811879	1.05723862575818	1.05569400990494	1.07455287285056	1.08808110531865	1.07455287285056	1.03949696836935	1.05723862575818	1.07160281811879	1.05723862575818	0.62686160773239	0.402568841448985	0.34026680645131	0.402568841448987	0.401207876590223	0.351068047215191	0.324298847826941	0.351068047215192	0.337910035162024	0.325779447024335	0.310127332871857	0.325779447024336	0.401207876590226	0.351068047215192	0.324298847826942	0.351068047215194
1	1.03621852261631	1.05139013589384	1.03621852261631	1.03962727932647	1.0573624374577	1.07172952115614	1.0573624374577	1.05580084698508	1.07469006850362	1.08822441199668	1.07469006850362	1.03962727932647	1.0573624374577	1.07172952115614	1.0573624374577	0.629064403166599	0.402822657455995	0.340386709337307	0.402822657455997	0.401464767561991	0.351213293762864	0.324414212869971	0.351213293762865	0.338030890773844	0.325901979723654	0.31023351428712	0.325901979723655	0.401464767561993	0.351213293762865	0.324414212869971	0.351213293762866
1	1.03628006313182	1.05143938260954	1.03628006313182	1.03969517909465	1.05742536309269	1.07179423271228	1.05742536309269	1.0558547011161	1.07476056957968	1.08829799310427	1.07476056957968	1.03969517909465	1.05742536309269	1.07179423271228	1.05742536309269	0.630400466090091	0.402953845422682	0.34044739758258	0.402953845422684	0.401598037725306	0.351287444846269	0.324473544703648	0.35128744484627	0.338092285275924	0.32596530186553	0.31028836808265	0.32596530186553	0.401598037725308	0.35128744484627	0.324473544703649	0.351287444846272
1	1.03631197518571	1.05146415753467	1.03631197518571	1.03973051096508	1.05745738665775	1.07182735274447	1.05745738665775	1.05588191036981	1.07479686028644	1.08833584458315	1.07479686028644	1.03973051096507	1.05745738665775	1.07182735274447	1.05745738665775	0.631210829165609	0.403021645635654	0.340478136519522	0.403021645635656	0.401667162057609	0.351325300835405	0.324504033441912	0.351325300835407	0.338123486241774	0.325997991096518	0.310316671700934	0.325997991096518	0.401667162057611	0.351325300835407	0.324504033441912	0.351325300835407
1	1.03632850661918	1.051476646273	1.03632850661918	1.03974887765126	1.05747369928202	1.07184432478404	1.05747369928202	1.05589568197355	1.07481555748441	1.08835533445066	1.07481555748441	1.03974887765126	1.05747369928202	1.07184432478404	1.05747369928202	0.631702339434767	0.403056681773277	0.340493718843192	0.403056681773279	0.401703007427727	0.351344629949346	0.324519694138027	0.351344629949346	0.338139351708767	0.32601485595048	0.310331266301138	0.326014855950481	0.401703007427729	0.351344629949346	0.324519694138028	0.351344629949348
1	1.03633706408932	1.05148295225436	1.03633706408932	1.03975841802066	1.05748201476916	1.07185302838651	1.05748201476916	1.05590266225615	1.07482519451268	1.08836537447623	1.07482519451268	1.03975841802066	1.05748201476916	1.07185302838651	1.05748201476916	0.632000455492996	0.403074784217437	0.340501624726705	0.403074784217439	0.401721591032539	0.3513545012719	0.324527736721853	0.351354501271901	0.33814742429874	0.326023553227698	0.310338788988011	0.326023553227699	0.401721591032541	0.351354501271901	0.324527736721853	0.351354501271902
1	1.03634149137337	1.05148614096799	1.03634149137337	1.03976337068928	1.05748625603876	1.07185749381227	1.05748625603876	1.05590620453544	1.07483016255379	1.08837054754149	1.07483016255379	1.03976337068928	1.05748625603876	1.07185749381227	1.05748625603876	0.632181271932118	0.403084135894605	0.340505639372072	0.403084135894607	0.401731223098613	0.351359543727176	0.324531866711446	0.351359543727178	0.338151534486153	0.326028037223357	0.310342665584326	0.326028037223358	0.401731223098615	0.351359543727178	0.324531866711447	0.351359543727178
1	1.03634378086819	1.05148775546041	1.03634378086819	1.03976594049841	1.05748842028858	1.07185978551394	1.05748842028858	1.0559080040118	1.07483272377131	1.0883732131297	1.07483272377131	1.03976594049841	1.05748842028858	1.07185978551394	1.05748842028858	0.632290942457353	0.403088966147032	0.340507679765911	0.403088966147034	0.401736214242736	0.351362120159387	0.324533987504802	0.351362120159387	0.33815362858877	0.32603034853153	0.310344662941899	0.32603034853153	0.401736214242738	0.351362120159387	0.324533987504802	0.351362120159389
1	1.03634496442942	1.0514885738498	1.03634496442942	1.03976727336412	1.05748952512947	1.07186096194103	1.05748952512947	1.05590891899657	1.07483404422478	1.08837458675915	1.07483404422478	1.03976727336412	1.05748952512947	1.07186096194103	1.05748952512947	0.632357460436828	0.403091460512585	0.340508717566931	0.403091460512587	0.401738799804413	0.35136343684855	0.324535076486667	0.351363436848549	0.338154696145948	0.326031539600052	0.310345691804485	0.326031539600052	0.401738799804416	0.351363436848549	0.324535076486668	0.351363436848552
1	1.0363455760752	1.05148898913477	1.0363455760752	1.03976796439176	1.05749008931932	1.07186156581153	1.05749008931932	1.05590938463519	1.07483472474671	1.08837529436635	1.07483472474671	1.03976796439176	1.05749008931932	1.07186156581153	1.05749008931932	0.632397806016515	0.403092748646705	0.340509245972472	0.403092748646707	0.401740139137369	0.351364110104675	0.324535635916087	0.351364110104675	0.338155240860946	0.326032153587646	0.310346222010355	0.326032153587646	0.401740139137371	0.351364110104675	0.324535635916088	0.351364110104677
1	1.03634589209876	1.05148920008699	1.03634589209876	1.03976832255994	1.05749037754168	1.07186187586477	1.05749037754168	1.05590962179941	1.07483507549467	1.08837565892827	1.07483507549467	1.03976832255994	1.05749037754168	1.07186187586477	1.05749037754168	0.632422277081527	0.403093413762746	0.340509515215583	0.403093413762748	0.401740832761909	0.351364454445962	0.324535923311917	0.351364454445964	0.338155518963746	0.3260324700438	0.310346495201183	0.326032470043801	0.401740832761911	0.351364454445964	0.324535923311918	0.351364454445965
1	1.03634605535007	1.05148930734662	1.03634605535007	1.03976850815545	1.05749052483652	1.07186203508962	1.05749052483652	1.05590974268711	1.07483525627479	1.08837584675999	1.07483525627479	1.03976850815545	1.05749052483652	1.07186203508962	1.05749052483652	0.632437119674631	0.403093757140717	0.340509652502769	0.403093757140719	0.401741191904722	0.351364630607398	0.324536070963787	0.351364630607399	0.338155661029345	0.326032633130065	0.310346635950076	0.326032633130066	0.401741191904724	0.351364630607399	0.324536070963788	0.3513646306074
1	1.03634613966761	1.05148936193141	1.03634613966761	1.03976860430393	1.05749060013592	1.07186211687007	1.05749060013592	1.05590980434972	1.07483534944832	1.08837594353562	1.07483534944832	1.03976860430393	1.05749060013592	1.07186211687007	1.05749060013592	0.632446122248486	0.403093934392051	0.340509722552592	0.403093934392053	0.401741377822646	0.351364720753104	0.324536146826399	0.351364720753104	0.338155733641361	0.326032717169447	0.310346708459432	0.326032717169447	0.401741377822648	0.351364720753104	0.324536146826399	0.351364720753106
1	1.03634618320961	1.05148938973257	1.03634618320961	1.03976865410254	1.05749063864207	1.07186215887901	1.05749063864207	1.05590983582333	1.07483539746734	1.08837599339573	1.07483539746734	1.03976865410254	1.05749063864207	1.07186215887901	1.05749063864207	0.632451582637747	0.403094025877499	0.340509758317668	0.403094025877501	0.401741474048337	0.351364766894438	0.324536185807192	0.35136476689444	0.338155770773674	0.32603276047241	0.310346745812039	0.32603276047241	0.401741474048339	0.35136476689444	0.324536185807193	0.35136476689444
1	1.03634620569152	1.05148940390309	1.03634620569152	1.0397686798893	1.05749065833889	1.07186218046048	1.05749065833889	1.05590985189782	1.07483542221361	1.08837601908351	1.07483542221361	1.0397686798893	1.05749065833889	1.07186218046048	1.05749065833889	0.63245489456291	0.403094073090671	0.340509776588988	0.403094073090673	0.401741523842753	0.351364790517923	0.324536205838504	0.351364790517925	0.338155789771647	0.326032782783819	0.310346765053154	0.326032782783819	0.401741523842755	0.351364790517925	0.324536205838505	0.351364790517926
1	1.03634621729788	1.05148941113109	1.03634621729788	1.03976869323944	1.05749066841711	1.07186219154877	1.05749066841711	1.05590986011224	1.07483543496571	1.08837603231731	1.07483543496571	1.03976869323944	1.05749066841711	1.07186219154877	1.05749066841711	0.632456903366269	0.403094097453408	0.340509785928482	0.40309409745341	0.401741549605609	0.351364802615651	0.324536216132993	0.351364802615653	0.338155799496035	0.326032794278975	0.31034677496433	0.326032794278976	0.401741549605611	0.351364802615653	0.324536216132994	0.351364802615653
1	1.03634622328891	1.05148941482036	1.03634622328891	1.03976870014962	1.05749067357519	1.07186219724632	1.05749067357519	1.05590986431224	1.07483544153669	1.08837603913485	1.07483544153669	1.03976870014962	1.05749067357519	1.07186219724632	1.05749067357519	0.632458121778744	0.403094110023649	0.34050979070492	0.403094110023651	0.401741562932683	0.351364808812443	0.324536221423978	0.351364808812445	0.33815580447576	0.326032800201193	0.310346780069475	0.326032800201193	0.401741562932685	0.351364808812445	0.324536221423978	0.351364808812445
1	1.03634622638101	1.05148941670459	1.03634622638101	1.03976870372573	1.0574906762158	1.0718622001742	1.05749067621581	1.05590986646077	1.07483544492245	1.08837604264686	1.07483544492245	1.03976870372573	1.05749067621581	1.0718622001742	1.0574906762158	0.632458860790332	0.403094116508775	0.340509793148903	0.403094116508777	0.401741569825655	0.351364811987342	0.324536224143577	0.351364811987344	0.338155807026847	0.326032803252162	0.310346782699021	0.326032803252162	0.401741569825657	0.351364811987344	0.324536224143578	0.351364811987344
1	1.03634622797671	1.05148941766749	1.03634622797671	1.03976870557608	1.05749067756798	1.07186220167891	1.05749067756798	1.05590986756038	1.07483544666692	1.088376044456	1.07483544666692	1.03976870557608	1.05749067756798	1.07186220167891	1.05749067756798	0.632459309027802	0.403094119854218	0.340509794399999	0.40309411985422	0.401741573390269	0.351364813614352	0.324536225541583	0.351364813614355	0.338155808334255	0.326032804823889	0.310346784053412	0.32603280482389	0.401741573390271	0.351364813614355	0.324536225541583	0.351364813614354
