1	1.04185978693627	1.06923477664397	1.04185978693627	1.04185978693624	1.06923477664396	1.10511617207242	1.06923477664393	1.06923477664392	1.10511617207237	1.24545657112876	1.10511617207237	1.04185978693624	1.06923477664393	1.10511617207242	1.06923477664396	0.668072362719956	0.511307130355245	0.461913257017425	0.511307130355246	0.511307130355142	0.461913257017408	0.467599929772093	0.461913257017348	0.461913257017335	0.467599929772023	0.659564116883363	0.467599929772024	0.511307130355144	0.461913257017348	0.467599929772094	0.46191325701741
1	1.04783195192015	1.07779396811667	1.04783195192015	1.04783195192013	1.07779396811666	1.11734628765406	1.07779396811664	1.07779396811663	1.11734628765402	1.30944699554873	1.11734628765402	1.04783195192013	1.07779396811664	1.11734628765406	1.07779396811666	0.724860862913802	0.514632471646508	0.465488060667832	0.51463247164651	0.51463247164645	0.465488060667818	0.469465850852814	0.46548806066779	0.465488060667778	0.46946585085277	0.720271216665502	0.469465850852771	0.514632471646452	0.46548806066779	0.469465850852815	0.46548806066782
1	1.04820853302636	1.07837242822938	1.04820853302636	1.04820853302635	1.07837242822937	1.11725862455234	1.07837242822936	1.07837242822936	1.11725862455232	1.34529609199102	1.11725862455232	1.04820853302635	1.07837242822936	1.11725862455234	1.07837242822937	0.759304829404079	0.506169793741932	0.460655230410124	0.506169793741934	0.506169793741897	0.460655230410115	0.462746198886406	0.460655230410101	0.460655230410093	0.462746198886381	0.754096154297419	0.462746198886382	0.506169793741899	0.460655230410101	0.462746198886407	0.460655230410117
1	1.04682184301189	1.07664760382201	1.04682184301189	1.04682184301188	1.07664760382201	1.113872457556	1.076647603822	1.076647603822	1.11387245755599	1.3658248278391	1.11387245755599	1.04682184301188	1.076647603822	1.113872457556	1.07664760382201	0.780196151124881	0.496839615314217	0.454673642141901	0.49683961531422	0.496839615314196	0.454673642141893	0.455311466350754	0.454673642141887	0.454673642141881	0.455311466350738	0.772119093269724	0.455311466350738	0.496839615314199	0.454673642141887	0.455311466350755	0.454673642141896
1	1.0452211100561	1.07464751041601	1.0452211100561	1.04522111005609	1.07464751041601	1.11031017662243	1.07464751041601	1.074647510416	1.11031017662242	1.37733173190994	1.11031017662242	1.04522111005609	1.07464751041601	1.11031017662243	1.07464751041601	0.79286737826388	0.489400472254458	0.449648466423046	0.489400472254461	0.489400472254449	0.449648466423044	0.449255721427789	0.449648466423042	0.449648466423039	0.449255721427777	0.781511937360883	0.449255721427777	0.489400472254451	0.449648466423042	0.44925572142779	0.449648466423047
1	1.04388644314704	1.07296647675943	1.04388644314703	1.04388644314703	1.07296647675943	1.1074140832337	1.07296647675942	1.07296647675942	1.1074140832337	1.38356689976532	1.1074140832337	1.04388644314703	1.07296647675942	1.1074140832337	1.07296647675943	0.800552866025946	0.484019923895811	0.445880970058859	0.484019923895814	0.484019923895805	0.44588097005886	0.444774921414619	0.445880970058858	0.445880970058853	0.444774921414613	0.786359714013497	0.444774921414614	0.484019923895807	0.445880970058858	0.444774921414619	0.445880970058863
1	1.04289277120232	1.071699267096	1.04289277120232	1.04289277120232	1.071699267096	1.1052668056412	1.071699267096	1.07169926709599	1.1052668056412	1.38684879099515	1.1052668056412	1.04289277120232	1.071699267096	1.1052668056412	1.071699267096	0.805214349987953	0.480275279686823	0.443187115851609	0.480275279686826	0.480275279686822	0.443187115851612	0.441592258347957	0.443187115851614	0.443187115851606	0.441592258347955	0.788856128991863	0.441592258347956	0.480275279686824	0.443187115851614	0.441592258347958	0.443187115851615
1	1.04219012904454	1.07079041039622	1.04219012904454	1.04219012904454	1.07079041039622	1.10374104125446	1.07079041039622	1.07079041039622	1.10374104125446	1.38854077764232	1.10374104125446	1.04219012904454	1.07079041039622	1.10374104125446	1.07079041039622	0.808041682930232	0.477714629804119	0.44130643209595	0.477714629804122	0.47771462980412	0.441306432095955	0.439378572733104	0.441306432095957	0.441306432095953	0.439378572733103	0.790145094316322	0.439378572733103	0.477714629804123	0.441306432095958	0.439378572733105	0.441306432095958
1	1.04170604029849	1.0701554533942	1.04170604029849	1.04170604029849	1.0701554533942	1.10268093589738	1.0701554533942	1.0701554533942	1.10268093589737	1.38940119256263	1.10268093589738	1.04170604029849	1.0701554533942	1.10268093589738	1.0701554533942	0.809756547055012	0.475979360973747	0.440011494435494	0.47597936097375	0.475979360973746	0.440011494435495	0.437857730205694	0.440011494435497	0.440011494435494	0.437857730205694	0.790814753463925	0.437857730205695	0.475979360973749	0.440011494435497	0.437857730205695	0.440011494435498
1	1.04137710301024	1.06971851366803	1.04137710301024	1.04137710301024	1.06971851366803	1.10195384014073	1.06971851366803	1.06971851366803	1.10195384014073	1.38983487717918	1.10195384014073	1.04137710301024	1.06971851366803	1.10195384014073	1.06971851366803	0.810796664726727	0.474809402478789	0.439127686218958	0.474809402478792	0.474809402478786	0.439127686218957	0.436821158052193	0.439127686218958	0.439127686218956	0.436821158052191	0.791165848386185	0.436821158052192	0.474809402478789	0.439127686218958	0.436821158052194	0.43912768621896
1	1.04115527135782	1.06942062540455	1.04115527135782	1.04115527135782	1.06942062540455	1.1014591205098	1.06942062540455	1.06942062540455	1.1014591205098	1.39005220992501	1.1014591205098	1.04115527135782	1.06942062540455	1.1014591205098	1.06942062540455	0.811427527985056	0.474023017920532	0.43852805393931	0.474023017920535	0.474023017920533	0.438528053939311	0.436118474171282	0.438528053939312	0.438528053939312	0.436118474171282	0.791352106858143	0.436118474171283	0.474023017920536	0.438528053939312	0.436118474171283	0.438528053939314
1	1.04100629536657	1.06921875705214	1.04100629536657	1.04100629536657	1.06921875705214	1.10112426350734	1.06921875705214	1.06921875705214	1.10112426350734	1.39016068241082	1.10112426350734	1.04100629536657	1.06921875705214	1.10112426350734	1.06921875705214	0.811810165893589	0.473495484288703	0.438122912881982	0.473495484288706	0.473495484288704	0.438122912881984	0.435643947833589	0.438122912881986	0.438122912881981	0.43564394783359	0.791452345323445	0.435643947833591	0.473495484288706	0.438122912881986	0.43564394783359	0.438122912881987
1	1.04090648084707	1.06908251047751	1.04090648084707	1.04090648084707	1.06908251047751	1.10089841379144	1.06908251047751	1.06908251047751	1.10089841379144	1.39021464791333	1.10089841379144	1.04090648084707	1.06908251047751	1.10089841379144	1.06908251047751	0.812042247516845	0.473142048061562	0.437849990611585	0.473142048061564	0.473142048061561	0.437849990611588	0.435324377084358	0.437849990611589	0.437849990611587	0.435324377084357	0.791507198852439	0.435324377084358	0.473142048061564	0.437849990611589	0.435324377084359	0.437849990611591
1	1.04083969200454	1.06899081042777	1.04083969200454	1.04083969200454	1.06899081042777	1.10074646331106	1.06899081042777	1.06899081042777	1.10074646331106	1.39024141365606	1.10074646331106	1.04083969200454	1.06899081042777	1.10074646331106	1.06899081042777	0.812183012140094	0.472905453628982	0.437666530638408	0.472905453628984	0.47290545362898	0.437666530638408	0.435109591488372	0.43766653063841	0.437666530638407	0.435109591488374	0.791537783047536	0.435109591488375	0.472905453628983	0.43766653063841	0.435109591488373	0.437666530638411
1	1.04079503389275	1.06892921343622	1.04079503389275	1.04079503389275	1.06892921343622	1.10064441283307	1.06892921343622	1.06892921343622	1.10064441283307	1.39025464343965	1.10064441283307	1.04079503389275	1.06892921343622	1.10064441283307	1.06892921343622	0.812268390203397	0.47274716405002	0.437543399778366	0.472747164050023	0.472747164050023	0.437543399778371	0.434965444359596	0.437543399778371	0.437543399778367	0.434965444359597	0.79155518245328	0.434965444359598	0.472747164050026	0.437543399778371	0.434965444359597	0.437543399778374
1	1.04076518504756	1.06888789533353	1.04076518504756	1.04076518504756	1.06888789533353	1.10057596324174	1.06888789533353	1.06888789533353	1.10057596324174	1.39026115510182	1.10057596324174	1.04076518504756	1.06888789533353	1.10057596324174	1.06888789533353	0.812320174617233	0.472641303260152	0.437460853470604	0.472641303260155	0.472641303260155	0.437460853470608	0.434868808959767	0.43746085347061	0.437460853470607	0.434868808959769	0.791565289155191	0.43486880895977	0.472641303260158	0.437460853470609	0.434868808959768	0.437460853470611
1	1.04074523853331	1.0688602079423	1.04074523853331	1.04074523853331	1.0688602079423	1.1005300943649	1.0688602079423	1.0688602079423	1.1005300943649	1.39026434206447	1.1005300943649	1.04074523853331	1.0688602079423	1.1005300943649	1.0688602079423	0.812351583452038	0.472570523819785	0.437405561047852	0.472570523819787	0.472570523819787	0.437405561047855	0.434804077125778	0.437405561047856	0.437405561047857	0.434804077125778	0.791571282161279	0.434804077125779	0.47257052381979	0.437405561047856	0.434804077125778	0.437405561047858
1	1.04073191053239	1.06884166814099	1.04073191053239	1.04073191053239	1.06884166814099	1.10049937842676	1.06884166814099	1.06884166814099	1.10049937842676	1.39026588975125	1.10049937842676	1.04073191053239	1.06884166814099	1.10049937842676	1.06884166814099	0.812370633873323	0.47252320817701	0.437368546965542	0.472523208177013	0.472523208177015	0.437368546965549	0.434760741964207	0.43736854696555	0.437368546965549	0.434760741964208	0.791574906311193	0.434760741964209	0.472523208177018	0.43736854696555	0.434760741964208	0.437368546965552
1	1.0407230052577	1.06882926030472	1.0407230052577	1.0407230052577	1.06882926030472	1.10047882018947	1.06882926030472	1.06882926030472	1.10047882018947	1.39026663318268	1.10047882018947	1.0407230052577	1.06882926030472	1.10047882018947	1.06882926030472	0.812382188537862	0.472491581577944	0.437343780044346	0.472491581577946	0.472491581577949	0.437343780044351	0.434731743857411	0.437343780044352	0.43734378004435	0.434731743857413	0.791577137674308	0.434731743857414	0.472491581577951	0.437343780044352	0.434731743857412	0.437343780044354
1	1.04071705519653	1.06882095969292	1.04071705519653	1.04071705519653	1.06882095969293	1.1004650661317	1.06882095969292	1.06882095969292	1.1004650661317	1.39026698334267	1.1004650661317	1.04071705519653	1.06882095969292	1.1004650661317	1.06882095969293	0.812389196799721	0.47247044331259	0.437327213348786	0.472470443312593	0.472470443312597	0.437327213348788	0.434712345725838	0.437327213348788	0.437327213348788	0.434712345725841	0.791578533504772	0.434712345725842	0.472470443312599	0.437327213348788	0.434712345725839	0.437327213348791
1	1.04071307955348	1.06881540821992	1.04071307955348	1.04071307955348	1.06881540821992	1.10045586664963	1.06881540821992	1.06881540821992	1.10045586664963	1.39026714480302	1.10045586664963	1.04071307955348	1.06881540821992	1.10045586664963	1.06881540821992	0.812393447526375	0.472456315883597	0.43731613459502	0.472456315883599	0.472456315883601	0.43731613459502	0.434699372794059	0.437316134595021	0.437316134595021	0.434699372794064	0.79157941858533	0.434699372794064	0.472456315883604	0.43731613459502	0.43469937279406	0.437316134595023
1	1.04071042308692	1.06881169612968	1.04071042308692	1.04071042308692	1.06881169612968	1.1004497147802	1.06881169612968	1.06881169612968	1.1004497147802	1.39026721671601	1.1004497147802	1.04071042308692	1.06881169612968	1.1004497147802	1.06881169612968	0.812396025722332	0.472446874384445	0.437308727202906	0.472446874384448	0.472446874384452	0.437308727202908	0.434690698525179	0.437308727202909	0.437308727202905	0.43469069852518	0.791579986178075	0.434690698525181	0.472446874384454	0.437308727202909	0.43469069852518	0.437308727202911
1	1.04070864802699	1.06880921433912	1.04070864802699	1.04070864802699	1.06880921433912	1.10044560152632	1.06880921433912	1.06880921433912	1.10044560152632	1.39026724704375	1.10044560152632	1.04070864802699	1.06880921433912	1.10044560152632	1.06880921433912	0.812397589476655	0.47244056470848	0.437303775222783	0.472440564708483	0.472440564708484	0.43730377522278	0.434684899389163	0.437303775222781	0.437303775222777	0.434684899389163	0.791580353527968	0.434684899389164	0.472440564708487	0.437303775222781	0.434684899389165	0.437303775222783
1	1.04070746188188	1.06880755524247	1.04070746188188	1.04070746188188	1.06880755524247	1.100442851574	1.06880755524247	1.06880755524247	1.100442851574	1.39026725891081	1.100442851574	1.04070746188188	1.06880755524247	1.100442851574	1.06880755524247	0.812398537940642	0.472436348109559	0.437300465106564	0.472436348109561	0.47243634810956	0.437300465106559	0.434681022895344	0.437300465106561	0.437300465106559	0.434681022895343	0.791580593024707	0.434681022895344	0.472436348109563	0.437300465106561	0.434681022895344	0.437300465106562
1	1.04070666898505	1.06880644575821	1.04070666898505	1.04070666898505	1.06880644575821	1.10044101209313	1.06880644575821	1.06880644575821	1.10044101209313	1.39026726747899	1.10044101209313	1.04070666898505	1.06880644575821	1.10044101209313	1.06880644575821	0.812399113207695	0.472433530630457	0.437298253062123	0.472433530630459	0.47243353063046	0.437298253062118	0.434678432608649	0.437298253062121	0.437298253062121	0.434678432608647	0.791580749984137	0.434678432608648	0.472433530630462	0.437298253062121	0.43467843260865	0.43729825306212
1	1.04070613944713	1.06880570471326	1.04070613944713	1.04070613944714	1.06880570471326	1.100439783844	1.06880570471326	1.06880570471326	1.100439783844	1.39026726601674	1.100439783844	1.04070613944713	1.06880570471326	1.100439783844	1.06880570471326	0.812399462128136	0.472431647643499	0.437296774332155	0.472431647643502	0.472431647643497	0.437296774332151	0.434676700677277	0.437296774332153	0.437296774332154	0.434676700677275	0.791580853457022	0.434676700677276	0.4724316476435	0.437296774332153	0.434676700677278	0.437296774332154
1	1.04070578567855	1.06880520956979	1.04070578567855	1.04070578567855	1.06880520956979	1.10043896322703	1.06880520956979	1.06880520956979	1.10043896322703	1.39026726265147	1.10043896322703	1.04070578567855	1.06880520956979	1.10043896322703	1.06880520956979	0.812399673761105	0.47243038916315	0.437295785884406	0.472430389163152	0.472430389163147	0.437295785884399	0.434675542868563	0.437295785884401	0.437295785884402	0.434675542868562	0.791580921881629	0.434675542868563	0.472430389163149	0.437295785884401	0.434675542868564	0.437295785884401
1	1.04070554929351	1.06880487867438	1.04070554929351	1.04070554929351	1.06880487867438	1.10043841482256	1.06880487867438	1.06880487867438	1.10043841482256	1.39026725951691	1.10043841482256	1.04070554929351	1.06880487867438	1.10043841482256	1.06880487867438	0.812399802124216	0.472429548060744	0.437295125192688	0.472429548060746	0.472429548060741	0.437295125192684	0.434674768935155	0.437295125192687	0.437295125192687	0.434674768935157	0.79158096724318	0.434674768935158	0.472429548060744	0.437295125192687	0.434674768935156	0.437295125192686
1	1.04070539132737	1.06880465752688	1.04070539132737	1.04070539132737	1.06880465752688	1.10043804829871	1.06880465752688	1.06880465752688	1.10043804829871	1.39026725705792	1.10043804829871	1.04070539132737	1.06880465752688	1.10043804829871	1.06880465752688	0.812399879981123	0.472428985911345	0.437294683590723	0.472428985911348	0.472428985911346	0.43729468359072	0.434674251627884	0.437294683590722	0.437294683590721	0.434674251627887	0.791580997374359	0.434674251627888	0.472428985911349	0.437294683590722	0.434674251627885	0.437294683590723
1	1.04070528575942	1.06880450972297	1.04070528575942	1.04070528575942	1.06880450972297	1.10043780332635	1.06880450972297	1.06880450972297	1.10043780332635	1.39026725525244	1.10043780332635	1.04070528575942	1.06880450972297	1.10043780332635	1.06880450972297	0.812399927204175	0.472428610199956	0.43729438843284	0.472428610199959	0.472428610199961	0.437294388432837	0.434673905863288	0.437294388432839	0.437294388432838	0.434673905863291	0.791581017419067	0.434673905863292	0.472428610199963	0.437294388432839	0.434673905863289	0.43729438843284
1	1.04070521520674	1.06880441093727	1.04070521520674	1.04070521520674	1.06880441093727	1.1004376395939	1.06880441093727	1.06880441093727	1.1004376395939	1.39026725396978	1.1004376395939	1.04070521520674	1.06880441093727	1.1004376395939	1.06880441093727	0.812399955846678	0.472428359094213	0.437294191157965	0.472428359094215	0.472428359094217	0.437294191157961	0.434673674761098	0.437294191157963	0.437294191157964	0.434673674761097	0.791581030769094	0.434673674761098	0.47242835909422	0.437294191157963	0.434673674761099	0.437294191157964
1	1.04070516805445	1.06880434491312	1.04070516805445	1.04070516805445	1.06880434491312	1.10043753016015	1.06880434491312	1.06880434491312	1.10043753016015	1.3902672530758	1.10043753016015	1.04070516805445	1.06880434491312	1.10043753016015	1.06880434491312	0.8123999732194	0.47242819126841	0.437294059306492	0.472428191268412	0.472428191268412	0.437294059306491	0.434673520299006	0.437294059306493	0.43729405930649	0.434673520299005	0.791581039668111	0.434673520299006	0.472428191268414	0.437294059306493	0.434673520299007	0.437294059306494
