1	1.00064190473823	1.00048601079877	1.00064190473823	1.00064183292829	1.00057991989615	1.00052814500929	1.00057910711265	1.00048555581323	1.00052846205044	1.00054508085009	1.00052846205044	1.00064183292829	1.00057910711265	1.00052814500929	1.00057991989615	0.199953244667679	0.0109599280556654	0.00721200268171175	0.0109599280556656	0.0107080532430585	0.00746502056747654	0.00580422776903223	0.00722409886476805	0.00692958993634707	0.00584470900923764	0.00507641653633529	0.00584470900923767	0.0107080532430586	0.00722409886476805	0.00580422776903225	0.00746502056747665
1	1.00064140582257	1.00048952485624	1.00064140582257	1.00064023760216	1.00058026456822	1.0005282890219	1.00057809660456	1.00048667010182	1.00052954160005	1.00054519207655	1.00052954160005	1.00064023760216	1.00057809660456	1.0005282890219	1.00058026456822	0.199954170485289	0.0110719188772722	0.0076531790226148	0.0110719188772724	0.0103325508441439	0.00742440309905788	0.00579655512690587	0.00720888850022254	0.00682016129200767	0.00591010000353921	0.00507775773765592	0.00591010000353924	0.010332550844144	0.00720888850022254	0.00579655512690589	0.00742440309905798
1	1.00064134986141	1.00049508563471	1.00064134986141	1.00063734039504	1.00058031386742	1.00052837270818	1.00057714196686	1.00048723211442	1.00053094781609	1.00054530677891	1.00053094781609	1.00063734039504	1.00057714196686	1.00052837270818	1.00058031386742	0.199955077970482	0.011161230279519	0.0079393464621221	0.0111612302795192	0.010072794716236	0.00737478808598697	0.00579075472277378	0.0072262784540835	0.00674498703461099	0.00594541329186117	0.00507836788116534	0.0059454132918612	0.0100727947162361	0.00722627845408351	0.0057907547227738	0.00737478808598707
1	1.00064163663339	1.00050189077084	1.00064163663339	1.00063364121524	1.00058010532568	1.00052842185909	1.00057632592909	1.00048744405665	1.00053249268166	1.00054542054892	1.00053249268166	1.00063364121524	1.00057632592909	1.00052842185909	1.00058010532568	0.199955967486264	0.0112249493601847	0.0081182606914773	0.0112249493601848	0.00990077911253374	0.007339769578099	0.00578768582874976	0.00724257644141228	0.00670252980932408	0.00596366069374212	0.00507864563164832	0.00596366069374215	0.00990077911253387	0.00724257644141228	0.00578768582874979	0.0073397695780991
1	1.00064215655144	1.00050936448583	1.00064215655144	1.00062949180364	1.00057973152029	1.0005284529622	1.00057562602102	1.0004874645508	1.00053407705	1.00054553148043	1.00053407705	1.00062949180364	1.00057562602102	1.0005284529622	1.00057973152029	0.199956839388454	0.0112699590656067	0.00822969613665826	0.0112699590656069	0.00978733871094502	0.00731692863838096	0.00578611553421447	0.00725456686994588	0.00667900928528198	0.00597304419876233	0.00507877224170671	0.00597304419876236	0.00978733871094515	0.00725456686994589	0.0057861155342145	0.00731692863838105
1	1.00064282942569	1.00051713608221	1.00064282942569	1.00062511727212	1.0005792609283	1.00052847465841	1.00057501358167	1.00048738330973	1.00053565078071	1.00054563880133	1.00053565078071	1.00062511727212	1.00057501358167	1.00052847465841	1.0005792609283	0.199957694025824	0.0113016756210618	0.00829903807226203	0.011301675621062	0.0097126019635881	0.00730242198346671	0.00578531988665584	0.00726279256188963	0.00666605018988203	0.00597786430887486	0.00507883011875325	0.00597786430887489	0.00971260196358823	0.00726279256188963	0.00578531988665587	0.00730242198346681
1	1.00064359841381	1.00052497388036	1.00064359841381	1.00062066083501	1.00057873852381	1.00052849136882	1.00057446581474	1.00048724979418	1.00053718925526	1.00054574225148	1.00053718925526	1.00062066083501	1.00057446581474	1.00052849136882	1.00057873852381	0.199958531740239	0.0113240061573075	0.00834217751677579	0.0113240061573077	0.00966337850340555	0.00729331698631997	0.00578491850392244	0.00726826369139956	0.00665892636122397	0.00598034067108331	0.00507885673145615	0.00598034067108334	0.00966337850340568	0.00726826369139957	0.00578491850392247	0.00729331698632007
1	1.00064442366693	1.0005327363499	1.00064442366693	1.0006162131309	1.00057819267631	1.00052850534142	1.00057396639335	1.00048709107227	1.00053868099048	1.00054584179994	1.00053868099048	1.0006162131309	1.00057396639335	1.00052850534142	1.00057819267631	0.199959352866798	0.0113397231905268	0.0083690190408287	0.0113397231905269	0.00963095970940117	0.00728763563878441	0.00578471651667872	0.0072718425706481	0.00665501472503946	0.00598161443671182	0.00507886911487095	0.00598161443671185	0.0096309597094013	0.0072718425706481	0.00578471651667874	0.00728763563878451
1	1.00064527746737	1.00054033925231	1.00064527746737	1.00061183090118	1.00057764173207	1.00052851772203	1.00057350321759	1.00048692187933	1.00054012121279	1.00054593751657	1.00054012121279	1.00061183090118	1.00057350321759	1.00052851772203	1.00057764173207	0.199960157733962	0.01135078203949	0.00838572395179708	0.0113507820394902	0.00960960821384004	0.00728435522428263	0.00578461544100929	0.00727390601772036	0.00665287116155117	0.00598227101354715	0.00507887501616587	0.00598227101354718	0.00960960821384017	0.00727390601772037	0.00578461544100931	0.00728435522428273
1	1.0006461406834	1.00054773432749	1.0006461406834	1.00060754895085	1.00057709577974	1.0005285290905	1.00057306913349	1.00048675016818	1.00054150855906	1.00054602951376	1.00054150855906	1.00060754895085	1.00057306913349	1.0005285290905	1.00057709577974	0.199960946663688	0.011358567125566	0.00839613226640023	0.0113585671255661	0.00959553818379682	0.007282064285894	0.00578456433875708	0.00727549111787278	0.00665169217833234	0.00598261181027211	0.0050788779580226	0.00598261181027214	0.00959553818379695	0.00727549111787278	0.00578456433875711	0.0072820642858941
1	1.00064700026473	1.00055489573499	1.00064700026473	1.00060338784453	1.00057656056183	1.00052853974881	1.00057265945694	1.00048658016226	1.00054284336534	1.00054611792011	1.00054284336534	1.00060338784453	1.00057265945694	1.00052853974881	1.00057656056183	0.199961719971559	0.0113640462877681	0.00840262300902536	0.0113640462877683	0.00958626429614193	0.00728074064685061	0.00578453879246116	0.00727640446851961	0.00665104574224592	0.0059827901981202	0.00507887954327706	0.00598279019812023	0.00958626429614206	0.00727640446851961	0.00578453879246119	0.00728074064685071
1	1.00064784741149	1.00056181144988	1.00064784741149	1.00059935893573	1.00057603964396	1.00052854985632	1.00057227062625	1.00048641406547	1.00054412680111	1.00054620286852	1.00054412680111	1.00059935893573	1.00057227062625	1.00052854985632	1.00057603964396	0.199962477966908	0.0113679037954613	0.00840667889793883	0.0113679037954614	0.00958014706837691	0.00727981805844489	0.00578452595033812	0.00727708743693178	0.00665069043606832	0.00598288533558412	0.00507888050129287	0.00598288533558415	0.00958014706837704	0.00727708743693178	0.00578452595033814	0.00727981805844499
1	1.000648676317	1.00056847791916	1.000648676317	1.00059546761397	1.00057553485864	1.00052855950091	1.0005719002279	1.00048625296769	1.00054536042333	1.00054628449094	1.00054536042333	1.00059546761397	1.0005719002279	1.00052855950091	1.00057553485864	0.199963220952943	0.0113706200160317	0.00840922022367769	0.0113706200160318	0.00957610846796875	0.00727928416269538	0.00578451955309149	0.00727748038854211	0.00665049529824191	0.00598293760698403	0.00507888116378731	0.00598293760698406	0.00957610846796888	0.00727748038854211	0.00578451955309152	0.00727928416269548
1	1.00064948326409	1.00057489670699	1.00064948326409	1.00059171543817	1.00057504738461	1.00052856873404	1.00057154618814	1.00048609735618	1.00054654595025	1.00054636291609	1.00054654595025	1.00059171543817	1.00057154618814	1.00052856873404	1.00057504738461	0.199963949226869	0.0113725333443511	0.00841081955696247	0.0113725333443513	0.00957343841431906	0.00727897454997804	0.00578451638013322	0.00727770610254679	0.00665038791298509	0.00598296778817548	0.00507888168247474	0.00598296778817551	0.00957343841431919	0.00727770610254679	0.00578451638013325	0.00727897454997814
1	1.00065026599515	1.00058107241832	1.00065026599515	1.0005881015257	1.00057457758806	1.00052857758868	1.00057120708633	1.00048594738972	1.00054768514667	1.00054643826852	1.00054768514667	1.0005881015257	1.00057120708633	1.00052857758868	1.00057457758806	0.199964663080006	0.0113738817950164	0.00841183267170198	0.0113738817950166	0.00957166954415026	0.00727879444102595	0.00578451481702029	0.0072778353491962	0.00665032864774469	0.00598298652689441	0.00507888212656868	0.00598298652689443	0.00957166954415039	0.0072778353491962	0.00578451481702032	0.00727879444102605
1	1.0006510232642	1.00058701140504	1.0006510232642	1.00058462346503	1.00057412537891	1.00052858608789	1.00057088188727	1.00048580305237	1.00054877976691	1.00054651066831	1.00054877976691	1.00058462346503	1.00057088188727	1.00052858608789	1.00057412537891	0.199965362797903	0.0113748328116342	0.00841248075978155	0.0113748328116343	0.00957049426748178	0.00727868908068693	0.00578451406170459	0.00727790899598807	0.0066502957474999	0.00598299927264722	0.00507888252918457	0.00598299927264725	0.00957049426748191	0.00727790899598807	0.00578451406170462	0.00727868908068703
1	1.00065175452534	1.00059272097025	1.00065175452534	1.00058127791	1.00057369041575	1.00052859424986	1.00057056978659	1.00048566423561	1.00054983152622	1.00054658023102	1.00054983152622	1.00058127791	1.00057056978659	1.00052859424986	1.00057369041575	0.199966048660457	0.0113755041545999	0.00841290125347157	0.0113755041546001	0.00956971011148665	0.00727862694397498	0.00578451370813767	0.00727795057953586	0.00665027730964435	0.00598300883065846	0.00507888290379671	0.00598300883065849	0.00956971011148678	0.00727795057953586	0.0057845137081377	0.00727862694397508
1	1.00065245971125	1.00059820887589	1.00065245971125	1.00057806096922	1.00057327222342	1.00052860208985	1.0005702701212	1.0004855307847	1.0005508420881	1.00054664706775	1.0005508420881	1.00057806096922	1.0005702701212	1.00052860208985	1.00057327222342	0.199966720942023	0.0113759786940284	0.00841317963424293	0.0113759786940286	0.00956918378556582	0.00727858977780994	0.00578451355449603	0.00727797371121086	0.00665026681236635	0.00598301663468728	0.00507888325834221	0.00598301663468731	0.00956918378556595	0.00727797371121086	0.00578451355449605	0.00727858977781004
1	1.00065313907965	1.00060348304361	1.00065313907965	1.00057496845844	1.00057287026052	1.00052860962157	1.00056998231737	1.00048540252301	1.00055181305862	1.0005467112853	1.00055181305862	1.00057496845844	1.00056998231737	1.00052860962157	1.00057287026052	0.199967379911522	0.0113763147036094	0.00841336902163796	0.0113763147036095	0.00956882755965005	0.00727856708685044	0.00578451349970899	0.00727798622041256	0.0066502606818432	0.00598302342821442	0.00507888359665191	0.00598302342821444	0.00956882755965018	0.00727798622041256	0.00578451349970902	0.00727856708685054
1	1.00065379310457	1.00060855137266	1.00065379310457	1.00057199606453	1.00057248395789	1.00052861685759	1.00056970586039	1.00048527926563	1.00055274598496	1.00054677298629	1.00055274598496	1.00057199606453	1.00056970586039	1.00052861685759	1.00057248395789	0.199968025832551	0.0113765531835824	0.00841350246420988	0.0113765531835825	0.00956858367041358	0.00727855278334644	0.00578451349373769	0.00727799264622385	0.00665025695710789	0.00598302959468902	0.00507888392010074	0.00598302959468905	0.0095685836704137	0.00727799264622385	0.00578451349373771	0.00727855278334654
1	1.00065442240089	1.00061342163196	1.00065442240089	1.00056913945065	1.00057211274039	1.00052862380979	1.00056944027685	1.00048516082656	1.00055364235576	1.00054683226933	1.00055364235576	1.00056913945065	1.00056944027685	1.00052862380979	1.00057211274039	0.199968658963486	0.0113767229784151	0.00841360052349377	0.0113767229784152	0.00956841408908837	0.00727854337749437	0.00578451351082492	0.00727799558338523	0.00665025456512015	0.00598303533519312	0.00507888423035337	0.00598303533519315	0.0095684140890885	0.00727799558338523	0.00578451351082495	0.00727854337749447
1	1.00065502767154	1.0006181013974	1.00065502767154	1.00056639432305	1.00057175603911	1.0005286304894	1.00056918512403	1.00048504702248	1.00055450360234	1.00054688922917	1.00055450360234	1.00056639432305	1.00056918512403	1.0005286304894	1.00057175603911	0.199969279557589	0.0113768443811799	0.00841367600017796	0.01137684438118	0.00956829376537963	0.00727853682936412	0.00578451353894002	0.00727799655019122	0.00665025291829559	0.00598304075574103	0.0050788845279383	0.00598304075574106	0.00956829376537975	0.00727799655019122	0.00578451353894005	0.00727853682936422
1	1.00065560967079	1.00062259801732	1.00065560967079	1.00056375647286	1.00057141329804	1.00052863690718	1.00056893998361	1.00048493767481	1.0005553311005	1.00054694395686	1.0005553311005	1.00056375647286	1.00056893998361	1.00052863690718	1.00057141329804	0.199969887863106	0.0113769316663447	0.00841373687458072	0.0113769316663448	0.00956820620727318	0.0072785319845126	0.00578451357112447	0.00727799639952845	0.00665025169164299	0.00598304591608676	0.00507888481368651	0.00598304591608678	0.00956820620727331	0.00727799639952845	0.00578451357112449	0.0072785319845127
1	1.00065616917882	1.00062691859522	1.00065616917882	1.00056122180117	1.00057108397751	1.00052864307342	1.00056870445768	1.00048483261055	1.00055612617239	1.00054699653986	1.00055612617239	1.00056122180117	1.00056870445768	1.00052864307342	1.00057108397751	0.199970484123366	0.0113769948794398	0.00841378812536501	0.01137699487944	0.00956814053797967	0.00727852815128536	0.00578451360538523	0.0072779956441535	0.00665025070915851	0.00598305084911648	0.00507888508809398	0.0059830508491165	0.0095681405379798	0.0072779956441535	0.00578451360538525	0.00727852815128545
1	1.00065670698429	1.00063106998313	1.00065670698429	1.00055878633364	1.00057076755588	1.000528648998	1.00056847816631	1.00048473166273	1.00055689008852	1.00054704706223	1.00055689008852	1.00055878633364	1.00056847816631	1.000528648998	1.00057076755588	0.199971068576882	0.0113770410888017	0.00841383287238733	0.0113770410888018	0.00956808959392494	0.00727852495205171	0.005784513639152	0.00727799455701852	0.00665024987152812	0.00598305557657204	0.00507888535166234	0.00598305557657206	0.00956808959392507	0.00727799455701852	0.00578451363915202	0.00727852495205181
1	1.00065722387241	1.00063505878128	1.00065722387241	1.00055644622787	1.00057046353013	1.0005286546904	1.00056826074575	1.00048463467053	1.00055762406965	1.00054709560471	1.00055762406965	1.00055644622787	1.00056826074575	1.0005286546904	1.00057046353013	0.199971641457443	0.0113770752696252	0.0084138730691386	0.0113770752696253	0.00956804864075474	0.00727852214498989	0.00578451367275488	0.00727799331594336	0.00665024912614757	0.00598306011209707	0.00507888560489336	0.0059830601120971	0.00956804864075487	0.00727799331594336	0.00578451367275491	0.00727852214498999
1	1.00065772061693	1.00063889134175	1.00065772061693	1.00055419777643	1.00057017141592	1.00052866015971	1.00056805184734	1.00048454147921	1.00055832928878	1.00054714224489	1.00055832928878	1.00055419777643	1.00056805184734	1.00052866015971	1.00057017141592	0.199972202994208	0.011377100923922	0.00841390995673439	0.0113771009239222	0.00956801455698651	0.00727851961095312	0.00578451370479165	0.00727799200117608	0.00665024844153877	0.00598306446686472	0.00507888584806038	0.00598306446686475	0.00956801455698664	0.00727799200117608	0.00578451370479167	0.00727851961095322
1	1.00065819797487	1.00064257377425	1.00065819797487	1.00055203740691	1.00056989074727	1.00052866541468	1.0005678511365	1.00048445193994	1.00055900687294	1.00054718705732	1.00055900687294	1.00055203740691	1.0005678511365	1.00052866541468	1.00056989074727	0.199972753411801	0.011377120516848	0.00841394431675599	0.0113771205168482	0.00956798527160982	0.00727851725859485	0.0057845137362535	0.00727799067931898	0.00665024780202291	0.00598306864912791	0.00507888608180119	0.00598306864912794	0.00956798527160995	0.00727799067931898	0.00578451373625353	0.00727851725859495
1	1.00065865668316	1.00064611195315	1.00065865668316	1.00054996168013	1.00056962107615	1.00052867046371	1.00056765829202	1.0004843659097	1.00055965790502	1.00054723011363	1.00055965790502	1.00054996168013	1.00056765829202	1.00052867046371	1.00056962107615	0.199973292930395	0.0113771357865059	0.00841397666295101	0.0113771357865061	0.00956795941474868	0.00727851505443274	0.00578451376604882	0.00727798936646527	0.00665024719652893	0.00598307266685539	0.00507888630619639	0.00598307266685542	0.00956795941474881	0.00727798936646527	0.00578451376604885	0.00727851505443284
1	1.00065909745655	1.00064951152525	1.00065909745655	1.00054796728726	1.00056936197185	1.00052867531487	1.00056747300543	1.00048428325099	1.00056028342548	1.00054727148263	1.00056028342548	1.00054796728726	1.00056747300543	1.00052867531487	1.00056936197185	0.199973821765805	0.0113771479556125	0.00841400732168103	0.0113771479556127	0.00956793607082833	0.00727851295774888	0.00578451379515698	0.00727798809236351	0.00665024662083201	0.00598307652656843	0.00507888652198269	0.00598307652656846	0.00956793607082846	0.00727798809236352	0.00578451379515701	0.00727851295774898
1	1.00065952098654	1.00065277791771	1.00065952098654	1.00054605104622	1.00056911302045	1.00052867997593	1.00056729498044	1.00048420383171	1.00056088443402	1.00054731123045	1.00056088443402	1.00054605104622	1.00056729498044	1.00052867997593	1.00056911302045	0.199974340129573	0.0113771578895937	0.00841403652381022	0.0113771578895939	0.00956791462996979	0.00727851096341855	0.00578451382268788	0.00727798685173656	0.00665024606986194	0.00598308023493201	0.00507888672907498	0.00598308023493203	0.00956791462996992	0.00727798685173656	0.0057845138226879	0.00727851096341865
1	1.00065992794084	1.00065591634608	1.00065992794084	1.00054420989772	1.00056887382415	1.00052868445432	1.00056712393242	1.00048412752492	1.00056146189115	1.00054734942062	1.00056146189115	1.00054420989772	1.00056712393242	1.00052868445432	1.00056887382415	0.19997484822905	0.0113771661953104	0.00841406441722732	0.0113771661953106	0.00956789467878306	0.00727850904813163	0.00578451384954494	0.0072779856624374	0.00665024554297878	0.00598308379776282	0.00507888692830023	0.00598308379776285	0.00956789467878319	0.0072779856624374	0.00578451384954497	0.00727850904813173
1	1.00066031896337	1.00065893182223	1.00066031896337	1.00054244090114	1.00056864400075	1.00052868875721	1.00056695958792	1.00048405420864	1.00056201671975	1.00054738611419	1.00056201671975	1.00054244090114	1.00056695958792	1.00052868875721	1.00056864400075	0.199975346267484	0.0113771733064967	0.0084140911213956	0.0113771733064969	0.00956787593784532	0.00727850721609281	0.00578451387497493	0.00727798451203099	0.00665024503649578	0.00598308722106882	0.00507888711942155	0.00598308722106885	0.00956787593784545	0.00727798451203099	0.00578451387497495	0.00727850721609291
1	1.00066069467444	1.00066182916208	1.00066069467444	1.00054074123024	1.00056842318295	1.00052869289146	1.00056680168422	1.00048398376568	1.00056254980655	1.00054742136979	1.00056254980655	1.00054074123024	1.00056680168422	1.00052869289146	1.00056842318295	0.199975834444095	0.0113771795249882	0.0084141167135349	0.0113771795249883	0.00956785821239664	0.00727850545007584	0.00578451389973304	0.0072779834145862	0.0066502445515492	0.00598309051009354	0.00507888730335882	0.00598309051009356	0.00956785821239677	0.00727798341458621	0.00578451389973306	0.00727850545007594
1	1.00066105567121	1.00066461299316	1.00066105567121	1.00053910816904	1.00056821101788	1.00052869686371	1.00056664996891	1.00048391608343	1.00056306200352	1.00054745524378	1.00056306200352	1.00053910816904	1.00056664996891	1.00052869686371	1.00056821101788	0.199976312954163	0.0113771850712225	0.00841414126819554	0.0113771850712227	0.00956784136733366	0.00727850375727766	0.00578451392321846	0.00727798235515541	0.00665024408470721	0.00598309367025297	0.00507888747976761	0.005983093670253	0.00956784136733379	0.00727798235515541	0.00578451392321849	0.00727850375727776
1	1.00066140252828	1.00066728776189	1.00066140252828	1.00053753910762	1.00056800716647	1.00052870068028	1.00056650419948	1.0004838510537	1.00056355412925	1.00054748779031	1.00056355412925	1.00053753910762	1.00056650419948	1.00052870068028	1.00056800716647	0.199976781989096	0.0113771900950216	0.00841416483320766	0.0113771900950217	0.00956782530387642	0.00727850212297591	0.00578451394604096	0.00727798134695835	0.00665024363767757	0.00598309670651024	0.00507888764960295	0.00598309670651027	0.00956782530387655	0.00727798134695835	0.00578451394604098	0.00727850212297601
1	1.0006617357983	1.00066985774061	1.0006617357983	1.00053603153816	1.00056781130292	1.00052870434729	1.00056636414292	1.00048378857254	1.00056402697026	1.0005475190614	1.00056402697026	1.00053603153816	1.00056636414292	1.00052870434729	1.00056781130292	0.199977241736515	0.0113771947108865	0.00841418746344298	0.0113771947108866	0.00956780995093738	0.0072785005554127	0.00578451396773515	0.00727798037420676	0.0066502432065308	0.00598309962393743	0.00507888781240464	0.00598309962393746	0.00956780995093751	0.00727798037420676	0.00578451396773518	0.0072785005554128
1	1.00066205601266	1.00067232703435	1.00066205601266	1.00053458305093	1.00056762311421	1.00052870787059	1.00056622957534	1.00048372854006	1.00056448128223	1.00054754910702	1.00056448128223	1.00053458305093	1.00056622957534	1.00052870787059	1.00056762311421	0.199977692380325	0.0113771989936811	0.00841420919442986	0.0113771989936813	0.00956779525185362	0.00727849904077683	0.00578451398876886	0.00727797944989984	0.00665024279403491	0.0059831024269379	0.00507888796920591	0.00598310242693792	0.00956779525185375	0.00727797944989984	0.00578451398876889	0.00727849904077692
1	1.00066236368222	1.00067469958742	1.00066236368222	1.00053319133059	1.0005674422996	1.00052871125581	1.00056610028166	1.0004836708603	1.00056491779126	1.0005475779752	1.00056491779126	1.00053319133059	1.00056610028166	1.00052871125581	1.0005674422996	0.19997813410079	0.0113772030061146	0.00841423007186782	0.0113772030061147	0.00956778116401411	0.00727849758753897	0.00578451400881193	0.00727797855778909	0.00665024239623391	0.00598310512005726	0.005078888119496	0.00598310512005728	0.00956778116401424	0.00727797855778909	0.00578451400881195	0.00727849758753907
1	1.00066265929802	1.00067697918961	1.00066265929802	1.00053185415245	1.0005672685701	1.00052871450837	1.00056597605519	1.00048361544106	1.00056533719497	1.00054760571209	1.00056533719497	1.00053185415245	1.00056597605519	1.00052871450837	1.0005672685701	0.199978567074604	0.0113772067845117	0.00841425012452717	0.0113772067845119	0.0095677676504981	0.00727849618268978	0.00578451402819323	0.00727797771126463	0.00665024201574349	0.00598310770761717	0.00507888826428297	0.00598310770761719	0.00956776765049823	0.00727797771126464	0.00578451402819326	0.00727849618268988
1	1.00066294333202	1.0006791694823	1.00066294333202	1.00053056937899	1.00056710164807	1.00052871763347	1.00056585669737	1.00048356219373	1.00056574016365	1.00054763236201	1.00056574016365	1.00053056937899	1.00056585669737	1.00052871763347	1.00056710164807	0.199978991474961	0.0113772103648962	0.00841426939211026	0.0113772103648963	0.00956775468270376	0.00727849483496752	0.00578451404671912	0.00727797689400646	0.00665024164801254	0.00598311019397691	0.00507888840296927	0.00598311019397694	0.00956775468270389	0.00727797689400646	0.00578451404671915	0.00727849483496762
1	1.00066321623776	1.00068127396422	1.00066321623776	1.00052933495642	1.00056694126674	1.0005287206361	1.00056574201741	1.00048351103321	1.00056612734133	1.00054765796757	1.00056612734133	1.00052933495642	1.00056574201741	1.0005287206361	1.00056694126674	0.199979407471629	0.0113772137657729	0.00841428790066186	0.011377213765773	0.0095677422321125	0.00727849353143461	0.00578451406457422	0.00727797611943244	0.00665024129672205	0.00598311258278266	0.00507888853663769	0.00598311258278268	0.00956774223211263	0.00727797611943244	0.00578451406457425	0.00727849353143471
1	1.0006634784511	1.00068329599708	1.0006634784511	1.00052814891145	1.00056678716981	1.00052872352105	1.00056563183198	1.00048346187771	1.0005664993468	1.00054768256969	1.0005664993468	1.00052814891145	1.00056563183198	1.00052872352105	1.00056678716981	0.199979815231011	0.0113772170107596	0.00841430568627196	0.0113772170107598	0.00956773027653936	0.00727849228079665	0.00578451408169927	0.00727797537106192	0.00665024095752632	0.00598311487791084	0.00507888866468051	0.00598311487791087	0.00956773027653948	0.00727797537106192	0.00578451408169929	0.00727849228079675
1	1.00066373039086	1.00068523881089	1.00066373039086	1.0005270093481	1.00056663911099	1.00052872629295	1.00056552596497	1.00048341464865	1.00056685677461	1.0005477062077	1.00056685677461	1.0005270093481	1.00056552596497	1.00052872629295	1.00056663911099	0.199980214916216	0.0113772201075915	0.00841432277187463	0.0113772201075916	0.00956771879296936	0.00727849107066003	0.00578451409813807	0.00727797466281651	0.00665024063346256	0.00598311708310736	0.00507888878810725	0.00598311708310739	0.00956771879296949	0.00727797466281652	0.0057845140981381	0.00727849107066013
1	1.00066397245949	1.00068710550914	1.00066397245949	1.0005259144447	1.00056649685368	1.00052872895622	1.00056542424713	1.00048336927054	1.00056720019599	1.00054772891936	1.00056720019599	1.0005259144447	1.00056542424713	1.00052872895622	1.00056649685368	0.199980606687123	0.0113772230726939	0.00841433918992668	0.011377223072694	0.00956770776353572	0.00727848990989191	0.00578451411398876	0.00727797397829622	0.00665024031984433	0.0059831192020406	0.00507888890626068	0.00598311920204062	0.00956770776353585	0.00727797397829622	0.00578451411398879	0.007278489909892
1	1.00066420504369	1.00068889907375	1.00066420504369	1.00052486245098	1.00056636017052	1.00052873151511	1.00056532651589	1.00048332567083	1.00056753015982	1.000547750741	1.00056753015982	1.00052486245098	1.00056532651589	1.00052873151511	1.00056636017052	0.199980990700447	0.011377225910009	0.00841435496243156	0.0113772259100091	0.0095676971670402	0.00727848878601478	0.0057845141291196	0.00727797333138711	0.00665024002065513	0.00598312123786421	0.00507888902021041	0.00598312123786424	0.00956769716704032	0.00727797333138711	0.00578451412911963	0.00727848878601488
1	1.00066442851503	1.00069062236983	1.00066442851503	1.00052385168525	1.00056622884308	1.00052873397373	1.000565232615	1.00048328377982	1.00056784719345	1.00054777170748	1.00056784719345	1.00052385168525	1.000565232615	1.00052873397373	1.00056622884308	0.199981367109798	0.0113772286328372	0.00841437011907105	0.0113772286328373	0.0095676869880666	0.00727848770794266	0.00578451414379312	0.00727797270569885	0.00665023973124069	0.00598312319385467	0.00507888912928418	0.0059831231938547	0.00956768698806673	0.00727797270569885	0.00578451414379314	0.00727848770794275
1	1.00066464323054	1.00069227815026	1.00066464323054	1.00052288053173	1.00056610266148	1.00052873633599	1.00056514239437	1.00048324353055	1.00056815180355	1.00054779185232	1.00056815180355	1.00052288053173	1.00056514239437	1.00052873633599	1.00056610266148	0.199981736065744	0.0113772312416876	0.00841438467990489	0.0113772312416878	0.00956767720761447	0.007278486663569	0.00578451415771282	0.0072779721154063	0.00665023945521715	0.00598312507323431	0.00507888923450101	0.00598312507323434	0.00956767720761459	0.0072779721154063	0.00578451415771284	0.00727848666356909
1	1.00066484953326	1.00069386906008	1.00066484953326	1.00052194743798	1.00056598142408	1.00052873860568	1.00056505570978	1.00048320485868	1.00056844447698	1.00054781120772	1.00056844447698	1.00052194743798	1.00056505570978	1.00052873860568	1.00056598142408	0.199982097715873	0.0113772337478287	0.00841439867182186	0.0113772337478289	0.00956766781244276	0.00727848566193643	0.00578451417130456	0.00727797154420648	0.00665023918772993	0.00598312687899575	0.00507888933516023	0.00598312687899577	0.00956766781244289	0.00727797154420648	0.00578451417130459	0.00727848566193653
1	1.0006650477528	1.00069539764069	1.0006650477528	1.0005210509124	1.00056586493711	1.00052874078643	1.00056497242266	1.00048316770239	1.00056872568148	1.00054782980461	1.00056872568148	1.0005210509124	1.00056497242266	1.00052874078643	1.00056586493711	0.19998245220485	0.0113772361508441	0.00841441211403577	0.0113772361508442	0.00956765878435767	0.00727848469095618	0.00578451418410743	0.00727797100624777	0.00665023893296906	0.00598312861401093	0.0050788894323051	0.00598312861401095	0.0095676587843578	0.00727797100624777	0.00578451418410746	0.00727848469095628
1	1.00066523820585	1.00069686633398	1.00066523820585	1.00052018952184	1.00056575301443	1.00052874288171	1.00056489239987	1.00048313200228	1.00056899586648	1.00054784767272	1.00056899586648	1.00052018952184	1.00056489239987	1.00052874288171	1.00056575301443	0.199982799674474	0.0113772384610591	0.00841442503105143	0.0113772384610593	0.00956765011175255	0.00727848375976442	0.00578451419669841	0.0072779704853031	0.00665023868600445	0.00598313028095519	0.00507888952521811	0.00598313028095522	0.00956765011175267	0.00727797048530311	0.00578451419669844	0.00727848375976452
1	1.00066542119671	1.00069827748614	1.00066542119671	1.00051936188932	1.00056564547717	1.00052874489488	1.0005648155135	1.00048309770129	1.0005692554638	1.00054786484061	1.0005692554638	1.00051936188932	1.0005648155135	1.00052874489488	1.00056564547717	0.199983140263739	0.0113772406768395	0.00841443744071601	0.0113772406768396	0.00956764177762244	0.00727848285648767	0.00578451420847173	0.00727796999565274	0.00665023845095933	0.00598313188265868	0.00507888961491788	0.00598313188265871	0.00956764177762256	0.00727796999565274	0.00578451420847176	0.00727848285648776
1	1.00066559701776	1.00069963335147	1.00066559701776	1.00051856669183	1.00056554215348	1.00052874682915	1.00056474164062	1.00048306474457	1.00056950488832	1.00054788133571	1.00056950488832	1.00051856669183	1.00056474164062	1.00052874682915	1.00056554215348	0.199983474108885	0.0113772428077917	0.00841444936526631	0.0113772428077918	0.00956763377188871	0.00727848199037187	0.00578451422013727	0.00727796952117081	0.00665023822276765	0.00598313342153706	0.00507888970066784	0.00598313342153709	0.00956763377188883	0.00727796952117081	0.0057845142201373	0.00727848199037197
1	1.0006657659499	1.00070093609595	1.0006657659499	1.00051780265822	1.00056544287823	1.00052874868762	1.00056467066316	1.00048303307946	1.0005697445387	1.0005478971844	1.0005697445387	1.00051780265822	1.00056467066316	1.00052874868762	1.00056544287823	0.199983801343454	0.0113772448519379	0.00841446082165281	0.0113772448519381	0.00956762607823767	0.00727848114960191	0.00578451423096197	0.0072779690761356	0.00665023800586823	0.00598313490019473	0.00507888978349028	0.00598313490019476	0.0095676260782378	0.00727796907613561	0.005784514230962	0.00727848114960201
1	1.00066592826306	1.00070218780073	1.00066592826306	1.00051706856715	1.00056534749278	1.00052875047326	1.00056460246765	1.00048300265532	1.00056997479794	1.00054791241201	1.00056997479794	1.00051706856715	1.00056460246765	1.00052875047326	1.00056534749278	0.199984122098344	0.0113772468184728	0.00841447183011021	0.0113772468184729	0.00956761868787742	0.00727848034351698	0.00578451424177111	0.00727796864451932	0.00665023779512708	0.00598313632079265	0.0050788898626361	0.00598313632079267	0.00956761868787754	0.00727796864451932	0.00578451424177113	0.00727848034351708
1	1.00066608421657	1.0007033904654	1.00066608421657	1.00051636324515	1.00056525584471	1.00052875218892	1.00056453694506	1.00048297342353	1.00057019603405	1.00054792704287	1.00057019603405	1.00051636324515	1.00056453694506	1.00052875218892	1.00056525584471	0.199984436501862	0.0113772487048742	0.00841448240648908	0.0113772487048743	0.00956761158535607	0.00727847956043817	0.00578451425172231	0.00727796824066398	0.00665023759501289	0.00598313768584227	0.00507888993911211	0.00598313768584229	0.0095676115853562	0.00727796824066398	0.00578451425172234	0.00727847956043827
1	1.00066623405961	1.00070454601123	1.00066623405961	1.00051568556473	1.00056516778754	1.00052875383735	1.00056447399066	1.00048294533735	1.00057040860062	1.00054794110037	1.00057040860062	1.00051568556473	1.00056447399066	1.00052875383735	1.00056516778754	0.199984744679773	0.0113772505199677	0.0084144925691605	0.0113772505199679	0.00956760476308678	0.00727847880979854	0.00578451426173925	0.00727796784864476	0.00665023740030629	0.00598313899728681	0.00507889001215649	0.00598313899728684	0.0095676047630869	0.00727796784864476	0.00578451426173928	0.00727847880979863
1	1.0006663780316	1.00070565628423	1.0006663780316	1.00051503444261	1.00056508318057	1.00052875542118	1.00056441350381	1.00048291835189	1.00057061283738	1.00054795460699	1.00057061283738	1.00051503444261	1.00056441350381	1.00052875542118	1.00056508318057	0.199985046755353	0.0113772522610292	0.00841450233310555	0.0113772522610294	0.0095675982062592	0.00727847807998452	0.00578451427088571	0.00727796748280717	0.00665023721566064	0.00598314025746705	0.0050788900827716	0.00598314025746708	0.00956759820625933	0.00727796748280717	0.00578451427088574	0.00727847807998461
1	1.00066651636256	1.00070672305807	1.00066651636256	1.00051440883795	1.00056500188859	1.00052875694293	1.0005643553878	1.00048289242401	1.00057080907074	1.0005479675843	1.00057080907074	1.00051440883795	1.0005643553878	1.00052875694293	1.00056500188859	0.199985342849435	0.0113772539366172	0.00841451171502592	0.0113772539366173	0.00956759190834281	0.00727847738051328	0.00578451428016904	0.00727796712732605	0.00665023703581286	0.00598314146812015	0.00507889015018745	0.00598314146812018	0.00956759190834294	0.00727796712732605	0.00578451428016907	0.00727847738051338
1	1.00066664927353	1.00070774803698	1.00066664927353	1.0005138077507	1.00056492378169	1.00052875840505	1.00056429954974	1.00048286751226	1.00057099761433	1.00054798005305	1.00057099761433	1.0005138077507	1.00056429954974	1.00052875840505	1.00056492378169	0.199985633080462	0.0113772555436846	0.0084145207289619	0.0113772555436848	0.00956758585524184	0.00727847669987078	0.00578451428857458	0.00727796679657901	0.00665023686546145	0.00598314263148152	0.00507889021539309	0.00598314263148154	0.00956758585524197	0.00727796679657901	0.0057845142885746	0.00727847669987087
1	1.00066677697686	1.00070873285837	1.00066677697686	1.00051323022002	1.00056484873506	1.00052875980988	1.00056424590035	1.00048284357682	1.00057117876949	1.00054799203317	1.00057117876949	1.00051323022002	1.00056424590035	1.00052875980988	1.00056484873506	0.199985917564529	0.0113772570905388	0.00841452939007498	0.0113772570905389	0.00956758004140826	0.00727847604765274	0.00578451429717974	0.00727796647483738	0.006650236699295	0.00598314374910718	0.00507889027761053	0.0059831437491072	0.00956758004140839	0.00727796647483738	0.00578451429717976	0.00727847604765284
1	1.00066689967659	1.00070967909553	1.00066689967659	1.00051267532271	1.00056477662877	1.00052876115964	1.00056419435386	1.00048282057943	1.00057135282574	1.0005480035438	1.00057135282574	1.00051267532271	1.00056419435386	1.00052876115964	1.00056477662877	0.199986196415434	0.0113772585739713	0.00841453771160306	0.0113772585739715	0.00956757445333292	0.00727847541240924	0.00578451430490244	0.00727796617648139	0.00665023654212496	0.00598314482309305	0.00507889033782115	0.00598314482309308	0.00956757445333305	0.00727796617648139	0.00578451430490247	0.00727847541240934
1	1.00066701756878	1.00071058826013	1.00066701756878	1.00051214217176	1.0005647073476	1.00052876245652	1.00056414482787	1.00048279848332	1.00057152006127	1.00054801460336	1.00057152006127	1.00051214217176	1.00056414482787	1.00052876245652	1.0005647073476	0.199986469744722	0.0113772600020801	0.00841454570731523	0.0113772600020802	0.00956756908634471	0.00727847480380743	0.00578451431287941	0.00727796588587556	0.00665023638861817	0.00598314585482615	0.00507889039524191	0.00598314585482618	0.00956756908634484	0.00727796588587556	0.00578451431287944	0.00727847480380753
1	1.00066713084178	1.00071146180459	1.00066713084178	1.00051162991493	1.00056464078085	1.00052876370256	1.0005640972432	1.00048277725318	1.00057168074336	1.00054802522951	1.00057168074336	1.00051162991493	1.0005640972432	1.00052876370256	1.00056464078085	0.199986737661727	0.011377261371422	0.00841455338963153	0.0113772613714221	0.00956756392754995	0.00727847421047823	0.00578451431997324	0.00727796561741695	0.00665023624362332	0.00598314684630055	0.0050788904508419	0.00598314684630058	0.00956756392755008	0.00727796561741695	0.00578451431997326	0.00727847421047833
1	1.00066723967659	1.00071230112444	1.00066723967659	1.00051113773336	1.00056457682213	1.00052876489978	1.00056405152378	1.00048275685505	1.00057183512882	1.00054803543924	1.00057183512882	1.00051113773336	1.00056405152378	1.00052876489978	1.00056457682213	0.19998700027362	0.0113772626899021	0.00841456077104107	0.0113772626899022	0.00956755897308813	0.00727847364215247	0.0057845143273698	0.00727796535555683	0.00665023610178475	0.00598314779875168	0.00507889050383342	0.00598314779875171	0.00956755897308826	0.00727796535555683	0.00578451432736982	0.00727847364215257
1	1.00066734424709	1.00071310756055	1.00066734424709	1.0005106648403	1.00056451536926	1.00052876605008	1.00056400759651	1.00048273725635	1.0005719834644	1.00054804524886	1.0005719834644	1.0005106648403	1.00056400759651	1.00052876605008	1.00056451536926	0.199987257685449	0.0113772639539332	0.00841456786324257	0.0113772639539333	0.00956755421059291	0.0072784730875218	0.00578451433388393	0.00727796511469323	0.00665023596802077	0.00598314871405641	0.00507889055517618	0.00598314871405643	0.00956755421059304	0.00727796511469323	0.00578451433388396	0.0072784730875219
1	1.00066744472038	1.00071388240124	1.00066744472038	1.00051021047983	1.00056445632403	1.0005287671553	1.00056396539116	1.00048271842573	1.00057212598716	1.00054805467407	1.00057212598716	1.00051021047983	1.00056396539116	1.0005287671553	1.00056445632403	0.199987510000182	0.0113772651712475	0.00841457467756115	0.0113772651712477	0.00956754963693497	0.00727847255637563	0.00578451434074295	0.00727796487936141	0.00665023583697103	0.00598314959330985	0.00507889060408018	0.00598314959330988	0.0095675496369351	0.00727796487936141	0.00578451434074298	0.00727847255637573
1	1.00066754125698	1.00071462688437	1.00066754125698	1.00050977392565	1.00056439959208	1.0005287682172	1.00056392484025	1.0004827003331	1.00057226292489	1.00054806372991	1.00057226292489	1.00050977392565	1.00056392484025	1.0005287682172	1.00056439959208	0.199987757318749	0.0113772663380686	0.00841458122498286	0.0113772663380687	0.00956754524028241	0.00727847203747556	0.00578451434672313	0.00727796466396834	0.00665023571357845	0.00598315043829615	0.00507889065149323	0.00598315043829618	0.00956754524028253	0.00727796466396834	0.00578451434672315	0.00727847203747566
1	1.00066763401113	1.0007153421993	1.00066763401113	1.00050935447993	1.00056434508278	1.00052876923749	1.00056388587895	1.00048268294953	1.00057239449646	1.00054807243087	1.00057239449646	1.00050935447993	1.00056388587895	1.00052876923749	1.00056434508278	0.19998799974008	0.0113772674619751	0.00841458751576417	0.0113772674619753	0.00956754101817867	0.0072784715406608	0.00578451435308565	0.00727796445312587	0.00665023559247797	0.00598315124998268	0.00507889069662318	0.00598315124998271	0.0095675410181788	0.00727796445312587	0.00578451435308568	0.00727847154066089
1	1.00066772313105	1.00071602948879	1.00066772313105	1.00050895147218	1.00056429270902	1.0005287702178	1.00056384844497	1.00048266624723	1.00057252091214	1.00054808079086	1.00057252091214	1.00050895147218	1.00056384844497	1.0005287702178	1.00056429270902	0.199988237361147	0.0113772685390588	0.00841459356025303	0.0113772685390589	0.00956753695926005	0.0072784710547504	0.00578451435857338	0.00727796426124039	0.00665023547865421	0.00598315203005449	0.00507889074040788	0.00598315203005451	0.00956753695926017	0.0072779642612404	0.00578451435857341	0.0072784710547505
