1	1.83308559914956	1	1.83308559914961	1.83308559809363	1	1.99843245148804	1	1	1.99843245141415	22.8305380987292	1.99843245141409	1.83308559809369	1	1.99843245148798	1	6.99999999999999	0.554096398049352	0	0.55409639804938	0.554096397537774	-1.42666575344672e-15	-0.334359200600255	1.42666575339698e-15	0	-0.33435920057386	-3.69120700735737	-0.334359200573849	0.554096397537802	1.42666575339698e-15	-0.334359200600244	4.27999726034024e-15
1	1.00501124967042	1	1.00501124967042	1.00501124967476	1	1.0125005250088	1	1	1.0125005250113	19.0040185256563	1.01250052500931	1.00501124967476	1	1.01250052501291	1	6.99999999999999	0.0681413276857125	0	0.0681413276857145	0.0681413277053376	-4.64789751539555e-16	-0.0645292921672724	4.64789751539558e-16	0	-0.0645292919556004	-6.81465193511303	-0.0645292920905353	0.0681413277053395	4.64789751539558e-16	-0.0645292918884397	1.39436925461868e-15
1	1.00197675571942	1	1.00197675571942	1.00197675572012	1	1.00398769388483	1	1	1.00398769388437	14.1887423726077	1.00398769388414	1.00197675572012	1	1.00398769388386	1	6.99999999999999	0.0530637146283108	0	0.0530637146283122	0.0530637146347491	-3.47057631230627e-16	-0.0475888835112377	3.47057631230628e-16	0	-0.0475888835873458	-6.86838896130922	-0.0475888836379484	0.0530637146347506	3.47057631230628e-16	-0.0475888837173551	1.04117289369189e-15
1	1.00173888212041	1	1.00173888212041	1.00173888212083	1	1.00320317187248	1	1	1.00320317187268	13.2019319267215	1.00320317187217	1.00173888212083	1	1.0032031718724	1	6.99999999999999	0.0521374937071588	0	0.0521374937071602	0.0521374937112202	-3.33507778613813e-16	-0.0454092564187815	3.33507778613815e-16	0	-0.0454092563603317	-6.87841527428651	-0.045409256495308	0.0521374937112217	3.33507778613815e-16	-0.045409256438698	1.00052333584145e-15
1	1.00168514408023	1	1.00168514408023	1.0016851440806	1	1.0030174659102	1	1	1.00301746591048	12.9234813452481	1.00301746591055	1.0016851440806	1	1.00301746591084	1	6.99999999999999	0.0520148757213385	0	0.0520148757213399	0.0520148757249047	-3.30503847227578e-16	-0.0448867799176063	3.30503847227579e-16	0	-0.0448867798368996	-6.88120494471748	-0.0448867798159042	0.0520148757249061	3.30503847227579e-16	-0.0448867797367674	9.91511541682745e-16
1	1.00294800674511	1	1.00294800674511	1.00294800674512	1	1.00389148020943	1	1	1.00389148021045	11.8013986206023	1.00389148020935	1.00294800674512	1	1.00389148021053	1	6.99999999999999	0.0603846072293555	0	0.0603846072293572	0.0603846072299532	-3.75897137187224e-16	-0.0503597829241805	3.75897137380023e-16	0	-0.0503597826832996	-6.89212429629124	-0.0503597829233538	0.0603846072299548	3.75897137380023e-16	-0.0503597826840876	1.12769141156168e-15
1	1.0029533026659	1	1.0029533026659	1.00295330266591	1	1.00374897746659	1	1	1.00374897746631	11.4410984499824	1.00374897746622	1.00295330266591	1	1.00374897746594	1	6.99999999999999	0.0610042341164655	0	0.0610042341164672	0.0610042341164658	-3.77948492036778e-16	-0.0504161160695838	3.77948492045381e-16	0	-0.050416116133091	-6.89565971258801	-0.0504161161522872	0.0610042341164675	3.77948492045381e-16	-0.0504161162160616	1.13384547611034e-15
1	1.00295468596329	1	1.00295468596329	1.00295468596329	1	1.00370081447371	1	1	1.00370081447364	11.3123372274489	1.00370081447393	1.00295468596329	1	1.00370081447386	1	6.99999999999999	0.0612265733931481	0	0.0612265733931499	0.061226573393148	-3.78762017605251e-16	-0.0504510534569202	3.78762017605619e-16	0	-0.0504510534739931	-6.89691809758428	-0.0504510534064006	0.0612265733931497	3.78762017605619e-16	-0.0504510534234504	1.13628605281576e-15
1	1.00295535029109	1	1.00295535029109	1.00295535029109	1	1.00368352500333	1	1	1.00368352500344	11.2646220960632	1.00368352500518	1.00295535029109	1	1.00368352500529	1	6.99999999999999	0.0613108066013802	0	0.061310806601382	0.0613108066013793	-3.79083461716063e-16	-0.0504671297977289	3.79083461716079e-16	0	-0.0504671297736854	-6.89738375655103	-0.0504671293698908	0.061310806601381	3.79083461716079e-16	-0.0504671293447	1.1372503851482e-15
1	1.00295562172484	1	1.00295562172484	1.00295562172484	1	1.00367711032383	1	1	1.00367711032189	11.2467036424386	1.00367711032649	1.00295562172484	1	1.00367711032457	1	6.99999999999999	0.0613427015806853	0	0.061342701580687	0.0613427015806819	-3.79207009820966e-16	-0.0504736114550315	3.79207009820969e-16	0	-0.0504736119031264	-6.89755853427087	-0.0504736108387483	0.0613427015806837	3.79207009820969e-16	-0.050473611282615	1.13762102946291e-15
1	1.00295572726411	1	1.00295572726411	1.00295572726411	1	1.00367470043675	1	1	1.00367470043582	11.2399411829164	1.00367470043817	1.00295572726411	1	1.00367470043723	1	6.99999999999999	0.0613547759693297	0	0.0613547759693314	0.0613547759693296	-3.7925403969789e-16	-0.0504761209031649	3.79254039697893e-16	0	-0.0504761211191017	-6.89762448286721	-0.0504761205748093	0.0613547759693313	3.79254039697892e-16	-0.0504761207907486	1.13776211909368e-15
1	1.00295576761092	1	1.00295576761092	1.00295576761092	1	1.003673790806	1	1	1.00367379080584	11.2373842298365	1.00367379080621	1.00295576761092	1	1.00367379080606	1	6.99999999999999	0.0613593467107451	0	0.0613593467107468	0.0613593467107451	-3.79271879629548e-16	-0.0504770787458802	3.79271879629548e-16	0	-0.0504770787806573	-6.89764941685426	-0.0504770786954239	0.0613593467107468	3.79271879629548e-16	-0.0504770787302015	1.13781563888865e-15
1	1.00295578294035	1	1.00295578294035	1.00295578294034	1	1.00367344684633	1	1	1.00367344684563	11.2364167355077	1.00367344684746	1.00295578294034	1	1.00367344684675	1	6.99999999999999	0.0613610769350633	0	0.0613610769350649	0.061361076935063	-3.79278638086913e-16	-0.0504774425244544	3.79278638086916e-16	0	-0.0504774426875951	-6.89765885105995	-0.0504774422636386	0.0613610769350648	3.79278638086916e-16	-0.0504774424267408	1.13783591426075e-15
1	1.00295578875124	1	1.00295578875124	1.00295578875124	1	1.00367331669695	1	1	1.00367331669609	11.236050559017	1.00367331669831	1.00295578875124	1	1.00367331669745	1	6.99999999999999	0.0613617318974061	0	0.0613617318974078	0.061361731897406	-3.79281197200177e-16	-0.0504775803864725	3.7928119720018e-16	0	-0.0504775805850007	-6.89766242167318	-0.0504775800707688	0.0613617318974077	3.79281197200179e-16	-0.0504775802693035	1.13784359160054e-15
1	1.00295579095207	1	1.00295579095207	1.00295579095207	1	1.00367326743791	1	1	1.00367326743761	11.2359119547739	1.00367326743838	1.00295579095207	1	1.00367326743808	1	6.99999999999999	0.0613619798277034	0	0.0613619798277051	0.0613619798277033	-3.7928216603828e-16	-0.050477632554183	3.79282166038282e-16	0	-0.0504776326229274	-6.89766377320772	-0.0504776324449263	0.061361979827705	3.79282166038281e-16	-0.0504776325136711	1.13784649811485e-15
1	1.00295579178533	1	1.00295579178533	1.00295579178533	1	1.00367324879233	1	1	1.00367324879187	11.2358594886161	1.00367324879306	1.00295579178533	1	1.0036732487926	1	6.99999999999999	0.061362073679509	0	0.0613620736795108	0.0613620736795088	-3.79282532798791e-16	-0.0504776523307786	3.79282532798793e-16	0	-0.0504776524374145	-6.89766428480619	-0.0504776521613653	0.0613620736795106	3.79282532798793e-16	-0.0504776522680081	1.13784759839638e-15
1	1.00295579210078	1	1.00295579210078	1.00295579210078	1	1.00367324173441	1	1	1.00367324173404	11.2358396282017	1.00367324173501	1.00295579210078	1	1.00367324173463	1	6.99999999999999	0.0613621092062669	0	0.0613621092062687	0.061362109206267	-3.79282671634908e-16	-0.0504776598073908	3.79282671634908e-16	0	-0.0504776598938938	-6.89766447846534	-0.0504776596699223	0.0613621092062687	3.79282671634908e-16	-0.050477659756427	1.13784801490473e-15
1	1.0029557922202	1	1.0029557922202	1.0029557922202	1	1.00367323906257	1	1	1.00367323906169	11.2358321102464	1.00367323906396	1.0029557922202	1	1.00367323906308	1	6.99999999999999	0.0613621226546008	0	0.0613621226546025	0.0613621226546007	-3.79282724190384e-16	-0.0504776626744586	3.79282724190386e-16	0	-0.0504776628783018	-6.897664551773	-0.0504776623505351	0.0613621226546024	3.79282724190386e-16	-0.0504776625543675	1.13784817257116e-15
1	1.0029557922654	1	1.0029557922654	1.0029557922654	1	1.0036732380513	1	1	1.00367323805067	11.235829264396	1.0036732380523	1.0029557922654	1	1.00367323805167	1	6.99999999999999	0.0613621277453463	0	0.0613621277453479	0.0613621277453462	-3.79282744084832e-16	-0.0504776637296637	3.79282744084834e-16	0	-0.0504776638757056	-6.89766457952292	-0.0504776634975837	0.0613621277453479	3.79282744084833e-16	-0.0504776636436311	1.13784823225451e-15
1	1.00295579228251	1	1.00295579228251	1.00295579228251	1	1.0036732376686	1	1	1.00367323766842	11.2358281871255	1.00367323766887	1.00295579228251	1	1.0036732376687	1	6.99999999999999	0.061362129672402	0	0.0613621296724037	0.0613621296724019	-3.79282751615702e-16	-0.0504776641044699	3.79282751615703e-16	0	-0.0504776641449988	-6.8976645900274	-0.0504776640400614	0.0613621296724036	3.79282751615703e-16	-0.0504776640805916	1.13784825484711e-15
1	1.00295579228899	1	1.00295579228899	1.00295579228899	1	1.0036732375237	1	1	1.00367323752358	11.2358277793346	1.00367323752388	1.00295579228899	1	1.00367323752376	1	6.99999999999999	0.0613621304018715	0	0.0613621304018732	0.0613621304018714	-3.79282754466445e-16	-0.0504776642539966	3.79282754466446e-16	0	-0.0504776642805493	-6.89766459400377	-0.0504776642117993	0.0613621304018731	3.79282754466446e-16	-0.0504776642383521	1.13784826339934e-15
1	1.00295579229144	1	1.00295579229144	1.00295579229144	1	1.00367323746876	1	1	1.00367323746839	11.235827624969	1.00367323746935	1.00295579229144	1	1.00367323746898	1	6.99999999999999	0.0613621306780054	0	0.0613621306780072	0.0613621306780055	-3.79282755545568e-16	-0.0504776643295883	3.79282755545569e-16	0	-0.0504776644153059	-6.89766459550899	-0.0504776641933615	0.0613621306780072	3.79282755545569e-16	-0.0504776642790843	1.13784826663671e-15
