1	1.053924727676	1.09359777015597	1.053924727676	1.05392472506306	1.09359776771109	1.12625809171558	1.09359776771109	1.0935977653113	1.12625808930882	1.14278166798066	1.12625808930882	1.05392472506306	1.09359776771109	1.12625809171558	1.09359776771109	0.668062363544838	0.555415948142418	0.49959545713255	0.55541594814242	0.555415947788665	0.499595456490303	0.488387362676092	0.499595456490306	0.499595455938573	0.488387361123337	0.448032762131104	0.488387361123337	0.555415947788666	0.499595456490306	0.488387362676093	0.499595456490305
1	1.06872904621083	1.10747610763977	1.06872904621083	1.06872904416959	1.10747610587132	1.15422845464795	1.10747610587132	1.10747610413602	1.15422845241715	1.17112949216391	1.15422845241715	1.06872904416959	1.10747610587132	1.15422845464795	1.10747610587132	0.72485479799563	0.590756652425058	0.507105505045999	0.590756652425059	0.590756651910408	0.507105504539778	0.512531288563446	0.50710550453978	0.50710550408151	0.512531286942995	0.465979605552791	0.512531286942996	0.59075665191041	0.50710550453978	0.512531288563447	0.50710550453978
1	1.07795672629245	1.11309786054642	1.07795672629245	1.07795672471703	1.11309785929022	1.17019336136255	1.11309785929022	1.11309785805464	1.17019335943278	1.1859188083598	1.17019335943278	1.07795672471703	1.11309785929022	1.17019336136255	1.11309785929022	0.759301150733802	0.613248937325085	0.51234454374794	0.613248937325087	0.613248936782289	0.512344543368669	0.528862689374309	0.512344543368671	0.51234454301517	0.528862687891935	0.477573851263288	0.528862687891936	0.61324893678229	0.512344543368671	0.528862689374309	0.512344543368671
1	1.08372351758962	1.11558140718153	1.08372351758962	1.08372351621	1.11558140617123	1.17988658406115	1.11558140617123	1.11558140517293	1.17988658231299	1.19411090369217	1.17988658231298	1.08372351621	1.11558140617123	1.17988658406115	1.11558140617123	0.780193919806026	0.627449027580315	0.515745773684492	0.627449027580317	0.627449027053527	0.515745773401972	0.539664551851895	0.515745773401972	0.515745773133402	0.539664550497557	0.484789931506243	0.539664550497558	0.627449027053529	0.515745773401972	0.539664551851895	0.515745773401974
1	1.08732450062327	1.11677563905404	1.08732450062327	1.08732449931914	1.11677563816154	1.18597617070367	1.11677563816154	1.11677563727582	1.18597616906318	1.19880081693091	1.18597616906318	1.08732449931914	1.11677563816154	1.18597617070367	1.11677563816154	0.792866024821299	0.636356066719357	0.51788904425	0.636356066719359	0.636356066215407	0.517889044031571	0.546726082254013	0.51788904403157	0.517889043820718	0.546726080992541	0.48920822051409	0.546726080992542	0.636356066215408	0.51788904403157	0.546726082254014	0.517889044031574
1	1.08956842299571	1.11739175135257	1.08956842299571	1.08956842172958	1.11739175052502	1.18986592046945	1.11739175052502	1.11739174970123	1.18986591890232	1.20153135516866	1.18986591890232	1.08956842172958	1.11739175052502	1.18986592046945	1.11739175052502	0.800552045071462	0.641917894154151	0.519221927646943	0.641917894154152	0.64191789367228	0.519221927468547	0.551311605949067	0.519221927468545	0.519221927294261	0.551311604755228	0.491893182724214	0.551311604755229	0.641917893672282	0.519221927468545	0.551311605949068	0.519221927468549
1	1.09096362053098	1.11772642593196	1.09096362053098	1.09096361929492	1.11772642514718	1.1923685988646	1.11772642514718	1.11772642436447	1.19236859735505	1.20313464424523	1.19236859735505	1.09096361929492	1.11772642514718	1.1923685988646	1.11772642514718	0.805213852018291	0.645381012034836	0.520045994197187	0.645381012034838	0.645381011572641	0.520045994043567	0.554277032184876	0.520045994043566	0.520045993892169	0.554277031042971	0.493519184407468	0.554277031042972	0.645381011572643	0.520045994043566	0.554277032184877	0.52004599404357
1	1.09182951376358	1.11791462939818	1.09182951376358	1.09182951255745	1.11791462864585	1.19398314967811	1.11791462864585	1.11791462789464	1.19398314821812	1.20408015173981	1.19398314821812	1.09182951255745	1.11791462864585	1.19398314967811	1.11791462864585	0.808041380863742	0.647533853725993	0.520554252299278	0.647533853725994	0.647533853281333	0.520554252161346	0.556189602954816	0.520554252161346	0.520554252024616	0.556189601855492	0.494502455150738	0.556189601855493	0.647533853281335	0.520554252161346	0.556189602954817	0.520554252161348
1	1.09236620071226	1.11802282512089	1.09236620071225	1.09236619953704	1.11802282439558	1.19502534270521	1.11802282439558	1.11802282367089	1.19502534129016	1.20463904337845	1.19502534129016	1.09236619953704	1.11802282439558	1.19502534270521	1.11802282439558	0.809756363799116	0.64887110379646	0.520867504273	0.648871103796462	0.648871103367591	0.520867504145483	0.557420856963858	0.520867504145484	0.520867504018609	0.557420855901425	0.495096813867352	0.557420855901425	0.648871103367593	0.520867504145484	0.557420856963858	0.520867504145485
1	1.09269857388243	1.11808588068569	1.09269857388243	1.09269857273869	1.11808587998426	1.19569785426564	1.11808587998426	1.11808587928315	1.19569785289259	1.20496983617459	1.19569785289259	1.09269857273869	1.11808587998426	1.19569785426564	1.11808587998426	0.810796553528714	0.649701537565712	0.521060595471748	0.649701537565714	0.649701537151266	0.521060595351595	0.558212450947624	0.521060595351595	0.521060595231771	0.558212449918512	0.495456146729058	0.558212449918513	0.649701537151268	0.521060595351595	0.558212450947625	0.521060595351597
1	1.09290433468123	1.11812293793015	1.09290433468123	1.09290433356896	1.11812293725056	1.19613151715444	1.11812293725056	1.11812293657113	1.19613151582131	1.20516577322066	1.19613151582131	1.09290433356896	1.11812293725056	1.19613151715444	1.11812293725056	0.811427460508492	0.650217288795658	0.521179686900118	0.650217288795659	0.650217288394555	0.521179686785542	0.558720872712242	0.521179686785543	0.521179686671129	0.558720871714077	0.49567349777275	0.558720871714078	0.650217288394557	0.521179686785543	0.558720872712243	0.521179686785545
1	1.09303170620823	1.11814482825838	1.09303170620823	1.09303170512705	1.11814482759923	1.19641093911366	1.11814482759923	1.11814482694017	1.19641093781884	1.20528188583018	1.19641093781884	1.09303170512705	1.11814482759923	1.19641093911366	1.11814482759923	0.811810124947958	0.650537704371732	0.521253196690979	0.650537704371734	0.650537703983117	0.52125319658092	0.559047163401823	0.52125319658092	0.52125319647093	0.559047162432943	0.495805059516379	0.559047162432944	0.650537703983119	0.52125319658092	0.559047163401824	0.521253196580922
1	1.0931105664846	1.11815780020751	1.0931105664846	1.09311056543391	1.11815779956779	1.19659083659872	1.11815779956778	1.11815779892809	1.19659083534088	1.20535071422633	1.19659083534088	1.09311056543391	1.11815779956778	1.19659083659872	1.11815779956778	0.812042222664175	0.650736856239853	0.521298612244623	0.650736856239855	0.650736855863036	0.521298612138436	0.559256432777048	0.521298612138437	0.521298612032261	0.559256431836186	0.495884758961794	0.559256431836187	0.650736855863037	0.521298612138437	0.559256432777049	0.521298612138439
1	1.0931594084377	1.11816550232632	1.0931594084377	1.09315940741679	1.1181655017052	1.19670657116078	1.1181655017052	1.11816550108408	1.19670656993876	1.20539152104569	1.19670656993876	1.09315940741679	1.1181655017052	1.19670657116078	1.1181655017052	0.812182997043901	0.650860704304354	0.521326697604543	0.650860704304356	0.650860703938765	0.521326697501814	0.559390576360264	0.521326697501814	0.521326697399066	0.559390575446394	0.495933084307521	0.559390575446395	0.650860703938766	0.521326697501814	0.559390576360264	0.521326697501816
1	1.09318967245244	1.11817008101753	1.09318967245244	1.09318967146054	1.11817008041433	1.19678097541406	1.11817008041433	1.11817007981112	1.19678097422681	1.20541571695801	1.19678097422681	1.09318967146054	1.11817008041433	1.19678097541406	1.11817008041433	0.812268381019536	0.650937768100126	0.521344082743778	0.650937768100127	0.650937767745282	0.52134408264423	0.559476522805373	0.52134408264423	0.521344082544651	0.559476521917611	0.495962414421741	0.559476521917612	0.650937767745283	0.52134408264423	0.559476522805374	0.521344082644233
1	1.09320843497724	1.11817280503157	1.09320843497724	1.09320843401356	1.11817280444568	1.19682877733935	1.11817280444568	1.11817280385978	1.19682877618585	1.20543006439285	1.19682877618585	1.09320843401356	1.11817280444568	1.19682877733935	1.11817280444568	0.812320169032626	0.650985750433791	0.521354854710797	0.650985750433793	0.650985750089279	0.521354854614237	0.559531566114248	0.521354854614239	0.521354854517641	0.559531565251791	0.495980233658304	0.559531565251792	0.65098575008928	0.521354854614239	0.559531566114249	0.52135485461424
1	1.09322007386134	1.11817442628465	1.09322007386134	1.0932200729251	1.11817442571554	1.19685947023609	1.11817442571554	1.11817442514641	1.1968594691154	1.20543857205004	1.1968594691154	1.0932200729251	1.11817442571554	1.19685947023609	1.11817442571554	0.812351580060713	0.651015644789089	0.521361535500127	0.651015644789091	0.651015644454538	0.52136153540641	0.559566804447931	0.521361535406412	0.521361535312653	0.559566803610035	0.495991070815629	0.559566803610036	0.651015644454539	0.521361535406412	0.559566804447932	0.521361535406413
1	1.09322729827942	1.11817539132418	1.09322729827942	1.09322729736985	1.11817539077133	1.19687916735465	1.11817539077132	1.11817539021845	1.19687916626583	1.20544361669483	1.19687916626583	1.09322729736985	1.11817539077132	1.19687916735465	1.11817539077132	0.812370631812523	0.651034281829767	0.52136568285903	0.651034281829769	0.651034281504844	0.521365682768038	0.559589355782008	0.521365682768039	0.521365682677005	0.559589354967958	0.495997668702269	0.559589354967959	0.651034281504845	0.521365682768039	0.559589355782008	0.521365682768041
1	1.09323178547313	1.11817596573449	1.09323178547313	1.09323178458947	1.11817596519741	1.19689180177529	1.11817596519741	1.11817596466031	1.19689180071745	1.20544660773002	1.19689180071745	1.09323178458946	1.11817596519741	1.19689180177529	1.11817596519741	0.812382187279611	0.651045908236029	0.521368259875583	0.651045908236031	0.651045907920424	0.521368259787218	0.559603783135445	0.521368259787219	0.52136825969881	0.559603782344563	0.496001690008379	0.559603782344564	0.651045907920426	0.521368259787219	0.559603783135445	0.521368259787221
1	1.09323457438318	1.11817630753238	1.09323457438318	1.09323457352469	1.11817630701062	1.19689990252068	1.11817630701062	1.11817630648884	1.19689990149294	1.20544838091778	1.19689990149294	1.09323457352469	1.11817630701062	1.19689990252068	1.11817630701062	0.812389196016245	0.651053165845676	0.521369862608478	0.651053165845678	0.651053165539106	0.521369862522656	0.559613010223008	0.521369862522657	0.521369862436784	0.559613009454638	0.496004143670555	0.559613009454639	0.651053165539107	0.521369862522657	0.559613010223008	0.521369862522659
1	1.09323630908291	1.11817651027674	1.09323630908291	1.09323630824888	1.11817650976984	1.19690509787045	1.11817650976984	1.11817650926292	1.19690509687199	1.2054494311512	1.19690509687199	1.09323630824888	1.11817650976984	1.19690509787045	1.11817650976984	0.812393446989957	0.651057699120161	0.521370860603341	0.651057699120163	0.651057698822357	0.521370860519984	0.559618908689182	0.521370860519985	0.521370860436578	0.55961890794269	0.496005642841619	0.559618907942691	0.651057698822359	0.521370860519985	0.559618908689183	0.521370860519987
1	1.09323738848772	1.11817663153232	1.09323738848772	1.09323738767748	1.11817663103989	1.19690842169861	1.11817663103989	1.11817663054743	1.19690842072862	1.20545005456543	1.19690842072862	1.09323738767748	1.11817663103989	1.19690842169861	1.11817663103989	0.812396025360497	0.651060532611989	0.52137148202294	0.651060532611991	0.651060532322695	0.521371481941968	0.559622680081526	0.52137148194197	0.521371481860951	0.559622679356309	0.496006559302594	0.55962267935631	0.651060532322697	0.52137148194197	0.559622680081527	0.521371481941971
1	1.09323806063027	1.11817670380138	1.09323806063027	1.09323805984319	1.11817670332303	1.19691054897458	1.11817670332303	1.11817670284465	1.19691054803228	1.20545042424992	1.19691054803228	1.09323805984319	1.11817670332303	1.19691054897458	1.11817670332303	0.812397589236233	0.651062304788993	0.521371869355751	0.651062304788995	0.651062304507971	0.521371869277095	0.559625090645504	0.521371869277097	0.521371869198396	0.559625089940983	0.496007120263007	0.559625089940984	0.651062304507973	0.521371869277097	0.559625090645504	0.521371869277098
1	1.0932384794682	1.11817674679213	1.09323847946819	1.09323847870369	1.1181767463275	1.19691191041322	1.1181767463275	1.11817674586285	1.19691190949789	1.20545064336187	1.19691190949789	1.09323847870369	1.1181767463275	1.19691191041322	1.1181767463275	0.812398537783883	0.651063413865642	0.521372110995514	0.651063413865644	0.651063413592668	0.521372110919107	0.559626630992827	0.52137211091911	0.521372110842661	0.559626630308458	0.496007464033412	0.559626630308459	0.651063413592669	0.52137211091911	0.559626630992827	0.52137211091911
1	1.09323874064137	1.11817677233342	1.09323874064137	1.09323873989894	1.11817677188222	1.19691278155852	1.11817677188222	1.11817677143099	1.19691278066955	1.20545077318715	1.19691278066955	1.09323873989894	1.11817677188222	1.19691278155852	1.11817677188222	0.812399113112615	0.651064108378259	0.521372261866406	0.65106410837826	0.651064108113133	0.521372261792194	0.559627615043136	0.521372261792196	0.521372261717941	0.559627614378441	0.496007674948949	0.559627614378441	0.651064108113134	0.521372261792196	0.559627615043136	0.521372261792197
1	1.09323890360859	1.11817678749126	1.09323890360859	1.09323890288795	1.1181767870533	1.19691333884035	1.1181767870533	1.11817678661532	1.19691333797728	1.20545085008835	1.19691333797728	1.09323890288795	1.1181767870533	1.19691333884034	1.1181767870533	0.812399462070467	0.65106454354692	0.521372356136779	0.651064543546921	0.65106454328949	0.521372356064715	0.559628243570432	0.521372356064716	0.521372355992607	0.559628242925044	0.496007804501797	0.559628242925045	0.651064543289492	0.521372356064716	0.559628243570433	0.521372356064717
1	1.09323900536279	1.1181767964766	1.09323900536279	1.09323900466388	1.11817679605186	1.1969136952448	1.11817679605186	1.11817679562711	1.19691369440744	1.20545089562781	1.19691369440744	1.09323900466388	1.11817679605186	1.1969136952448	1.11817679605186	0.812399673726126	0.651064816374638	0.521372415083885	0.65106481637464	0.651064816124817	0.521372415013935	0.559628644941198	0.521372415013936	0.521372414943946	0.559628644314917	0.496007884169253	0.559628644314917	0.651064816124819	0.521372415013936	0.559628644941198	0.521372415013937
1	1.09323906893622	1.11817680179576	1.09323906893622	1.0932390682591	1.11817680138428	1.19691392311905	1.11817680138428	1.11817680097278	1.19691392230733	1.20545092258743	1.19691392230733	1.09323906825909	1.11817680138428	1.19691392311905	1.11817680138428	0.812399802103	0.651064987520698	0.521372451969244	0.651064987520699	0.651064987278441	0.521372451901396	0.559628901204821	0.521372451901397	0.521372451833509	0.559628900597557	0.496007933215775	0.559628900597557	0.651064987278443	0.521372451901397	0.559628901204821	0.521372451901398
1	1.09323910867935	1.11817680493951	1.09323910867935	1.0932391080235	1.11817680454097	1.1969140687771	1.11817680454097	1.11817680414242	1.19691406799054	1.20545093854248	1.19691406799054	1.0932391080235	1.11817680454097	1.1969140687771	1.11817680454097	0.812399879968255	0.651065094941078	0.521372475065281	0.65106509494108	0.651065094706275	0.521372474999511	0.559629064792976	0.521372474999513	0.521372474933709	0.559629064204421	0.496007963444927	0.559629064204422	0.651065094706277	0.521372474999513	0.559629064792977	0.521372474999514
