1	1.00526518604977	1.00979414892268	1.00526518604977	1.00526518605595	1.00979414892764	1.01412036823378	1.00979414892768	1.00979414893267	1.01412036823849	1.01826106802434	1.01412036823849	1.00526518605595	1.00979414892768	1.01412036823378	1.00979414892764	0.368585954085794	0.298409790822726	0.285848145996139	0.298409790822727	0.298409790844739	0.285848145992873	0.279307319644179	0.285848145993514	0.285848145990897	0.279307319641443	0.274419362412212	0.279307319641443	0.29840979084474	0.285848145993514	0.279307319644179	0.285848145992874
1	1.01830950650213	1.0312337340218	1.01830950650213	1.0183095065049	1.03123373402298	1.0462401291746	1.03123373402304	1.03123373402427	1.04624012917576	1.05714833371185	1.04624012917576	1.0183095065049	1.03123373402304	1.0462401291746	1.03123373402298	0.504181148795647	0.428915182625705	0.391960932870064	0.428915182625706	0.428915182634876	0.391960932869313	0.392222092382727	0.391960932869531	0.391960932868989	0.392222092382567	0.375908035483439	0.392222092382568	0.428915182634877	0.391960932869531	0.392222092382728	0.391960932869314
1	1.02591279275425	1.04670939321498	1.02591279275425	1.02591279275258	1.04670939321868	1.06386497066291	1.04670939321873	1.04670939322243	1.0638649706605	1.08195462373289	1.0638649706605	1.02591279275258	1.04670939321873	1.06386497066291	1.04670939321868	0.55406383326183	0.482913125469148	0.467375649604131	0.482913125469149	0.48291312547278	0.467375649646223	0.439882820368745	0.467375649646451	0.467375649688414	0.439882820366279	0.437234806737567	0.439882820366279	0.482913125472781	0.467375649646451	0.439882820368746	0.467375649646224
1	1.02896123244313	1.05488130558971	1.02896123244313	1.02896123244534	1.05488130559968	1.07079822676751	1.05488130559971	1.05488130560966	1.07079822676936	1.09429699310299	1.07079822676936	1.02896123244534	1.05488130559971	1.07079822676751	1.05488130559968	0.572414647339102	0.501397991389451	0.494717216462786	0.501397991389452	0.501397991390419	0.494717216498833	0.456603898477234	0.494717216498949	0.49471721653493	0.456603898479502	0.461546535773365	0.456603898479502	0.50139799139042	0.494717216498949	0.456603898477235	0.494717216498833
1	1.03003040662088	1.05810548381573	1.03003040662088	1.03003040662263	1.05810548382382	1.07326330010486	1.05810548382383	1.0581054838319	1.07326330010702	1.09955753039958	1.07326330010702	1.03003040662263	1.05810548382383	1.07326330010486	1.05810548382381	0.579165534575923	0.507727475569991	0.504262106671354	0.507727475569992	0.507727475570131	0.504262106696033	0.462553017364584	0.504262106696086	0.504262106720737	0.462553017367667	0.471326896767579	0.462553017367668	0.507727475570132	0.504262106696086	0.462553017364584	0.504262106696034
1	1.03039496671578	1.0592577611447	1.03039496671578	1.03039496671691	1.05925776115014	1.07413913876893	1.05925776115015	1.05925776115559	1.07413913877064	1.1017888078801	1.07413913877064	1.03039496671691	1.05925776115015	1.07413913876892	1.05925776115014	0.581649047225091	0.509907331131285	0.507508245666914	0.509907331131286	0.509907331131231	0.507508245682566	0.464693987305127	0.507508245682589	0.507508245698227	0.464693987307695	0.475417158424611	0.464693987307696	0.509907331131232	0.507508245682589	0.464693987305128	0.507508245682566
1	1.03051872751515	1.0596485035138	1.03051872751515	1.03051872751586	1.05964850351725	1.07445397304411	1.05964850351725	1.0596485035207	1.07445397304533	1.10277092436151	1.07445397304533	1.03051872751586	1.05964850351725	1.07445397304411	1.05964850351725	0.582562680496511	0.51066274312982	0.508586809683302	0.510662743129821	0.510662743129747	0.508586809692966	0.465470857509668	0.508586809692976	0.508586809702632	0.465470857511507	0.477218702776544	0.465470857511508	0.510662743129748	0.508586809692976	0.465470857509668	0.508586809692967
1	1.03056076358108	1.05977523551599	1.03056076358108	1.03056076358152	1.05977523551813	1.07456816889989	1.05977523551813	1.05977523552026	1.0745681689007	1.10322522453789	1.0745681689007	1.03056076358152	1.05977523551813	1.07456816889989	1.05977523551813	0.582898787415758	0.510926478010255	0.508933916833004	0.510926478010256	0.510926478010199	0.508933916838915	0.465755065918687	0.508933916838919	0.508933916844822	0.465755065919916	0.478056097577102	0.465755065919916	0.5109264780102	0.508933916838919	0.465755065918687	0.508933916838915
1	1.03057505039283	1.05981388608568	1.03057505039283	1.03057505039311	1.05981388608699	1.07460984454494	1.05981388608699	1.0598138860883	1.07460984454546	1.10344579374516	1.07460984454546	1.03057505039311	1.05981388608699	1.07460984454494	1.05981388608699	0.583022434260337	0.511019505231424	0.50903952850358	0.511019505231425	0.511019505231386	0.509039528507182	0.465860107952958	0.509039528507183	0.50903952851078	0.465860107953752	0.478464699708751	0.465860107953752	0.511019505231387	0.509039528507183	0.465860107952958	0.509039528507182
1	1.03057990378866	1.05982433968947	1.03057990378866	1.03057990378881	1.05982433969025	1.07462512932809	1.05982433969025	1.05982433969103	1.0746251293284	1.10355729368838	1.0746251293284	1.03057990378881	1.05982433969025	1.07462512932809	1.05982433969025	0.583067921412558	0.511052807801695	0.509068096766818	0.511052807801696	0.511052807801667	0.50906809676894	0.465899465438321	0.50906809676894	0.509068096771059	0.465899465438806	0.47867203087659	0.465899465438806	0.511052807801667	0.50906809676894	0.465899465438321	0.509068096768941
