1	1.03355333959041	1.05401057172556	1.03355333959041	1.03355333959092	1.05975668279116	1.08206583315	1.05975668279115	1.05401057172581	1.08206583314927	1.09738788015296	1.08206583314927	1.03355333959092	1.05975668279115	1.08206583315	1.05975668279116	0.614044633210503	0.528983303066409	0.471975243282658	0.52898330306641	0.528983303070717	0.498868048785152	0.476093202543607	0.498868048785142	0.471975243282994	0.476093202540273	0.448941001465584	0.476093202540274	0.528983303070718	0.498868048785142	0.476093202543607	0.498868048785153
1	1.0421276000243	1.06555391588465	1.0421276000243	1.04212760002501	1.07359051390776	1.09925658956454	1.07359051390775	1.06555391588486	1.09925658956332	1.11607898573334	1.09925658956332	1.04212760002501	1.07359051390775	1.09925658956454	1.07359051390776	0.665291262258899	0.564761635082447	0.497057107906009	0.564761635082448	0.564761635086945	0.529349466693298	0.503268585183135	0.529349466693293	0.497057107906347	0.503268585179631	0.471567103358154	0.503268585179632	0.564761635086946	0.529349466693293	0.503268585183136	0.529349466693299
1	1.04616219197706	1.07032908911812	1.04616219197706	1.04616219197775	1.07973006611204	1.10691122021185	1.07973006611204	1.07032908911827	1.10691122021059	1.12374977212309	1.10691122021059	1.04616219197775	1.07973006611204	1.10691122021185	1.07973006611204	0.688317857064316	0.581188674779838	0.507835197273011	0.58118867477984	0.581188674783706	0.543056514378093	0.516260884750286	0.543056514378092	0.507835197273286	0.516260884747217	0.481815703597482	0.516260884747217	0.581188674783707	0.543056514378092	0.516260884750287	0.543056514378094
1	1.04801507797108	1.0723000817402	1.04801507797108	1.04801507797168	1.08242751336983	1.11042704258983	1.08242751336983	1.07230008174031	1.1104270425887	1.12700963089497	1.1104270425887	1.04801507797168	1.08242751336983	1.11042704258983	1.08242751336983	0.69866437309141	0.588616929450634	0.512453956772922	0.588616929450635	0.588616929453896	0.54913399790296	0.522379426066796	0.549133997902961	0.512453956773142	0.522379426064168	0.486404811222676	0.522379426064168	0.588616929453897	0.549133997902961	0.522379426066796	0.549133997902962
1	1.04885375928957	1.07311778978558	1.04885375928957	1.04885375929009	1.08360649438991	1.11206261786714	1.08360649438991	1.07311778978566	1.11206261786616	1.12842334302159	1.11206261786616	1.04885375929009	1.08360649438991	1.11206261786714	1.08360649438991	0.703313362439663	0.591949461938105	0.514433908755237	0.591949461938106	0.591949461940936	0.551810378716804	0.525239011335213	0.551810378716804	0.514433908755419	0.525239011332913	0.488451195919354	0.525239011332913	0.591949461940938	0.551810378716804	0.525239011335213	0.551810378716805
1	1.04923028463986	1.07345918054763	1.04923028463986	1.04923028464032	1.08412044115959	1.11282669132499	1.08412044115959	1.07345918054771	1.11282669132411	1.12904331578608	1.11282669132411	1.04923028464032	1.08412044115959	1.11282669132499	1.08412044115959	0.70540228806446	0.593439178405371	0.515283991270358	0.593439178405372	0.59343917840792	0.552985217698975	0.526570325893147	0.552985217698977	0.515283991270512	0.526570325891074	0.489362601851316	0.526570325891075	0.593439178407921	0.552985217698977	0.526570325893147	0.552985217698977
1	1.04939859646511	1.07360248612338	1.04939859646511	1.04939859646553	1.0843441556496	1.11318390476561	1.0843441556496	1.07360248612345	1.11318390476481	1.12931686755398	1.11318390476481	1.04939859646553	1.0843441556496	1.11318390476561	1.0843441556496	0.706340902879002	0.594104170859776	0.515649710984769	0.594104170859777	0.594104170862137	0.55350012070994	0.527188886913774	0.553500120709942	0.515649710984908	0.527188886911858	0.489768521247014	0.527188886911858	0.594104170862138	0.553500120709942	0.527188886913774	0.553500120709941
1	1.04947367523215	1.07366289795935	1.04947367523215	1.04947367523254	1.0844414379622	1.11335083125657	1.0844414379622	1.07366289795942	1.11335083125582	1.12943799002984	1.11335083125582	1.04947367523254	1.0844414379622	1.11335083125657	1.0844414379622	0.706762649678026	0.594400898307786	0.515807395077274	0.594400898307787	0.594400898310014	0.553725597926951	0.52747596274776	0.553725597926955	0.515807395077403	0.527475962745955	0.489949406737989	0.527475962745955	0.594400898310015	0.553725597926955	0.527475962747761	0.553725597926953
1	1.04950713520524	1.07368845007652	1.04950713520524	1.04950713520561	1.08448370465215	1.11342877401672	1.08448370465215	1.07368845007658	1.11342877401601	1.12949173772741	1.11342877401601	1.04950713520561	1.08448370465215	1.11342877401672	1.08448370465215	0.706952152788222	0.594533312211222	0.51587553390657	0.594533312211223	0.594533312213349	0.553824282110449	0.527609103540589	0.553824282110453	0.515875533906694	0.527609103538872	0.490030075242431	0.527609103538872	0.59453331221335	0.553824282110453	0.52760910354059	0.553824282110451
1	1.04952204318272	1.07369928695286	1.04952204318272	1.04952204318307	1.08450205279184	1.11346513751224	1.08450205279185	1.07369928695292	1.11346513751157	1.12951562513348	1.11346513751157	1.04952204318307	1.08450205279185	1.11346513751224	1.08450205279184	0.707037302043193	0.594592419599666	0.515905043120078	0.594592419599667	0.594592419601707	0.553867455823949	0.527670822279302	0.553867455823953	0.515905043120197	0.527670822277656	0.490066081761496	0.527670822277657	0.594592419601709	0.553867455823953	0.527670822279302	0.553867455823951
