1	1.03385781819517	1.07448336195483	1.03385781819517	1.03245691760205	1.06260107494207	1.09250254573498	1.06260107494193	1.06593706034998	1.09438216733576	1.13191102745419	1.09438216733576	1.03245691760205	1.06260107494193	1.09250254573498	1.06260107494207	0.688012133092981	0.62962549806473	0.669926383086269	0.629625498064731	0.635238237809722	0.614712221651846	0.60872893221916	0.614712221651365	0.645751054881994	0.622920708724501	0.641962150730849	0.622920708724501	0.635238237809723	0.614712221651365	0.60872893221916	0.614712221651847
1	1.04006703985773	1.08950820304428	1.04006703985773	1.03870397053982	1.07354197703266	1.10774547250239	1.07354197703255	1.07930171465955	1.11091601076291	1.15725476514856	1.11091601076291	1.03870397053982	1.07354197703255	1.10774547250239	1.07354197703266	0.746500511067267	0.678091300895207	0.728383489627537	0.678091300895207	0.68545551006912	0.6609642378028	0.653176439954405	0.660964237802453	0.702571733966365	0.671058409461915	0.699983684111277	0.671058409461916	0.68545551006912	0.660964237802453	0.653176439954406	0.660964237802801
1	1.0419356430514	1.09445863740704	1.0419356430514	1.04117836588633	1.07707623458119	1.11199888593366	1.07707623458111	1.08509883113505	1.1163981753122	1.16694759242233	1.1163981753122	1.04117836588633	1.07707623458111	1.11199888593366	1.07707623458119	0.781975505607005	0.708696525729414	0.763375398085212	0.708696525729415	0.716766608151562	0.690460228003328	0.681343416622012	0.690460228003086	0.738715355716855	0.701015601547883	0.737089645916664	0.701015601547883	0.716766608151563	0.690460228003086	0.681343416622013	0.69046022800333
1	1.04228399879966	1.09546693431218	1.04228399879966	1.04217220887687	1.07808277056784	1.11278294941144	1.07808277056778	1.08770770724782	1.11802489430861	1.17053029192957	1.11802489430861	1.04217220887687	1.07808277056778	1.11278294941144	1.07808277056783	0.803492177476139	0.728320795955805	0.783921829049442	0.728320795955806	0.736402333047222	0.709638408552974	0.699820812258585	0.709638408552809	0.760886243252051	0.719996424131608	0.759727550376844	0.719996424131609	0.736402333047223	0.709638408552809	0.699820812258585	0.709638408552975
1	1.04220278936174	1.09513213260279	1.04220278936174	1.04259200966244	1.07835175361544	1.11276858204026	1.0783517536154	1.08885417638425	1.11848984333924	1.1716063964324	1.11848984333924	1.04259200966244	1.0783517536154	1.11276858204026	1.07835175361544	0.816542698657601	0.741081682750994	0.795886833664673	0.741081682750995	0.74886822039949	0.72241463629326	0.712444777560822	0.722414636293149	0.774001180975119	0.732543775065539	0.772975313505807	0.732543775065539	0.748868220399491	0.722414636293149	0.712444777560822	0.722414636293262
1	1.04204529879847	1.09443373956686	1.04204529879847	1.04278355776818	1.07845078257438	1.11272444221857	1.07845078257436	1.08926576147379	1.11869622173794	1.17157139018893	1.11869622173794	1.04278355776818	1.07845078257436	1.11272444221857	1.07845078257438	0.824458239868179	0.749464927186879	0.802832521772003	0.74946492718688	0.756877849712856	0.73108079689783	0.721317142929796	0.731080796897757	0.781464148552331	0.741178410263246	0.780417172047371	0.741178410263246	0.756877849712857	0.731080796897757	0.721317142929797	0.731080796897831
1	1.04190359511417	1.09371431640783	1.04190359511417	1.04287852100758	1.07852589235021	1.11278600860459	1.07852589235019	1.08929633490292	1.11889280044807	1.17104089262671	1.11889280044807	1.04287852100758	1.07852589235019	1.11278600860459	1.07852589235021	0.829259258328492	0.755010239308382	0.806861555600863	0.755010239308383	0.762074049748483	0.737018882319262	0.727642631710646	0.737018882319213	0.78551812684116	0.747286405860668	0.784404047483529	0.747286405860668	0.762074049748484	0.737018882319214	0.727642631710646	0.737018882319263
1	1.04179250560113	1.09308484754039	1.04179250560113	1.04292937147387	1.07860076202404	1.11292554308296	1.07860076202403	1.08914126601006	1.11911820540345	1.17032841774324	1.11911820540345	1.04292937147387	1.07860076202403	1.11292554308296	1.07860076202404	0.832171223231947	0.75869588192598	0.809200054061821	0.758695881925981	0.765471094795529	0.741107750684702	0.732176977299688	0.74110775068467	0.787580212624308	0.751680596179746	0.786400736546122	0.751680596179746	0.76547109479553	0.74110775068467	0.732176977299689	0.741107750684703
1	1.04170845888048	1.09257184547691	1.04170845888048	1.04295867683073	1.07867219024332	1.11309658309793	1.07867219024331	1.08891244203075	1.11935773680011	1.16959997279541	1.11935773680011	1.04295867683073	1.07867219024331	1.11309658309793	1.07867219024332	0.833937419229737	0.76115483923837	0.810559272803632	0.761154839238371	0.767706862433203	0.743930327931921	0.735431727836136	0.743930327931901	0.788515400211017	0.754876116275489	0.787286953846001	0.75487611627549	0.767706862433204	0.743930327931901	0.735431727836136	0.743930327931922
1	1.04164533951319	1.09217014903912	1.04164533951319	1.04297688361903	1.07873523039698	1.11326685371261	1.07873523039697	1.08867128074901	1.1195916515078	1.16893663146888	1.1195916515078	1.04297688361903	1.07873523039697	1.11326685371261	1.07873523039697	0.835008671255846	0.762801157420001	0.811350969244387	0.762801157420002	0.769187765194476	0.745882213358473	0.73776790929568	0.74588221335846	0.788837160591925	0.757218410617649	0.787576767671296	0.757218410617649	0.769187765194477	0.745882213358459	0.73776790929568	0.745882213358474
1	1.04159790805557	1.09186351372011	1.04159790805557	1.04298907964264	1.07878763442855	1.1134195378994	1.07878763442854	1.08844824003347	1.11980656813739	1.16836984971456	1.11980656813739	1.04298907964264	1.07878763442854	1.11341953789939	1.07878763442855	0.835658418459066	0.763907306981821	0.811813418839157	0.763907306981822	0.770174989426009	0.747234444656317	0.739444497764779	0.747234444656308	0.788842959306863	0.758946759410217	0.787563764922222	0.758946759410217	0.77017498942601	0.747234444656308	0.739444497764779	0.747234444656318
1	1.04156216696148	1.09163337756846	1.04156216696148	1.04299781985203	1.07882939644738	1.11354827992317	1.07882939644738	1.08825569476069	1.11999590526644	1.16790409988643	1.11999590526644	1.04299781985203	1.07882939644738	1.11354827992317	1.07882939644738	0.836052510060592	0.764653270557576	0.812084559120194	0.764653270557577	0.770837452647645	0.748173272910534	0.740647926123875	0.748173272910528	0.788700835183182	0.760229784046439	0.787411686168507	0.760229784046439	0.770837452647646	0.748173272910528	0.740647926123875	0.748173272910535
1	1.04153514369092	1.09146259326147	1.04153514369092	1.04300441746737	1.07886169430186	1.11365260377384	1.07886169430186	1.0880962270446	1.12015788329968	1.16753089798088	1.12015788329968	1.04300441746737	1.07886169430186	1.11365260377384	1.07886169430186	0.836291538709575	0.765158277911702	0.812244311713384	0.765158277911702	0.771284992442622	0.748826758735091	0.741512247518813	0.748826758735087	0.788502752134328	0.761187520788054	0.787209078390074	0.761187520788054	0.771284992442623	0.748826758735087	0.741512247518813	0.748826758735092
1	1.04151463815186	1.09133677023732	1.04151463815186	1.04300956968087	1.07888613139205	1.11373486403944	1.07888613139205	1.08796764371822	1.12029356976542	1.16723683187795	1.12029356976542	1.04300956968087	1.07888613139205	1.11373486403944	1.07888613139205	0.836436516918647	0.76550153139172	0.812339038384876	0.765501531391721	0.771589409425659	0.749282965115931	0.742133636995875	0.749282965115929	0.788296729517523	0.761906063562201	0.787001605072234	0.761906063562201	0.771589409425659	0.749282965115929	0.742133636995875	0.749282965115932
1	1.04149902156424	1.09124447043193	1.04149902156424	1.04301366832994	1.07890431761305	1.11379846722418	1.07890431761305	1.08786581798044	1.120405479751	1.1670077478653	1.120405479751	1.04301366832994	1.07890431761305	1.11379846722418	1.07890431761305	0.836524450649606	0.765735799619437	0.81239567286726	0.765735799619438	0.77179789864142	0.749602480918978	0.742580964369189	0.749602480918977	0.788105899013782	0.762447589741103	0.786810909744511	0.762447589741103	0.771797898641421	0.749602480918977	0.742580964369189	0.749602480918979
1	1.04148708636334	1.09117690640086	1.04148708636334	1.04301695381296	1.07891767882352	1.11384693364586	1.07891767882352	1.08778618516055	1.12049669718151	1.16683068158369	1.12049669718151	1.04301695381296	1.07891767882352	1.11384693364586	1.07891767882352	0.836577785154795	0.765896353388701	0.812429891167667	0.765896353388702	0.771941662999287	0.749827038765002	0.742903490828851	0.749827038765001	0.787939669055582	0.762857317789738	0.786645523325554	0.762857317789738	0.771941662999287	0.749827038765001	0.742903490828851	0.749827038765003
1	1.04147793524129	1.09112747546327	1.04147793524128	1.04301958971506	1.07892739458161	1.11388345833055	1.07892739458161	1.08772445734642	1.12057036785943	1.16669456576348	1.12057036785943	1.04301958971505	1.07892739458161	1.11388345833055	1.07892739458161	0.83661013416848	0.766006849611007	0.812450839013912	0.766006849611008	0.772041459420201	0.749985432429605	0.743136439373695	0.749985432429605	0.787800182212402	0.763168366284939	0.786507105392837	0.763168366284939	0.772041459420201	0.749985432429605	0.743136439373696	0.749985432429606
1	1.04147089897166	1.09109128815788	1.04147089897166	1.04302169843343	1.07893440007787	1.11391074793599	1.07893440007787	1.08767691129551	1.12062943258327	1.16659032743182	1.12062943258327	1.04302169843343	1.07893440007787	1.11391074793599	1.07893440007787	0.836629754838021	0.76608321429351	0.812463868974258	0.76608321429351	0.772111184650972	0.750097573328411	0.743305002569395	0.750097573328411	0.787685990870334	0.763405161795932	0.786393964380556	0.763405161795932	0.772111184650972	0.750097573328411	0.743305002569395	0.750097573328412
1	1.0414654767912	1.09106475930997	1.0414654767912	1.0430233768963	1.07893941646267	1.11393100201477	1.07893941646267	1.08764045485635	1.12067650485652	1.16651071436231	1.12067650485652	1.0430233768963	1.07893941646267	1.11393100201477	1.07893941646267	0.836641655376476	0.766136205287385	0.812472124714393	0.766136205287385	0.772160200544076	0.750177273275409	0.74342721847941	0.750177273275409	0.787594100162036	0.763585837360552	0.786303002750612	0.763585837360552	0.772160200544076	0.750177273275409	0.74342721847941	0.75017727327541
1	1.04146128950231	1.09104526902622	1.04146128950231	1.0430247065635	1.07894298604317	1.11394595213864	1.07894298604317	1.08761259535671	1.12071383425347	1.1664500203111	1.12071383425347	1.0430247065635	1.07894298604317	1.11394595213864	1.07894298604317	0.836648873420533	0.76617313329537	0.812477468835128	0.766173133295371	0.77219486705888	0.750234125625285	0.743516002396278	0.750234125625286	0.787521067661212	0.763723947756778	0.786230738138946	0.763723947756779	0.772194867058881	0.750234125625286	0.743516002396278	0.750234125625286
1	1.04145805184553	1.09103091627662	1.04145805184553	1.04302575449026	1.07894551254684	1.11395694067075	1.07894551254684	1.08759135601431	1.12074331542908	1.16640380755114	1.12074331542908	1.04302575449026	1.07894551254684	1.11395694067075	1.07894551254684	0.836653251387006	0.766198971745436	0.812481007603835	0.766198971745437	0.772219523228886	0.750274832211982	0.74358063017352	0.750274832211982	0.787463553974139	0.763829670658552	0.786173835450807	0.763829670658553	0.772219523228887	0.750274832211982	0.74358063017352	0.750274832211983
1	1.04145554630812	1.0910203197939	1.04145554630812	1.04302657627136	1.07894729228875	1.11396499044748	1.07894729228875	1.08757519080417	1.12076651654792	1.16636865015198	1.12076651654792	1.04302657627136	1.07894729228875	1.11396499044748	1.07894729228875	0.836655906758426	0.766217122513828	0.812483406101083	0.766217122513829	0.772237152667774	0.75030408589651	0.743627770072629	0.750304085896511	0.787418573936468	0.7639106884655	0.786129329505153	0.7639106884655	0.772237152667774	0.750304085896511	0.743627770072629	0.750304085896511
1	1.04145360629285	1.09101247568513	1.04145360629285	1.04302721786144	1.0789485405722	1.11397087190082	1.0789485405722	1.0875629018695	1.12078472006814	1.16634191732763	1.12078472006814	1.04302721786144	1.0789485405722	1.11397087190082	1.0789485405722	0.836657517322756	0.766229922446828	0.812485069096332	0.766229922446828	0.772249820582982	0.750325184765912	0.743662224216437	0.750325184765912	0.787383581738625	0.763972823762243	0.786094698562811	0.763972823762243	0.772249820582983	0.750325184765912	0.743662224216437	0.750325184765913
1	1.0414521038306	1.09100665367674	1.0414521038306	1.04302771675654	1.07894941255557	1.11397516039076	1.07894941255557	1.08755356682242	1.12079896484201	1.16632159622583	1.12079896484201	1.04302771675654	1.07894941255557	1.11397516039076	1.07894941255557	0.83665849417941	0.766238982984997	0.812486246732675	0.766238982984998	0.772258965455061	0.750340455357965	0.743687457519582	0.750340455357966	0.787356470192632	0.764020504477542	0.78606785896787	0.764020504477542	0.772258965455062	0.750340455357966	0.743687457519582	0.750340455357966
1	1.04145094023519	1.09100232130884	1.04145094023519	1.04302810338187	1.07895001933482	1.11397828260153	1.07895001933482	1.08754647898454	1.12081008617582	1.1663061508413	1.12081008617582	1.04302810338187	1.07895001933482	1.11397828260153	1.07895001933482	0.836659086672875	0.766245420177017	0.812487096418403	0.766245420177018	0.772265595522674	0.750351545043417	0.743705974796094	0.750351545043417	0.787335530761063	0.764057107157566	0.786047122358886	0.764057107157566	0.772265595522675	0.750351545043417	0.743705974796095	0.750351545043418
1	1.04145003926794	1.09099908949677	1.04145003926794	1.04302840211821	1.07895043998354	1.11398055325957	1.07895043998354	1.08754109863634	1.12081875143309	1.16629441113976	1.12081875143309	1.04302840211821	1.07895043998354	1.11398055325957	1.07895043998354	0.836659446038262	0.766250009884883	0.812487719312485	0.766250009884884	0.772270421545363	0.750359624706665	0.743719590477045	0.750359624706666	0.787319398010796	0.764085212222771	0.786031139929183	0.764085212222771	0.772270421545364	0.750359624706666	0.743719590477045	0.750359624706666
1	1.04144934189864	1.09099667307611	1.04144934189864	1.04302863237794	1.07895073051452	1.11398220349164	1.07895073051452	1.08753701465815	1.12082549108885	1.16628548699525	1.12082549108885	1.04302863237794	1.07895073051452	1.11398220349164	1.07895073051452	0.836659664004309	0.766253293688359	0.812488181926607	0.76625329368836	0.772273947411669	0.750365529688451	0.743729621520683	0.750365529688452	0.787306992364271	0.764106794998926	0.786018845169458	0.764106794998926	0.772273947411669	0.750365529688452	0.743729621520683	0.750365529688452
1	1.04144880257714	1.09099486293299	1.04144880257714	1.04302880937626	1.07895093073362	1.11398340378925	1.07895093073362	1.08753391299796	1.12083072763439	1.16627869910828	1.12083072763439	1.04302880937626	1.07895093073362	1.11398340378924	1.07895093073362	0.836659796206363	0.766255651012875	0.81248852905758	0.766255651012876	0.772276532206376	0.750369858098873	0.743737025557205	0.750369858098874	0.787297467214687	0.764123369098585	0.786009401716082	0.764123369098585	0.772276532206377	0.750369858098874	0.743737025557206	0.750369858098874
1	1.0414483853338	1.09099350339244	1.0414483853338	1.04302894539621	1.07895106761145	1.11398427422212	1.07895106761145	1.08753155969105	1.12083478516026	1.16627354027094	1.12083478516026	1.04302894539621	1.07895106761145	1.11398427422212	1.07895106761145	0.836659876391729	0.766257348730477	0.812488791598023	0.766257348730478	0.772278433074623	0.750373039914082	0.743742501111598	0.750373039914083	0.787290161839848	0.764136097101541	0.78600215623573	0.764136097101541	0.772278433074623	0.750373039914083	0.743742501111598	0.750373039914084
1	1.04144806477042	1.09099248478678	1.04144806477042	1.04302904752616	1.07895116058339	1.11398490743066	1.07895116058339	1.0875297686909	1.12083792412916	1.16626961646871	1.12083792412916	1.04302904752615	1.07895116058339	1.11398490743066	1.07895116058339	0.836659925027077	0.766258577846511	0.812488992340615	0.766258577846512	0.772279833779041	0.750375384678627	0.743746556944789	0.750375384678628	0.787284563282965	0.764145869964139	0.785996601123919	0.764145869964139	0.772279833779041	0.750375384678628	0.743746556944789	0.750375384678628
1	1.04144781449392	1.09099171147923	1.04144781449392	1.04302912880009	1.07895122398299	1.11398536543132	1.07895122398299	1.08752841464189	1.1208403553152	1.16626663215485	1.1208403553152	1.04302912880009	1.07895122398299	1.11398536543132	1.07895122398298	0.836659954526189	0.766259465609847	0.81248914457312	0.766259465609848	0.772280871139568	0.750377117867539	0.743749568180024	0.750377117867539	0.787280276991065	0.764153374115355	0.785992347286421	0.764153374115355	0.772280871139568	0.750377117867539	0.743749568180025	0.75037711786754
1	1.04144762277937	1.09099113127473	1.04144762277937	1.04302918924446	1.0789512665551	1.11398569955234	1.07895126655509	1.08752738220006	1.12084223200665	1.16626436049961	1.12084223200665	1.04302918924445	1.07895126655509	1.11398569955234	1.07895126655509	0.836659972418476	0.766260112387593	0.812489261874335	0.766260112387594	0.772281639524298	0.750378401397426	0.743751806329374	0.750378401397426	0.787276996192194	0.764159134414352	0.785989089875777	0.764159134414353	0.772281639524299	0.750378401397426	0.743751806329374	0.750378401397427
1	1.04144747470968	1.09099069235328	1.04144747470967	1.04302923566386	1.07895129509531	1.11398594244995	1.07895129509531	1.08752659791362	1.12084368103737	1.16626263096516	1.12084368103737	1.04302923566386	1.07895129509531	1.11398594244995	1.0789512950953	0.8366599832708	0.766260584699772	0.812489351889506	0.766260584699772	0.772282210614858	0.750379354706622	0.743753473661142	0.750379354706623	0.787274486418046	0.764163555319598	0.785986596782351	0.764163555319598	0.772282210614859	0.750379354706623	0.743753473661143	0.750379354706623
1	1.04144736019495	1.09099035948659	1.04144736019495	1.04302927155242	1.07895131415132	1.11398611911027	1.07895131415132	1.08752600241211	1.12084479925584	1.16626131396262	1.12084479925584	1.04302927155242	1.07895131415132	1.11398611911027	1.07895131415132	0.83665998985313	0.766260929218237	0.812489420965253	0.766260929218238	0.772282636161712	0.750380063966654	0.743754717416434	0.750380063966655	0.787272566970222	0.764166948206129	0.78598468983646	0.764166948206129	0.772282636161713	0.750380063966655	0.743754717416434	0.750380063966655
1	1.0414472717767	1.09099010706951	1.0414472717767	1.04302929917706	1.07895132678476	1.11398624784798	1.07895132678476	1.08752554984805	1.1208456614896	1.16626031092068	1.1208456614896	1.04302929917706	1.07895132678476	1.11398624784798	1.07895132678476	0.836659993845554	0.766261181128651	0.812489474022606	0.766261181128652	0.772282953842858	0.750380592661654	0.743755646543896	0.750380592661655	0.787271099302075	0.764169551622594	0.785983231550577	0.764169551622595	0.772282953842859	0.750380592661655	0.743755646543896	0.750380592661656
1	1.04144720360657	1.09098991562032	1.04144720360657	1.0430293203379	1.078951335056	1.11398634179826	1.078951335056	1.08752520559745	1.12084632578182	1.16625954673908	1.12084632578182	1.0430293203379	1.078951335056	1.11398634179826	1.078951335056	0.836659996267104	0.766261365896351	0.812489514816901	0.766261365896352	0.772283191406395	0.750380987514053	0.743756341666417	0.750380987514054	0.787269977251556	0.764171548867951	0.785982116493067	0.764171548867951	0.772283191406396	0.750380987514054	0.743756341666417	0.750380987514054
1	1.04144715107042	1.09098977027679	1.04144715107042	1.04302933653784	1.07895134039494	1.11398641043008	1.07895134039494	1.08752494363928	1.12084683725451	1.16625896436445	1.12084683725451	1.04302933653784	1.07895134039494	1.11398641043008	1.07895134039494	0.836659997735862	0.766261501686331	0.812489546193187	0.766261501686332	0.772283369360414	0.750381282907298	0.743756862429493	0.750381282907298	0.787269119513336	0.764173080842093	0.785981264002186	0.764173080842093	0.772283369360415	0.750381282907298	0.743756862429493	0.750381282907299
1	1.04144711061486	1.09098965987593	1.04144711061486	1.04302934892365	1.0789513437824	1.11398646063881	1.07895134378239	1.0875247442081	1.12084723083518	1.1662585204261	1.12084723083518	1.04302934892365	1.07895134378239	1.11398646063881	1.07895134378239	0.836659998626718	0.766261601729124	0.812489570331714	0.766261601729125	0.772283502863153	0.750381504255432	0.743757253088609	0.750381504255433	0.787268463865781	0.764174255723358	0.785980612288916	0.764174255723358	0.772283502863154	0.750381504255433	0.743757253088609	0.750381504255433
1	1.04144707948272	1.09098957596842	1.04144707948272	1.04302935838589	1.07895134588312	1.11398649742308	1.07895134588312	1.08752459231902	1.12084753353906	1.16625818192749	1.12084753353906	1.04302935838589	1.07895134588312	1.11398649742308	1.07895134588312	0.836659999167054	0.766261675615024	0.812489588903599	0.766261675615025	0.77228360315874	0.750381670373927	0.743757546524516	0.750381670373928	0.78726796270947	0.764175156593123	0.785980114080618	0.764175156593124	0.772283603158741	0.750381670373928	0.743757546524516	0.750381670373928
1	1.04144705553824	1.09098951215884	1.04144705553824	1.04302936561188	1.07895134714491	1.11398652441157	1.07895134714491	1.08752447659913	1.12084776624033	1.1662579237606	1.12084776624033	1.04302936561188	1.07895134714491	1.11398652441157	1.07895134714491	0.836659999494788	0.766261730304688	0.812489603191576	0.766261730304688	0.772283678606924	0.750381795221559	0.743757767201667	0.750381795221559	0.787267579644568	0.764175847247397	0.785979733226024	0.764175847247398	0.772283678606925	0.750381795221559	0.743757767201667	0.75038179522156
1	1.04144703713076	1.09098946360675	1.04144703713076	1.04302937112938	1.07895134786785	1.11398654424322	1.07895134786785	1.08752438840882	1.12084794505287	1.16625772681572	1.12084794505286	1.04302937112938	1.07895134786785	1.11398654424322	1.07895134786785	0.836659999693571	0.766261770871507	0.812489614181934	0.766261770871507	0.772283735433362	0.750381889176713	0.743757933352929	0.750381889176714	0.787267286841563	0.764176376658702	0.785979442081706	0.764176376658702	0.772283735433363	0.750381889176714	0.74375793335293	0.750381889176714
1	1.04144702298612	1.0909894266459	1.04144702298612	1.04302937534195	1.07895134825089	1.11398655883893	1.07895134825089	1.08752432117944	1.12084808240382	1.16625757654191	1.12084808240382	1.04302937534195	1.07895134825089	1.11398655883893	1.07895134825089	0.836659999814139	0.766261801023605	0.812489622633824	0.766261801023606	0.772283778283349	0.750381959971272	0.743758058588044	0.750381959971273	0.787267063027139	0.764176782413169	0.785979219513043	0.76417678241317	0.77228377828335	0.750381959971273	0.743758058588044	0.750381959971273
