1	5.96453567605204	1.71507671989058	5.96453558443896	5.41468063379202	1.72395263102225	1.07883233235795	1.72395263094702	1.56478883494165	1.09589904085225	1.00969138057424	1.09589904085226	5.41468063379211	1.72395263094702	1.07883233235795	1.72395263102231	7.49999999999999	1.91704645222887	0.321217810203909	1.91704648842475	2.07965005828166	0.334925028473838	0.0756813374286923	0.334925028452514	0.33258829297611	0.0883468999807215	-0.0225190540594693	0.0883468999807242	2.07965005828172	0.334925028452513	0.0756813374286943	0.334925028473859
1	12.4160736989013	1.208282198693	12.4160736989013	7.91979467142798	1.20028470099413	1.02925881978484	1.20028470099307	1.14122042316374	1.03136861264563	1.00316859953617	1.03136861264563	7.91979467142802	1.20028470099307	1.02925881978485	1.20028470099415	7.49999999999999	5.0097233238912	0.194124793412808	5.00972332389123	3.50302036490684	0.193454399407023	0.0566200832784614	0.19345439940646	0.173373642831046	0.0604325449477798	-0.015986482265626	0.0604325449477814	3.50302036490688	0.19345439940646	0.0566200832784628	0.193454399407031
1	9.02778728060327	1.06279524371479	9.02778728060325	1.12102344589993	1.04729383682524	1.00882566891532	1.04729383682524	1.04046003255144	1.0090824739189	1.00116717227868	1.0090824739189	1.12102344589994	1.04729383682524	1.00882566891532	1.04729383682524	7.49999999999999	5.28762284467523	0.149981061791418	5.28762284467526	0.213551567885673	0.106323054191871	0.0392617780402784	0.10632305419187	0.0856362092761894	0.0357833240172388	-0.0116382315863698	0.0357833240172396	0.213551567885677	0.10632305419187	0.0392617780402794	0.106323054191875
1	7.57911508859685	1.02726770886288	7.57911508859684	1.06021243343516	1.02970970207095	1.00623738618375	1.02970970207095	1.03618480301262	1.00748944828776	1.00092815657744	1.00748944828776	1.06021243343516	1.02970970207095	1.00623738618375	1.02970970207095	7.49999999999999	5.32408014858758	0.117816054235011	5.32408014858761	0.148579054508947	0.0888945531633441	0.0360240889777122	0.0888945531633452	0.0809683339823822	0.0336591521307184	-0.0110163741040942	0.0336591521307192	0.14857905450895	0.0888945531633457	0.0360240889777132	0.088894553163347
1	7.00773336742845	1.02075835575013	7.00773336742844	1.05707014590993	1.02703155003418	1.00557448413824	1.02703155003418	1.03564933547747	1.0071368831106	1.00086724065695	1.0071368831106	1.05707014590994	1.02703155003418	1.00557448413824	1.02703155003418	7.49999999999999	5.33839414537155	0.111465168706805	5.33839414537158	0.143886318530287	0.0862000378726146	0.0350935260807841	0.0862000378726157	0.0799931251853423	0.0331180945740607	-0.0108354064049535	0.0331180945740614	0.14388631853029	0.0862000378726164	0.0350935260807851	0.0862000378726173
1	6.72933442594164	1.01816429245367	6.72933442594163	1.05601840918674	1.02600081750196	1.00530730605121	1.02600081750196	1.03551444812032	1.00700543976218	1.00084331124246	1.00700543976218	1.05601840918675	1.02600081750196	1.00530730605121	1.02600081750196	7.49999999999999	5.34534265555158	0.108748911446823	5.34534265555161	0.142171263112289	0.0851729748492002	0.0347277550071366	0.0851729748492011	0.079644826156669	0.0329208820712568	-0.0107689417097317	0.0329208820712574	0.142171263112292	0.0851729748492018	0.0347277550071376	0.0851729748492028
1	6.57913200013266	1.01688522520553	6.57913200013265	1.05549684365	1.02549154715526	1.00517452527498	1.02549154715526	1.03545008917069	1.00694082153908	1.00083145790654	1.00694082153908	1.05549684365	1.02549154715526	1.00517452527498	1.02549154715526	7.49999999999999	5.34908511814715	0.107340960728338	5.34908511814718	0.141312109872904	0.0846680774680874	0.0345490213750464	0.0846680774680885	0.079471375288216	0.0328260730710448	-0.0107373846796698	0.0328260730710455	0.141312109872907	0.0846680774680892	0.0345490213750473	0.08466807746809
1	6.49369669717276	1.01619258368065	6.49369669717275	1.05521243008085	1.02521522427943	1.00510230855565	1.02521522427943	1.03541537665691	1.00690582799641	1.00082501936111	1.00690582799641	1.05521243008085	1.02521522427943	1.00510230855565	1.02521522427943	7.49999999999999	5.35121207296796	0.106556721900547	5.35121207296799	0.140841940681117	0.0843952346949348	0.0344529635877895	0.0843952346949357	0.0793766325864444	0.0327754612951077	-0.0107206962298335	0.0327754612951084	0.14084194068112	0.0843952346949364	0.0344529635877904	0.0843952346949373
1	6.44365481338726	1.01579820720155	6.44365481338725	1.05504986638788	1.02505772280556	1.00506109083676	1.02505772280556	1.03539565743581	1.00688590400491	1.00082134722754	1.00688590400491	1.05504986638788	1.02505772280556	1.00506109083676	1.02505772280556	7.49999999999999	5.35245734561007	0.106102897858727	5.3524573456101	0.140572682471962	0.0842401646713808	0.0343985727997819	0.0842401646713818	0.0793224338150378	0.0327469024134185	-0.0107113368844978	0.0327469024134192	0.140572682471965	0.0842401646713825	0.0343985727997828	0.0842401646713834
1	6.41384330236284	1.01556715863127	6.41384330236283	1.05495442150822	1.0249653942604	1.00503690979393	1.0249653942604	1.03538412276425	1.00687423213878	1.00081919384155	1.00687423213878	1.05495442150822	1.0249653942604	1.00503690979393	1.0249653942604	7.49999999999999	5.35319901167948	0.105834475397032	5.3531990116795	0.140414416213622	0.084149434418723	0.0343668258067395	0.0841494344187238	0.079290597678733	0.0327302647809046	-0.0107059054133978	0.0327302647809053	0.140414416213625	0.0841494344187245	0.0343668258067404	0.0841494344187256
1	6.39590510181636	1.01542951608829	6.39590510181635	1.0548974938685	1.02491037254364	1.00502249264134	1.02491037254364	1.03537725814552	1.00686727928576	1.00081791030681	1.00686727928576	1.0548974938685	1.02491037254364	1.00502249264134	1.02491037254364	7.49999999999999	5.35364522408541	0.105673656150944	5.35364522408544	0.140319954191626	0.0840954307575551	0.0343479580250233	0.084095430757556	0.0792716029043027	0.0327203876952597	-0.0107026888108144	0.0327203876952604	0.140319954191629	0.0840954307575567	0.0343479580250242	0.0840954307575577
1	6.38504647509439	1.01534669788879	6.38504647509438	1.05486321293056	1.02487725954478	1.00501381380997	1.02487725954478	1.03537313023113	1.00686309589864	1.00081713774556	1.00686309589864	1.05486321293056	1.02487725954478	1.00501381380997	1.02487725954478	7.49999999999999	5.35391530962925	0.105576560884668	5.35391530962928	0.14026304914372	0.0840629551379728	0.0343366226714134	0.0840629551379738	0.0792601637912916	0.0327144573082329	-0.0107007603321938	0.0327144573082336	0.140263049143723	0.0840629551379746	0.0343366226714144	0.0840629551379754
1	6.37844956076184	1.01529656709733	6.37844956076183	1.05484245323173	1.0248572136609	1.00500855895089	1.02485721366091	1.03537063278565	1.00686056377575	1.00081667002338	1.00686056377575	1.05484245323173	1.02485721366091	1.00500855895089	1.02485721366091	7.49999999999999	5.35407938577166	0.105517665093508	5.35407938577169	0.140228580396211	0.0840433043638714	0.0343297677827142	0.0840433043638724	0.0792532361411852	0.0327108723927935	-0.0106995956312649	0.0327108723927942	0.140228580396213	0.0840433043638731	0.0343297677827151	0.084043304363874
1	6.37443295875043	1.01526611231995	6.37443295875042	1.05482983823429	1.02484503477518	1.00500536602706	1.02484503477518	1.0353691159488	1.00685902552191	1.00081638584553	1.00685902552191	1.05482983823429	1.02484503477518	1.00500536602706	1.02484503477518	7.49999999999999	5.35417928226077	0.105481840344422	5.35417928226079	0.140207631738119	0.0840313689907891	0.0343256057943144	0.0840313689907898	0.0792490261960738	0.0327086962849425	-0.0106988890389001	0.0327086962849432	0.140207631738122	0.0840313689907905	0.0343256057943154	0.0840313689907917
1	6.37198414496428	1.01524757002398	6.37198414496427	1.05482215640793	1.0248376193708	1.00500342181596	1.0248376193708	1.03536819256678	1.0068580889719	1.0008162128125	1.00685808897191	1.05482215640793	1.0248376193708	1.00500342181596	1.0248376193708	7.49999999999999	5.35424018533144	0.105460011756282	5.35424018533147	0.14019487402502	0.0840241031450015	0.0343230726726536	0.0840241031450024	0.0792464624848845	0.0327073720219931	-0.0106984591996372	0.0327073720219938	0.140194874025022	0.0840241031450032	0.0343230726726545	0.084024103145004
1	6.37048995612712	1.01523626545012	6.37048995612711	1.05481747262185	1.02483309834282	1.00500223642228	1.02483309834282	1.03536762966595	1.00685751799531	1.00081610731598	1.00685751799531	1.05481747262185	1.02483309834282	1.00500223642228	1.02483309834282	7.49999999999999	5.35427734604545	0.105446697389955	5.35427734604548	0.140187094924958	0.0840196737811197	0.0343215286516267	0.0840196737811205	0.0792448992973731	0.0327065649103117	-0.0106981972785984	0.0327065649103124	0.140187094924961	0.0840196737811213	0.0343215286516276	0.0840196737811223
1	6.36957779748877	1.01522936782612	6.36957779748876	1.05481461457926	1.02483033973782	1.0050015131112	1.02483033973782	1.03536728622522	1.00685716960824	1.00081604294415	1.00685716960824	1.05481461457926	1.02483033973782	1.0050015131112	1.02483033973782	7.49999999999999	5.35430003142162	0.105438571151694	5.35430003142164	0.140182347964347	0.0840169712886113	0.0343205866749235	0.0840169712886124	0.0792439454303099	0.0327060725313916	-0.0106980375240868	0.0327060725313923	0.14018234796435	0.0840169712886131	0.0343205866749245	0.0840169712886138
1	6.36902078289275	1.0152251570509	6.36902078289274	1.05481286977554	1.02482865568187	1.00500107154236	1.02482865568187	1.03536707657257	1.00685695692987	1.00081600364662	1.00685695692987	1.05481286977554	1.02482865568187	1.00500107154236	1.02482865568187	7.49999999999999	5.35431388431121	0.105433609475501	5.35431388431124	0.140179449937508	0.0840153215544691	0.0343200116744185	0.0840153215544699	0.0792433630996169	0.0327057719840308	-0.0106979400193986	0.0327057719840314	0.140179449937511	0.0840153215544706	0.0343200116744194	0.0840153215544717
1	6.36868057612054	1.01522258572877	6.36868057612053	1.05481180428176	1.02482762730238	1.00500080189319	1.02482762730238	1.03536694855078	1.00685682705744	1.00081597964894	1.00685682705744	1.05481180428177	1.02482762730238	1.00500080189319	1.02482762730238	7.49999999999999	5.35432234519355	0.105430579292707	5.35432234519358	0.140177680186129	0.084014314159271	0.0343196605667015	0.084014314159272	0.0792430074880333	0.03270558846627	-0.0106978805277094	0.0327055884662707	0.140177680186132	0.0840143141592727	0.0343196605667025	0.0840143141592738
1	6.36847276523377	1.01522101525043	6.36847276523376	1.0548111535048	1.02482699919969	1.00500063719884	1.02482699919969	1.03536687035999	1.00685674773569	1.0008159649925	1.00685674773569	1.0548111535048	1.02482699919969	1.00500063719884	1.02482699919969	7.49999999999999	5.35432751340556	0.105428728436395	5.35432751340559	0.140176599258312	0.0840136988825682	0.0343194461280851	0.0840136988825691	0.0792427902892877	0.0327054763849074	-0.0106978441000193	0.032705476384908	0.140176599258315	0.0840136988825697	0.0343194461280861	0.0840136988825708
1	6.36834581791063	1.01522005594538	6.36834581791062	1.05481075598347	1.0248266155311	1.00500053659706	1.0248266155311	1.03536682259884	1.00685669928317	1.00081595603891	1.00685669928317	1.05481075598348	1.0248266155311	1.00500053659706	1.0248266155311	7.49999999999999	5.35433067055517	0.105427597821052	5.3543306705552	0.140175938979669	0.0840133230518454	0.034319315143595	0.0840133230518464	0.0792426576141446	0.0327054079226223	-0.0106978219786819	0.0327054079226228	0.140175938979672	0.0840133230518471	0.034319315143596	0.0840133230518481
1	6.36826826518565	1.01521946992664	6.36826826518564	1.05481051314494	1.02482638115583	1.00500047514137	1.02482638115583	1.03536679342259	1.00685666968455	1.00081595056998	1.00685666968455	1.05481051314494	1.02482638115583	1.00500047514137	1.02482638115583	7.49999999999999	5.35433259927181	0.105426907136168	5.35433259927184	0.140175535626601	0.0840130934660773	0.0343192351289809	0.0840130934660782	0.0792425765659662	0.0327053661016408	-0.010697808372553	0.0327053661016414	0.140175535626604	0.0840130934660789	0.0343192351289818	0.08401309346608
1	6.36822088663763	1.01521911192505	6.36822088663762	1.05481036479338	1.0248262379748	1.00500043759773	1.02482623797481	1.03536677559877	1.00685665160263	1.00081594722915	1.00685665160263	1.05481036479338	1.02482623797481	1.00500043759773	1.02482623797481	7.49999999999999	5.35433377756389	0.105426485186976	5.35433377756392	0.140175289215337	0.0840129532115002	0.0343191862480509	0.0840129532115012	0.0792425270533631	0.0327053405534296	-0.0106978000351559	0.0327053405534303	0.14017528921534	0.0840129532115019	0.0343191862480518	0.0840129532115028
1	6.36819194165781	1.01521889321471	6.3681919416578	1.05481027416218	1.02482615050258	1.00500041466154	1.02482615050258	1.03536676470987	1.00685664055602	1.00081594518746	1.00685664055602	1.05481027416219	1.02482615050258	1.00500041466154	1.02482615050258	7.49999999999999	5.3543344974178	0.105426227407573	5.35433449741783	0.140175138676934	0.0840128675270879	0.0343191563857184	0.0840128675270887	0.079242496804102	0.0327053249449833	-0.0106977950449773	0.0327053249449839	0.140175138676937	0.0840128675270896	0.0343191563857194	0.0840128675270905
1	6.36817425813044	1.01521875959795	6.36817425813043	1.05481021879286	1.02482609706315	1.00500040064912	1.02482609706315	1.0353667580575	1.00685663380731	1.00081594394096	1.00685663380731	1.05481021879286	1.02482609706315	1.00500040064912	1.02482609706315	7.49999999999999	5.35433493720234	0.105426069921412	5.35433493720237	0.140175046708719	0.0840128151801955	0.0343191381421037	0.0840128151801962	0.0792424783249813	0.0327053154100705	-0.0106977918751346	0.0327053154100712	0.140175046708722	0.084012815180197	0.0343191381421046	0.0840128151801981
1	6.36816345456413	1.01521867796671	6.36816345456412	1.05481018496568	1.02482606441508	1.00500039208842	1.02482606441508	1.03536675399333	1.00685662968428	1.0008159431791	1.00685662968428	1.05481018496569	1.02482606441508	1.00500039208842	1.02482606441508	7.49999999999999	5.35433520588409	0.105425973707222	5.35433520588412	0.140174990521798	0.0840127831995239	0.0343191269963901	0.0840127831995247	0.0792424670349709	0.0327053095845652	-0.0106977899872971	0.0327053095845658	0.140174990521801	0.0840127831995254	0.034319126996391	0.0840127831995264
1	6.36815685421502	1.01521862809495	6.36815685421501	1.05481016429934	1.02482604446908	1.00500038685835	1.02482604446908	1.03536675151037	1.00685662716536	1.00081594271379	1.00685662716536	1.05481016429934	1.02482604446908	1.00500038685835	1.02482604446908	7.49999999999999	5.35433537003296	0.105425914925993	5.35433537003299	0.140174956195047	0.0840127636613134	0.0343191201870602	0.0840127636613143	0.0792424601376461	0.032705306025668	-0.0106977888128513	0.0327053060256686	0.140174956195049	0.084012763661315	0.0343191201870611	0.084012763661316
1	6.36815282177762	1.01521859762622	6.36815282177761	1.0548101516734	1.02482603228324	1.00500038366309	1.02482603228324	1.03536674999344	1.00685662562645	1.00081594242922	1.00685662562645	1.0548101516734	1.02482603228324	1.00500038366309	1.02482603228324	7.49999999999999	5.35433547031857	0.105425879014057	5.3543354703186	0.140174935223278	0.0840127517245278	0.0343191160269122	0.0840127517245287	0.0792424559234089	0.0327053038511438	-0.0106977881374649	0.0327053038511445	0.140174935223281	0.0840127517245294	0.0343191160269132	0.0840127517245304
1	6.36815035818521	1.01521857901156	6.3681503581852	1.05481014395968	1.02482602483839	1.00500038171096	1.02482602483839	1.03536674906668	1.00685662468627	1.00081594225531	1.00685662468627	1.05481014395968	1.02482602483839	1.00500038171096	1.02482602483839	7.49999999999999	5.35433553158744	0.105425857073872	5.35433553158747	0.140174922410715	0.0840127444318177	0.034319113485289	0.0840127444318187	0.0792424533486744	0.0327053025225862	-0.0106977877339008	0.032705302522587	0.140174922410718	0.0840127444318193	0.0343191134852899	0.0840127444318203
1	6.36814885306769	1.01521856763905	6.36814885306768	1.05481013924703	1.02482602029	1.00500038051832	1.02482602029	1.03536674850049	1.00685662411187	1.00081594214917	1.00685662411187	1.05481013924704	1.02482602029	1.00500038051832	1.02482602029001	7.49999999999999	5.3543355690193	0.105425843669671	5.35433556901933	0.140174914582998	0.0840127399764163	0.0343191119325202	0.0840127399764174	0.079242451775794	0.032705301711004	-0.0106977874716168	0.0327053017110047	0.140174914583001	0.0840127399764181	0.0343191119325211	0.0840127399764189
1	6.36814793352413	1.01521856069108	6.36814793352413	1.05481013636786	1.02482601751119	1.00500037978969	1.02482601751119	1.03536674815456	1.00685662376094	1.00081594208449	1.00685662376094	1.05481013636786	1.02482601751119	1.00500037978969	1.02482601751119	7.49999999999999	5.35433559188809	0.105425835480455	5.35433559188812	0.140174909800758	0.0840127372544625	0.034319110983894	0.0840127372544636	0.079242450815076	0.0327053012153204	-0.0106977872856415	0.0327053012153211	0.140174909800761	0.0840127372544643	0.034319110983895	0.0840127372544651
1	6.36814737173343	1.01521855644625	6.36814737173342	1.05481013460884	1.02482601581349	1.00500037934453	1.02482601581349	1.03536674794322	1.00685662354654	1.00081594204497	1.00685662354654	1.05481013460884	1.02482601581349	1.00500037934453	1.02482601581349	7.49999999999999	5.35433560585967	0.105425830477292	5.3543356058597	0.140174906879059	0.0840127355914919	0.0343191104043325	0.0840127355914929	0.0792424502281091	0.0327053009124698	-0.0106977871742418	0.0327053009124705	0.140174906879062	0.0840127355914936	0.0343191104043335	0.0840127355914945
1	6.36814702851015	1.01521855385289	6.36814702851014	1.05481013353418	1.02482601477628	1.00500037907256	1.02482601477628	1.03536674781411	1.00685662341556	1.00081594202065	1.00685662341555	1.05481013353418	1.02482601477629	1.00500037907256	1.02482601477629	7.49999999999999	5.35433561439554	0.105425827420617	5.35433561439557	0.140174905094001	0.0840127345754582	0.0343191100502228	0.0840127345754592	0.079242449869285	0.0327053007272995	-0.0106977871313284	0.0327053007273001	0.140174905094004	0.08401273457546	0.0343191100502237	0.0840127345754608
