1	1.00723192711966	1.01250797464029	1.00723192711966	1.00723192711657	1.01283651653562	1.01755036960054	1.01283651652985	1.01250797463544	1.01755036959798	1.02209730008538	1.01755036959798	1.00723192711657	1.01283651652985	1.01755036960054	1.01283651653562	0.446976733623347	0.395174879218604	0.362399782587949	0.395174879218605	0.395174879226408	0.36810035074201	0.348472364116351	0.368100350642379	0.362399782603781	0.348472364117826	0.336997522895987	0.348472364117827	0.395174879226408	0.368100350642379	0.348472364116352	0.368100350742011
1	1.02549362908721	1.04231047799941	1.02549362908721	1.0254936290871	1.04493518832223	1.06027193130779	1.04493518831014	1.0423104780001	1.06027193130777	1.07398581359276	1.06027193130777	1.0254936290871	1.04493518831014	1.06027193130779	1.04493518832223	0.611410284450975	0.528511987526545	0.480918952996534	0.528511987526546	0.528511987528181	0.498283703976841	0.471755729165173	0.498283703925533	0.480918953001657	0.471755729166367	0.452472267528298	0.471755729166367	0.528511987528182	0.498283703925533	0.471755729165174	0.498283703976843
1	1.03516478262863	1.05692116140588	1.03516478262863	1.03516478262864	1.06203250283559	1.0834441951221	1.06203250282812	1.05692116140643	1.08344419512234	1.10039095184773	1.08344419512234	1.03516478262864	1.06203250282812	1.0834441951221	1.06203250283559	0.67190200717342	0.583382397225856	0.524977763271423	0.583382397225858	0.583382397225825	0.550997172855828	0.524672192154049	0.550997172833567	0.524977763273083	0.52467219215484	0.498521131496433	0.52467219215484	0.583382397225826	0.550997172833567	0.524672192154049	0.550997172855829
1	1.03915246723496	1.0622756067794	1.03915246723496	1.03915246723492	1.06891351170325	1.09337756431964	1.0689135116998	1.06227560677962	1.09337756431983	1.11068840166671	1.09337756431983	1.03915246723492	1.0689135116998	1.09337756431964	1.06891351170325	0.69415566832411	0.60517551464499	0.541038843648044	0.605175514644992	0.60517551464461	0.571410327548441	0.546938831178791	0.571410327539505	0.54103884364854	0.546938831179284	0.516501285586858	0.546938831179284	0.605175514644611	0.571410327539505	0.546938831178792	0.571410327548442
1	1.04069440201623	1.06411782254634	1.04069440201623	1.04069440201618	1.07148493966085	1.09746068456117	1.07148493965942	1.06411782254641	1.0974606845613	1.11452580190303	1.0974606845613	1.04069440201618	1.07148493965942	1.09746068456117	1.07148493966084	0.702342332775953	0.613565848056016	0.546847408510631	0.613565848056017	0.613565848055631	0.579080662111089	0.556070623582584	0.579080662107617	0.546847408510756	0.556070623582909	0.523409327853151	0.55607062358291	0.613565848055633	0.579080662107618	0.556070623582585	0.57908066211109
1	1.04127801417589	1.06474906112344	1.04127801417589	1.04127801417584	1.07242483735069	1.09912415383346	1.07242483735012	1.06474906112346	1.09912415383355	1.11595799141805	1.09912415383355	1.04127801417584	1.07242483735012	1.09912415383346	1.07242483735068	0.705354038346903	0.61674981218048	0.548946314178936	0.616749812180481	0.616749812180146	0.581924210346494	0.559761371274805	0.581924210345165	0.548946314178948	0.559761371275046	0.526046006385686	0.559761371275046	0.616749812180147	0.581924210345165	0.559761371274805	0.581924210346496
1	1.04149715690398	1.06496704504954	1.04149715690398	1.04149715690394	1.07276585089774	1.09979900006664	1.07276585089752	1.06496704504954	1.09979900006671	1.11649634991778	1.09979900006671	1.04149715690394	1.07276585089752	1.09979900006664	1.07276585089774	0.706461982963199	0.617951695134228	0.549705806919892	0.617951695134229	0.617951695133935	0.582972353993396	0.561242883600561	0.58297235399289	0.549705806919874	0.561242883600766	0.527050389518347	0.561242883600766	0.617951695133936	0.58297235399289	0.561242883600562	0.582972353993397
1	1.04157922049246	1.0650428476196	1.04157922049246	1.04157922049242	1.072889154408	1.10007196013482	1.07288915440792	1.06504284761959	1.10007196013489	1.11669977384825	1.10007196013489	1.04157922049242	1.07288915440792	1.10007196013482	1.072889154408	0.706869573055346	0.618404762314754	0.549981181823332	0.618404762314755	0.61840476231449	0.583357637806193	0.561835812044629	0.583357637806	0.549981181823308	0.561835812044817	0.527432962975687	0.561835812044817	0.618404762314491	0.583357637806	0.56183581204463	0.583357637806195
1	1.04160993436504	1.06506931635828	1.04160993436504	1.04160993436501	1.07293361560797	1.10018213242099	1.07293361560793	1.06506931635828	1.10018213242106	1.11677688479047	1.10018213242106	1.04160993436501	1.07293361560793	1.10018213242099	1.07293361560797	0.707019517083147	0.618575586703778	0.550081240534989	0.618575586703779	0.61857558670353	0.583499017542396	0.562072808201975	0.583499017542322	0.550081240534967	0.562072808202156	0.5275787901642	0.562072808202157	0.618575586703531	0.583499017542322	0.562072808201976	0.583499017542397
1	1.0416214334914	1.06507857552801	1.0416214334914	1.04162143349137	1.07294959849274	1.10022653347373	1.07294959849272	1.06507857552801	1.10022653347379	1.11680617446257	1.10022653347379	1.04162143349137	1.07294959849272	1.10022653347373	1.07294959849274	0.707074678391883	0.61864004782777	0.550117675426419	0.618640047827771	0.618640047827534	0.583550822824096	0.562167482213211	0.583550822824069	0.550117675426398	0.562167482213389	0.527634432084252	0.56216748221339	0.618640047827535	0.583550822824069	0.562167482213212	0.583550822824098
