1	1.02384609645343	1.04546039151043	1.02384609645343	1.02384609645343	1.04546059172688	1.06704959250285	1.04546059172688	1.0454603915105	1.06704959250298	1.099568668691	1.06704959250298	1.02384609645343	1.04546059172688	1.06704959250285	1.04546059172687	0.574377349794719	0.534652060641576	0.522356492416128	0.534652060641577	0.534652060641475	0.52235727199473	0.519126082821194	0.522357271994752	0.522356492416273	0.519126082821565	0.556439798881075	0.519126082821565	0.534652060641476	0.522357271994752	0.519126082821194	0.522357271994731
1	1.02754129704843	1.05192368616961	1.02754129704843	1.02754129704843	1.05192380298119	1.07623340889898	1.05192380298119	1.05192368616966	1.07623340889907	1.11692041533278	1.07623340889907	1.02754129704843	1.05192380298119	1.07623340889898	1.05192380298119	0.622313446834652	0.574195587849473	0.55928112223131	0.574195587849473	0.574195587849425	0.559281524208832	0.556003835299474	0.559281524208844	0.559281122231394	0.556003835299701	0.606114052026546	0.556003835299701	0.574195587849426	0.559281524208844	0.556003835299474	0.559281524208833
1	1.02874602219816	1.05391846193513	1.02874602219816	1.02874602219816	1.05391852251754	1.07912475186707	1.05391852251754	1.05391846193515	1.07912475186712	1.12298284011922	1.07912475186712	1.02874602219816	1.05391852251754	1.07912475186707	1.05391852251753	0.643852523668358	0.592408336619263	0.576635404057657	0.592408336619264	0.592408336619242	0.576635601218761	0.573826876783506	0.576635601218767	0.576635404057704	0.573826876783636	0.62709430020982	0.573826876783636	0.592408336619243	0.576635601218767	0.573826876783507	0.576635601218762
1	1.0292866225665	1.05487891981112	1.0292866225665	1.02928662256651	1.05487894975236	1.08064239116587	1.05487894975236	1.05487891981114	1.0806423911659	1.12504843893883	1.0806423911659	1.0292866225665	1.05487894975236	1.08064239116587	1.05487894975236	0.653530654730615	0.601459575740123	0.585797263071392	0.601459575740124	0.601459575740113	0.585797357638956	0.583635422513543	0.585797357638959	0.585797263071417	0.583635422513614	0.635007984790006	0.583635422513614	0.601459575740114	0.585797357638959	0.583635422513543	0.585797357638957
1	1.02955535359167	1.05543166717109	1.02955535359167	1.02955535359167	1.05543168160839	1.0815950558177	1.05543168160839	1.0554316671711	1.08159505581772	1.12538360579694	1.08159505581772	1.02955535359167	1.05543168160839	1.0815950558177	1.05543168160839	0.657879319404996	0.606158220148406	0.590892142665946	0.606158220148407	0.606158220148402	0.590892187468379	0.589302713151815	0.590892187468381	0.590892142665961	0.589302713151853	0.637545626040562	0.589302713151853	0.606158220148402	0.590892187468381	0.589302713151815	0.59089218746838
1	1.02968929627512	1.05575590534918	1.02968929627512	1.02968929627512	1.05575591221281	1.08219310954211	1.05575591221281	1.05575590534918	1.08219310954212	1.12510281312576	1.08219310954212	1.02968929627512	1.05575591221281	1.08219310954211	1.05575591221281	0.659833300424013	0.608649694593157	0.593764835971637	0.608649694593157	0.608649694593154	0.593764857042173	0.592596396143129	0.593764857042174	0.593764835971644	0.592596396143149	0.638090798315686	0.59259639614315	0.608649694593155	0.593764857042174	0.592596396143129	0.593764857042174
1	1.02975636155342	1.05594568770143	1.02975636155341	1.02975636155342	1.05594569093698	1.08256120166439	1.05594569093698	1.05594568770143	1.08256120166439	1.12471158713393	1.08256120166439	1.02975636155342	1.05594569093698	1.08256120166439	1.05594569093698	0.660711280706833	0.609990831896686	0.595392875339747	0.609990831896687	0.609990831896685	0.595392885206561	0.594507392135191	0.595392885206561	0.595392875339749	0.594507392135202	0.637999730091754	0.594507392135202	0.609990831896686	0.595392885206561	0.594507392135191	0.595392885206562
1	1.02979060527758	1.05605686771183	1.02979060527758	1.02979060527758	1.05605686922935	1.08278474238084	1.05605686922934	1.05605686771183	1.08278474238085	1.12438235156056	1.08278474238084	1.02979060527758	1.05605686922934	1.08278474238084	1.05605686922934	0.661105782721872	0.610723160870714	0.596320286644422	0.610723160870715	0.610723160870713	0.596320291253307	0.595616148511983	0.596320291253308	0.596320286644424	0.595616148511989	0.637768412302119	0.595616148511989	0.610723160870714	0.596320291253308	0.595616148511983	0.596320291253308
1	1.02980856736145	1.05612218660738	1.02980856736145	1.02980856736145	1.05612218731695	1.08291944012406	1.05612218731695	1.05612218660738	1.08291944012406	1.12414646039826	1.08291944012406	1.02980856736145	1.05612218731695	1.08291944012406	1.05612218731695	0.661283043912571	0.611128681509496	0.596851745156263	0.611128681509497	0.611128681509495	0.596851747306042	0.596260762758078	0.596851747306044	0.596851745156263	0.596260762758081	0.637555404061332	0.596260762758081	0.611128681509496	0.596851747306044	0.596260762758078	0.596851747306043
1	1.02981824547048	1.05616066768722	1.02981824547048	1.02981824547048	1.05616066801842	1.08300021988356	1.05616066801842	1.05616066768722	1.08300021988356	1.12398975615152	1.08300021988356	1.02981824547048	1.05616066801842	1.08300021988356	1.05616066801842	0.661362692504058	0.611356162284154	0.597158152780055	0.611356162284154	0.611356162284153	0.597158153782102	0.596636660561303	0.597158153782103	0.597158152780055	0.596636660561305	0.637396624138141	0.596636660561305	0.611356162284154	0.597158153782103	0.596636660561304	0.597158153782103
1	1.02982358163085	1.0561833825725	1.02982358163085	1.02982358163085	1.05618338272694	1.0830485149457	1.05618338272694	1.0561833825725	1.0830485149457	1.12388987386802	1.0830485149457	1.02982358163085	1.05618338272694	1.0830485149457	1.05618338272694	0.661398480926716	0.611485228771168	0.597335786575689	0.611485228771169	0.611485228771169	0.597335787042557	0.596856551328137	0.597335787042558	0.597335786575689	0.596856551328138	0.637288568085573	0.596856551328138	0.611485228771169	0.597335787042558	0.596856551328137	0.597335787042558
1	1.0298265775305	1.05619680629106	1.0298265775305	1.0298265775305	1.05619680636302	1.0830773249606	1.05619680636302	1.05619680629106	1.0830773249606	1.12382776042052	1.0830773249606	1.0298265775305	1.05619680636302	1.0830773249606	1.05619680636302	0.66141456171649	0.611559159223946	0.597439252429829	0.611559159223946	0.611559159223946	0.597439252647291	0.596985546941445	0.597439252647292	0.597439252429829	0.596985546941446	0.637218548393396	0.596985546941446	0.611559159223947	0.597439252647292	0.596985546941446	0.597439252647292
