1	1.02306653967649	1.03578152664335	1.02306653967649	1.02516885532395	1.03918650715826	1.05076085676973	1.03918650715826	1.03881223945186	1.05260959350851	1.06352993774384	1.05260959350851	1.02516885532395	1.03918650715826	1.05076085676973	1.03918650715826	0.520013297400383	0.368475113614147	0.320412811695222	0.368475113614148	0.366865269543989	0.328028246071691	0.305230488472849	0.328028246071692	0.318057136919628	0.305940359945281	0.29265559033349	0.305940359945281	0.36686526954399	0.328028246071692	0.305230488472849	0.328028246071693
1	1.02811144062829	1.04214429149337	1.02811144062829	1.03060129853948	1.04632167176499	1.0588797361874	1.04632167176499	1.04558841460832	1.06101044343886	1.07293904797566	1.06101044343886	1.03060129853947	1.04632167176499	1.0588797361874	1.04632167176499	0.564257627170168	0.38058932659124	0.326470384449776	0.380589326591241	0.378687824050542	0.334866734401764	0.309547793056188	0.334866734401766	0.323849379404176	0.310322928612677	0.295937009496124	0.310322928612678	0.378687824050544	0.334866734401767	0.309547793056189	0.334866734401766
1	1.03077340988383	1.04511662246629	1.03077340988383	1.03346047332576	1.04971973024807	1.06249411554013	1.04971973024807	1.04874019481981	1.06476327190758	1.07698689117794	1.06476327190758	1.03346047332576	1.04971973024807	1.06249411554013	1.04971973024807	0.591093169622059	0.386693188727988	0.32954307465313	0.38669318872799	0.384673857879268	0.338360669269578	0.311950005092199	0.338360669269579	0.326826955477648	0.312784265196351	0.297949582423128	0.312784265196352	0.38467385787927	0.338360669269579	0.311950005092199	0.33836066926958
1	1.03216049760554	1.04652984556405	1.03216049760554	1.03494967535745	1.05136421681615	1.06417450608196	1.05136421681615	1.05023787332165	1.06651747128315	1.07884165953611	1.06651747128315	1.03494967535745	1.05136421681615	1.06417450608196	1.05136421681615	0.607369748901616	0.38977426750013	0.331087587368962	0.389774267500132	0.38770897145055	0.340131284792386	0.313224368770865	0.340131284792388	0.328337144139791	0.314098626431008	0.299062844103914	0.314098626431009	0.387708971450552	0.340131284792388	0.313224368770866	0.340131284792388
1	1.03287681374843	1.04721061378404	1.03287681374843	1.03571944171594	1.05216919494251	1.06497985059418	1.05216919494251	1.05096059528335	1.06736346057822	1.07972850606264	1.06736346057822	1.03571944171594	1.05216919494251	1.06497985059418	1.05216919494251	0.61724199321782	0.391331373606885	0.331860073928734	0.391331373606887	0.389249243015522	0.341024352743278	0.313884392858997	0.341024352743279	0.32909744265376	0.314783105758224	0.299651847619636	0.314783105758225	0.389249243015524	0.341024352743279	0.313884392858997	0.34102435274328
1	1.03324444617337	1.04754163138787	1.03324444617337	1.03611522167754	1.05256631418095	1.06537346658775	1.05256631418095	1.05131308881924	1.06777959235524	1.08016363647878	1.06777959235524	1.03611522167754	1.05256631418095	1.06537346658775	1.05256631418095	0.62322981197495	0.392118901626047	0.332245407801653	0.392118901626049	0.390031323646943	0.341473569591121	0.314221912260506	0.341473569591123	0.32947866735518	0.31513486383417	0.29995688417576	0.315134863834171	0.390031323646945	0.341473569591123	0.314221912260507	0.341473569591123
1	1.03343232922997	1.04770365590361	1.03343232922997	1.03631796986604	1.05276324936545	1.06556818382783	1.05276324936545	1.05148626245574	1.06798672206006	1.08038028492108	1.06798672206006	1.03631796986604	1.05276324936545	1.06556818382783	1.05276324936545	0.626861607698175	0.3925173900729	0.332437377964288	0.392517390072903	0.390428539729715	0.341699174619576	0.314393317392491	0.341699174619577	0.329669415719305	0.315314326162021	0.30011315282584	0.315314326162022	0.390428539729717	0.341699174619577	0.314393317392491	0.341699174619579
1	1.03352807309216	1.04778333783209	1.03352807309216	1.03642157043977	1.05286125110699	1.06566520627101	1.05286125110699	1.05157176151679	1.06809053112363	1.08048901710323	1.06809053112363	1.03642157043977	1.05286125110699	1.06566520627101	1.05286125110699	0.629064403145847	0.392719076299072	0.332532974495785	0.392719076299074	0.390630304402768	0.34181238080295	0.314480030617075	0.341812380802951	0.329764764052093	0.315405513323408	0.300192753534433	0.315405513323409	0.39063030440277	0.341812380802951	0.314480030617076	0.341812380802952
1	1.03357676723329	1.04782265896436	1.03357676723329	1.03647441511985	1.05291013360012	1.06571375648626	1.05291013360012	1.0516141189983	1.06814276023848	1.08054381839828	1.06814276023848	1.03647441511985	1.05291013360012	1.06571375648626	1.05291013360012	0.630400466077504	0.392821166909185	0.332580582426504	0.392821166909188	0.390732787911274	0.341869162418824	0.314523805753142	0.341869162418824	0.329812410042836	0.315451738909752	0.300233176344709	0.315451738909752	0.390732787911276	0.341869162418824	0.314523805753142	0.341869162418826
1	1.03360149855084	1.04784211269102	1.03360149855084	1.03650133639131	1.05293455433253	1.06573811206927	1.05293455433253	1.05163515485397	1.06816909440616	1.08057149793056	1.06816909440616	1.03650133639131	1.05293455433253	1.06573811206927	1.05293455433253	0.631210829157974	0.392872844682868	0.332604300164196	0.39287284468287	0.390784837765657	0.341897638255217	0.314545879005536	0.341897638255215	0.329836220595146	0.315475140225204	0.300253668781633	0.315475140225204	0.390784837765659	0.341897638255215	0.314545879005537	0.341897638255219
1	1.03361404722633	1.0478517563039	1.03361404722633	1.03651503866136	1.05294676790458	1.0657503483234	1.05294676790458	1.05164562073603	1.06818238742534	1.08058549317198	1.06818238742534	1.03651503866136	1.05294676790458	1.0657503483234	1.05294676790459	0.631702339430136	0.392899002788357	0.332616122398575	0.392899002788359	0.39081126933056	0.34191191894923	0.31455700246116	0.34191191894923	0.329848123204426	0.315486977392172	0.3002640473114	0.315486977392173	0.390811269330562	0.34191191894923	0.31455700246116	0.341911918949232
1	1.03362040997888	1.04785654445441	1.03362040997888	1.0365220079773	1.05295288116597	1.06575650129508	1.05295288116597	1.05165083505518	1.06818910146272	1.08059257269839	1.06818910146272	1.0365220079773	1.05295288116596	1.06575650129508	1.05295288116597	0.632000455490187	0.392912242352751	0.33262201885634	0.392912242352753	0.390824689198556	0.341919081427724	0.314562606137285	0.341919081427725	0.329854075607436	0.315492961945674	0.30026930037042	0.315492961945675	0.390824689198558	0.341919081427725	0.314562606137286	0.341919081427727
1	1.03362363450951	1.04785892497342	1.03362363450951	1.03652555083557	1.05295594287704	1.06575959699086	1.05295594287704	1.05165343585841	1.06819249351671	1.08059615445098	1.06819249351671	1.03652555083557	1.05295594287704	1.06575959699086	1.05295594287704	0.632181271930414	0.392918942691275	0.332624961686919	0.392918942691277	0.390831501429474	0.341922674317106	0.314565428686767	0.341922674317107	0.32985705376039	0.315495986560594	0.300271958124298	0.315495986560595	0.390831501429476	0.341922674317107	0.314565428686767	0.341922674317108
1	1.03362526799317	1.04786010984389	1.03362526799317	1.03652735106477	1.0529574770064	1.06576115505018	1.0529574770064	1.05165473431182	1.06819420742328	1.08059796657476	1.06819420742328	1.03652735106477	1.0529574770064	1.06576115505018	1.0529574770064	0.632290942456319	0.392922333229036	0.332626431367124	0.392922333229038	0.390834958766542	0.341924476930158	0.314566850307688	0.341924476930158	0.32985854454335	0.315497514843415	0.300273302401722	0.315497514843416	0.390834958766544	0.341924476930158	0.314566850307689	0.34192447693016
1	1.03362609521911	1.04786070018907	1.03362609521911	1.03652826547844	1.05295824601819	1.06576193943049	1.05295824601819	1.05165538309366	1.06819507346068	1.08059888336843	1.06819507346068	1.03652826547844	1.05295824601819	1.06576193943049	1.05295824601819	0.632357460436202	0.392924048633925	0.33262716576336	0.392924048633927	0.390836712986296	0.341925381448046	0.314567566253957	0.341925381448047	0.329859291105437	0.315498286833797	0.3002739820869	0.315498286833798	0.390836712986298	0.341925381448047	0.314567566253958	0.341925381448048
1	1.03362651403648	1.04786099458781	1.03362651403648	1.03652872979718	1.05295863161661	1.06576233431435	1.05295863161661	1.05165570749584	1.06819551094796	1.08059934700768	1.06819551094796	1.03652872979718	1.05295863161661	1.06576233431435	1.05295863161661	0.632397806016135	0.392924916599098	0.332627533081751	0.3929249165991	0.390837603074352	0.341925835554083	0.314567926986257	0.341925835554084	0.329859665272528	0.315498676934865	0.300274325881928	0.315498676934865	0.390837603074354	0.341925835554084	0.314567926986258	0.341925835554085
1	1.03362672604288	1.04786114153184	1.03362672604288	1.03652896551287	1.05295882503612	1.06576253316311	1.05295882503612	1.05165586981972	1.06819573196729	1.08059958148838	1.06819573196729	1.03652896551287	1.05295882503612	1.06576253316311	1.05295882503612	0.632422277081297	0.392925355724195	0.332627716909335	0.392925355724197	0.390838054617602	0.341926063579958	0.314568108742709	0.341926063579958	0.329859852885807	0.315498874027134	0.300274499736418	0.315498874027135	0.390838054617605	0.341926063579958	0.31456810874271	0.34192606357996
1	1.03362683334414	1.04786121493539	1.03362683334414	1.03652908514984	1.05295892208855	1.06576263331414	1.05295892208855	1.05165595109552	1.06819584362793	1.08059970006987	1.06819584362793	1.03652908514984	1.05295892208855	1.06576263331414	1.05295892208855	0.632437119674492	0.392925577864041	0.332627808959419	0.392925577864043	0.390838283644533	0.341926178104986	0.314568200324535	0.341926178104988	0.32985994699982	0.315498973592839	0.300274587637606	0.31549897359284	0.390838283644535	0.341926178104988	0.314568200324536	0.341926178104988
1	1.03362688764393	1.04786125162994	1.03362688764393	1.03652914585869	1.05295897080086	1.06576268376267	1.05295897080086	1.0516559918143	1.06819590003828	1.08059976003415	1.06819590003829	1.03652914585869	1.05295897080086	1.06576268376267	1.05295897080086	0.632446122248401	0.392925690225964	0.332627855077528	0.392925690225966	0.390838399788879	0.341926235636613	0.314568246472387	0.341926235636616	0.329859994231143	0.31549902388618	0.3002746320744	0.315499023886181	0.390838399788882	0.341926235636616	0.314568246472388	0.341926235636615
1	1.0336269151187	1.04786126998605	1.0336269151187	1.03652917665885	1.05295899525694	1.06576270917771	1.05295899525694	1.05165601222519	1.06819592853525	1.08059979035397	1.06819592853525	1.03652917665885	1.05295899525694	1.06576270917771	1.05295899525694	0.632451582637695	0.392925747054795	0.332627878194995	0.392925747054797	0.390838458678316	0.341926264543555	0.314568269727624	0.341926264543556	0.329860017943916	0.315499049288895	0.300274654535976	0.315499049288896	0.390838458678319	0.341926264543556	0.314568269727624	0.341926264543557
1	1.03362692901876	1.0478612791743	1.03362692901876	1.03652919228213	1.05295900753819	1.06576272198262	1.05295900753819	1.05165602246155	1.06819594293039	1.08059980568309	1.06819594293039	1.03652919228213	1.05295900753819	1.06576272198262	1.05295900753819	0.632454894562879	0.392925775794184	0.332627889788583	0.392925775794186	0.390838488532686	0.341926279070868	0.314568281447401	0.341926279070867	0.32986002985364	0.315499062118831	0.300274665888551	0.315499062118831	0.390838488532688	0.341926279070867	0.314568281447402	0.34192627907087
1	1.03362693605029	1.04786128377623	1.03362693605029	1.03652920020558	1.05295901370699	1.06576272843471	1.05295901370699	1.05165602759762	1.06819595020167	1.08059981343242	1.06819595020167	1.03652920020558	1.05295901370699	1.06576272843471	1.05295901370699	0.63245690336625	0.392925790326938	0.33262789560549	0.39292579032694	0.39083850366526	0.341926286373071	0.314568287354146	0.341926286373072	0.329860035837467	0.31549906859842	0.300274671625888	0.31549906859842	0.390838503665262	0.341926286373072	0.314568287354147	0.341926286373074
1	1.0336269396069	1.04786128608235	1.0336269396069	1.03652920422333	1.05295901680623	1.06576273168604	1.05295901680623	1.05165603017574	1.06819595387435	1.08059981734957	1.06819595387435	1.03652920422333	1.05295901680623	1.06576273168604	1.05295901680623	0.632458121778733	0.392925797675153	0.332627898525274	0.392925797675155	0.390838511334549	0.341926290044252	0.314568290331343	0.341926290044253	0.329860038844963	0.315499071870715	0.300274674525176	0.315499071870716	0.390838511334551	0.341926290044253	0.314568290331343	0.341926290044255
1	1.03362694140568	1.04786128723859	1.03362694140568	1.03652920626028	1.05295901836365	1.06576273332457	1.05295901836365	1.05165603147039	1.06819595572932	1.08059981932944	1.06819595572932	1.03652920626028	1.05295901836365	1.06576273332457	1.05295901836365	0.632458860790325	0.392925801390352	0.332627899991437	0.392925801390354	0.390838515220864	0.341926291890282	0.314568291832055	0.341926291890281	0.32986004035703	0.315499073523217	0.300274675990193	0.315499073523218	0.390838515220866	0.341926291890281	0.314568291832056	0.341926291890284
1	1.03362694231534	1.04786128781857	1.03362694231534	1.03652920729283	1.05295901914643	1.06576273415039	1.05295901914643	1.05165603212077	1.06819595666616	1.08059982033005	1.06819595666616	1.03652920729283	1.05295901914643	1.06576273415039	1.05295901914643	0.632459309027798	0.392925803268588	0.332627900727943	0.39292580326859	0.390838517189945	0.341926292818709	0.314568292588567	0.34192629281871	0.329860041117476	0.3154990743577	0.300274676730416	0.315499074357701	0.390838517189947	0.34192629281871	0.314568292588567	0.341926292818711
