1	1.20133848175105	1.24607342622961	1.20133848175104	1.18748673441987	1.27080705350782	1.39201843102798	1.27080705350782	1.35014898401338	1.37306463342936	1.40377396167333	1.37306463342936	1.18748673441987	1.27080705350781	1.39201843102798	1.27080705350781	1.07503025142263	0.780065385386046	0.603071584833536	0.780065385386048	0.788177137320227	0.653152271074077	0.642796381668601	0.653152271074079	0.780311783769885	0.631852184557329	0.566263147787295	0.63185218455733	0.78817713732023	0.653152271074079	0.642796381668602	0.653152271074081
1	1.23532881530933	1.28054202146335	1.23532881530933	1.22318254070544	1.31316542845581	1.44585380358033	1.31316542845581	1.41617423521899	1.42377060965781	1.45642829379942	1.42377060965781	1.22318254070544	1.31316542845581	1.44585380358033	1.31316542845581	1.13651375476541	0.788495857985712	0.600298603233198	0.788495857985715	0.802115621641855	0.655440234427309	0.640784117165525	0.655440234427309	0.798378590465511	0.62799448217447	0.562934066790288	0.627994482174472	0.802115621641858	0.655440234427309	0.640784117165526	0.655440234427313
1	1.25887405304682	1.30155949293584	1.25887405304682	1.24930373565701	1.34075022785524	1.477747107582	1.34075022785524	1.46422388172906	1.45342851860514	1.48720288922925	1.45342851860514	1.24930373565701	1.34075022785524	1.477747107582	1.34075022785524	1.18685218975796	0.797357515154522	0.601290322565178	0.797357515154525	0.815293058912353	0.660460305971981	0.643492718457448	0.660460305971981	0.816958209258122	0.629592491997266	0.565162674155637	0.629592491997268	0.815293058912357	0.660460305971981	0.643492718457449	0.660460305971985
1	1.27549896122679	1.31489279509121	1.27549896122678	1.26868006117508	1.3594749938621	1.49798313629593	1.3594749938621	1.50057260165743	1.4721367928298	1.50695408919934	1.4721367928298	1.26868006117508	1.3594749938621	1.49798313629593	1.3594749938621	1.22806581454676	0.806077929851931	0.603966783407127	0.806077929851935	0.827414388735007	0.666444363327495	0.648039132669997	0.666444363327495	0.834726608094651	0.633512154961076	0.569410748222309	0.633512154961078	0.827414388735011	0.666444363327495	0.648039132669998	0.6664443633275
1	1.28758841260262	1.32379967103946	1.28758841260262	1.28334953980671	1.37281392809415	1.51187052791616	1.37281392809415	1.52913885049589	1.48504013936594	1.52085558229803	1.48504013936594	1.28334953980671	1.37281392809415	1.51187052791616	1.37281392809415	1.26180867660313	0.814297261485656	0.607228445283916	0.81429726148566	0.838327663142327	0.672474277456316	0.653053983629562	0.672474277456316	0.851052979923665	0.638230584144143	0.574137459594913	0.638230584144145	0.838327663142331	0.672474277456316	0.653053983629564	0.67247427745632
1	1.29668010393034	1.33008403973106	1.29668010393034	1.29471037865777	1.38276666879846	1.52211413920834	1.38276666879846	1.5523029869873	1.49471774295417	1.53138981234916	1.49471774295417	1.29471037865777	1.38276666879846	1.52211413920834	1.38276666879846	1.28943499545422	0.82183120659634	0.61053344507073	0.821831206596344	0.848002992049097	0.678120001465004	0.657929111144531	0.678120001465003	0.865704871170689	0.643040851310312	0.578710918414268	0.643040851310314	0.848002992049101	0.678120001465003	0.657929111144532	0.678120001465008
1	1.30374482975681	1.33474570634249	1.30374482975681	1.30370333688125	1.39048849540408	1.53010913896098	1.39048849540408	1.57151819657043	1.50246937919304	1.53979058306434	1.50246937919304	1.30370333688125	1.39048849540408	1.53010913896098	1.39048849540408	1.3120535122963	0.828612762916707	0.61363561957765	0.828612762916712	0.856489535177227	0.683211038919607	0.662419369096139	0.683211038919606	0.878661981022891	0.647630659332932	0.582896585523578	0.647630659332934	0.856489535177231	0.683211038919606	0.662419369096141	0.683211038919612
1	1.30939330883055	1.33834794034656	1.30939330883055	1.31096026157697	1.39666145951059	1.53659925821045	1.39666145951058	1.58769860605797	1.50896465859863	1.54670893365337	1.50896465859863	1.31096026157696	1.39666145951058	1.53659925821045	1.39666145951059	1.33057198762642	0.834644761433604	0.616439026426663	0.834644761433608	0.863879372343459	0.68770762455682	0.666447303481332	0.687707624556821	0.890009776223251	0.65187473499394	0.586629725236614	0.651874734993942	0.863879372343463	0.687707624556821	0.666447303481333	0.687707624556825
1	1.31401370652447	1.3412178109896	1.31401370652447	1.316910085557	1.40170314954104	1.54200241184199	1.40170314954104	1.60144845873462	1.51456249134333	1.55251719113548	1.51456249134333	1.316910085557	1.40170314954104	1.54200241184199	1.40170314954104	1.34573363288168	0.839967699951502	0.618921161050096	0.839967699951506	0.870282965967965	0.691631947348441	0.670010411464451	0.691631947348443	0.899881429112613	0.655735351039062	0.589916129405261	0.655735351039064	0.87028296596797	0.691631947348442	0.670010411464453	0.691631947348446
1	1.31785831277987	1.3435535777654	1.31785831277987	1.3218498342683	1.40588173418558	1.54657043784392	1.40588173418558	1.61319235390441	1.51946702919541	1.55744874932163	1.51946702919541	1.3218498342683	1.40588173418558	1.54657043784392	1.40588173418558	1.35814693812154	0.844639845276099	0.621093577625282	0.844639845276104	0.875814250824872	0.695032636367444	0.673137777618783	0.695032636367443	0.908426897698919	0.659215066951341	0.592789027034094	0.659215066951343	0.875814250824877	0.695032636367443	0.673137777618785	0.695032636367448
1	1.32109653957705	1.34548195880137	1.32109653957705	1.32599062275942	1.40937895404011	1.5504676861502	1.40937895404011	1.62324775572823	1.52380387149641	1.56166355693991	1.52380387149641	1.32599062275942	1.40937895404011	1.5504676861502	1.40937895404011	1.36831009287018	0.848725650745604	0.62298212138321	0.848725650745608	0.880582368045952	0.697966954347543	0.675870010321778	0.697966954347543	0.915796793843842	0.66233427141591	0.595290428362074	0.662334271415912	0.880582368045956	0.697966954347543	0.67587001032178	0.697966954347547
1	1.32384677116701	1.34708875391865	1.32384677116701	1.32948694875665	1.41232474075688	1.5538101213242	1.41232474075688	1.63186502571778	1.52765754942432	1.5652797246975	1.52765754942432	1.32948694875664	1.41232474075688	1.5538101213242	1.41232474075688	1.37663098021205	0.852289374194571	0.624617236020409	0.852289374194575	0.884687589834254	0.700492209814209	0.678250099782543	0.70049220981421	0.922134235997149	0.665120476134709	0.597463137380496	0.665120476134711	0.884687589834258	0.70049220981421	0.678250099782544	0.700492209814214
1	1.326195350157	1.34843538419847	1.32619535015699	1.3324552417371	1.41481649224481	1.5566851675561	1.41481649224481	1.63924960747557	1.53109016077742	1.56838942198421	1.53109016077742	1.33245524173709	1.41481649224481	1.5566851675561	1.41481649224481	1.38344354657217	0.855391795301837	0.626029378376005	0.855391795301842	0.888219731935685	0.702661891234912	0.680319389771073	0.702661891234916	0.927571022712314	0.667603205296961	0.599347462265837	0.667603205296963	0.888219731935689	0.702661891234915	0.680319389771075	0.702661891234917
1	1.32820789088843	1.34956798781721	1.32820789088843	1.33498564905508	1.4169300533412	1.55916208885259	1.4169300533412	1.64557456098676	1.53415077257393	1.57106731618003	1.53415077257393	1.33498564905508	1.4169300533412	1.55916208885259	1.4169300533412	1.38902120415875	0.858088716437617	0.627246991506944	0.858088716437621	0.891257963133343	0.704524178933525	0.68211594331989	0.70452417893353	0.932226159156593	0.669811574289853	0.600980011437712	0.669811574289855	0.891257963133347	0.70452417893353	0.682115943319891	0.70452417893353
1	1.32993607115777	1.35052256188356	1.32993607115777	1.33714961248576	1.41872618512368	1.56129765797334	1.41872618512368	1.65098793765543	1.53688026347215	1.573375363054	1.53688026347215	1.33714961248576	1.41872618512368	1.56129765797334	1.41872618512368	1.393587803955	0.860430457128989	0.628295740012354	0.860430457128993	0.893871346442658	0.706121624393738	0.683674024893966	0.706121624393744	0.936205668702557	0.671773176044853	0.602393416767296	0.671773176044855	0.893871346442662	0.706121624393744	0.683674024893967	0.706121624393743
1	1.33142177541697	1.35132798192994	1.33142177541697	1.33900483291559	1.42025454801729	1.56313943614494	1.42025454801729	1.65561741278677	1.53931389071544	1.57536574199029	1.53931389071544	1.33900483291559	1.42025454801729	1.56313943614494	1.42025454801729	1.39732661964504	0.862461881210209	0.629198353016066	0.862461881210213	0.896119721154241	0.707491377010356	0.68502409546576	0.707491377010361	0.939603098586124	0.673513611169802	0.603616461941394	0.673513611169804	0.896119721154245	0.707491377010361	0.685024095465761	0.707491377010361
1	1.33269968751572	1.35200786250775	1.33269968751571	1.340598608156	1.42155628508228	1.56472780843237	1.42155628508228	1.65957345445442	1.54148270822181	1.57708280174801	1.54148270822181	1.340598608156	1.42155628508228	1.56472780843237	1.42155628508228	1.40038770303032	0.864222693266627	0.629974746390394	0.864222693266631	0.898054704252189	0.708665643842625	0.686193033526718	0.708665643842631	0.942500384705712	0.675056338451447	0.604674377139025	0.675056338451449	0.898054704252193	0.708665643842631	0.68619303352672	0.70866564384263
1	1.33379897089673	1.35258176862202	1.33379897089673	1.34197014637158	1.42266579231645	1.56609734638664	1.42266579231646	1.66295169406772	1.54341439659202	1.57856444676169	1.54341439659202	1.34197014637157	1.42266579231646	1.56609734638664	1.42266579231645	1.40289390613527	0.865747856764481	0.630642261089151	0.865747856764485	0.899720691258463	0.709672225414614	0.687204444921721	0.709672225414619	0.944968881318557	0.676422685506996	0.605589189511678	0.676422685506998	0.899720691258467	0.709672225414618	0.687204444921723	0.709672225414619
1	1.33474440498582	1.35306605047555	1.33474440498581	1.34315222298074	1.42361199698923	1.5672777881908	1.42361199698923	1.66583483842922	1.54513378687968	1.57984318500069	1.54513378687968	1.34315222298074	1.42361199698923	1.5672777881908	1.42361199698923	1.40494581169055	0.867068052893917	0.631215937842304	0.867068052893921	0.901155795863199	0.710535051518012	0.688078996071549	0.710535051518019	0.947070441305356	0.67763193868458	0.606380078339336	0.677631938684582	0.901155795863204	0.710535051518019	0.688078996071551	0.710535051518017
1	1.33555719074845	1.35347444954129	1.33555719074845	1.34417240649878	1.42441932310767	1.5682947870907	1.42441932310767	1.66829429375588	1.54666322122831	1.58094695575881	1.54666322122831	1.34417240649878	1.42441932310767	1.5682947870907	1.42441932310767	1.40662576987166	0.868210137088223	0.631708790495424	0.868210137088228	0.902392701571058	0.711274682353212	0.68883473978128	0.711274682353216	0.948858479582635	0.678701470472988	0.607063711807591	0.67870147047299	0.902392701571062	0.711274682353216	0.688834739781281	0.711274682353217
1	1.3362555489711	1.3538185582495	1.3362555489711	1.34505399284772	1.42510844672123	1.5691705091226	1.42510844672123	1.67039158662989	1.5480228243951	1.58189980387623	1.5480228243951	1.34505399284772	1.42510844672123	1.5691705091226	1.42510844672123	1.40800120329891	0.869197571379566	0.63213206122423	0.869197571379571	0.90345941729521	0.711908761363191	0.689487419764281	0.711908761363195	0.95037898080917	0.679646882141242	0.607654555920191	0.679646882141244	0.903459417295214	0.711908761363195	0.689487419764282	0.711908761363195
1	1.33685518320291	1.35410818067371	1.33685518320291	1.34581673600202	1.42569690253904	1.56992412503653	1.42569690253904	1.67217962283232	1.5492307227583	1.58272244049059	1.5492307227583	1.34581673600202	1.42569690253904	1.56992412503653	1.42569690253904	1.40912731294505	0.870050822798395	0.63249545120799	0.8700508227984	0.904379938707113	0.712452416377321	0.690050748542484	0.712452416377328	0.9516714308111	0.680482150311162	0.608165152413864	0.680482150311164	0.904379938707117	0.712452416377328	0.690050748542485	0.712452416377326
1	1.33736965048998	1.35435162252402	1.33736965048998	1.34647743133388	1.42619958000123	1.57057222349532	1.42619958000123	1.67370380749181	1.55030323157542	1.58343271540342	1.55030323157542	1.34647743133388	1.42619958000123	1.57057222349532	1.42619958000123	1.4100492935447	0.87078772427259	0.632807325436125	0.870787724272595	0.90517482204345	0.712918610874361	0.690536657373314	0.712918610874369	0.952769662060534	0.681219770675144	0.608606366010092	0.681219770675146	0.905174822043454	0.712918610874368	0.690536657373316	0.712918610874365
1	1.33781066615707	1.354555928301	1.33781066615707	1.34705038896431	1.42662913393038	1.57112916263258	1.42662913393039	1.6750030405726	1.55125502162456	1.58404601823725	1.55125502162456	1.34705038896431	1.42662913393039	1.57112916263258	1.42662913393038	1.41080414741635	0.871423798039283	0.633074892719346	0.871423798039287	0.905861679124245	0.713318449364196	0.690955518914968	0.713318449364202	0.953702610834948	0.681870895070842	0.608987602819209	0.681870895070844	0.905861679124249	0.713318449364202	0.690955518914969	0.713318449364201
1	1.33818835883546	1.35472707757897	1.33818835883546	1.3475478227226	1.42699632751044	1.57160737112366	1.42699632751045	1.67611059715618	1.55209926914775	1.58457562122582	1.55209926914775	1.3475478227226	1.42699632751045	1.57160737112366	1.42699632751044	1.41142216949588	0.871972543437046	0.633304362804043	0.871972543437051	0.906455602699785	0.713661441494821	0.691316344490474	0.713661441494827	0.954494988601786	0.682445460727624	0.609317002093519	0.682445460727625	0.906455602699789	0.713661441494827	0.691316344490475	0.713661441494826
1	1.3385114867479	1.35487014873391	1.3385114867479	1.34798017264966	1.42731032023533	1.57201760739247	1.42731032023534	1.67705490259137	1.55284779311495	1.58503297292345	1.55284779311495	1.34798017264966	1.42731032023534	1.57201760739247	1.42731032023533	1.41192816317897	0.872445691692343	0.633501083004786	0.872445691692348	0.90696953104108	0.713955729778614	0.691626958019264	0.713955729778621	0.955167872362425	0.682952310475015	0.609601604056306	0.682952310475016	0.906969531041085	0.713955729778621	0.691626958019266	0.713955729778619
1	1.33878762273668	1.35498945625809	1.33878762273667	1.34835637421868	1.427578910543	1.57236918340622	1.427578910543	1.67786021166833	1.55351118165298	1.58542795038565	1.55351118165298	1.34835637421868	1.427578910543	1.57236918340622	1.427578910543	1.41234243576855	0.872853430627625	0.633669656693742	0.87285343062763	0.9074145599251	0.714208285519163	0.691894148872051	0.714208285519172	0.955739220378609	0.68339930358186	0.609847496383637	0.683399303581861	0.907414559925104	0.714208285519171	0.691894148872052	0.714208285519168
1	1.33902331341723	1.35508866637296	1.33902331341723	1.34868408421865	1.42780874081123	1.57267015817513	1.42780874081123	1.67854720078433	1.5540989084619	1.58576907603091	1.5540989084619	1.34868408421865	1.42780874081123	1.57267015817513	1.42780874081123	1.41268161347805	0.873204602309176	0.633814045867264	0.873204602309181	0.90780020932285	0.714425077092215	0.692123805874506	0.714425077092224	0.956224320334876	0.683793417390699	0.610059941768071	0.683793417390701	0.907800209322854	0.714425077092223	0.692123805874507	0.714425077092219
1	1.33922421657054	1.35517089463836	1.33922421657054	1.34896987098628	1.42800547085716	1.57292750522489	1.42800547085717	1.67913348204418	1.55461943996517	1.58606370429008	1.55461943996517	1.34896987098628	1.42800547085716	1.57292750522489	1.42800547085716	1.41295930869974	0.873506876500662	0.633937659804974	0.873506876500666	0.908134651217296	0.714611214312621	0.692321034553479	0.71461121431263	0.95663617711318	0.684140840038462	0.61024348881855	0.684140840038463	0.9081346512173	0.71461121431263	0.692321034553481	0.714611214312626
1	1.33939521950714	1.35523878797281	1.33939521950714	1.3492193753785	1.42817392507153	1.57314725682335	1.42817392507154	1.67963404987024	1.55508033389232	1.58631818372347	1.55508033389232	1.3492193753785	1.42817392507154	1.57314725682335	1.42817392507153	1.41318666631783	0.873766903243124	0.634043431985007	0.873766903243128	0.908424901867656	0.714771072545225	0.692490258374422	0.714771072545232	0.956985848775957	0.684447053994763	0.61040207140178	0.684447053994765	0.90842490186766	0.714771072545231	0.692490258374424	0.71477107254523
1	1.3395405444112	1.35529459714137	1.3395405444112	1.34943744489609	1.42831821678677	1.57333463255735	1.42831821678677	1.68006165642276	1.55548832868517	1.58653799115752	1.55548832868517	1.34943744489609	1.42831821678677	1.57333463255735	1.42831821678677	1.41337281099178	0.873990443108901	0.634133884601379	0.873990443108905	0.908676997589209	0.714908397119398	0.692635313101667	0.714908397119404	0.957282726987008	0.684716915300284	0.610539078998209	0.684716915300286	0.908676997589213	0.714908397119404	0.692635313101669	0.714908397119403
1	1.33966383321895	1.35534023147676	1.33966383321895	1.34962825327614	1.42844185452445	1.57349414384651	1.42844185452445	1.68042715426293	1.5558494282362	1.58672785584667	1.5558494282362	1.34962825327614	1.42844185452445	1.57349414384651	1.42844185452445	1.4135252133609	0.874182488375427	0.634211188719744	0.874182488375431	0.908896119344595	0.715026396903971	0.692759515436526	0.715026396903975	0.957534795852505	0.684954716934945	0.610657453026222	0.684954716934947	0.908896119344599	0.715026396903975	0.692759515436528	0.715026396903976
1	1.3397682299307	1.35537731431408	1.3397682299307	1.34979539317009	1.42854783167587	1.57362969240474	1.42854783167588	1.68073976556636	1.55616897436788	1.58689185968631	1.55616897436788	1.34979539317009	1.42854783167588	1.57362969240474	1.42854783167587	1.41364998986736	0.874347358052845	0.634277209016445	0.874347358052849	0.909086732738954	0.71512781893946	0.692865741775475	0.715127818939465	0.957748828932776	0.685164256808773	0.610759723073606	0.685164256808775	0.909086732738958	0.715127818939465	0.692865741775477	0.715127818939465
1	1.33985644370774	1.3554072216106	1.33985644370774	1.34994196393552	1.42863870304766	1.573744648534	1.42863870304766	1.68100733524416	1.55645171780673	1.58703352767453	1.55645171780673	1.34994196393552	1.42863870304766	1.573744648534	1.42863870304766	1.41375214823047	0.87448879294583	0.634333551148188	0.874488792945835	0.909252674584856	0.715215017483845	0.692956476254562	0.71521501748385	0.957930582424768	0.685348887892793	0.610848084621594	0.685348887892795	0.909252674584861	0.71521501748385	0.692956476254563	0.715215017483849
