1	1.00788146974539	1.01451285530192	1.00788146974539	1.0078814697448	1.0142118609651	1.02054850934478	1.01421186096445	1.01451285530179	1.02054850934484	1.02658083623003	1.02054850934484	1.0078814697448	1.01421186096445	1.02054850934478	1.0142118609651	0.399784930073316	0.35855832847981	0.341450283192279	0.358558328479811	0.358558328468428	0.337154124402192	0.330097695038605	0.337154124392876	0.341450283194997	0.330097695040717	0.324450994254144	0.330097695040717	0.358558328468428	0.337154124392876	0.330097695038605	0.337154124402193
1	1.0234679839755	1.04286532038714	1.0234679839755	1.0234679839978	1.04206526172642	1.05893802366044	1.04206526172776	1.04286532042678	1.05893802368349	1.07804483184352	1.05893802368349	1.0234679839978	1.04206526172776	1.05893802366044	1.04206526172642	0.546857586582342	0.490095381016854	0.46994487406261	0.490095381016855	0.490095381017302	0.465757195312834	0.449503652957065	0.465757195326378	0.469944874051154	0.44950365297841	0.451336648001042	0.449503652978411	0.490095381017303	0.465757195326378	0.449503652957066	0.465757195312835
1	1.03067011336652	1.05567177704885	1.03067011336652	1.03067011337008	1.05507506387292	1.07663680502151	1.05507506387471	1.05567177705381	1.07663680502845	1.10337363473448	1.07663680502845	1.03067011337008	1.05507506387471	1.07663680502151	1.05507506387292	0.600962593253735	0.540191624984436	0.51672203439656	0.540191624984437	0.540191624985313	0.514685518055191	0.497926725583079	0.514685518061911	0.516722034393144	0.497926725593772	0.505164710210875	0.497926725593772	0.540191624985314	0.514685518061911	0.497926725583079	0.514685518055192
1	1.0333191917578	1.06014155541971	1.0333191917578	1.0333191917585	1.05984007192146	1.08359486857579	1.05984007192244	1.06014155542033	1.0835948685785	1.11384223904056	1.0835948685785	1.0333191917585	1.05984007192244	1.08359486857579	1.05984007192145	0.6208667129095	0.558512689153408	0.533460895824032	0.558512689153409	0.558512689153817	0.532575225699603	0.517347253836085	0.532575225702609	0.533460895822893	0.517347253840894	0.527251284002162	0.517347253840894	0.558512689153818	0.532575225702609	0.517347253836085	0.532575225699604
1	1.03424019392767	1.06162743116725	1.03424019392767	1.03424019392786	1.06149374582394	1.08633275186334	1.06149374582439	1.06162743116734	1.08633275186448	1.11806828865126	1.08633275186448	1.03424019392786	1.06149374582439	1.08633275186334	1.06149374582393	0.628189029336086	0.565067318457969	0.539371144687263	0.56506731845797	0.565067318458134	0.53900241941531	0.525032974495799	0.539002419416595	0.539371144686876	0.525032974497874	0.536034110022849	0.525032974497875	0.565067318458135	0.539002419416595	0.5250329744958	0.539002419415312
1	1.03455401047141	1.06211630931162	1.03455401047141	1.03455401047147	1.06206006182553	1.08742103993108	1.06206006182573	1.06211630931165	1.08742103993156	1.1197541452983	1.08742103993156	1.03455401047147	1.06206006182573	1.08742103993108	1.06206006182553	0.630882759025476	0.567391211997424	0.541446050834158	0.567391211997425	0.567391211997486	0.541294989774795	0.528051884655603	0.541294989775336	0.541446050834027	0.528051884656483	0.539464838848269	0.528051884656484	0.567391211997487	0.541294989775336	0.528051884655603	0.541294989774796
1	1.03465972715255	1.06227603981759	1.03465972715255	1.03465972715258	1.06225287704851	1.08785509312325	1.06225287704859	1.06227603981761	1.08785509312346	1.12042008329123	1.08785509312346	1.03465972715258	1.06225287704859	1.08785509312325	1.06225287704851	0.63187372683062	0.568211573479927	0.542171470920388	0.568211573479927	0.56821157347995	0.542109936622907	0.529234207357926	0.542109936623134	0.542171470920345	0.529234207358298	0.540795093915462	0.529234207358298	0.568211573479951	0.542109936623134	0.529234207357927	0.542109936622907
1	1.03469495746369	1.06232755779226	1.03469495746369	1.0346949574637	1.0623181010755	1.08802824712972	1.06231810107554	1.06232755779227	1.08802824712981	1.12068162140539	1.08802824712981	1.0346949574637	1.06231810107554	1.08802824712972	1.0623181010755	0.632238283545172	0.568500267965195	0.542423917808966	0.568500267965195	0.568500267965205	0.542398902307605	0.529697020244928	0.5423989023077	0.542423917808952	0.529697020245085	0.541309843965012	0.529697020245085	0.568500267965205	0.5423989023077	0.529697020244928	0.542398902307607
1	1.03470653987875	1.06234380680378	1.03470653987875	1.03470653987875	1.06233995881348	1.08809729117705	1.0623399588135	1.06234380680379	1.08809729117708	1.1207840848556	1.08809729117708	1.03470653987875	1.0623399588135	1.08809729117704	1.06233995881348	0.632372396487937	0.56860154763938	0.542511271187668	0.568601547639381	0.568601547639385	0.542501108780018	0.529878296580527	0.542501108780057	0.542511271187664	0.529878296580593	0.541509078201761	0.529878296580594	0.568601547639385	0.542501108780057	0.529878296580527	0.542501108780019
1	1.03471027812475	1.06234875140952	1.03471027812475	1.03471027812475	1.06234718765924	1.0881248125701	1.06234718765924	1.06234875140952	1.08812481257012	1.12082420553197	1.08812481257012	1.03471027812475	1.06234718765924	1.0881248125701	1.06234718765924	0.63242173386673	0.56863695429195	0.542541285673423	0.56863695429195	0.568636954291953	0.542537158238998	0.529949374438794	0.542537158239014	0.542541285673422	0.529949374438822	0.541586279068713	0.529949374438822	0.568636954291953	0.542537158239014	0.529949374438794	0.542537158238999
