1	12.280127934045	1.20843142569702	12.2801279340452	10.6240857017596	1.19302154404732	1.4504049702528	1.19302154404965	1.15515509368059	1.54913587452886	24.9906001248107	1.54913587452881	10.6240857017598	1.19302154404965	1.45040497025276	1.19302154404736	12.25	3.87112384984949	0.151735599539627	3.87112384984958	4.01093310530571	0.158028815793524	-0.20238037711344	0.158028815794563	0.155057780106451	-0.241991377209487	-4.28869988648919	-0.241991377209476	4.0109331053058	0.158028815794563	-0.202380377113431	0.15802881579354
1	1.00000045033394	1.00000008663616	1.00000045033394	1.00000054917845	1.00000009613512	1.00000020827528	1.00000009613512	1.00000010558586	1.00000022261272	1.00000227928849	1.00000022261272	1.00000054917845	1.00000009613512	1.00000020827528	1.00000009613512	12.25	7.24999998087055	2.24999992842508	7.24999998087061	7.24999996496019	2.24999988155129	-2.74999983657894	2.24999988155136	2.24999956003826	-2.74999992304381	-7.74999992228883	-2.74999992304374	7.24999996496026	2.24999988155136	-2.74999983657887	2.24999988155143
1	1.00000000000003	1.00000000000001	1.00000000000003	1.00000000000004	1.00000000000001	1.00000000000002	1.00000000000001	1.00000000000001	1.00000000000002	1.00000000000014	1.00000000000002	1.00000000000004	1.00000000000001	1.00000000000002	1.00000000000001	12.25	7.24999999999992	0.00641364971847707	7.24999999999999	7.24983479198613	0.00699279115220956	-2.74985448619895	0.00695085810349616	0.00702132961534575	-2.74999999999998	-7.74999999999993	-2.74999999999991	7.2498347919862	0.00695085810349618	-2.74985448619888	0.00699279115221009
1	1.00000000000012	1	1.00000000000012	1.00000000000017	1	1.00000000000006	1	1	1.00000000000007	1.00000000000068	1.00000000000007	1.00000000000017	1	1.00000000000006	1	12.25	7.24999999999996	0.0299709725929994	7.25000000000003	7.24915350396885	0.0335149974633515	-2.7492281799286	0.0335109422279528	0.036000500062155	-2.75	-7.74999999999998	-2.74999999999993	7.24915350396892	0.0335109422279529	-2.74922817992853	0.033514997463354
1	1.00000000000012	1	1.00000000000012	1.00000000000017	1	1.00000000000006	1	1	1.0000000000899	1.00000000073231	1.0000000000899	1.00000000000017	1	1.00000000000006	1	12.25	7.24999999999996	0.0045770386948125	7.25000000000003	7.21222552087101e-05	3.15590347733901e-05	-5.5564490230353e-05	3.15386579586934e-05	1.99997314184398e-05	-2.75	-7.74999999999997	-2.74999999999993	7.21222552087118e-05	3.15386579586939e-05	-5.55644902303524e-05	3.15590347733925e-05
1	1.00000000000511	1	1.00000000000511	1.00000000007879	1.00000000000759	1.00000000001133	1.00000000000759	1.00000000001518	1.00000013559567	1.00000107692632	1.00000013559567	1.00000000007879	1.00000000000759	1.00000000001133	1.00000000000759	12.25	7.24999999999982	0.0282495868086838	7.24999999999989	0.0937503064384319	0.0290949134950825	-0.0355604386024169	0.0290949135007436	0.0290949226978494	-2.74999998767315	-7.74999998263024	-2.74999998767308	0.0937503064384339	0.0290949135007441	-0.0355604386024164	0.0290949134950847
1	1.00000000000512	1	1.00000000000512	1.00000000007992	1.0000000000077	1.0000000000115	1.0000000000077	1.00000000001539	1.00000013624287	1.00000108206649	1.00000013624287	1.00000000007992	1.0000000000077	1.0000000000115	1.0000000000077	12.25	7.24999999999982	0.028311414002839	7.24999999999989	0.0941947403928174	0.0292328405199743	-0.0357290151829229	0.0292328404917475	0.0292328504706943	-2.74999998761431	-7.74999998254734	-2.74999998761424	0.0941947403928196	0.0292328404917479	-0.0357290151829225	0.0292328405199765
1	1.00000000000512	1	1.00000000000512	1.00000000007992	1.0000000000077	1.0000000000115	1.0000000000077	1.00000000001539	1.00000013624492	1.00000108208275	1.00000013624492	1.00000000007992	1.0000000000077	1.0000000000115	1.0000000000077	12.25	7.24999999999982	0.0283118969862889	7.24999999999989	0.0941961461302657	0.0292332767454018	-0.0357295483242483	0.0292332767210948	0.0292332867012427	-2.74999998761412	-7.74999998254708	-2.74999998761405	0.0941961461302679	0.0292332767210952	-0.0357295483242479	0.029233276745404
1	1.00000000000512	1	1.00000000000512	1.00000000007992	1.0000000000077	1.0000000000115	1.0000000000077	1.00000000001539	1.00000013624492	1.0000010820828	1.00000013624492	1.00000000007992	1.0000000000077	1.0000000000115	1.0000000000077	12.25	7.24999999999982	0.0283139630620525	7.24999999999989	0.0941961504707909	0.0292332781395901	-0.0357295500285046	0.0292332781599894	0.0292332880950894	-2.74999998761412	-7.74999998254707	-2.74999998761405	0.0941961504707932	0.0292332781599898	-0.0357295500285042	0.0292332781395924
1	1.00000000000512	1	1.00000000000512	1.00000000007992	1.0000000000077	1.0000000000115	1.0000000000077	1.00000000001539	1.00000013624492	1.0000010820828	1.00000013624492	1.00000000007992	1.0000000000077	1.0000000000115	1.0000000000077	12.25	7.24999999999982	0.0283112504964243	7.24999999999989	0.0941961507231705	0.0292332781517818	-0.0357295500199854	0.0292332781328143	0.0292332880977489	-2.74999998761412	-7.74999998254707	-2.74999998761405	0.0941961507231728	0.0292332781328147	-0.035729550019985	0.029233278151784
1	1.00000000000512	1	1.00000000000512	1.00000000007992	1.0000000000077	1.0000000000115	1.0000000000077	1.00000000001539	1.00000013624492	1.0000010820828	1.00000013624492	1.00000000007992	1.0000000000077	1.0000000000115	1.0000000000077	12.25	7.24999999999982	0.0283115910324432	7.24999999999989	0.0941961505087228	0.0292332781276615	-0.0357295500120109	0.0292332781282969	0.0292332880979246	-2.74999998761412	-7.74999998254707	-2.74999998761405	0.094196150508725	0.0292332781282973	-0.0357295500120105	0.0292332781276637
1	1.00000000000512	1	1.00000000000512	1.00000000007992	1.0000000000077	1.0000000000115	1.0000000000077	1.00000000001539	1.00000013624492	1.0000010820828	1.00000013624492	1.00000000007992	1.0000000000077	1.0000000000115	1.0000000000077	12.25	7.24999999999982	0.0283112299958431	7.24999999999989	0.0941961505199479	0.0292332781291772	-0.0357295499984179	0.0292332781253264	0.029233288086082	-2.74999998761412	-7.74999998254707	-2.74999998761405	0.0941961505199501	0.0292332781253268	-0.0357295499984175	0.0292332781291794
