1	1.0524103125748	1.12068369137451	1.0524103125748	1.05174150821776	1.09750175055379	1.13387626640048	1.09750175055363	1.0837481483253	1.12461594512052	1.18472012119255	1.12461594512052	1.05174150821776	1.09750175055363	1.13387626640048	1.09750175055379	0.657865449045207	0.562140000276473	0.615833672940386	0.562140000276474	0.573650538880046	0.550816021093469	0.52431257799956	0.55081602109316	0.510737123669035	0.507316980852775	0.541441976773212	0.507316980852776	0.573650538880047	0.55081602109316	0.524312577999561	0.55081602109347
1	1.06660311986986	1.15688424198834	1.06660311986986	1.06460333562866	1.12109798930043	1.16465242906143	1.1210979893003	1.10041853817595	1.14978458207741	1.22724011992996	1.14978458207741	1.06460333562866	1.1210979893003	1.16465242906143	1.12109798930043	0.713791036835717	0.599812929909056	0.668215408527418	0.599812929909057	0.613828388511372	0.586429743663179	0.557875651482561	0.586429743662965	0.537223864313528	0.533500284527363	0.579017525212342	0.533500284527364	0.613828388511373	0.586429743662965	0.557875651482561	0.58642974366318
1	1.07407350120162	1.17720084607927	1.07407350120162	1.07221985993585	1.13366242928665	1.18095541505542	1.13366242928656	1.1091118123026	1.16201737097435	1.25046637784366	1.16201737097435	1.07221985993585	1.13366242928656	1.18095541505542	1.13366242928665	0.747711620604924	0.622126152795053	0.699595224443676	0.622126152795055	0.638581000146762	0.608266601044324	0.579847507414588	0.608266601044179	0.554008892593847	0.549773404437512	0.603851591472506	0.549773404437513	0.638581000146763	0.608266601044179	0.579847507414588	0.608266601044326
1	1.07777734506099	1.18776408973292	1.07777734506099	1.07697686268839	1.14056669054567	1.19000511372102	1.14056669054561	1.11432799403851	1.16861354741846	1.26410334335464	1.16861354741846	1.07697686268839	1.14056669054561	1.19000511372102	1.14056669054567	0.768285494691259	0.635233896764295	0.717656968041519	0.635233896764296	0.653799624129559	0.621801025294645	0.593901814897116	0.621801025294549	0.56494293468493	0.560282523604571	0.620056874815094	0.560282523604572	0.653799624129561	0.621801025294548	0.593901814897116	0.621801025294646
1	1.07952385486572	1.19288492489426	1.07952385486571	1.08000969059927	1.14450853943974	1.1951999833649	1.14450853943969	1.11775608976864	1.17257659668659	1.27250698646251	1.17257659668659	1.08000969059927	1.14450853943969	1.1951999833649	1.14450853943973	0.780764180126427	0.642895646828848	0.727777146431981	0.64289564682885	0.663158238168866	0.630267240914797	0.602754639968299	0.630267240914735	0.572191230645371	0.567264495777044	0.630563525103912	0.567264495777044	0.663158238168867	0.630267240914735	0.6027546399683	0.630267240914799
1	1.08030394693926	1.19517619295983	1.08030394693926	1.0819443368293	1.14683740536256	1.19823910845222	1.14683740536253	1.12009889572041	1.17515674364441	1.27782092519082	1.17515674364441	1.0819443368293	1.14683740536253	1.19823910845222	1.14683740536256	0.78833288543936	0.64736210795319	0.73334457583473	0.647362107953192	0.668920029627021	0.635594568661723	0.608268387353895	0.635594568661683	0.577036239812775	0.571975650169937	0.637342250006907	0.571975650169937	0.668920029627022	0.635594568661682	0.608268387353896	0.635594568661724
1	1.08062312232751	1.19607517957608	1.08062312232751	1.08317350546623	1.1482506113256	1.20002825157985	1.14825061132559	1.12172063505685	1.17691908272151	1.28122031787376	1.17691908272151	1.08317350546623	1.14825061132559	1.20002825157985	1.1482506113256	0.792923537266258	0.649961112729539	0.736364556065605	0.649961112729541	0.672474695476851	0.638961023703517	0.611670119900272	0.638961023703493	0.580284598024169	0.575179329606634	0.641699335418008	0.575179329606635	0.672474695476853	0.638961023703493	0.611670119900273	0.638961023703519
1	1.08072929050204	1.19632669805119	1.08072929050204	1.08395334691122	1.14912546891044	1.20107692297244	1.14912546891043	1.12284700026221	1.17815323607014	1.28340453923441	1.17815323607014	1.08395334691122	1.14912546891043	1.20107692297244	1.14912546891044	0.795707908361556	0.651470310929693	0.737981293873	0.651470310929695	0.674674343230395	0.641096727574001	0.613749504500728	0.641096727573985	0.582464020350532	0.577367068771169	0.644492716931029	0.57736706877117	0.674674343230396	0.641096727573985	0.613749504500728	0.641096727574003
1	1.08074151216137	1.19630098271676	1.08074151216137	1.08444955924505	1.1496753131029	1.20168282229497	1.14967531310289	1.12362987093244	1.17902773707526	1.28480974380622	1.17902773707526	1.08444955924505	1.14967531310289	1.20168282229497	1.1496753131029	0.79739671480246	0.652343943557993	0.738834066628246	0.652343943557994	0.676040999356931	0.642457419758092	0.615007494696976	0.642457419758081	0.583926305478522	0.578865307974623	0.646280991218211	0.578865307974623	0.676040999356932	0.642457419758081	0.615007494696977	0.642457419758094
1	1.08071609253365	1.1961748740463	1.08071609253365	1.08476746500905	1.15002510469359	1.20202395759995	1.15002510469358	1.12417416613238	1.17965053444108	1.28571389583096	1.17965053444108	1.08476746500905	1.15002510469358	1.20202395759995	1.15002510469359	0.798421027686819	0.652847228510606	0.739275379337637	0.652847228510607	0.676894411196047	0.643328535444245	0.615758958140114	0.643328535444238	0.584907524258518	0.579893894964231	0.647425216783827	0.579893894964232	0.676894411196049	0.643328535444238	0.615758958140114	0.643328535444247
1	1.08067905555314	1.19602833317995	1.08067905555313	1.08497313301723	1.15024996707708	1.20220799472778	1.15024996707707	1.12455277823281	1.18009492248665	1.28629560232097	1.18009492248665	1.08497313301723	1.15024996707707	1.20220799472778	1.15024996707707	0.799042304855077	0.65313505570762	0.739497740189535	0.653135055707622	0.677430576522716	0.64388925179297	0.616200468831852	0.643889251792965	0.585566265436619	0.5806018104734	0.648157490000069	0.580601810473401	0.677430576522717	0.643889251792965	0.616200468831852	0.643889251792971
1	1.08064186436767	1.19589412057951	1.08064186436767	1.0851077518328	1.15039591527577	1.20230024241654	1.15039591527577	1.12481635912521	1.18041219706734	1.28666988042031	1.18041219706734	1.08510775183279	1.15039591527577	1.20230024241654	1.15039591527577	0.799419128504306	0.653297895290258	0.739605345845957	0.653297895290259	0.677769818155916	0.644252328563662	0.616454040503198	0.644252328563661	0.586008940095163	0.581090294580529	0.648626481965656	0.581090294580529	0.677769818155918	0.644252328563661	0.616454040503199	0.644252328563664
1	1.08060903586432	1.19578284605364	1.08060903586432	1.08519699343407	1.15049152353699	1.20234016827758	1.15049152353699	1.12500007187003	1.18063875221494	1.28691078429511	1.18063875221494	1.08519699343407	1.15049152353699	1.20234016827757	1.15049152353699	0.799647683611762	0.653388565924659	0.739654040306761	0.65338856592466	0.677986190336918	0.644488943053806	0.616594960658969	0.644488943053807	0.586306850553309	0.58142828353992	0.648927219606223	0.581428283539921	0.67798619033692	0.644488943053807	0.61659496065897	0.644488943053808
1	1.08058184755519	1.19569536172273	1.08058184755519	1.0852569304208	1.15055472776287	1.20235139890087	1.15055472776287	1.12512830874901	1.18080054848871	1.28706595525849	1.18080054848871	1.0852569304208	1.15055472776287	1.20235139890087	1.15055472776287	0.799786309294273	0.653437858921035	0.739673386929365	0.653437858921037	0.678125424838915	0.644644193516197	0.616669374433145	0.644644193516198	0.586507721944971	0.581662805271388	0.649120374506337	0.581662805271388	0.678125424838916	0.644644193516197	0.616669374433145	0.644644193516199
1	1.08056014678882	1.19562873641935	1.08056014678882	1.08529770504088	1.15059688949145	1.20234785982414	1.15059688949145	1.12521798313783	1.1809161284904	1.28716601447283	1.1809161284904	1.08529770504088	1.15059688949145	1.20234785982414	1.15059688949145	0.799870390020557	0.653463675323721	0.739678780607036	0.653463675323722	0.678215885242565	0.644746781198608	0.616705332069738	0.644746781198608	0.586643479208163	0.581826006426992	0.649244674398786	0.581826006426993	0.678215885242566	0.644746781198608	0.616705332069738	0.644746781198609
1	1.08054322712597	1.19557901673614	1.08054322712597	1.08532578323276	1.15062526670918	1.20233757033641	1.15062526670918	1.12528082165742	1.18099873344853	1.28723063267816	1.18099873344853	1.08532578323275	1.15062526670918	1.20233757033641	1.15062526670918	0.799921387558052	0.653476375328812	0.739678054791151	0.653476375328813	0.678275256137978	0.644815063875248	0.616719704734125	0.644815063875249	0.586735478083348	0.581939910785785	0.649324847805091	0.581939910785785	0.678275256137979	0.644815063875249	0.616719704734126	0.64481506387525
1	1.0805302412251	1.1955424056117	1.0805302412251	1.08534533650885	1.15064453419368	1.20232499026347	1.15064453419368	1.12532495726733	1.18105781200203	1.28727244295344	1.18105781200203	1.08534533650885	1.15064453419368	1.20232499026347	1.15064453419368	0.799952319128459	0.653481913769436	0.739675061068961	0.653481913769438	0.678314632689639	0.64486084866311	0.616722498794909	0.64486084866311	0.586798012514349	0.58201964428918	0.649376696011309	0.582019644289181	0.678314632689641	0.644860848663111	0.616722498794909	0.644860848663111
1	1.08052038316998	1.19551568442469	1.08052038316998	1.08535909130065	1.15065772768913	1.2023124667571	1.15065772768913	1.12535603464591	1.18110010106615	1.28729955844932	1.18110010106615	1.08535909130065	1.15065772768913	1.2023124667571	1.15065772768913	0.799971080083301	0.653483678799123	0.739671592160951	0.653483678799125	0.678341026103698	0.644891775161607	0.616719536907106	0.644891775161608	0.586840660285684	0.58207562306042	0.649410326926313	0.582075623060421	0.678341026103699	0.644891775161608	0.616719536907107	0.644891775161609
1	1.08051295819117	1.19549629511431	1.08051295819116	1.08536885303536	1.15066683586758	1.20230111907982	1.15066683586758	1.12537797538768	1.18113040451625	1.28731719432715	1.18113040451625	1.08536885303536	1.15066683586758	1.20230111907982	1.15066683586758	0.79998245918004	0.653483569745658	0.739668403657265	0.653483569745659	0.678358902950647	0.644912817909348	0.616714117134291	0.644912817909351	0.586869849173509	0.582115039056719	0.649432214851626	0.58211503905672	0.678358902950649	0.644912817909351	0.616714117134292	0.644912817909349
1	1.08050739760234	1.19548227745703	1.08050739760234	1.08537583390297	1.15067317219921	1.20229137586802	1.15067317219921	1.12539350828748	1.18115214505774	1.28732870289548	1.18115214505774	1.08537583390297	1.15067317219921	1.20229137586802	1.1506731721992	0.799989360951328	0.653482628089814	0.739665749068237	0.653482628089816	0.678371134184039	0.644927237896167	0.616708033493977	0.644927237896168	0.586889901553871	0.582142872702154	0.649446513792564	0.582142872702155	0.678371134184041	0.644927237896168	0.616708033493978	0.644927237896168
1	1.08050325064858	1.19547216473228	1.08050325064857	1.08538085839245	1.15067761188139	1.20228329536154	1.15067761188139	1.12540453557827	1.18116776234797	1.28733624188126	1.18116776234797	1.08538085839245	1.15067761188139	1.20228329536154	1.15067761188139	0.799993547086587	0.653481405862021	0.739663654196651	0.653481405862023	0.678379583046145	0.644937187685732	0.616702199631964	0.644937187685734	0.586903730983575	0.58216258287855	0.649455894029391	0.58216258287855	0.678379583046146	0.644937187685734	0.616702199631964	0.644937187685734
1	1.08050016747984	1.19546487644573	1.08050016747984	1.0853844942277	1.1506807432159	1.20227675288103	1.1506807432159	1.12541238613325	1.18117899628931	1.28734120216974	1.18117899628931	1.0853844942277	1.1506807432159	1.20227675288103	1.1506807432159	0.799996086104904	0.653480179803026	0.739662053731882	0.653480179803027	0.678385471162149	0.644944098308231	0.616697026407605	0.644944098308233	0.58691330677531	0.582176578801957	0.649462075813835	0.582176578801958	0.67838547116215	0.644944098308233	0.616697026407606	0.644944098308232
1	1.08049788044803	1.19545962485037	1.08049788044803	1.08538713677676	1.15068296509748	1.20227154745711	1.15068296509748	1.12541799051251	1.18118708869171	1.28734448196295	1.18118708869171	1.08538713677675	1.15068296509748	1.20227154745711	1.15068296509748	0.799997626096009	0.653479075060593	0.739660856176188	0.653479075060595	0.678389607956747	0.644948927996099	0.616692647761874	0.6449489279961	0.586919964089927	0.582186543508226	0.649466170120969	0.582186543508226	0.678389607956748	0.644948927996099	0.616692647761874	0.6449489279961
1	1.08049618733175	1.19545584186551	1.08049618733175	1.08538906351789	1.1506845509425	1.20226745772519	1.1506845509425	1.1254220012764	1.18119292937564	1.28734666424643	1.18119292937564	1.08538906351789	1.1506845509425	1.20226745772519	1.1506845509425	0.799998560140681	0.653478135942526	0.739659972263619	0.653478135942527	0.678392535543623	0.644952322906716	0.616689054197793	0.644952322906717	0.586924611272174	0.582193655454614	0.649468896211746	0.582193655454614	0.678392535543625	0.644952322906717	0.616689054197794	0.644952322906717
1	1.08049493443493	1.19545310953166	1.08049493443493	1.08539047383978	1.15068568682825	1.20226428277424	1.15068568682825	1.12542488068187	1.18119714473735	1.287348121176	1.18119714473734	1.08539047383977	1.15068568682825	1.20226428277424	1.15068568682825	0.799999126672828	0.653477365949489	0.73965932602388	0.653477365949491	0.678394620485955	0.644954722442368	0.616686166686634	0.644954722442368	0.586927868022613	0.582198745312088	0.649470722243675	0.582198745312088	0.678394620485956	0.644954722442369	0.616686166686634	0.644954722442369
1	1.08049400826349	1.1954511348355	1.08049400826349	1.08539150822165	1.15068650422278	1.20226183639808	1.15068650422278	1.12542695271301	1.18120019303969	1.28734910097234	1.18120019303969	1.08539150822165	1.15068650422278	1.20226183639808	1.15068650422277	0.79999947029523	0.653476749665117	0.739658856352994	0.653476749665118	0.67839611370769	0.644956426886698	0.616683883155378	0.6449564268867	0.586930159395199	0.58220239642135	0.649471952766623	0.582202396421351	0.678396113707692	0.6449564268867	0.616683883155379	0.6449564268867
1	1.08049332409533	1.19544970613728	1.08049332409533	1.08539226814663	1.15068709474029	1.20225996331599	1.15068709474029	1.12542844717854	1.18120240092883	1.28734976457582	1.18120240092883	1.08539226814663	1.15068709474029	1.20225996331599	1.15068709474029	0.799999678714745	0.653476264739714	0.73965851630246	0.653476264739715	0.678397188336633	0.644957643094781	0.616682098939571	0.644957643094782	0.586931777725608	0.582205021298435	0.64947278722292	0.582205021298435	0.678397188336634	0.644957643094782	0.616682098939572	0.644957643094783
1	1.08049281893075	1.19544867110232	1.08049281893074	1.08539282719176	1.15068752278194	1.20225853673616	1.15068752278194	1.12542952742797	1.18120400239405	1.2873502172294	1.18120400239405	1.08539282719176	1.15068752278194	1.20225853673616	1.15068752278194	0.799999805128779	0.653475887916406	0.739658270648562	0.653475887916408	0.678397964920526	0.644958514495555	0.616680717902954	0.644958514495557	0.586932924910863	0.582206912386099	0.649473356769151	0.5822069123861	0.678397964920527	0.644958514495557	0.616680717902954	0.644958514495556
1	1.08049244604653	1.19544792019378	1.08049244604653	1.08539323889517	1.15068783394116	1.20225745499297	1.15068783394116	1.12543030986873	1.18120516554142	1.28735052820736	1.18120516554142	1.08539323889517	1.15068783394116	1.20225745499297	1.15068783394116	0.7999998818035	0.653475597847561	0.739658093379665	0.653475597847563	0.678398528091327	0.644959141159839	0.616679656895381	0.644959141159841	0.586933740967902	0.582208277542763	0.64947374806456	0.582208277542764	0.678398528091328	0.644959141159841	0.616679656895382	0.64495914115984
1	1.08049217085346	1.19544737462873	1.08049217085346	1.08539354233939	1.15068806068983	1.20225663774554	1.15068806068983	1.12543087768035	1.18120601139667	1.28735074338421	1.18120601139667	1.08539354233939	1.15068806068983	1.20225663774554	1.15068806068983	0.799999928309513	0.653475376180589	0.739657965490445	0.65347537618059	0.678398937704457	0.644959593317667	0.616678846659233	0.644959593317668	0.586934323401828	0.582209264889198	0.649474018665146	0.582209264889198	0.678398937704458	0.644959593317668	0.616678846659234	0.644959593317668
1	1.08049196777699	1.19544697769039	1.08049196777699	1.08539376613162	1.15068822627395	1.20225602223109	1.15068822627395	1.1254312904593	1.18120662724265	1.28735089332462	1.18120662724265	1.08539376613162	1.15068822627395	1.20225602223109	1.15068822627395	0.799999956517106	0.653475207751726	0.739657873192763	0.653475207751727	0.678399236368129	0.644959920526741	0.616678230970386	0.644959920526744	0.586934740391468	0.582209980242786	0.649474207012088	0.582209980242787	0.67839923636813	0.644959920526744	0.616678230970387	0.644959920526743
1	1.08049181792383	1.19544668849367	1.08049181792383	1.0853939312575	1.15068834740941	1.20225555986543	1.15068834740941	1.12543159101661	1.18120707612702	1.28735099852304	1.18120707612702	1.0853939312575	1.15068834740941	1.20225555986543	1.15068834740941	0.799999973626039	0.653475080356808	0.73965780652913	0.65347508035681	0.678399454584969	0.644960157934554	0.616677765020989	0.644960157934556	0.586935039801662	0.582210499382956	0.649474338933019	0.582210499382957	0.67839945458497	0.644960157934556	0.616677765020989	0.644960157934556
1	1.0804917073445	1.19544647752098	1.0804917073445	1.08539405313851	1.1506884361633	1.20225521331545	1.1506884361633	1.12543181018199	1.18120740365985	1.28735107281388	1.18120740365985	1.08539405313851	1.1506884361633	1.20225521331544	1.15068843616329	0.799999984003231	0.653474984352541	0.739657758328205	0.653474984352543	0.678399614298368	0.644960330584199	0.616677413591672	0.644960330584201	0.586935255367314	0.582210876703898	0.649474431889542	0.582210876703899	0.678399614298369	0.644960330584201	0.616677413591673	0.6449603305842
1	1.08049162574345	1.19544632342695	1.08049162574345	1.08539414312273	1.15068850127624	1.20225495406453	1.15068850127624	1.12543197020882	1.18120764288395	1.28735112560119	1.18120764288395	1.08539414312273	1.15068850127624	1.20225495406453	1.15068850127624	0.799999990297377	0.653474912220755	0.739657723432561	0.653474912220756	0.678399731360161	0.644960456394634	0.616677149293015	0.644960456394635	0.586935410954498	0.582211151335778	0.64947449776358	0.582211151335778	0.678399731360163	0.644960456394635	0.616677149293016	0.644960456394635
1	1.08049156552371	1.19544621075033	1.08049156552371	1.08539420956956	1.15068854909798	1.2022547604373	1.15068854909798	1.12543208719509	1.18120781777067	1.28735116332343	1.18120781777066	1.08539420956956	1.15068854909798	1.2022547604373	1.15068854909798	0.799999994115005	0.65347485815884	0.739657698134747	0.653474858158841	0.67839981726236	0.644960548236205	0.616676951002772	0.644960548236205	0.586935523508476	0.582211351486906	0.649474544693798	0.582211351486907	0.678399817262362	0.644960548236205	0.616676951002773	0.644960548236206
