1	1.00006978437014	1.00010856740774	1.00006978437014	1.00006978437014	1.00010856740774	1.00013969984693	1.00010856740774	1.00010856740774	1.00013969984693	1.00016745788406	1.00013969984693	1.00006978437014	1.00010856740774	1.00013969984693	1.00010856740774	0.149716697189381	0.00381846182339772	0.00336781567933735	0.00381846182339777	0.00381846182349137	0.00336781567933478	0.00311927952007985	0.0033678156793258	0.00336781567931031	0.0031192795200572	0.00295762270971534	0.00311927952005721	0.00381846182349142	0.0033678156793258	0.00311927952007986	0.00336781567933482
1	1.00006978437054	1.00010856740828	1.00006978437054	1.00006978437054	1.00010856740828	1.00013969984758	1.00010856740828	1.00010856740828	1.00013969984758	1.00016745788479	1.00013969984758	1.00006978437054	1.00010856740828	1.00013969984758	1.00010856740828	0.149722306960887	0.003818461823432	0.00336781567934023	0.00381846182343205	0.00381846182347441	0.0033678156793391	0.00311927952007999	0.00336781567933542	0.00336781567932896	0.00311927952007138	0.00295762270972107	0.0031192795200714	0.00381846182347446	0.00336781567933542	0.00311927952008001	0.00336781567933915
1	1.00006978437093	1.0001085674088	1.00006978437093	1.00006978437093	1.0001085674088	1.0001396998482	1.0001085674088	1.0001085674088	1.0001396998482	1.0001674578855	1.0001396998482	1.00006978437093	1.0001085674088	1.0001396998482	1.0001085674088	0.149727805651475	0.00381846182344829	0.00336781567934235	0.00381846182344834	0.00381846182346765	0.00336781567934193	0.00311927952008127	0.00336781567934041	0.00336781567933775	0.00311927952007797	0.00295762270972448	0.00311927952007798	0.0038184618234677	0.00336781567934041	0.00311927952008128	0.00336781567934198
1	1.00006978437129	1.00010856740931	1.00006978437129	1.00006978437129	1.00010856740931	1.0001396998488	1.00010856740931	1.00010856740931	1.0001396998488	1.00016745788618	1.0001396998488	1.00006978437129	1.00010856740931	1.0001396998488	1.00010856740931	0.149733195460694	0.00381846182345647	0.00336781567934421	0.00381846182345652	0.00381846182346532	0.00336781567934408	0.0031192795200829	0.00336781567934346	0.00336781567934235	0.00311927952008163	0.002957622709727	0.00311927952008165	0.00381846182346537	0.00336781567934346	0.00311927952008292	0.00336781567934413
1	1.00006978437165	1.00010856740979	1.00006978437165	1.00006978437165	1.00010856740979	1.00013969984938	1.00010856740979	1.00010856740979	1.00013969984938	1.00016745788683	1.00013969984938	1.00006978437165	1.00010856740979	1.00013969984938	1.00010856740979	0.14973847854454	0.00381846182346093	0.00336781567934593	0.00381846182346098	0.00381846182346499	0.00336781567934592	0.00311927952008463	0.00336781567934566	0.00336781567934519	0.00311927952008414	0.00295762270972913	0.00311927952008415	0.00381846182346504	0.00336781567934566	0.00311927952008465	0.00336781567934597
1	1.00006978437199	1.00010856741025	1.00006978437199	1.00006978437199	1.00010856741025	1.00013969984993	1.00010856741025	1.00010856741025	1.00013969984993	1.00016745788745	1.00013969984993	1.00006978437199	1.00010856741025	1.00013969984993	1.00010856741025	0.149743657016317	0.00381846182346366	0.00336781567934755	0.00381846182346371	0.00381846182346553	0.00336781567934759	0.00311927952008635	0.00336781567934748	0.00336781567934727	0.00311927952008616	0.00295762270973109	0.00311927952008617	0.00381846182346559	0.00336781567934748	0.00311927952008637	0.00336781567934764
1	1.00006978437231	1.0001085674107	1.00006978437231	1.00006978437231	1.0001085674107	1.00013969985046	1.0001085674107	1.0001085674107	1.00013969985046	1.00016745788806	1.00013969985046	1.00006978437231	1.0001085674107	1.00013969985046	1.0001085674107	0.149748732947482	0.00381846182346558	0.0033678156793491	0.00381846182346563	0.00381846182346646	0.00336781567934916	0.00311927952008802	0.00336781567934911	0.00336781567934901	0.00311927952008794	0.00295762270973292	0.00311927952008796	0.00381846182346651	0.00336781567934911	0.00311927952008804	0.0033678156793492
1	1.00006978437263	1.00010856741113	1.00006978437263	1.00006978437263	1.00010856741113	1.00013969985097	1.00010856741113	1.00010856741113	1.00013969985097	1.00016745788863	1.00013969985097	1.00006978437263	1.00010856741113	1.00013969985097	1.00010856741113	0.149753708368476	0.0038184618234671	0.00336781567935058	0.00381846182346715	0.00381846182346752	0.00336781567935064	0.00311927952008964	0.00336781567935062	0.00336781567935056	0.0031192795200896	0.00295762270973468	0.00311927952008962	0.00381846182346757	0.00336781567935062	0.00311927952008966	0.00336781567935069
1	1.00006978437293	1.00010856741154	1.00006978437293	1.00006978437293	1.00010856741154	1.00013969985146	1.00010856741154	1.00010856741154	1.00013969985146	1.00016745788919	1.00013969985146	1.00006978437293	1.00010856741154	1.00013969985146	1.00010856741154	0.149758585269534	0.00381846182346841	0.003367815679352	0.00381846182346846	0.00381846182346863	0.00336781567935207	0.0031192795200912	0.00336781567935205	0.00336781567935201	0.00311927952009118	0.00295762270973636	0.00311927952009119	0.00381846182346868	0.00336781567935205	0.00311927952009121	0.00336781567935211
1	1.00006978437322	1.00010856741193	1.00006978437322	1.00006978437322	1.00010856741193	1.00013969985193	1.00010856741193	1.00010856741193	1.00013969985193	1.00016745788972	1.00013969985193	1.00006978437322	1.00010856741193	1.00013969985193	1.00010856741193	0.149763365601481	0.00381846182346961	0.00336781567935336	0.00381846182346966	0.00381846182346973	0.00336781567935343	0.0031192795200927	0.00336781567935343	0.00336781567935339	0.00311927952009268	0.00295762270973797	0.00311927952009269	0.00381846182346978	0.00336781567935343	0.00311927952009271	0.00336781567935348
1	1.00006978437349	1.00010856741231	1.00006978437349	1.00006978437349	1.00010856741231	1.00013969985238	1.00010856741231	1.00010856741231	1.00013969985238	1.00016745789024	1.00013969985238	1.00006978437349	1.00010856741231	1.00013969985238	1.00010856741231	0.149768051276513	0.00381846182347072	0.00336781567935467	0.00381846182347078	0.0038184618234708	0.00336781567935474	0.00311927952009414	0.00336781567935474	0.00336781567935471	0.00311927952009412	0.00295762270973952	0.00311927952009414	0.00381846182347085	0.00336781567935474	0.00311927952009415	0.00336781567935479
1	1.00006978437376	1.00010856741268	1.00006978437376	1.00006978437376	1.00010856741268	1.00013969985281	1.00010856741268	1.00010856741268	1.00013969985281	1.00016745789073	1.00013969985281	1.00006978437376	1.00010856741268	1.00013969985281	1.00010856741268	0.149772644168962	0.00381846182347178	0.00336781567935592	0.00381846182347183	0.00381846182347184	0.003367815679356	0.00311927952009552	0.003367815679356	0.00336781567935597	0.0031192795200955	0.00295762270974101	0.00311927952009552	0.00381846182347189	0.003367815679356	0.00311927952009553	0.00336781567935605
1	1.00006978437402	1.00010856741303	1.00006978437402	1.00006978437402	1.00010856741303	1.00013969985323	1.00010856741303	1.00010856741303	1.00013969985323	1.0001674578912	1.00013969985323	1.00006978437402	1.00010856741303	1.00013969985323	1.00010856741303	0.149777146116048	0.00381846182347279	0.00336781567935713	0.00381846182347285	0.00381846182347284	0.00336781567935721	0.00311927952009685	0.0033678156793572	0.00336781567935718	0.00311927952009683	0.00295762270974244	0.00311927952009685	0.0038184618234729	0.0033678156793572	0.00311927952009686	0.00336781567935726
1	1.00006978437426	1.00010856741337	1.00006978437426	1.00006978437426	1.00010856741337	1.00013969985363	1.00010856741337	1.00010856741337	1.00013969985363	1.00016745789166	1.00013969985363	1.00006978437426	1.00010856741337	1.00013969985363	1.00010856741337	0.149781558918609	0.00381846182347376	0.0033678156793583	0.00381846182347382	0.00381846182347381	0.00336781567935837	0.00311927952009812	0.00336781567935837	0.00336781567935834	0.00311927952009811	0.00295762270974381	0.00311927952009813	0.00381846182347386	0.00336781567935837	0.00311927952009814	0.00336781567935842
1	1.0000697843745	1.00010856741369	1.0000697843745	1.0000697843745	1.00010856741369	1.00013969985401	1.00010856741369	1.00010856741369	1.00013969985401	1.0001674578921	1.00013969985401	1.0000697843745	1.00010856741369	1.00013969985401	1.00010856741369	0.149785884341825	0.00381846182347469	0.00336781567935941	0.00381846182347474	0.00381846182347474	0.00336781567935949	0.00311927952009935	0.00336781567935948	0.00336781567935946	0.00311927952009934	0.00295762270974513	0.00311927952009935	0.00381846182347479	0.00336781567935948	0.00311927952009937	0.00336781567935953
1	1.00006978437473	1.000108567414	1.00006978437473	1.00006978437473	1.000108567414	1.00013969985438	1.000108567414	1.000108567414	1.00013969985438	1.00016745789252	1.00013969985438	1.00006978437473	1.000108567414	1.00013969985438	1.000108567414	0.149790124115923	0.00381846182347558	0.00336781567936048	0.00381846182347564	0.00381846182347563	0.00336781567936056	0.00311927952010053	0.00336781567936055	0.00336781567936053	0.00311927952010052	0.0029576227097464	0.00311927952010053	0.00381846182347568	0.00336781567936055	0.00311927952010055	0.00336781567936061
1	1.00006978437495	1.0001085674143	1.00006978437495	1.00006978437495	1.0001085674143	1.00013969985474	1.0001085674143	1.0001085674143	1.00013969985474	1.00016745789292	1.00013969985474	1.00006978437495	1.0001085674143	1.00013969985474	1.0001085674143	0.149794279936868	0.00381846182347644	0.00336781567936151	0.00381846182347649	0.00381846182347649	0.00336781567936159	0.00311927952010166	0.00336781567936158	0.00336781567936156	0.00311927952010165	0.00295762270974761	0.00311927952010166	0.00381846182347654	0.00336781567936158	0.00311927952010168	0.00336781567936164
1	1.00006978437516	1.00010856741459	1.00006978437516	1.00006978437516	1.00010856741459	1.00013969985508	1.00010856741459	1.00010856741459	1.00013969985508	1.00016745789331	1.00013969985508	1.00006978437516	1.00010856741459	1.00013969985508	1.00010856741459	0.149798353467046	0.00381846182347727	0.0033678156793625	0.00381846182347732	0.00381846182347731	0.00336781567936258	0.00311927952010275	0.00336781567936257	0.00336781567936255	0.00311927952010274	0.00295762270974879	0.00311927952010275	0.00381846182347736	0.00336781567936257	0.00311927952010277	0.00336781567936263
1	1.00006978437536	1.00010856741486	1.00006978437536	1.00006978437536	1.00010856741486	1.00013969985541	1.00010856741486	1.00010856741486	1.00013969985541	1.00016745789368	1.00013969985541	1.00006978437536	1.00010856741486	1.00013969985541	1.00010856741486	0.149802346335921	0.00381846182347806	0.00336781567936345	0.00381846182347811	0.0038184618234781	0.00336781567936353	0.0031192795201038	0.00336781567936352	0.0033678156793635	0.00311927952010378	0.00295762270974991	0.0031192795201038	0.00381846182347815	0.00336781567936352	0.00311927952010381	0.00336781567936358
1	1.00006978437555	1.00010856741513	1.00006978437555	1.00006978437555	1.00010856741513	1.00013969985572	1.00010856741513	1.00010856741513	1.00013969985572	1.00016745789404	1.00013969985572	1.00006978437555	1.00010856741513	1.00013969985572	1.00010856741513	0.149806260140696	0.00381846182347882	0.00336781567936437	0.00381846182347887	0.00381846182347886	0.00336781567936444	0.0031192795201048	0.00336781567936444	0.00336781567936441	0.00311927952010479	0.00295762270975099	0.0031192795201048	0.00381846182347891	0.00336781567936444	0.00311927952010482	0.00336781567936449
1	1.00006978437574	1.00010856741538	1.00006978437574	1.00006978437574	1.00010856741538	1.00013969985603	1.00010856741538	1.00010856741538	1.00013969985603	1.00016745789438	1.00013969985603	1.00006978437574	1.00010856741538	1.00013969985603	1.00010856741538	0.149810096446943	0.00381846182347955	0.00336781567936525	0.0038184618234796	0.00381846182347959	0.00336781567936532	0.00311927952010577	0.00336781567936531	0.00336781567936529	0.00311927952010575	0.00295762270975203	0.00311927952010577	0.00381846182347964	0.00336781567936531	0.00311927952010578	0.00336781567936537
1	1.00006978437592	1.00010856741563	1.00006978437592	1.00006978437592	1.00010856741563	1.00013969985632	1.00010856741563	1.00010856741563	1.00013969985632	1.00016745789471	1.00013969985632	1.00006978437592	1.00010856741563	1.00013969985632	1.00010856741563	0.149813856789238	0.00381846182348025	0.00336781567936609	0.0038184618234803	0.00381846182348029	0.00336781567936617	0.00311927952010669	0.00336781567936616	0.00336781567936613	0.00311927952010668	0.00295762270975302	0.00311927952010669	0.00381846182348035	0.00336781567936616	0.00311927952010671	0.00336781567936621
1	1.00006978437609	1.00010856741586	1.00006978437609	1.00006978437609	1.00010856741586	1.0001396998566	1.00010856741586	1.00010856741586	1.0001396998566	1.00016745789503	1.0001396998566	1.00006978437609	1.00010856741586	1.0001396998566	1.00010856741586	0.149817542671766	0.00381846182348092	0.0033678156793669	0.00381846182348098	0.00381846182348097	0.00336781567936697	0.00311927952010758	0.00336781567936697	0.00336781567936694	0.00311927952010757	0.00295762270975398	0.00311927952010758	0.00381846182348102	0.00336781567936697	0.0031192795201076	0.00336781567936702
1	1.00006978437626	1.00010856741609	1.00006978437626	1.00006978437626	1.00010856741609	1.00013969985687	1.00010856741609	1.00010856741609	1.00013969985687	1.00016745789534	1.00013969985687	1.00006978437626	1.00010856741609	1.00013969985687	1.00010856741609	0.14982115556893	0.00381846182348157	0.00336781567936768	0.00381846182348162	0.00381846182348162	0.00336781567936775	0.00311927952010844	0.00336781567936775	0.00336781567936772	0.00311927952010843	0.0029576227097549	0.00311927952010844	0.00381846182348167	0.00336781567936775	0.00311927952010845	0.0033678156793678
1	1.00006978437641	1.00010856741631	1.00006978437641	1.00006978437641	1.00010856741631	1.00013969985712	1.0001085674163	1.00010856741631	1.00013969985712	1.00016745789563	1.00013969985712	1.00006978437641	1.0001085674163	1.00013969985712	1.00010856741631	0.149824696925937	0.00381846182348219	0.00336781567936842	0.00381846182348225	0.00381846182348224	0.0033678156793685	0.00311927952010926	0.0033678156793685	0.00336781567936847	0.00311927952010925	0.00295762270975579	0.00311927952010926	0.00381846182348229	0.0033678156793685	0.00311927952010928	0.00336781567936855
1	1.00006978437657	1.00010856741651	1.00006978437657	1.00006978437657	1.00010856741651	1.00013969985737	1.00010856741651	1.00010856741651	1.00013969985737	1.00016745789591	1.00013969985737	1.00006978437657	1.00010856741651	1.00013969985737	1.00010856741651	0.149828168159376	0.00381846182348279	0.00336781567936914	0.00381846182348285	0.00381846182348284	0.00336781567936922	0.00311927952011005	0.00336781567936921	0.00336781567936918	0.00311927952011004	0.00295762270975664	0.00311927952011005	0.00381846182348289	0.00336781567936921	0.00311927952011006	0.00336781567936927
1	1.00006978437671	1.00010856741671	1.00006978437671	1.00006978437671	1.00010856741671	1.00013969985761	1.00010856741671	1.00010856741671	1.00013969985761	1.00016745789618	1.00013969985761	1.00006978437671	1.00010856741671	1.00013969985761	1.00010856741671	0.149831570657789	0.00381846182348337	0.00336781567936983	0.00381846182348342	0.00381846182348341	0.00336781567936991	0.00311927952011081	0.0033678156793699	0.00336781567936987	0.0031192795201108	0.00295762270975746	0.00311927952011081	0.00381846182348346	0.0033678156793699	0.00311927952011082	0.00336781567936996
1	1.00006978437685	1.00010856741691	1.00006978437685	1.00006978437685	1.00010856741691	1.00013969985784	1.00010856741691	1.00010856741691	1.00013969985784	1.00016745789644	1.00013969985784	1.00006978437685	1.00010856741691	1.00013969985784	1.00010856741691	0.149834905782219	0.00381846182348392	0.0033678156793705	0.00381846182348397	0.00381846182348396	0.00336781567937057	0.00311927952011154	0.00336781567937057	0.00336781567937054	0.00311927952011153	0.00295762270975824	0.00311927952011154	0.00381846182348402	0.00336781567937057	0.00311927952011155	0.00336781567937062
1	1.00006978437699	1.00010856741709	1.00006978437699	1.00006978437699	1.00010856741709	1.00013969985806	1.00010856741709	1.00010856741709	1.00013969985806	1.00016745789669	1.00013969985806	1.00006978437699	1.00010856741709	1.00013969985806	1.00010856741709	0.14983817486676	0.00381846182348445	0.00336781567937113	0.0038184618234845	0.0038184618234845	0.00336781567937121	0.00311927952011224	0.0033678156793712	0.00336781567937117	0.00311927952011223	0.00295762270975899	0.00311927952011224	0.00381846182348455	0.0033678156793712	0.00311927952011225	0.00336781567937126
1	1.00006978437712	1.00010856741727	1.00006978437712	1.00006978437712	1.00010856741727	1.00013969985827	1.00010856741727	1.00010856741727	1.00013969985827	1.00016745789693	1.00013969985827	1.00006978437712	1.00010856741727	1.00013969985827	1.00010856741727	0.149841379219091	0.00381846182348496	0.00336781567937175	0.00381846182348501	0.00381846182348501	0.00336781567937182	0.00311927952011291	0.00336781567937182	0.00336781567937179	0.0031192795201129	0.00295762270975972	0.00311927952011291	0.00381846182348506	0.00336781567937182	0.00311927952011293	0.00336781567937187
1	1.00006978437724	1.00010856741744	1.00006978437724	1.00006978437724	1.00010856741744	1.00013969985847	1.00010856741744	1.00010856741744	1.00013969985847	1.00016745789716	1.00013969985847	1.00006978437724	1.00010856741744	1.00013969985847	1.00010856741744	0.149844520120994	0.00381846182348545	0.00336781567937233	0.0038184618234855	0.0038184618234855	0.00336781567937241	0.00311927952011356	0.0033678156793724	0.00336781567937237	0.00311927952011355	0.00295762270976041	0.00311927952011356	0.00381846182348555	0.0033678156793724	0.00311927952011358	0.00336781567937246
1	1.00006978437736	1.0001085674176	1.00006978437736	1.00006978437736	1.0001085674176	1.00013969985867	1.0001085674176	1.0001085674176	1.00013969985867	1.00016745789738	1.00013969985867	1.00006978437736	1.0001085674176	1.00013969985867	1.0001085674176	0.149847598828872	0.00381846182348592	0.0033678156793729	0.00381846182348597	0.00381846182348597	0.00336781567937298	0.00311927952011418	0.00336781567937297	0.00336781567937294	0.00311927952011417	0.00295762270976108	0.00311927952011418	0.00381846182348602	0.00336781567937297	0.0031192795201142	0.00336781567937302
1	1.00006978437748	1.00010856741776	1.00006978437748	1.00006978437748	1.00010856741776	1.00013969985886	1.00010856741776	1.00010856741776	1.00013969985886	1.0001674578976	1.00013969985886	1.00006978437748	1.00010856741776	1.00013969985886	1.00010856741776	0.14985061657425	0.00381846182348637	0.00336781567937344	0.00381846182348643	0.00381846182348642	0.00336781567937352	0.00311927952011478	0.00336781567937351	0.00336781567937348	0.00311927952011477	0.00295762270976172	0.00311927952011478	0.00381846182348647	0.00336781567937351	0.00311927952011479	0.00336781567937356
1	1.00006978437759	1.00010856741791	1.00006978437759	1.00006978437759	1.00010856741791	1.00013969985904	1.00010856741791	1.00010856741791	1.00013969985904	1.0001674578978	1.00013969985904	1.00006978437759	1.00010856741791	1.00013969985904	1.00010856741791	0.149853574564266	0.00381846182348681	0.00336781567937396	0.00381846182348686	0.00381846182348685	0.00336781567937404	0.00311927952011535	0.00336781567937403	0.003367815679374	0.00311927952011534	0.00295762270976234	0.00311927952011535	0.0038184618234869	0.00336781567937403	0.00311927952011537	0.00336781567937409
1	1.0000697843777	1.00010856741806	1.0000697843777	1.0000697843777	1.00010856741806	1.00013969985921	1.00010856741806	1.00010856741806	1.00013969985921	1.000167457898	1.00013969985921	1.0000697843777	1.00010856741806	1.00013969985921	1.00010856741806	0.149856473982155	0.00381846182348722	0.00336781567937446	0.00381846182348728	0.00381846182348727	0.00336781567937454	0.0031192795201159	0.00336781567937453	0.00336781567937451	0.00311927952011589	0.00295762270976294	0.00311927952011591	0.00381846182348732	0.00336781567937453	0.00311927952011592	0.00336781567937459
1	1.0000697843778	1.0001085674182	1.0000697843778	1.0000697843778	1.0001085674182	1.00013969985938	1.0001085674182	1.0001085674182	1.00013969985938	1.00016745789818	1.00013969985938	1.0000697843778	1.0001085674182	1.00013969985938	1.0001085674182	0.149859315987723	0.00381846182348762	0.00336781567937495	0.00381846182348768	0.00381846182348767	0.00336781567937502	0.00311927952011643	0.00336781567937502	0.00336781567937499	0.00311927952011642	0.0029576227097635	0.00311927952011643	0.00381846182348772	0.00336781567937502	0.00311927952011645	0.00336781567937507
1	1.0000697843779	1.00010856741833	1.0000697843779	1.0000697843779	1.00010856741833	1.00013969985954	1.00010856741833	1.00010856741833	1.00013969985954	1.00016745789837	1.00013969985954	1.0000697843779	1.00010856741833	1.00013969985954	1.00010856741833	0.149862101717811	0.00381846182348801	0.00336781567937541	0.00381846182348806	0.00381846182348806	0.00336781567937549	0.00311927952011694	0.00336781567937548	0.00336781567937545	0.00311927952011693	0.00295762270976405	0.00311927952011694	0.00381846182348811	0.00336781567937548	0.00311927952011696	0.00336781567937553
1	1.00006978437799	1.00010856741846	1.00006978437799	1.00006978437799	1.00010856741846	1.00013969985969	1.00010856741846	1.00010856741846	1.00013969985969	1.00016745789854	1.00013969985969	1.00006978437799	1.00010856741846	1.00013969985969	1.00010856741846	0.149864832286747	0.00381846182348838	0.00336781567937585	0.00381846182348843	0.00381846182348843	0.00336781567937593	0.00311927952011743	0.00336781567937592	0.0033678156793759	0.00311927952011742	0.00295762270976458	0.00311927952011743	0.00381846182348848	0.00336781567937592	0.00311927952011745	0.00336781567937598
1	1.00006978437808	1.00010856741859	1.00006978437808	1.00006978437808	1.00010856741859	1.00013969985984	1.00010856741859	1.00010856741859	1.00013969985984	1.00016745789871	1.00013969985984	1.00006978437808	1.00010856741859	1.00013969985984	1.00010856741859	0.149867508786796	0.00381846182348874	0.00336781567937628	0.00381846182348879	0.00381846182348878	0.00336781567937636	0.0031192795201179	0.00336781567937635	0.00336781567937632	0.00311927952011789	0.00295762270976508	0.0031192795201179	0.00381846182348883	0.00336781567937635	0.00311927952011792	0.00336781567937641
1	1.00006978437817	1.0001085674187	1.00006978437817	1.00006978437817	1.0001085674187	1.00013969985998	1.0001085674187	1.0001085674187	1.00013969985998	1.00016745789887	1.00013969985998	1.00006978437817	1.0001085674187	1.00013969985998	1.0001085674187	0.149870132288592	0.00381846182348908	0.00336781567937669	0.00381846182348913	0.00381846182348912	0.00336781567937677	0.00311927952011835	0.00336781567937676	0.00336781567937674	0.00311927952011834	0.00295762270976557	0.00311927952011835	0.00381846182348918	0.00336781567937676	0.00311927952011837	0.00336781567937682
1	1.00006978437825	1.00010856741882	1.00006978437825	1.00006978437825	1.00010856741882	1.00013969986011	1.00010856741882	1.00010856741882	1.00013969986011	1.00016745789902	1.00013969986011	1.00006978437825	1.00010856741882	1.00013969986011	1.00010856741882	0.149872703841573	0.00381846182348941	0.00336781567937709	0.00381846182348946	0.00381846182348945	0.00336781567937717	0.00311927952011879	0.00336781567937716	0.00336781567937713	0.00311927952011877	0.00295762270976604	0.00311927952011879	0.0038184618234895	0.00336781567937716	0.0031192795201188	0.00336781567937721
1	1.00006978437833	1.00010856741893	1.00006978437833	1.00006978437833	1.00010856741893	1.00013969986024	1.00010856741893	1.00010856741893	1.00013969986024	1.00016745789917	1.00013969986024	1.00006978437833	1.00010856741893	1.00013969986024	1.00010856741893	0.149875224474393	0.00381846182348972	0.00336781567937747	0.00381846182348977	0.00381846182348976	0.00336781567937755	0.0031192795201192	0.00336781567937754	0.00336781567937751	0.00311927952011919	0.00295762270976648	0.00311927952011921	0.00381846182348982	0.00336781567937754	0.00311927952011922	0.00336781567937759
1	1.00006978437841	1.00010856741903	1.00006978437841	1.00006978437841	1.00010856741903	1.00013969986037	1.00010856741903	1.00010856741903	1.00013969986037	1.00016745789931	1.00013969986037	1.00006978437841	1.00010856741903	1.00013969986037	1.00010856741903	0.149877695195339	0.00381846182349002	0.00336781567937783	0.00381846182349008	0.00381846182349007	0.00336781567937791	0.0031192795201196	0.0033678156793779	0.00336781567937787	0.00311927952011959	0.00295762270976691	0.00311927952011961	0.00381846182349012	0.0033678156793779	0.00311927952011962	0.00336781567937795
1	1.00006978437848	1.00010856741914	1.00006978437848	1.00006978437849	1.00010856741914	1.00013969986049	1.00010856741914	1.00010856741914	1.00013969986049	1.00016745789945	1.00013969986049	1.00006978437849	1.00010856741914	1.00013969986049	1.00010856741914	0.149880116992732	0.00381846182349032	0.00336781567937818	0.00381846182349037	0.00381846182349036	0.00336781567937826	0.00311927952011999	0.00336781567937825	0.00336781567937822	0.00311927952011998	0.00295762270976732	0.00311927952011999	0.00381846182349041	0.00336781567937825	0.00311927952012	0.0033678156793783
1	1.00006978437856	1.00010856741923	1.00006978437856	1.00006978437856	1.00010856741923	1.00013969986061	1.00010856741923	1.00010856741923	1.00013969986061	1.00016745789958	1.00013969986061	1.00006978437856	1.00010856741923	1.00013969986061	1.00010856741923	0.149882490835324	0.00381846182349059	0.00336781567937852	0.00381846182349065	0.00381846182349064	0.00336781567937859	0.00311927952012036	0.00336781567937859	0.00336781567937856	0.00311927952012035	0.00295762270976772	0.00311927952012036	0.00381846182349069	0.00336781567937859	0.00311927952012037	0.00336781567937864
1	1.00006978437863	1.00010856741933	1.00006978437863	1.00006978437863	1.00010856741933	1.00013969986072	1.00010856741933	1.00010856741933	1.00013969986072	1.00016745789971	1.00013969986072	1.00006978437863	1.00010856741933	1.00013969986072	1.00010856741933	0.149884817672683	0.00381846182349086	0.00336781567937884	0.00381846182349092	0.00381846182349091	0.00336781567937892	0.00311927952012072	0.00336781567937891	0.00336781567937888	0.0031192795201207	0.00295762270976811	0.00311927952012072	0.00381846182349096	0.00336781567937891	0.00311927952012073	0.00336781567937896
1	1.00006978437869	1.00010856741942	1.00006978437869	1.00006978437869	1.00010856741942	1.00013969986083	1.00010856741942	1.00010856741942	1.00013969986083	1.00016745789983	1.00013969986083	1.00006978437869	1.00010856741942	1.00013969986083	1.00010856741942	0.149887098435575	0.00381846182349112	0.00336781567937915	0.00381846182349117	0.00381846182349117	0.00336781567937923	0.00311927952012106	0.00336781567937922	0.00336781567937919	0.00311927952012104	0.00295762270976847	0.00311927952012106	0.00381846182349122	0.00336781567937922	0.00311927952012107	0.00336781567937927
1	1.00006978437875	1.0001085674195	1.00006978437875	1.00006978437875	1.0001085674195	1.00013969986093	1.0001085674195	1.0001085674195	1.00013969986093	1.00016745789995	1.00013969986093	1.00006978437875	1.0001085674195	1.00013969986093	1.0001085674195	0.149889334036337	0.00381846182349137	0.00336781567937945	0.00381846182349142	0.00381846182349141	0.00336781567937952	0.00311927952012138	0.00336781567937952	0.00336781567937949	0.00311927952012137	0.00295762270976882	0.00311927952012138	0.00381846182349147	0.00336781567937952	0.0031192795201214	0.00336781567937957
1	1.00006978437881	1.00010856741959	1.00006978437881	1.00006978437882	1.00010856741959	1.00013969986103	1.00010856741959	1.00010856741959	1.00013969986103	1.00016745790006	1.00013969986103	1.00006978437882	1.00010856741959	1.00013969986103	1.00010856741959	0.149891525369237	0.00381846182349161	0.00336781567937973	0.00381846182349166	0.00381846182349165	0.00336781567937981	0.0031192795201217	0.0033678156793798	0.00336781567937977	0.00311927952012168	0.00295762270976916	0.0031192795201217	0.00381846182349171	0.0033678156793798	0.00311927952012171	0.00336781567937986
1	1.00006978437887	1.00010856741967	1.00006978437887	1.00006978437887	1.00010856741967	1.00013969986112	1.00010856741967	1.00010856741967	1.00013969986112	1.00016745790017	1.00013969986112	1.00006978437887	1.00010856741967	1.00013969986112	1.00010856741967	0.149893673310839	0.00381846182349184	0.00336781567938001	0.00381846182349189	0.00381846182349188	0.00336781567938009	0.003119279520122	0.00336781567938008	0.00336781567938005	0.00311927952012199	0.00295762270976949	0.003119279520122	0.00381846182349193	0.00336781567938008	0.00311927952012201	0.00336781567938013
1	1.00006978437893	1.00010856741974	1.00006978437893	1.00006978437893	1.00010856741974	1.00013969986121	1.00010856741974	1.00010856741974	1.00013969986121	1.00016745790027	1.00013969986121	1.00006978437893	1.00010856741974	1.00013969986121	1.00010856741974	0.149895778720347	0.00381846182349206	0.00336781567938027	0.00381846182349211	0.0038184618234921	0.00336781567938035	0.00311927952012229	0.00336781567938034	0.00336781567938031	0.00311927952012228	0.0029576227097698	0.00311927952012229	0.00381846182349215	0.00336781567938034	0.00311927952012231	0.0033678156793804
1	1.00006978437898	1.00010856741982	1.00006978437898	1.00006978437898	1.00010856741982	1.0001396998613	1.00010856741982	1.00010856741982	1.0001396998613	1.00016745790037	1.0001396998613	1.00006978437898	1.00010856741982	1.0001396998613	1.00010856741982	0.149897842439954	0.00381846182349227	0.00336781567938053	0.00381846182349232	0.00381846182349231	0.0033678156793806	0.00311927952012257	0.0033678156793806	0.00336781567938057	0.00311927952012256	0.0029576227097701	0.00311927952012257	0.00381846182349236	0.0033678156793806	0.00311927952012259	0.00336781567938065
1	1.00006978437904	1.00010856741989	1.00006978437904	1.00006978437904	1.00010856741989	1.00013969986139	1.00010856741989	1.00010856741989	1.00013969986139	1.00016745790047	1.00013969986139	1.00006978437904	1.00010856741989	1.00013969986139	1.00010856741989	0.149899865295174	0.00381846182349247	0.00336781567938077	0.00381846182349252	0.00381846182349251	0.00336781567938085	0.00311927952012284	0.00336781567938084	0.00336781567938081	0.00311927952012283	0.00295762270977039	0.00311927952012284	0.00381846182349257	0.00336781567938084	0.00311927952012285	0.00336781567938089
1	1.00006978437908	1.00010856741996	1.00006978437908	1.00006978437909	1.00010856741996	1.00013969986147	1.00010856741996	1.00010856741996	1.00013969986147	1.00016745790056	1.00013969986147	1.00006978437909	1.00010856741996	1.00013969986147	1.00010856741996	0.149901848095178	0.00381846182349267	0.003367815679381	0.00381846182349272	0.00381846182349271	0.00336781567938108	0.0031192795201231	0.00336781567938108	0.00336781567938105	0.00311927952012309	0.00295762270977067	0.0031192795201231	0.00381846182349276	0.00336781567938108	0.00311927952012311	0.00336781567938113
1	1.00006978437913	1.00010856742002	1.00006978437913	1.00006978437913	1.00010856742002	1.00013969986154	1.00010856742002	1.00010856742002	1.00013969986154	1.00016745790065	1.00013969986154	1.00006978437913	1.00010856742002	1.00013969986154	1.00010856742002	0.149903791633111	0.00381846182349286	0.00336781567938123	0.00381846182349291	0.0038184618234929	0.00336781567938131	0.00311927952012335	0.0033678156793813	0.00336781567938127	0.00311927952012333	0.00295762270977094	0.00311927952012335	0.00381846182349295	0.0033678156793813	0.00311927952012336	0.00336781567938135
1	1.00006978437918	1.00010856742008	1.00006978437918	1.00006978437918	1.00010856742008	1.00013969986162	1.00010856742008	1.00010856742008	1.00013969986162	1.00016745790073	1.00013969986162	1.00006978437918	1.00010856742008	1.00013969986162	1.00010856742008	0.149905696686414	0.00381846182349304	0.00336781567938144	0.00381846182349309	0.00381846182349308	0.00336781567938152	0.00311927952012359	0.00336781567938151	0.00336781567938149	0.00311927952012357	0.00295762270977119	0.00311927952012359	0.00381846182349313	0.00336781567938151	0.0031192795201236	0.00336781567938157
1	1.00006978437922	1.00010856742014	1.00006978437922	1.00006978437922	1.00010856742014	1.00013969986169	1.00010856742014	1.00010856742014	1.00013969986169	1.00016745790081	1.00013969986169	1.00006978437922	1.00010856742014	1.00013969986169	1.00010856742014	0.149907564017135	0.00381846182349321	0.00336781567938165	0.00381846182349326	0.00381846182349325	0.00336781567938173	0.00311927952012382	0.00336781567938172	0.0033678156793817	0.0031192795201238	0.00295762270977144	0.00311927952012382	0.0038184618234933	0.00336781567938172	0.00311927952012383	0.00336781567938178
1	1.00006978437927	1.0001085674202	1.00006978437927	1.00006978437927	1.0001085674202	1.00013969986176	1.0001085674202	1.0001085674202	1.00013969986176	1.00016745790089	1.00013969986176	1.00006978437927	1.0001085674202	1.00013969986176	1.0001085674202	0.14990939437223	0.00381846182349338	0.00336781567938185	0.00381846182349343	0.00381846182349342	0.00336781567938193	0.00311927952012403	0.00336781567938192	0.00336781567938189	0.00311927952012402	0.00295762270977168	0.00311927952012403	0.00381846182349347	0.00336781567938192	0.00311927952012405	0.00336781567938197
1	1.00006978437931	1.00010856742026	1.00006978437931	1.00006978437931	1.00010856742026	1.00013969986183	1.00010856742026	1.00010856742026	1.00013969986183	1.00016745790097	1.00013969986183	1.00006978437931	1.00010856742026	1.00013969986183	1.00010856742026	0.149911188483866	0.00381846182349354	0.00336781567938204	0.00381846182349359	0.00381846182349358	0.00336781567938212	0.00311927952012424	0.00336781567938211	0.00336781567938208	0.00311927952012423	0.0029576227097719	0.00311927952012425	0.00381846182349363	0.00336781567938211	0.00311927952012426	0.00336781567938217
1	1.00006978437935	1.00010856742031	1.00006978437935	1.00006978437935	1.00010856742031	1.00013969986189	1.00010856742031	1.00010856742031	1.00013969986189	1.00016745790104	1.00013969986189	1.00006978437935	1.00010856742031	1.00013969986189	1.00010856742031	0.149912947069711	0.00381846182349369	0.00336781567938223	0.00381846182349374	0.00381846182349373	0.0033678156793823	0.00311927952012444	0.0033678156793823	0.00336781567938227	0.00311927952012443	0.00295762270977212	0.00311927952012445	0.00381846182349378	0.0033678156793823	0.00311927952012446	0.00336781567938235
1	1.00006978437938	1.00010856742036	1.00006978437938	1.00006978437938	1.00010856742036	1.00013969986195	1.00010856742036	1.00010856742036	1.00013969986195	1.00016745790111	1.00013969986195	1.00006978437938	1.00010856742036	1.00013969986195	1.00010856742036	0.149914670833223	0.00381846182349384	0.00336781567938241	0.00381846182349389	0.00381846182349388	0.00336781567938248	0.00311927952012464	0.00336781567938248	0.00336781567938245	0.00311927952012463	0.00295762270977233	0.00311927952012464	0.00381846182349393	0.00336781567938248	0.00311927952012465	0.00336781567938253
1	1.00006978437942	1.00010856742041	1.00006978437942	1.00006978437942	1.00010856742041	1.00013969986201	1.00010856742041	1.00010856742041	1.00013969986201	1.00016745790118	1.00013969986201	1.00006978437942	1.00010856742041	1.00013969986201	1.00010856742041	0.149916360463931	0.00381846182349398	0.00336781567938258	0.00381846182349403	0.00381846182349402	0.00336781567938265	0.00311927952012483	0.00336781567938265	0.00336781567938262	0.00311927952012481	0.00295762270977253	0.00311927952012483	0.00381846182349407	0.00336781567938265	0.00311927952012484	0.0033678156793827
1	1.00006978437945	1.00010856742046	1.00006978437945	1.00006978437945	1.00010856742046	1.00013969986207	1.00010856742046	1.00010856742046	1.00013969986207	1.00016745790124	1.00013969986207	1.00006978437945	1.00010856742046	1.00013969986207	1.00010856742046	0.149918016637709	0.00381846182349412	0.00336781567938274	0.00381846182349417	0.00381846182349416	0.00336781567938282	0.00311927952012501	0.00336781567938281	0.00336781567938278	0.003119279520125	0.00295762270977272	0.00311927952012501	0.00381846182349421	0.00336781567938281	0.00311927952012502	0.00336781567938286
1	1.00006978437949	1.0001085674205	1.00006978437949	1.00006978437949	1.0001085674205	1.00013969986212	1.0001085674205	1.0001085674205	1.00013969986212	1.0001674579013	1.00013969986212	1.00006978437949	1.0001085674205	1.00013969986212	1.0001085674205	0.149919640017049	0.00381846182349425	0.0033678156793829	0.0038184618234943	0.00381846182349429	0.00336781567938297	0.00311927952012518	0.00336781567938297	0.00336781567938294	0.00311927952012517	0.00295762270977291	0.00311927952012518	0.00381846182349434	0.00336781567938297	0.0031192795201252	0.00336781567938302
1	1.00006978437952	1.00010856742055	1.00006978437952	1.00006978437952	1.00010856742055	1.00013969986217	1.00010856742055	1.00010856742055	1.00013969986217	1.00016745790136	1.00013969986217	1.00006978437952	1.00010856742055	1.00013969986217	1.00010856742055	0.149921231251324	0.00381846182349437	0.00336781567938305	0.00381846182349442	0.00381846182349442	0.00336781567938312	0.00311927952012535	0.00336781567938312	0.00336781567938309	0.00311927952012533	0.00295762270977309	0.00311927952012535	0.00381846182349447	0.00336781567938312	0.00311927952012536	0.00336781567938317
1	1.00006978437955	1.00010856742059	1.00006978437955	1.00006978437955	1.00010856742059	1.00013969986222	1.00010856742059	1.00010856742059	1.00013969986222	1.00016745790142	1.00013969986222	1.00006978437955	1.00010856742059	1.00013969986222	1.00010856742059	0.14992279097705	0.00381846182349449	0.00336781567938319	0.00381846182349455	0.00381846182349454	0.00336781567938327	0.00311927952012551	0.00336781567938326	0.00336781567938323	0.00311927952012549	0.00295762270977326	0.00311927952012551	0.00381846182349459	0.00336781567938326	0.00311927952012552	0.00336781567938331
1	1.00006978437958	1.00010856742063	1.00006978437958	1.00006978437958	1.00010856742063	1.00013969986227	1.00010856742063	1.00010856742063	1.00013969986227	1.00016745790147	1.00013969986227	1.00006978437958	1.00010856742063	1.00013969986227	1.00010856742063	0.149924319818137	0.00381846182349461	0.00336781567938333	0.00381846182349466	0.00381846182349465	0.00336781567938341	0.00311927952012566	0.0033678156793834	0.00336781567938337	0.00311927952012565	0.00295762270977343	0.00311927952012566	0.0038184618234947	0.0033678156793834	0.00311927952012567	0.00336781567938345
1	1.00006978437961	1.00010856742067	1.00006978437961	1.00006978437961	1.00010856742067	1.00013969986232	1.00010856742067	1.00010856742067	1.00013969986232	1.00016745790153	1.00013969986232	1.00006978437961	1.00010856742067	1.00013969986232	1.00010856742067	0.149925818386143	0.00381846182349472	0.00336781567938347	0.00381846182349477	0.00381846182349476	0.00336781567938354	0.00311927952012581	0.00336781567938354	0.00336781567938351	0.00311927952012579	0.00295762270977358	0.00311927952012581	0.00381846182349482	0.00336781567938354	0.00311927952012582	0.00336781567938359
1	1.00006978437964	1.00010856742071	1.00006978437964	1.00006978437964	1.00010856742071	1.00013969986236	1.00010856742071	1.00010856742071	1.00013969986236	1.00016745790158	1.00013969986236	1.00006978437964	1.00010856742071	1.00013969986236	1.00010856742071	0.149927287280513	0.00381846182349483	0.0033678156793836	0.00381846182349488	0.00381846182349487	0.00336781567938367	0.00311927952012595	0.00336781567938366	0.00336781567938363	0.00311927952012594	0.00295762270977374	0.00311927952012595	0.00381846182349492	0.00336781567938366	0.00311927952012596	0.00336781567938372
1	1.00006978437966	1.00010856742074	1.00006978437966	1.00006978437966	1.00010856742074	1.0001396998624	1.00010856742074	1.00010856742074	1.0001396998624	1.00016745790162	1.0001396998624	1.00006978437966	1.00010856742074	1.0001396998624	1.00010856742074	0.149928727088826	0.00381846182349493	0.00336781567938372	0.00381846182349498	0.00381846182349497	0.00336781567938379	0.00311927952012608	0.00336781567938379	0.00336781567938376	0.00311927952012607	0.00295762270977388	0.00311927952012609	0.00381846182349503	0.00336781567938379	0.0031192795201261	0.00336781567938384
1	1.00006978437969	1.00010856742078	1.00006978437969	1.00006978437969	1.00010856742078	1.00013969986245	1.00010856742078	1.00010856742078	1.00013969986245	1.00016745790167	1.00013969986245	1.00006978437969	1.00010856742078	1.00013969986245	1.00010856742078	0.149930138387025	0.00381846182349503	0.00336781567938384	0.00381846182349508	0.00381846182349507	0.00336781567938391	0.00311927952012622	0.00336781567938391	0.00336781567938388	0.0031192795201262	0.00295762270977402	0.00311927952012622	0.00381846182349512	0.00336781567938391	0.00311927952012623	0.00336781567938396
1	1.00006978437971	1.00010856742081	1.00006978437971	1.00006978437971	1.00010856742081	1.00013969986248	1.00010856742081	1.00010856742081	1.00013969986248	1.00016745790172	1.00013969986248	1.00006978437971	1.00010856742081	1.00013969986248	1.00010856742081	0.149931521739647	0.00381846182349512	0.00336781567938395	0.00381846182349518	0.00381846182349517	0.00336781567938403	0.00311927952012634	0.00336781567938402	0.00336781567938399	0.00311927952012633	0.00295762270977416	0.00311927952012634	0.00381846182349522	0.00336781567938402	0.00311927952012636	0.00336781567938407
1	1.00006978437973	1.00010856742084	1.00006978437973	1.00006978437973	1.00010856742084	1.00013969986252	1.00010856742084	1.00010856742084	1.00013969986252	1.00016745790176	1.00013969986252	1.00006978437973	1.00010856742084	1.00013969986252	1.00010856742084	0.149932877700051	0.00381846182349521	0.00336781567938406	0.00381846182349527	0.00381846182349526	0.00336781567938414	0.00311927952012646	0.00336781567938413	0.0033678156793841	0.00311927952012645	0.00295762270977429	0.00311927952012646	0.00381846182349531	0.00336781567938413	0.00311927952012648	0.00336781567938418
1	1.00006978437976	1.00010856742087	1.00006978437976	1.00006978437976	1.00010856742087	1.00013969986256	1.00010856742087	1.00010856742087	1.00013969986256	1.0001674579018	1.00013969986256	1.00006978437976	1.00010856742087	1.00013969986256	1.00010856742087	0.149934206810641	0.0038184618234953	0.00336781567938417	0.00381846182349535	0.00381846182349534	0.00336781567938424	0.00311927952012658	0.00336781567938424	0.00336781567938421	0.00311927952012657	0.00295762270977441	0.00311927952012658	0.0038184618234954	0.00336781567938424	0.00311927952012659	0.00336781567938429
1	1.00006978437978	1.0001085674209	1.00006978437978	1.00006978437978	1.0001085674209	1.00013969986259	1.0001085674209	1.0001085674209	1.00013969986259	1.00016745790184	1.00013969986259	1.00006978437978	1.0001085674209	1.00013969986259	1.0001085674209	0.149935509603078	0.00381846182349539	0.00336781567938427	0.00381846182349544	0.00381846182349543	0.00336781567938434	0.00311927952012669	0.00336781567938434	0.00336781567938431	0.00311927952012668	0.00295762270977453	0.00311927952012669	0.00381846182349548	0.00336781567938434	0.0031192795201267	0.00336781567938439
1	1.0000697843798	1.00010856742093	1.0000697843798	1.0000697843798	1.00010856742093	1.00013969986263	1.00010856742093	1.00010856742093	1.00013969986263	1.00016745790188	1.00013969986263	1.0000697843798	1.00010856742093	1.00013969986263	1.00010856742093	0.149936786598496	0.00381846182349547	0.00336781567938436	0.00381846182349552	0.00381846182349551	0.00336781567938444	0.0031192795201268	0.00336781567938444	0.00336781567938441	0.00311927952012678	0.00295762270977465	0.0031192795201268	0.00381846182349556	0.00336781567938444	0.00311927952012681	0.00336781567938449
1	1.00006978437982	1.00010856742096	1.00006978437982	1.00006978437982	1.00010856742096	1.00013969986266	1.00010856742096	1.00010856742096	1.00013969986266	1.00016745790191	1.00013969986266	1.00006978437982	1.00010856742096	1.00013969986266	1.00010856742096	0.14993803830771	0.00381846182349554	0.00336781567938446	0.0038184618234956	0.00381846182349559	0.00336781567938454	0.0031192795201269	0.00336781567938453	0.0033678156793845	0.00311927952012689	0.00295762270977476	0.0031192795201269	0.00381846182349564	0.00336781567938453	0.00311927952012691	0.00336781567938458
1	1.00006978437984	1.00010856742098	1.00006978437984	1.00006978437984	1.00010856742098	1.00013969986269	1.00010856742098	1.00010856742098	1.00013969986269	1.00016745790195	1.00013969986269	1.00006978437984	1.00010856742098	1.00013969986269	1.00010856742098	0.149939265231422	0.00381846182349562	0.00336781567938455	0.00381846182349567	0.00381846182349566	0.00336781567938462	0.003119279520127	0.00336781567938462	0.00336781567938459	0.00311927952012698	0.00295762270977487	0.003119279520127	0.00381846182349571	0.00336781567938462	0.00311927952012701	0.00336781567938467
1	1.00006978437986	1.00010856742101	1.00006978437986	1.00006978437986	1.00010856742101	1.00013969986272	1.00010856742101	1.00010856742101	1.00013969986272	1.00016745790198	1.00013969986272	1.00006978437986	1.00010856742101	1.00013969986272	1.00010856742101	0.149940467860416	0.00381846182349569	0.00336781567938464	0.00381846182349574	0.00381846182349573	0.00336781567938471	0.00311927952012709	0.00336781567938471	0.00336781567938467	0.00311927952012708	0.00295762270977497	0.00311927952012709	0.00381846182349578	0.00336781567938471	0.00311927952012711	0.00336781567938476
1	1.00006978437987	1.00010856742103	1.00006978437987	1.00006978437987	1.00010856742103	1.00013969986275	1.00010856742103	1.00010856742103	1.00013969986275	1.00016745790202	1.00013969986275	1.00006978437987	1.00010856742103	1.00013969986275	1.00010856742103	0.149941646675761	0.00381846182349576	0.00336781567938472	0.00381846182349581	0.0038184618234958	0.0033678156793848	0.00311927952012718	0.00336781567938479	0.00336781567938476	0.00311927952012717	0.00295762270977507	0.00311927952012718	0.00381846182349585	0.00336781567938479	0.0031192795201272	0.00336781567938484
1	1.00006978437989	1.00010856742106	1.00006978437989	1.00006978437989	1.00010856742106	1.00013969986278	1.00010856742106	1.00010856742106	1.00013969986278	1.00016745790205	1.00013969986278	1.00006978437989	1.00010856742106	1.00013969986278	1.00010856742106	0.149942802148998	0.00381846182349582	0.0033678156793848	0.00381846182349588	0.00381846182349587	0.00336781567938487	0.00311927952012727	0.00336781567938487	0.00336781567938484	0.00311927952012726	0.00295762270977516	0.00311927952012727	0.00381846182349592	0.00336781567938487	0.00311927952012728	0.00336781567938492
1	1.00006978437991	1.00010856742108	1.00006978437991	1.00006978437991	1.00010856742108	1.0001396998628	1.00010856742108	1.00010856742108	1.0001396998628	1.00016745790208	1.0001396998628	1.00006978437991	1.00010856742108	1.0001396998628	1.00010856742108	0.149943934742332	0.00381846182349589	0.00336781567938487	0.00381846182349594	0.00381846182349593	0.00336781567938495	0.00311927952012735	0.00336781567938495	0.00336781567938492	0.00311927952012734	0.00295762270977525	0.00311927952012736	0.00381846182349598	0.00336781567938495	0.00311927952012737	0.003367815679385
1	1.00006978437992	1.0001085674211	1.00006978437992	1.00006978437992	1.0001085674211	1.00013969986283	1.0001085674211	1.0001085674211	1.00013969986283	1.00016745790211	1.00013969986283	1.00006978437992	1.0001085674211	1.00013969986283	1.0001085674211	0.149945044908815	0.00381846182349595	0.00336781567938495	0.003818461823496	0.00381846182349599	0.00336781567938503	0.00311927952012744	0.00336781567938502	0.00336781567938499	0.00311927952012742	0.00295762270977534	0.00311927952012744	0.00381846182349604	0.00336781567938502	0.00311927952012745	0.00336781567938507
1	1.00006978437994	1.00010856742112	1.00006978437994	1.00006978437994	1.00010856742112	1.00013969986285	1.00010856742112	1.00010856742112	1.00013969986285	1.00016745790213	1.00013969986285	1.00006978437994	1.00010856742112	1.00013969986285	1.00010856742112	0.149946133092529	0.00381846182349601	0.00336781567938502	0.00381846182349606	0.00381846182349605	0.00336781567938509	0.00311927952012751	0.00336781567938509	0.00336781567938506	0.0031192795201275	0.00295762270977542	0.00311927952012751	0.0038184618234961	0.00336781567938509	0.00311927952012753	0.00336781567938514
1	1.00006978437995	1.00010856742114	1.00006978437995	1.00006978437995	1.00010856742114	1.00013969986288	1.00010856742114	1.00010856742114	1.00013969986288	1.00016745790216	1.00013969986288	1.00006978437995	1.00010856742114	1.00013969986288	1.00010856742114	0.149947199728762	0.00381846182349607	0.00336781567938509	0.00381846182349612	0.00381846182349611	0.00336781567938516	0.00311927952012759	0.00336781567938516	0.00336781567938513	0.00311927952012757	0.0029576227097755	0.00311927952012759	0.00381846182349616	0.00336781567938516	0.0031192795201276	0.00336781567938521
1	1.00006978437997	1.00010856742116	1.00006978437997	1.00006978437997	1.00010856742116	1.0001396998629	1.00010856742116	1.00010856742116	1.0001396998629	1.00016745790219	1.0001396998629	1.00006978437997	1.00010856742116	1.0001396998629	1.00010856742116	0.149948245244182	0.00381846182349612	0.00336781567938515	0.00381846182349617	0.00381846182349616	0.00336781567938523	0.00311927952012766	0.00336781567938522	0.00336781567938519	0.00311927952012765	0.00295762270977558	0.00311927952012766	0.00381846182349621	0.00336781567938522	0.00311927952012768	0.00336781567938527
1	1.00006978437998	1.00010856742118	1.00006978437998	1.00006978437998	1.00010856742118	1.00013969986292	1.00010856742118	1.00010856742118	1.00013969986292	1.00016745790221	1.00013969986292	1.00006978437998	1.00010856742118	1.00013969986292	1.00010856742118	0.14994927005701	0.00381846182349617	0.00336781567938521	0.00381846182349622	0.00381846182349621	0.00336781567938529	0.00311927952012773	0.00336781567938528	0.00336781567938526	0.00311927952012772	0.00295762270977565	0.00311927952012773	0.00381846182349627	0.00336781567938528	0.00311927952012774	0.00336781567938534
1	1.00006978437999	1.00010856742119	1.00006978437999	1.00006978437999	1.00010856742119	1.00013969986294	1.00010856742119	1.00010856742119	1.00013969986294	1.00016745790223	1.00013969986294	1.00006978437999	1.00010856742119	1.00013969986294	1.00010856742119	0.149950274577184	0.00381846182349622	0.00336781567938528	0.00381846182349627	0.00381846182349626	0.00336781567938535	0.0031192795201278	0.00336781567938535	0.00336781567938532	0.00311927952012778	0.00295762270977572	0.0031192795201278	0.00381846182349632	0.00336781567938535	0.00311927952012781	0.0033678156793854
1	1.00006978438	1.00010856742121	1.00006978438	1.00006978438	1.00010856742121	1.00013969986296	1.00010856742121	1.00010856742121	1.00013969986296	1.00016745790226	1.00013969986296	1.00006978438	1.00010856742121	1.00013969986296	1.00010856742121	0.149951259206526	0.00381846182349627	0.00336781567938533	0.00381846182349632	0.00381846182349631	0.00336781567938541	0.00311927952012786	0.0033678156793854	0.00336781567938537	0.00311927952012785	0.00295762270977579	0.00311927952012786	0.00381846182349637	0.0033678156793854	0.00311927952012787	0.00336781567938546
1	1.00006978438002	1.00010856742123	1.00006978438002	1.00006978438002	1.00010856742123	1.00013969986298	1.00010856742123	1.00010856742123	1.00013969986298	1.00016745790228	1.00013969986298	1.00006978438002	1.00010856742123	1.00013969986298	1.00010856742123	0.149952224338901	0.00381846182349632	0.00336781567938539	0.00381846182349637	0.00381846182349636	0.00336781567938546	0.00311927952012792	0.00336781567938546	0.00336781567938543	0.00311927952012791	0.00295762270977586	0.00311927952012792	0.00381846182349641	0.00336781567938546	0.00311927952012794	0.00336781567938551
