1	1.47841828087623	1.13889252403749	1.47841828087624	1.47841828067154	1.16982517166272	1.05213254755582	1.16982517281069	1.13889252632247	1.05213254720931	1.00304718905666	1.05213254715812	1.47841828067156	1.16982517281069	1.05213254758011	1.16982517166273	4.25	0.359614759809573	0.127281487435189	0.359614759809583	0.359614759697045	0.141757070014808	0.062365279747277	0.141757070531427	0.12728148854225	0.0623652793113505	0.0129006507509159	0.0623652795977756	0.359614759697054	0.141757070531426	0.0623652796113902	0.141757070014812
1	1.58437318250976	1.14022526825692	1.58437318250978	1.58437318257633	1.17248869997811	1.05017472361162	1.17248870029897	1.14022526914442	1.05017472362714	1.00272171993265	1.05017472354186	1.58437318257635	1.17248870029897	1.05017472385872	1.17248869997811	4.25	0.406050820323912	0.127992795925947	0.406050820323924	0.406050820417485	0.143021632308167	0.0611835892449165	0.143021632451752	0.127992796377511	0.06118358820845	0.0121971865390668	0.061183588704501	0.406050820417496	0.143021632451752	0.0611835878075986	0.143021632308171
1	1.60212329645825	1.13992444809644	1.60212329645827	1.60212329655188	1.17194706522259	1.04997373229236	1.17194706529515	1.13992444840292	1.04997373228517	1.00269627721766	1.04997373221873	1.6021232965519	1.17194706529515	1.04997373230845	1.1719470652226	4.25	0.41366530847305	0.127871415819836	0.413665308473062	0.413665308538222	0.142806986348423	0.0610698515419794	0.142806986380944	0.12787141597729	0.0610698512585237	0.0121423366814944	0.0610698516465709	0.413665308538233	0.142806986380944	0.0610698514480155	0.142806986348428
1	1.60513413032859	1.13986621379163	1.60513413032861	1.60513413037936	1.17183302087995	1.04994382557434	1.17183302089606	1.13986621389607	1.04994382560946	1.0026923747675	1.0499438255007	1.60513413037938	1.17183302089606	1.04994382557016	1.17183302087996	4.25	0.414952302277049	0.12784743886059	0.41495230227706	0.414952302307219	0.14276075652276	0.0610532187789909	0.142760756529979	0.127847438914155	0.0610532184621375	0.0121339497571048	0.0610532190977706	0.41495230230723	0.142760756529979	0.0610532188034044	0.142760756522764
1	1.60564570252775	1.13985623007961	1.60564570252777	1.60564570255084	1.17181314024795	1.04993884195443	1.17181314025244	1.13985623012201	1.04993884196088	1.00269172100707	1.04993884193321	1.60564570255086	1.17181314025244	1.04993884195367	1.17181314024796	4.25	0.415170846531221	0.127843324777597	0.415170846531233	0.415170846544537	0.142752678655249	0.0610504552076923	0.142752678657264	0.127843324799343	0.0610504551247592	0.0121325454131456	0.061050455286526	0.415170846544548	0.142752678657264	0.0610504552121967	0.142752678655253
1	1.60573264592356	1.13985453297973	1.60573264592358	1.60573264593368	1.17180975180847	1.04993799715809	1.17180975180981	1.13985453299765	1.04993799717995	1.00269161007676	1.04993799712909	1.6057326459337	1.17180975180981	1.04993799715686	1.17180975180848	4.25	0.415207985261071	0.127842625545285	0.415207985261082	0.41520798526685	0.142751301583812	0.061049986950069	0.142751301584412	0.127842625554478	0.0610499868032231	0.012132307137954	0.0610499871004936	0.415207985266861	0.142751301584412	0.061049986957289	0.142751301583816
1	1.60574742291016	1.13985424455329	1.60574742291018	1.60574742291453	1.1718091763059	1.04993785359779	1.17180917630631	1.13985424456092	1.0499378536069	1.00269159121579	1.04993785358566	1.60574742291455	1.17180917630631	1.04993785359729	1.17180917630591	4.25	0.415214297284092	0.127842506711118	0.415214297284103	0.41521429728658	0.142751067714959	0.0610499073812413	0.142751067715142	0.127842506715033	0.0610499073198586	0.0121322666239239	0.0610499074440322	0.415214297286591	0.142751067715142	0.0610499073841819	0.142751067714964
1	1.60574993441831	1.13985419553005	1.60574993441833	1.60574993442019	1.17180907852359	1.04993782919721	1.17180907852371	1.1398541955333	1.04993782921929	1.00269158800981	1.04993782917297	1.60574993442021	1.17180907852371	1.04993782919612	1.17180907852359	4.25	0.415215370076717	0.127842486512853	0.415215370076729	0.415215370077783	0.142751027979932	0.0610498938546866	0.142751027979989	0.127842486514524	0.0610498937221752	0.0121322597372933	0.0610498939928969	0.415215370077795	0.142751027979989	0.0610498938610766	0.142751027979937
1	1.60575036127571	1.13985418719839	1.60575036127573	1.60575036127651	1.17180906190602	1.04993782504973	1.17180906190606	1.13985418719979	1.04993782506722	1.0026915874649	1.04993782503092	1.60575036127653	1.17180906190606	1.04993782504887	1.17180906190603	4.25	0.415215552409113	0.127842483080131	0.415215552409124	0.41521555240957	0.142751021227244	0.0610498915565651	0.142751021227263	0.127842483080846	0.0610498914528332	0.0121322585667949	0.0610498916650272	0.415215552409581	0.142751021227263	0.0610498915615804	0.142751021227249
1	1.60575043382475	1.13985418578249	1.60575043382477	1.60575043382509	1.17180905908198	1.04993782434561	1.171809059082	1.13985418578309	1.0499378243968	1.00269158737228	1.04993782429174	1.60575043382511	1.171809059082	1.04993782434313	1.17180905908199	4.25	0.415215583398484	0.127842482496781	0.415215583398495	0.415215583398679	0.142751020079679	0.0610498911610874	0.142751020079687	0.127842482497086	0.0610498908612207	0.0121322583678473	0.0610498914753193	0.41521558339869	0.142751020079687	0.0610498911755928	0.142751020079684
