1	1.03904017395609	1.0591738189517	1.03904017395609	1.03904017395609	1.0591738189517	1.09294931353906	1.0591738189517	1.0591738189517	1.09294931353906	1.19831452919398	1.09294931353906	1.03904017395609	1.0591738189517	1.09294931353906	1.0591738189517	0.569740743890879	0.461143240049623	0.395818094145077	0.461143240049625	0.461143240049622	0.395818094145077	0.408412042904793	0.395818094145077	0.395818094145072	0.408412042904787	0.542065598100548	0.408412042904787	0.461143240049623	0.395818094145077	0.408412042904793	0.395818094145079
1	1.04869780715771	1.07102492491248	1.04869780715771	1.04869780715771	1.07102492491248	1.11178001985478	1.07102492491248	1.07102492491247	1.11178001985478	1.25841137348161	1.11178001985478	1.04869780715771	1.07102492491248	1.11178001985478	1.07102492491248	0.618168657516408	0.482814662255509	0.40891439001596	0.48281466225551	0.482814662255507	0.408914390015961	0.422657178056842	0.408914390015962	0.408914390015954	0.422657178056837	0.589528804367393	0.422657178056838	0.482814662255509	0.408914390015962	0.422657178056843	0.408914390015964
1	1.05358939532446	1.07645339011237	1.05358939532446	1.05358939532446	1.07645339011238	1.12022345503231	1.07645339011238	1.07645339011237	1.12022345503231	1.29517595483968	1.12022345503231	1.05358939532446	1.07645339011238	1.12022345503231	1.07645339011238	0.647541671918756	0.492460857053208	0.415091338149044	0.49246085705321	0.492460857053208	0.41509133814905	0.429019519061037	0.415091338149051	0.415091338149041	0.429019519061035	0.617001219351067	0.429019519061036	0.49246085705321	0.415091338149051	0.429019519061038	0.415091338149052
1	1.05594744944756	1.07894061504589	1.05594744944756	1.05594744944756	1.0789406150459	1.12393561198024	1.0789406150459	1.07894061504589	1.12393561198024	1.31671980482021	1.12393561198024	1.05594744944756	1.0789406150459	1.12393561198024	1.0789406150459	0.665357305717239	0.496759381406001	0.418031926194912	0.496759381406003	0.496759381406003	0.418031926194917	0.431878615794472	0.418031926194917	0.418031926194913	0.43187861579447	0.632173192351691	0.431878615794471	0.496759381406005	0.418031926194917	0.431878615794472	0.418031926194919
1	1.05705407284801	1.08009404876876	1.05705407284801	1.05705407284801	1.08009404876876	1.12556341085279	1.08009404876876	1.08009404876876	1.12556341085279	1.3288818662332	1.12556341085279	1.05705407284801	1.08009404876876	1.12556341085279	1.08009404876876	0.676163033815431	0.498699826681506	0.419455224915806	0.498699826681508	0.498699826681506	0.419455224915809	0.433185507743877	0.41945522491581	0.419455224915807	0.433185507743876	0.640319878094564	0.433185507743877	0.498699826681508	0.41945522491581	0.433185507743877	0.419455224915811
1	1.05756487433832	1.08063652999192	1.05756487433832	1.05756487433832	1.08063652999193	1.12627873915407	1.08063652999193	1.08063652999193	1.12627873915407	1.33555262183171	1.12627873915407	1.05756487433832	1.08063652999193	1.12627873915407	1.08063652999193	0.682717039186328	0.499580293167402	0.420151072313999	0.499580293167404	0.499580293167405	0.420151072313998	0.433786520725041	0.420151072313999	0.420151072313999	0.433786520725041	0.644626121127556	0.433786520725042	0.499580293167407	0.420151072313999	0.433786520725042	0.420151072314
1	1.05779707396397	1.08089435547967	1.05779707396397	1.05779707396397	1.08089435547967	1.12659203356579	1.08089435547967	1.08089435547967	1.12659203356579	1.33913897435697	1.12659203356579	1.05779707396397	1.08089435547967	1.12659203356579	1.08089435547967	0.686692244339045	0.499975570851171	0.420491566679442	0.499975570851173	0.499975570851172	0.420491566679445	0.434059548642492	0.420491566679446	0.420491566679443	0.434059548642493	0.646883724840511	0.434059548642494	0.499975570851174	0.420491566679446	0.434059548642493	0.420491566679447
1	1.05790040779339	1.08101741711107	1.05790040779339	1.05790040779339	1.08101741711108	1.12672682561315	1.08101741711107	1.08101741711107	1.12672682561315	1.34104263779509	1.12672682561315	1.05790040779339	1.08101741711108	1.12672682561315	1.08101741711108	0.68910332815057	0.500147541865133	0.420656959788728	0.500147541865135	0.500147541865135	0.420656959788729	0.434179342617443	0.42065695978873	0.420656959788727	0.434179342617443	0.648062663925769	0.434179342617444	0.500147541865137	0.42065695978873	0.434179342617444	0.420656959788732
1	1.05794479879207	1.08107597329765	1.05794479879207	1.05794479879207	1.08107597329765	1.12678232168714	1.08107597329765	1.08107597329765	1.12678232168714	1.34204556946094	1.12678232168714	1.05794479879207	1.08107597329765	1.12678232168714	1.08107597329765	0.690565724404001	0.500217771331615	0.420736101466228	0.500217771331617	0.500217771331617	0.420736101466229	0.434228398312518	0.42073610146623	0.420736101466226	0.434228398312519	0.648677376613971	0.43422839831252	0.500217771331619	0.42073610146623	0.434228398312519	0.420736101466232
1	1.05796269295218	1.08110351586848	1.05796269295218	1.05796269295219	1.08110351586848	1.12680306164379	1.08110351586848	1.08110351586848	1.12680306164379	1.34257188535544	1.12680306164379	1.05796269295219	1.08110351586848	1.12680306164379	1.08110351586848	0.691452712505803	0.500242928135879	0.420773075363957	0.500242928135881	0.500242928135881	0.420773075363954	0.434245789293397	0.420773075363956	0.420773075363956	0.4342457892934	0.648997842332206	0.4342457892934	0.500242928135883	0.420773075363956	0.434245789293398	0.420773075363956
1	1.05796902645706	1.08111618625098	1.05796902645706	1.05796902645706	1.08111618625098	1.1268091044277	1.08111618625098	1.08111618625098	1.1268091044277	1.34284764840374	1.1268091044277	1.05796902645706	1.08111618625098	1.1268091044277	1.08111618625098	0.691990698002248	0.500249163263274	0.420789720109009	0.500249163263276	0.500249163263274	0.420789720109007	0.434249799644496	0.420789720109008	0.420789720109008	0.434249799644498	0.649165019464311	0.434249799644499	0.500249163263276	0.420789720109008	0.434249799644497	0.42078972010901
1	1.05797057784531	1.08112179778232	1.05797057784531	1.05797057784531	1.08112179778232	1.12680939136863	1.08112179778232	1.08112179778232	1.12680939136863	1.34299213121112	1.12680939136863	1.05797057784531	1.08112179778232	1.12680939136863	1.08112179778232	0.692317002801452	0.500248242191216	0.420796772478911	0.500248242191218	0.500248242191216	0.42079677247891	0.43424875209153	0.42079677247891	0.420796772478911	0.434248752091532	0.649252336795794	0.434248752091532	0.500248242191218	0.42079677247891	0.43424875209153	0.420796772478912
1	1.05797034591102	1.08112412379064	1.05797034591102	1.05797034591102	1.08112412379064	1.12680779112429	1.08112412379064	1.08112412379064	1.12680779112429	1.34306791201594	1.12680779112429	1.05797034591102	1.08112412379064	1.12680779112429	1.08112412379064	0.692514916623797	0.500245218525852	0.420799442767534	0.500245218525854	0.500245218525851	0.420799442767532	0.434246254555501	0.420799442767533	0.420799442767535	0.434246254555503	0.649298018449825	0.434246254555504	0.500245218525853	0.420799442767533	0.434246254555501	0.420799442767535
1	1.05796959888434	1.08112496981724	1.05796959888434	1.05796959888434	1.08112496981724	1.12680587712856	1.08112496981724	1.08112496981724	1.12680587712856	1.34310773313941	1.12680587712856	1.05796959888434	1.08112496981724	1.12680587712856	1.08112496981724	0.69263495729705	0.50024208587372	0.42080021094843	0.500242085873722	0.50024208587372	0.42080021094843	0.434243738138442	0.420800210948431	0.420800210948431	0.434243738138444	0.649321966825145	0.434243738138445	0.500242085873722	0.420800210948431	0.434243738138443	0.420800210948432
1	1.05796882962296	1.0811251849253	1.05796882962296	1.05796882962296	1.0811251849253	1.12680420931632	1.0811251849253	1.0811251849253	1.12680420931633	1.34312871211989	1.12680420931633	1.05796882962296	1.0811251849253	1.12680420931632	1.0811251849253	0.69270776540315	0.500239498004779	0.420800224337521	0.500239498004781	0.50023949800478	0.420800224337522	0.434241670358447	0.420800224337523	0.420800224337522	0.434241670358452	0.649334552514273	0.434241670358453	0.500239498004781	0.420800224337523	0.434241670358448	0.420800224337524
1	1.05796819699495	1.08112515724681	1.05796819699495	1.05796819699495	1.08112515724681	1.12680292335321	1.08112515724681	1.08112515724681	1.12680292335321	1.34313979859629	1.12680292335321	1.05796819699495	1.08112515724681	1.12680292335321	1.08112515724681	0.692751925625124	0.500237561968336	0.420799991049524	0.500237561968338	0.500237561968338	0.420799991049522	0.434240121626239	0.420799991049523	0.420799991049524	0.434240121626242	0.649341186039818	0.434240121626243	0.50023756196834	0.420799991049523	0.43424012162624	0.420799991049524
1	1.0579677256807	1.08112505620573	1.05796772568069	1.0579677256807	1.08112505620573	1.12680199481506	1.08112505620573	1.08112505620573	1.12680199481506	1.34314567574007	1.12680199481506	1.0579677256807	1.08112505620573	1.12680199481506	1.08112505620573	0.692778710409759	0.500236191107212	0.420799720192274	0.500236191107214	0.500236191107215	0.420799720192274	0.434239020586325	0.420799720192276	0.420799720192275	0.434239020586327	0.649344694602421	0.434239020586327	0.500236191107217	0.420799720192276	0.434239020586325	0.420799720192276
1	1.0579673930147	1.08112494971717	1.0579673930147	1.05796739301471	1.08112494971717	1.12680134964246	1.08112494971717	1.08112494971717	1.12680134964247	1.34314880542164	1.12680134964247	1.0579673930147	1.08112494971717	1.12680134964246	1.08112494971717	0.692794956358169	0.500235253446271	0.420799486263954	0.500235253446273	0.500235253446272	0.420799486263953	0.43423826368266	0.420799486263956	0.420799486263955	0.434238263682663	0.649346557560787	0.434238263682664	0.500235253446274	0.420799486263956	0.434238263682661	0.420799486263955
1	1.05796716604769	1.08112486074715	1.05796716604769	1.05796716604769	1.08112486074715	1.12680091280698	1.08112486074715	1.08112486074716	1.12680091280699	1.34315048036787	1.12680091280698	1.05796716604769	1.08112486074715	1.12680091280698	1.08112486074715	0.69280481011818	0.500234626910365	0.420799306684019	0.500234626910367	0.500234626910365	0.420799306684017	0.434237755139801	0.420799306684019	0.420799306684021	0.434237755139804	0.649347551157404	0.434237755139804	0.500234626910367	0.420799306684019	0.434237755139802	0.420799306684019
1	1.05796701470711	1.08112479355909	1.05796701470711	1.05796701470711	1.08112479355909	1.12680062240686	1.08112479355909	1.08112479355909	1.12680062240686	1.34315138174929	1.12680062240686	1.05796701470711	1.08112479355909	1.12680062240686	1.08112479355909	0.692810786782879	0.50023421514733	0.420799177240403	0.500234215147332	0.500234215147333	0.4207991772404	0.434237419024634	0.420799177240402	0.420799177240406	0.434237419024636	0.649348083763901	0.434237419024637	0.500234215147335	0.420799177240402	0.434237419024635	0.420799177240402
1	1.05796691542145	1.08112474559011	1.05796691542145	1.05796691542145	1.08112474559011	1.12680043194023	1.08112474559011	1.08112474559011	1.12680043194023	1.34315186981477	1.12680043194023	1.05796691542145	1.08112474559011	1.12680043194023	1.08112474559011	0.692814411847917	0.500233947804036	0.420799087483223	0.500233947804038	0.500233947804039	0.420799087483221	0.434237199559782	0.420799087483224	0.420799087483227	0.434237199559787	0.649348370879109	0.434237199559787	0.500233947804041	0.420799087483223	0.434237199559782	0.420799087483224
1	1.05796685105755	1.08112471253083	1.05796685105755	1.05796685105755	1.08112471253083	1.1268003082846	1.08112471253083	1.08112471253083	1.1268003082846	1.34315213586487	1.1268003082846	1.05796685105755	1.08112471253083	1.1268003082846	1.08112471253083	0.692816610582027	0.500233775805713	0.42079902683767	0.500233775805715	0.500233775805716	0.420799026837671	0.434237057581188	0.420799026837673	0.420799026837674	0.434237057581191	0.649348526627499	0.434237057581192	0.500233775805717	0.420799026837673	0.434237057581189	0.420799026837673
1	1.05796680970395	1.08112469028628	1.05796680970395	1.05796680970395	1.08112469028628	1.12680022863349	1.08112469028628	1.08112469028628	1.1268002286335	1.34315228194938	1.12680022863349	1.05796680970395	1.08112469028628	1.12680022863349	1.08112469028628	0.692817944194427	0.500233665919167	0.420798986605106	0.500233665919169	0.50023366591917	0.420798986605105	0.434236966387718	0.420798986605107	0.420798986605108	0.434236966387719	0.649348611694985	0.43423696638772	0.500233665919171	0.420798986605107	0.434236966387719	0.420798986605107
1	1.05796678331533	1.08112467557217	1.05796678331533	1.05796678331533	1.08112467557217	1.12680017764304	1.08112467557217	1.08112467557217	1.12680017764304	1.34315236278676	1.12680017764304	1.05796678331533	1.08112467557217	1.12680017764304	1.08112467557217	0.692818753078969	0.500233596093947	0.420798960270648	0.500233596093949	0.500233596093949	0.420798960270648	0.434236908143846	0.420798960270649	0.420798960270649	0.434236908143848	0.649348658502012	0.434236908143849	0.50023359609395	0.420798960270649	0.434236908143847	0.42079896027065
1	1.05796676656498	1.08112466596133	1.05796676656498	1.05796676656498	1.08112466596134	1.12680014516011	1.08112466596134	1.08112466596134	1.12680014516011	1.34315240788497	1.12680014516011	1.05796676656498	1.08112466596134	1.12680014516011	1.08112466596134	0.692819243696934	0.500233551912687	0.420798943206944	0.500233551912688	0.50023355191269	0.420798943206945	0.434236871111545	0.420798943206946	0.420798943206946	0.434236871111547	0.649348684459857	0.434236871111548	0.500233551912692	0.420798943206946	0.434236871111546	0.420798943206947
