1	5.72164316997021	2.75341824841124	5.72164314195542	4.97566551611021	2.72229687298721	1.35957410209226	2.72229687353143	2.97457418753775	1.37235006640061	1.07300399172191	1.37235006640062	4.97566551611033	2.72229687353142	1.35957410209227	2.72229687298735	7.74999999999999	1.67812779503368	0.540358477327844	1.67812780909008	1.5962863046027	0.578930449711403	0.171245637971589	0.578930449836179	0.648753571710982	0.180924376632442	0.0654535203174993	0.180924376632445	1.59628630460274	0.578930449836178	0.171245637971592	0.57893044971144
1	13.8129963654017	3.03106398490972	13.8129963128917	9.95033442185741	3.87356771687583	1.32526117904866	3.87356771726902	2.18056828885705	1.34474621958658	1.06826259365622	1.34474621958659	9.95033442185747	3.87356771726902	1.32526117904866	3.87356771687603	7.74999999999999	4.23818217342699	0.622428489313729	4.2381821794522	3.39095577152491	0.887331328952401	0.167212566243766	0.887331329048496	0.469322876501687	0.179790778398711	0.0654419857014594	0.179790778398714	3.39095577152495	0.887331329048494	0.167212566243769	0.887331328952453
1	8.90758948227754	4.94265687285775	8.90758948227751	7.75047593275085	4.63702608447502	1.14970292866898	4.63702608453118	1.78612442667741	1.17067728164971	1.03365559278922	1.17067728164971	7.75047593275085	4.63702608453118	1.14970292866898	4.6370260844751	7.75	6.17143865253932	2.38643812062479	6.17143865253934	4.9690367284709	2.20772646588697	0.231202500222905	2.20772646591536	0.676581431351492	0.24143723813879	0.092922509164845	0.241437238138792	4.96903672847093	2.20772646591536	0.231202500222908	2.20772646588703
1	1.0000008123473	1.00000093824095	1.0000008123473	1.00000082396843	1.00000094457391	1.00000066117717	1.00000094457391	1.00000095050538	1.00000066414014	1.00000025612503	1.00000066414014	1.00000082396843	1.00000094457391	1.00000066117717	1.00000094457391	7.75	6.24999998665776	4.74999986929492	6.24999998665778	6.24999951956217	4.74999886801289	3.24999737815634	4.7499988680129	4.74999634632482	3.24999665839359	1.74999783227827	3.24999665839361	6.24999951956219	4.7499988680129	3.24999737815636	4.74999886801293
1	1.00000000000006	1.00000000000007	1.00000000000006	1.00000000000003	1.00000000000006	1.00000000000004	1.00000000000006	1.00000000000004	1.00000000000004	1	1.00000000000004	1.00000000000003	1.00000000000006	1.00000000000004	1.00000000000006	7.75	6.24999999999999	4.74999999999998	6.25000000000001	6.24999999999998	4.74999999999997	3.24999999999998	4.74999999999999	4.7499999999999	3.24999999999975	0.046873498500807	3.24999999999977	6.25	4.74999999999999	3.25	4.75000000000001
1	1.00000000000009	1.0000000000001	1.00000000000009	1.00000000000005	1.00000000000008	1.00000000000006	1.00000000000008	1.00000000000005	1.00000000000005	1	1.00000000000005	1.00000000000005	1.00000000000008	1.00000000000006	1.00000000000008	7.75	6.24999999999999	4.74999999999998	6.25000000000001	6.24999999999998	4.74999999999997	3.24999999999998	4.74999999999999	4.74999999999987	3.24999999999965	0.0653966975379346	3.24999999999967	6.25	4.74999999999999	3.25	4.75000000000001
1	1.00000000000009	1.0000000000001	1.00000000000009	1.00000000000005	1.00000000000008	1.00000000000006	1.00000000000008	1.00000000000005	1.00000000000005	1	1.00000000000005	1.00000000000005	1.00000000000008	1.00000000000006	1.00000000000008	7.75	6.24999999999999	4.74999999999998	6.25000000000001	6.24999999999998	4.74999999999997	3.24999999999998	4.74999999999999	4.74999999999987	3.24999999999965	0.0654358024646425	3.24999999999967	6.25	4.74999999999999	3.25	4.75000000000001
1	1.00000000000009	1.0000000000001	1.00000000000009	1.00000000000005	1.00000000000008	1.00000000000006	1.00000000000008	1.00000000000005	1.00000000000005	1	1.00000000000005	1.00000000000005	1.00000000000008	1.00000000000006	1.00000000000008	7.75	6.24999999999999	4.74999999999998	6.25000000000001	6.24999999999998	4.74999999999997	3.24999999999998	4.74999999999999	4.74999999999987	3.24999999999965	0.0654379793694456	3.24999999999967	6.25	4.74999999999999	3.25	4.75000000000001
1	1.00000000000009	1.0000000000001	1.00000000000009	1.00000000000005	1.00000000000008	1.00000000000006	1.00000000000008	1.00000000000005	1.00000000000005	1	1.00000000000005	1.00000000000005	1.00000000000008	1.00000000000006	1.00000000000008	7.75	6.24999999999999	4.74999999999998	6.25000000000001	6.24999999999998	4.74999999999997	3.24999999999998	4.74999999999999	4.74999999999987	3.24999999999965	0.0654332295962162	3.24999999999967	6.25	4.74999999999999	3.25	4.75000000000001
1	1.00000000000009	1.0000000000001	1.00000000000009	1.00000000000005	1.00000000000008	1.00000000000006	1.00000000000008	1.00000000000005	1.00000000000005	1	1.00000000000005	1.00000000000005	1.00000000000008	1.00000000000006	1.00000000000008	7.75	6.24999999999999	4.74999999999998	6.25000000000001	6.24999999999998	4.74999999999997	3.24999999999998	4.74999999999999	4.74999999999987	3.24999999999965	0.0654381397803281	3.24999999999967	6.25	4.74999999999999	3.25	4.75000000000001
1	1.00000000000009	1.0000000000001	1.00000000000009	1.00000000000005	1.00000000000008	1.00000000000006	1.00000000000008	1.00000000000005	1.00000000000005	1	1.00000000000005	1.00000000000005	1.00000000000008	1.00000000000006	1.00000000000008	7.75	6.24999999999999	4.74999999999998	6.25000000000001	6.24999999999998	4.74999999999997	3.24999999999998	4.74999999999999	4.74999999999987	3.24999999999965	0.0654380137147359	3.24999999999967	6.25	4.74999999999999	3.25	4.75000000000001
1	1.00000000000009	1.0000000000001	1.00000000000009	1.00000000000005	1.00000000000008	1.00000000000006	1.00000000000008	1.00000000000005	1.00000000000005	1	1.00000000000005	1.00000000000005	1.00000000000008	1.00000000000006	1.00000000000008	7.75	6.24999999999999	4.74999999999998	6.25000000000001	6.24999999999998	4.74999999999997	3.24999999999998	4.74999999999999	4.74999999999987	3.24999999999965	0.0654256042748088	3.24999999999967	6.25	4.74999999999999	3.25	4.75000000000001
