1	16.4952471008132	5.31966288544488	16.4952470637586	16.4952470930403	4.26218690860815	1.00747970158499	4.26218690838946	5.31966289251799	1.00747970158503	2.68689080829546	1.00747970158503	16.4952470734677	4.26218690838946	1.00747970158499	4.26218690860861	14	5.81158168831885	1.30404308202144	5.81158169458653	5.81158168962499	1.03408826853412	0.0249713569970885	1.03408826847798	1.30404308370334	0.0249713569964236	-0.440127679341022	0.0249713569964269	5.81158169293568	1.03408826847798	0.0249713569970918	1.03408826853425
1	1.00000001251755	1.00000000726281	1.00000001251755	1.00000001251772	1.00000000714578	1.00000000010095	1.00000000714578	1.00000000725168	1.0000000000929	1.00000000845024	1.0000000000929	1.00000001251772	1.00000000714578	1.00000000010095	1.00000000714578	14	9.49999999978983	4.99999999867148	9.49999999978989	9.49999999978983	4.99999999870883	0.499999999614042	4.9999999987089	4.99999999867148	0.499999999614042	-3.99999997132263	0.499999999614104	9.49999999978989	4.9999999987089	0.499999999614105	4.99999999870896
1	1.00000000116847	1.00000000055224	1.00000000116847	1.00000000116847	1.00000000055224	0.999999999813175	1.00000000055224	1.00000000055224	1	1.00000000055224	1	1.00000000116847	1.00000000055224	0.999999999813175	1.00000000055224	14	9.49999999999998	5	9.50000000000004	9.49999999999998	4.99999999999997	0.499999999999984	5.00000000000003	5	0.499999999999984	-4.00303633012465	0.500000000000047	9.50000000000004	5.00000000000003	0.500000000000047	5.00000000000009
1	1	1	1	1	1	0.999999999999999	1	1	1	1	1	1	1	0.999999999999999	1	14	9.49999999999998	5	9.50000000000004	9.49999999999998	4.99999999999997	0.499999999999984	5.00000000000003	5	0.499999999999984	-0.0404936081794067	0.500000000000047	9.50000000000004	5.00000000000003	0.500000000000047	5.00000000000009
1	1	1	1	1	1	1	1	1	1	1	1	1	1	1	1	14	9.49999999999998	5	9.50000000000004	9.49999999999998	4.99999999999997	0.499999999999984	5.00000000000003	5	0.499999999999984	-0.106718130675293	0.500000000000047	9.50000000000004	5.00000000000003	0.500000000000047	5.00000000000009
1	1	1	1	1	1	1	1	1	1	1	1	1	1	1	1	14	9.49999999999998	5	9.50000000000004	9.49999999999998	4.99999999999997	0.499999999999984	5.00000000000003	5	0.499999999999984	-8.24840949743844	0.500000000000047	9.50000000000004	5.00000000000003	0.500000000000047	5.00000000000009
1	1	1	1	1	1	1	1	1	1	1	1	1	1	1	1	14	9.49999999999999	5	9.50000000000005	9.49999999999999	4.99999999999997	0.499999999999984	5.00000000000003	5	0.499999999999984	-4.0409729002143	0.500000000000047	9.50000000000005	5.00000000000003	0.500000000000047	5.00000000000009
1	1	1	1	1	1	1	1	1	1	1	1	1	1	1	1	14	9.49999999999999	5	9.50000000000005	9.49999999999999	4.99999999999997	0.499999999999984	5.00000000000003	5	0.499999999999984	-0.491974521347995	0.500000000000047	9.50000000000005	5.00000000000003	0.500000000000047	5.00000000000009
1	1	1	1	1	1	1	1	1	1	1	1	1	1	1	1	14	9.49999999999999	5	9.50000000000005	9.49999999999999	4.99999999999997	0.499999999999984	5.00000000000003	5	0.499999999999984	-0.0999433192636051	0.500000000000047	9.50000000000005	5.00000000000003	0.500000000000047	5.00000000000009
1	1	1	1	1	1	1	1	1	1	1	1	1	1	1	1	14	9.49999999999999	5	9.50000000000005	9.49999999999999	4.99999999999997	0.499999999999984	5.00000000000003	5	0.499999999999984	-8.84825280306394	0.500000000000047	9.50000000000005	5.00000000000003	0.500000000000047	5.00000000000009
1	1	1	1	1	1	1	1	1	1	1	1	1	1	1	1	14.0000000000587	9.4999999982602	5.00000000028721	9.49999999826026	9.4999999982602	5.00000000028718	0.499999999999984	5.00000000028725	5.00000000002937	0.500000000110083	-3.871527660562	0.500000000076497	9.49999999826026	5.00000000028725	0.500000000047827	5.00000000028731
1	1	1	1	1	1	1	1	1	1	1	1	1	1	1	1	14	9.49999999999997	5.00000000000001	9.50000000000004	9.49999999999997	4.99999999999997	0.499999999999984	5.00000000000004	5	0.499999999999985	-0.145215586642873	0.500000000000047	9.50000000000004	5.00000000000004	0.500000000000048	5.0000000000001
1	1	1	1	1	1	1	1	1	1	1	1	1	1	1	1	14	9.49999999999997	5.00000000000001	9.50000000000004	9.49999999999997	4.99999999999997	0.499999999999984	5.00000000000004	5	0.499999999999985	-0.0153940393076262	0.500000000000047	9.50000000000004	5.00000000000004	0.500000000000048	5.0000000000001
1	1	1	1	1	1	1	1	1	1	1	1	1	1	1	1	14	9.49999999999997	5.00000000000001	9.50000000000004	9.49999999999997	4.99999999999997	0.499999999999984	5.00000000000004	5	0.499999999999985	-0.05420372934475	0.500000000000047	9.50000000000004	5.00000000000004	0.500000000000048	5.0000000000001
1	1	1	1	1	1	1	1	1	1	1	1	1	1	1	1	14	9.49999999999998	5	9.50000000000004	9.49999999999998	4.99999999999997	0.499999999999984	5.00000000000003	5	0.499999999999984	-8.7393947487388	0.500000000000047	9.50000000000004	5.00000000000003	0.500000000000047	5.0000000000001
1	1	1	1	1	1	1	1	1	1	1	1	1	1	1	1	14.0000000010559	9.49999999296268	5.00000000842984	9.49999999296274	9.49999999296268	5.00000000842981	0.499999999999984	5.00000000842988	5.00000000052797	0.499999999265247	-3.97285839918045	0.499999999412968	9.49999999296274	5.00000000842988	0.500000000340243	5.00000000842994
1	1	1	1	1	1	1	1	1	1	1	1	1	1	1	1	14	9.49999999999998	5	9.50000000000004	9.49999999999998	4.99999999999997	0.499999999999984	5.00000000000003	5	0.499999999999984	-0.440930544670259	0.500000000000046	9.50000000000004	5.00000000000003	0.500000000000047	5.00000000000009
1	1	1	1	1	1	1	1	1	1	1	1	1	1	1	1	14	9.49999999999998	5	9.50000000000004	9.49999999999998	4.99999999999997	0.499999999999984	5.00000000000003	5	0.499999999999984	-0.0943191123031417	0.500000000000046	9.50000000000004	5.00000000000003	0.500000000000047	5.00000000000009
1	1	1	1	1	1	1	1	1	1	1	1	1	1	1	1	14	9.49999999999998	5	9.50000000000004	9.49999999999998	4.99999999999997	0.499999999999984	5.00000000000003	5	0.499999999999984	-0.0921353743000974	0.500000000000046	9.50000000000004	5.00000000000003	0.500000000000047	5.00000000000009
1	1	1	1	1	1	1	1	1	1	1	1	1	1	1	1	14	9.49999999999998	5	9.50000000000004	9.49999999999998	4.99999999999997	0.499999999999984	5.00000000000003	5	0.499999999999984	-0.0914789065038334	0.500000000000046	9.50000000000004	5.00000000000003	0.500000000000047	5.00000000000009
1	1	1	1	1	1	1	1	1	1	1	1	1	1	1	1	14	9.49999999999998	5	9.50000000000004	9.49999999999998	4.99999999999997	0.499999999999984	5.00000000000003	5	0.499999999999984	-0.0538396284257331	0.500000000000046	9.50000000000004	5.00000000000003	0.500000000000047	5.00000000000009
1	1	1	1	1	1	1	1	1	1	1	1	1	1	1	1	14	9.49999999999998	5	9.50000000000004	9.49999999999998	4.99999999999997	0.499999999999984	5.00000000000003	5	0.499999999999984	-0.0641107595858443	0.500000000000046	9.50000000000004	5.00000000000003	0.500000000000047	5.00000000000009
1	1	1	1	1	1	1	1	1	1	1	1	1	1	1	1	14	9.49999999999998	5	9.50000000000004	9.49999999999998	4.99999999999997	0.499999999999984	5.00000000000003	5	0.499999999999984	-0.0568639603272954	0.500000000000046	9.50000000000004	5.00000000000003	0.500000000000047	5.00000000000009
1	1	1	1	1	1	1	1	1	1	1	1	1	1	1	1	14	9.49999999999998	5	9.50000000000004	9.49999999999998	4.99999999999997	0.499999999999984	5.00000000000003	5	0.499999999999984	-0.0092959993544551	0.500000000000046	9.50000000000004	5.00000000000003	0.500000000000047	5.00000000000009
1	1	1	1	1	1	1	1	1	1	1	1	1	1	1	1	14	9.49999999999998	5	9.50000000000004	9.49999999999998	4.99999999999997	0.499999999999984	5.00000000000003	5	0.499999999999984	-0.0500383291194308	0.500000000000046	9.50000000000004	5.00000000000003	0.500000000000047	5.00000000000009
1	1	1	1	1	1	1	1	1	1	1	1	1	1	1	1	14	9.49999999999998	5	9.50000000000004	9.49999999999998	4.99999999999997	0.499999999999984	5.00000000000003	5	0.499999999999984	-0.0464934785216123	0.500000000000046	9.50000000000004	5.00000000000003	0.500000000000047	5.00000000000009
1	1	1	1	1	1	1	1	1	1	1	1	1	1	1	1	14	9.49999999999998	5	9.50000000000004	9.49999999999998	4.99999999999997	0.499999999999984	5.00000000000003	5	0.499999999999984	-0.0513337340547606	0.500000000000046	9.50000000000004	5.00000000000003	0.500000000000047	5.00000000000009
1	1	1	1	1	1	1	1	1	1	1	1	1	1	1	1	14	9.49999999999998	5	9.50000000000004	9.49999999999998	4.99999999999997	0.499999999999984	5.00000000000003	5	0.499999999999984	-0.0583182717352418	0.500000000000046	9.50000000000004	5.00000000000003	0.500000000000047	5.00000000000009
1	1	1	1	1	1	1	1	1	1	1	1	1	1	1	1	14	9.49999999999998	5	9.50000000000004	9.49999999999998	4.99999999999997	0.499999999999984	5.00000000000003	5	0.499999999999984	-0.166692194971583	0.500000000000046	9.50000000000004	5.00000000000003	0.500000000000047	5.00000000000009
1	1	1	1	1	1	1	1	1	1	1	1	1	1	1	1	14	9.49999999999998	5	9.50000000000004	9.49999999999998	4.99999999999997	0.499999999999984	5.00000000000003	5	0.499999999999984	-0.0293354330384757	0.500000000000046	9.50000000000004	5.00000000000003	0.500000000000047	5.00000000000009
1	1	1	1	1	1	1	1	1	1	1	1	1	1	1	1	14	9.49999999999998	5	9.50000000000004	9.49999999999998	4.99999999999997	0.499999999999984	5.00000000000003	5	0.499999999999984	-0.0521356339799793	0.500000000000046	9.50000000000004	5.00000000000003	0.500000000000047	5.00000000000009
1	1	1	1	1	1	1	1	1	1	1	1	1	1	1	1	14	9.49999999999998	5	9.50000000000004	9.49999999999998	4.99999999999997	0.499999999999984	5.00000000000003	5	0.499999999999984	-0.00650545627451314	0.500000000000046	9.50000000000004	5.00000000000003	0.500000000000047	5.00000000000009
1	1	1	1	1	1	1	1	1	1	1	1	1	1	1	1	14	9.49999999999998	5	9.50000000000004	9.49999999999998	4.99999999999997	0.499999999999984	5.00000000000003	5	0.499999999999984	-0.0582411466674569	0.500000000000046	9.50000000000004	5.00000000000003	0.500000000000047	5.00000000000009
1	1	1	1	1	1	1	1	1	1	1	1	1	1	1	1	14	9.49999999999998	5	9.50000000000004	9.49999999999998	4.99999999999997	0.499999999999984	5.00000000000003	5	0.499999999999984	-0.0327444504044305	0.500000000000046	9.50000000000004	5.00000000000003	0.500000000000047	5.00000000000009
1	1	1	1	1	1	1	1	1	1	1	1	1	1	1	1	14	9.49999999999998	5	9.50000000000004	9.49999999999998	4.99999999999997	0.499999999999984	5.00000000000003	5	0.499999999999984	-0.0793587716804555	0.500000000000046	9.50000000000004	5.00000000000003	0.500000000000047	5.00000000000009
1	1	1	1	1	1	1	1	1	1	1	1	1	1	1	1	14	9.49999999999998	5	9.50000000000004	9.49999999999998	4.99999999999997	0.499999999999984	5.00000000000003	5	0.499999999999984	-0.0604219594988496	0.500000000000046	9.50000000000004	5.00000000000003	0.500000000000047	5.00000000000009
1	1	1	1	1	1	1	1	1	1	1	1	1	1	1	1	14	9.49999999999998	5	9.50000000000004	9.49999999999998	4.99999999999997	0.499999999999984	5.00000000000003	5	0.499999999999984	-0.0373803932188258	0.500000000000046	9.50000000000004	5.00000000000003	0.500000000000047	5.00000000000009
1	1	1	1	1	1	1	1	1	1	1	1	1	1	1	1	14	9.49999999999998	5	9.50000000000004	9.49999999999998	4.99999999999997	0.499999999999984	5.00000000000003	5	0.499999999999984	-0.0483253053318641	0.500000000000046	9.50000000000004	5.00000000000003	0.500000000000047	5.00000000000009
1	1	1	1	1	1	1	1	1	1	1	1	1	1	1	1	14	9.49999999999998	5	9.50000000000004	9.49999999999998	4.99999999999997	0.499999999999984	5.00000000000003	5	0.499999999999984	-0.107598000118227	0.500000000000046	9.50000000000004	5.00000000000003	0.500000000000047	5.00000000000009
1	1	1	1	1	1	1	1	1	1	1	1	1	1	1	1	14	9.49999999999998	5	9.50000000000004	9.49999999999998	4.99999999999997	0.499999999999984	5.00000000000003	5	0.499999999999984	-0.0330891728789034	0.500000000000046	9.50000000000004	5.00000000000003	0.500000000000047	5.00000000000009
1	1	1	1	1	1	1	1	1	1	1	1	1	1	1	1	14	9.49999999999998	5	9.50000000000004	9.49999999999998	4.99999999999997	0.499999999999984	5.00000000000003	5	0.499999999999984	-0.0601028504084552	0.500000000000046	9.50000000000004	5.00000000000003	0.500000000000047	5.00000000000009
1	1	1	1	1	1	1	1	1	1	1	1	1	1	1	1	14	9.49999999999998	5	9.50000000000004	9.49999999999998	4.99999999999997	0.499999999999984	5.00000000000003	5	0.499999999999984	-0.0235402562689868	0.500000000000046	9.50000000000004	5.00000000000003	0.500000000000047	5.00000000000009
1	1	1	1	1	1	1	1	1	1	1	1	1	1	1	1	14	9.49999999999998	5	9.50000000000004	9.49999999999998	4.99999999999997	0.499999999999984	5.00000000000003	5	0.499999999999984	-0.0616436380349657	0.500000000000046	9.50000000000004	5.00000000000003	0.500000000000047	5.00000000000009
1	1	1	1	1	1	1	1	1	1	1	1	1	1	1	1	14	9.49999999999998	5	9.50000000000004	9.49999999999998	4.99999999999997	0.499999999999984	5.00000000000003	5	0.499999999999984	-0.0538033418203413	0.500000000000046	9.50000000000004	5.00000000000003	0.500000000000047	5.00000000000009
1	1	1	1	1	1	1	1	1	1	1	1	1	1	1	1	14	9.49999999999998	5	9.50000000000004	9.49999999999998	4.99999999999997	0.499999999999984	5.00000000000003	5	0.499999999999984	-0.05452294128099	0.500000000000046	9.50000000000004	5.00000000000003	0.500000000000047	5.00000000000009
1	1	1	1	1	1	1	1	1	1	1	1	1	1	1	1	14	9.49999999999998	5	9.50000000000004	9.49999999999998	4.99999999999997	0.499999999999984	5.00000000000003	5	0.499999999999984	-0.0767463445750482	0.500000000000046	9.50000000000004	5.00000000000003	0.500000000000047	5.00000000000009
1	1	1	1	1	1	1	1	1	1	1	1	1	1	1	1	14	9.49999999999998	5	9.50000000000004	9.49999999999998	4.99999999999997	0.499999999999984	5.00000000000003	5	0.499999999999984	-0.061539594833093	0.500000000000046	9.50000000000004	5.00000000000003	0.500000000000047	5.00000000000009
1	1	1	1	1	1	1	1	1	1	1	1	1	1	1	1	14	9.49999999999998	5	9.50000000000004	9.49999999999998	4.99999999999997	0.499999999999984	5.00000000000003	5	0.499999999999984	-0.0377108372048388	0.500000000000046	9.50000000000004	5.00000000000003	0.500000000000047	5.00000000000009
1	1	1	1	1	1	1	1	1	1	1	1	1	1	1	1	14	9.49999999999998	5	9.50000000000004	9.49999999999998	4.99999999999997	0.499999999999984	5.00000000000003	5	0.499999999999984	-0.0164299167227662	0.500000000000046	9.50000000000004	5.00000000000003	0.500000000000047	5.00000000000009
1	1	1	1	1	1	1	1	1	1	1	1	1	1	1	1	14	9.49999999999998	5	9.50000000000004	9.49999999999998	4.99999999999997	0.499999999999984	5.00000000000003	5	0.499999999999984	-0.0627769411657172	0.500000000000046	9.50000000000004	5.00000000000003	0.500000000000047	5.00000000000009
1	1	1	1	1	1	1	1	1	1	1	1	1	1	1	1	14	9.49999999999998	5	9.50000000000004	9.49999999999998	4.99999999999997	0.499999999999984	5.00000000000003	5	0.499999999999984	-0.0396799936285404	0.500000000000046	9.50000000000004	5.00000000000003	0.500000000000047	5.00000000000009
1	1	1	1	1	1	1	1	1	1	1	1	1	1	1	1	14	9.49999999999998	5	9.50000000000004	9.49999999999998	4.99999999999997	0.499999999999984	5.00000000000003	5	0.499999999999984	-0.0648613490145948	0.500000000000046	9.50000000000004	5.00000000000003	0.500000000000047	5.00000000000009
1	1	1	1	1	1	1	1	1	1	1	1	1	1	1	1	14	9.49999999999998	5	9.50000000000004	9.49999999999998	4.99999999999997	0.499999999999984	5.00000000000003	5	0.499999999999984	-0.0901328772682424	0.500000000000046	9.50000000000004	5.00000000000003	0.500000000000047	5.00000000000009
1	1	1	1	1	1	1	1	1	1	1	1	1	1	1	1	14	9.49999999999998	5	9.50000000000004	9.49999999999998	4.99999999999997	0.499999999999984	5.00000000000003	5	0.499999999999984	-0.0162956415077045	0.500000000000046	9.50000000000004	5.00000000000003	0.500000000000047	5.00000000000009
1	1	1	1	1	1	1	1	1	1	1	1	1	1	1	1	14	9.49999999999998	5	9.50000000000005	9.49999999999998	4.99999999999997	0.499999999999984	5.00000000000003	5	0.499999999999984	-7.00501138829295	0.500000000000047	9.50000000000005	5.00000000000003	0.500000000000047	5.00000000000009
1	1	1	1	1	1	1	1	1	1	1	1	1	1	1	1	14	9.49999999999999	5	9.50000000000005	9.49999999999999	4.99999999999997	0.499999999999984	5.00000000000003	5	0.499999999999984	-4.603307490673	0.500000000000047	9.50000000000005	5.00000000000003	0.500000000000047	5.00000000000009
1	1	1	1	1	1	1	1	1	1	1	1	1	1	1	1	14	9.49999999999998	5	9.50000000000005	9.49999999999998	4.99999999999997	0.499999999999984	5.00000000000003	5	0.499999999999984	-5.56333089021409	0.500000000000047	9.50000000000005	5.00000000000003	0.500000000000047	5.00000000000009
1	1	1	1	1	1	1	1	1	1	1	1	1	1	1	1	14	9.49999999999998	5	9.50000000000005	9.49999999999998	4.99999999999997	0.499999999999984	5.00000000000003	5	0.499999999999984	-1.16149926605347	0.500000000000047	9.50000000000005	5.00000000000003	0.500000000000047	5.00000000000009
1	1	1	1	1	1	1	1	1	1	1	1	1	1	1	1	14	9.49999999999998	5	9.50000000000005	9.49999999999998	4.99999999999997	0.499999999999984	5.00000000000003	5	0.499999999999984	-7.49334797029825	0.500000000000047	9.50000000000005	5.00000000000003	0.500000000000047	5.00000000000009
1	1	1	1	1	1	1	1	1	1	1	1	1	1	1	1	14	9.49999999999999	5	9.50000000000005	9.49999999999999	4.99999999999997	0.499999999999984	5.00000000000003	5	0.499999999999984	-4.97609484937834	0.500000000000047	9.50000000000005	5.00000000000003	0.500000000000047	5.00000000000009
1	1	1	1	1	1	1	1	1	1	1	1	1	1	1	1	14	9.49999999999998	5	9.50000000000005	9.49999999999998	4.99999999999997	0.499999999999984	5.00000000000003	5	0.499999999999984	-5.46055775670575	0.500000000000047	9.50000000000005	5.00000000000003	0.500000000000047	5.00000000000009
1	1	1	1	1	1	1	1	1	1	1	1	1	1	1	1	14	9.49999999999998	5	9.50000000000005	9.49999999999998	4.99999999999997	0.499999999999984	5.00000000000003	5	0.499999999999984	-0.958348676588149	0.500000000000047	9.50000000000005	5.00000000000003	0.500000000000047	5.00000000000009
1	1	1	1	1	1	1	1	1	1	1	1	1	1	1	1	14	9.49999999999998	5	9.50000000000005	9.49999999999998	4.99999999999997	0.499999999999984	5.00000000000003	5	0.499999999999984	-0.0206579292591603	0.500000000000047	9.50000000000005	5.00000000000003	0.500000000000047	5.00000000000009
1	1	1	1	1	1	1	1	1	1	1	1	1	1	1	1	14	9.49999999999998	5	9.50000000000005	9.49999999999998	4.99999999999997	0.499999999999984	5.00000000000003	5	0.499999999999984	-0.0107338759387746	0.500000000000047	9.50000000000005	5.00000000000003	0.500000000000047	5.00000000000009
1	1	1	1	1	1	1	1	1	1	1	1	1	1	1	1	14	9.49999999999998	5	9.50000000000005	9.49999999999998	4.99999999999997	0.499999999999984	5.00000000000003	5	0.499999999999984	-0.116063196213529	0.500000000000047	9.50000000000005	5.00000000000003	0.500000000000047	5.00000000000009
1	1	1	1	1	1	1	1	1	1	1	1	1	1	1	1	14	9.49999999999998	5	9.50000000000005	9.49999999999998	4.99999999999997	0.499999999999984	5.00000000000003	5	0.499999999999984	-0.0525566788794855	0.500000000000047	9.50000000000005	5.00000000000003	0.500000000000047	5.00000000000009
1	1	1	1	1	1	1	1	1	1	1	1	1	1	1	1	14	9.49999999999998	5	9.50000000000005	9.49999999999998	4.99999999999997	0.499999999999984	5.00000000000003	5	0.499999999999984	-0.0749920942575096	0.500000000000047	9.50000000000005	5.00000000000003	0.500000000000047	5.00000000000009
1	1	1	1	1	1	1	1	1	1	1	1	1	1	1	1	14	9.49999999999998	5	9.50000000000005	9.49999999999998	4.99999999999997	0.499999999999984	5.00000000000003	5	0.499999999999984	-0.047661881459622	0.500000000000047	9.50000000000005	5.00000000000003	0.500000000000047	5.00000000000009
1	1	1	1	1	1	1	1	1	1	1	1	1	1	1	1	14	9.49999999999998	5	9.50000000000005	9.49999999999998	4.99999999999997	0.499999999999984	5.00000000000003	5	0.499999999999984	-0.0309830090947859	0.500000000000047	9.50000000000005	5.00000000000003	0.500000000000047	5.00000000000009
1	1	1	1	1	1	1	1	1	1	1	1	1	1	1	1	14	9.49999999999998	5	9.50000000000005	9.49999999999998	4.99999999999997	0.499999999999984	5.00000000000003	5	0.499999999999984	-0.0250862582523005	0.500000000000047	9.50000000000005	5.00000000000003	0.500000000000047	5.00000000000009
1	1	1	1	1	1	1	1	1	1	1	1	1	1	1	1	14	9.49999999999998	5	9.50000000000005	9.49999999999998	4.99999999999997	0.499999999999984	5.00000000000003	5	0.499999999999984	-7.0531496484363	0.500000000000047	9.50000000000005	5.00000000000003	0.500000000000047	5.00000000000009
1	1	1	1	1	1	1	1	1	1	1	1	1	1	1	1	14	9.49999999999998	5	9.50000000000005	9.49999999999998	4.99999999999997	0.499999999999984	5.00000000000003	5	0.499999999999984	-4.24404985477203	0.500000000000047	9.50000000000005	5.00000000000003	0.500000000000047	5.00000000000009
1	1	1	1	1	1	1	1	1	1	1	1	1	1	1	1	14	9.49999999999998	5	9.50000000000005	9.49999999999998	4.99999999999997	0.499999999999984	5.00000000000003	5	0.499999999999984	-0.501141977951325	0.500000000000047	9.50000000000005	5.00000000000003	0.500000000000047	5.00000000000009
1	1	1	1	1	1	1	1	1	1	1	1	1	1	1	1	14	9.49999999999998	5	9.50000000000005	9.49999999999998	4.99999999999997	0.499999999999984	5.00000000000003	5	0.499999999999984	-0.0808083967540771	0.500000000000047	9.50000000000005	5.00000000000003	0.500000000000047	5.00000000000009
1	1	1	1	1	1	1	1	1	1	1	1	1	1	1	1	14	9.49999999999998	5	9.50000000000005	9.49999999999998	4.99999999999997	0.499999999999984	5.00000000000003	5	0.499999999999984	-0.0507161523342102	0.500000000000047	9.50000000000005	5.00000000000003	0.500000000000047	5.00000000000009
1	1	1	1	1	1	1	1	1	1	1	1	1	1	1	1	14	9.49999999999998	5	9.50000000000005	9.49999999999998	4.99999999999997	0.499999999999984	5.00000000000003	5	0.499999999999984	-0.0413186268256606	0.500000000000047	9.50000000000005	5.00000000000003	0.500000000000047	5.00000000000009
1	1	1	1	1	1	1	1	1	1	1	1	1	1	1	1	14	9.49999999999998	5	9.50000000000005	9.49999999999998	4.99999999999997	0.499999999999984	5.00000000000003	5	0.499999999999984	-0.0388098294670777	0.500000000000047	9.50000000000005	5.00000000000003	0.500000000000047	5.00000000000009
1	1	1	1	1	1	1	1	1	1	1	1	1	1	1	1	14	9.49999999999998	5	9.50000000000005	9.49999999999998	4.99999999999997	0.499999999999984	5.00000000000003	5	0.499999999999984	-0.0627827701698081	0.500000000000047	9.50000000000005	5.00000000000003	0.500000000000047	5.00000000000009
1	1	1	1	1	1	1	1	1	1	1	1	1	1	1	1	14	9.49999999999998	5	9.50000000000005	9.49999999999998	4.99999999999997	0.499999999999984	5.00000000000003	5	0.499999999999984	-0.129349066462665	0.500000000000047	9.50000000000005	5.00000000000003	0.500000000000047	5.00000000000009
1	1	1	1	1	1	1	1	1	1	1	1	1	1	1	1	14	9.49999999999998	5	9.50000000000005	9.49999999999998	4.99999999999997	0.499999999999984	5.00000000000003	5	0.499999999999984	-0.0744108996114472	0.500000000000047	9.50000000000005	5.00000000000003	0.500000000000047	5.00000000000009
1	1	1	1	1	1	1	1	1	1	1	1	1	1	1	1	14	9.49999999999998	5	9.50000000000005	9.49999999999998	4.99999999999997	0.499999999999984	5.00000000000003	5	0.499999999999984	-0.0778248657471438	0.500000000000047	9.50000000000005	5.00000000000003	0.500000000000047	5.00000000000009
1	1	1	1	1	1	1	1	1	1	1	1	1	1	1	1	14	9.49999999999998	5	9.50000000000005	9.49999999999998	4.99999999999997	0.499999999999984	5.00000000000003	5	0.499999999999984	-0.0962989741751361	0.500000000000047	9.50000000000005	5.00000000000003	0.500000000000047	5.00000000000009
1	1	1	1	1	1	1	1	1	1	1	1	1	1	1	1	14	9.49999999999998	5	9.50000000000005	9.49999999999998	4.99999999999997	0.499999999999984	5.00000000000003	5	0.499999999999984	-0.00431883671044638	0.500000000000047	9.50000000000005	5.00000000000003	0.500000000000047	5.00000000000009
1	1	1	1	1	1	1	1	1	1	1	1	1	1	1	1	14	9.49999999999998	5	9.50000000000005	9.49999999999998	4.99999999999997	0.499999999999984	5.00000000000003	5	0.499999999999984	-0.0259040092943763	0.500000000000047	9.50000000000005	5.00000000000003	0.500000000000047	5.00000000000009
1	1	1	1	1	1	1	1	1	1	1	1	1	1	1	1	14	9.49999999999998	5	9.50000000000005	9.49999999999998	4.99999999999997	0.499999999999984	5.00000000000003	5	0.499999999999984	-0.0195358021722886	0.500000000000047	9.50000000000005	5.00000000000003	0.500000000000047	5.00000000000009
1	1	1	1	1	1	1	1	1	1	1	1	1	1	1	1	14	9.49999999999998	5	9.50000000000005	9.49999999999998	4.99999999999997	0.499999999999984	5.00000000000003	5	0.499999999999984	-0.0719939994616705	0.500000000000047	9.50000000000005	5.00000000000003	0.500000000000047	5.00000000000009
1	1	1	1	1	1	1	1	1	1	1	1	1	1	1	1	14	9.49999999999998	5	9.50000000000005	9.49999999999998	4.99999999999997	0.499999999999984	5.00000000000003	5	0.499999999999984	-0.00266613999997024	0.500000000000047	9.50000000000005	5.00000000000003	0.500000000000047	5.00000000000009
1	1	1	1	1	1	1	1	1	1	1	1	1	1	1	1	14	9.49999999999998	5	9.50000000000005	9.49999999999998	4.99999999999997	0.499999999999984	5.00000000000003	5	0.499999999999984	-0.0635593438647127	0.500000000000047	9.50000000000005	5.00000000000003	0.500000000000047	5.00000000000009
1	1	1	1	1	1	1	1	1	1	1	1	1	1	1	1	14	9.49999999999998	5	9.50000000000005	9.49999999999998	4.99999999999997	0.499999999999984	5.00000000000003	5	0.499999999999984	-0.0781011064421443	0.500000000000047	9.50000000000005	5.00000000000003	0.500000000000047	5.00000000000009
1	1	1	1	1	1	1	1	1	1	1	1	1	1	1	1	14	9.49999999999998	5	9.50000000000005	9.49999999999998	4.99999999999997	0.499999999999984	5.00000000000003	5	0.499999999999984	-0.0764723409332845	0.500000000000047	9.50000000000005	5.00000000000003	0.500000000000047	5.00000000000009
1	1	1	1	1	1	1	1	1	1	1	1	1	1	1	1	14	9.49999999999998	5	9.50000000000005	9.49999999999998	4.99999999999997	0.499999999999984	5.00000000000003	5	0.499999999999984	-7.76092361457397	0.500000000000047	9.50000000000005	5.00000000000003	0.500000000000047	5.00000000000009
1	1	1	1	1	1	1	1	1	1	1	1	1	1	1	1	14.0000000000048	9.50000000000267	5.00000000000975	9.50000000000273	9.50000000000267	5.00000000000971	0.499999999999984	5.00000000000978	5.00000000000238	0.500000000001964	-3.98297747437423	0.500000000000341	9.50000000000273	5.00000000000978	0.500000000000701	5.00000000000984
1	1	1	1	1	1	1	1	1	1	1	1	1	1	1	1	14	9.5	5.00000000000001	9.50000000000006	9.5	4.99999999999998	0.499999999999984	5.00000000000004	5.00000000000001	0.499999999999985	-0.116969582572417	0.500000000000047	9.50000000000006	5.00000000000004	0.500000000000048	5.0000000000001
1	1	1	1	1	1	1	1	1	1	1	1	1	1	1	1	14	9.5	5.00000000000001	9.50000000000006	9.5	4.99999999999998	0.499999999999984	5.00000000000004	5.00000000000001	0.499999999999985	-0.112337105021177	0.500000000000047	9.50000000000006	5.00000000000004	0.500000000000048	5.0000000000001
1	1	1	1	1	1	1	1	1	1	1	1	1	1	1	1	14	9.5	5.00000000000001	9.50000000000006	9.5	4.99999999999998	0.499999999999984	5.00000000000004	5.00000000000001	0.499999999999985	-0.0496926963866777	0.500000000000047	9.50000000000006	5.00000000000004	0.500000000000048	5.0000000000001
1	1	1	1	1	1	1	1	1	1	1	1	1	1	1	1	14	9.5	5.00000000000001	9.50000000000006	9.5	4.99999999999998	0.499999999999984	5.00000000000004	5.00000000000001	0.499999999999985	-0.0786473698380539	0.500000000000047	9.50000000000006	5.00000000000004	0.500000000000048	5.0000000000001
1	1	1	1	1	1	1	1	1	1	1	1	1	1	1	1	14	9.5	5.00000000000001	9.50000000000006	9.5	4.99999999999998	0.499999999999984	5.00000000000004	5.00000000000001	0.499999999999985	-0.0632610745600321	0.500000000000047	9.50000000000006	5.00000000000004	0.500000000000048	5.0000000000001
1	1	1	1	1	1	1	1	1	1	1	1	1	1	1	1	14	9.5	5.00000000000001	9.50000000000006	9.5	4.99999999999998	0.499999999999984	5.00000000000004	5.00000000000001	0.499999999999985	-0.0969023872133673	0.500000000000047	9.50000000000006	5.00000000000004	0.500000000000048	5.0000000000001
1	1	1	1	1	1	1	1	1	1	1	1	1	1	1	1	14	9.5	5.00000000000001	9.50000000000006	9.5	4.99999999999998	0.499999999999984	5.00000000000004	5.00000000000001	0.499999999999985	-0.00650340939900209	0.500000000000047	9.50000000000006	5.00000000000004	0.500000000000048	5.0000000000001
1	1	1	1	1	1	1	1	1	1	1	1	1	1	1	1	14	9.5	5.00000000000001	9.50000000000006	9.5	4.99999999999998	0.499999999999984	5.00000000000004	5.00000000000001	0.499999999999985	-0.0697070088638885	0.500000000000047	9.50000000000006	5.00000000000004	0.500000000000048	5.0000000000001
1	1	1	1	1	1	1	1	1	1	1	1	1	1	1	1	14	9.5	5.00000000000001	9.50000000000006	9.5	4.99999999999998	0.499999999999984	5.00000000000004	5.00000000000001	0.499999999999985	-0.0732663250999506	0.500000000000047	9.50000000000006	5.00000000000004	0.500000000000048	5.0000000000001
1	1	1	1	1	1	1	1	1	1	1	1	1	1	1	1	14	9.49999999999999	5	9.50000000000005	9.49999999999999	4.99999999999997	0.499999999999984	5.00000000000003	5	0.499999999999984	-8.0317871126401	0.500000000000047	9.50000000000005	5.00000000000003	0.500000000000047	5.00000000000009
1	1	1	1	1	1	1	1	1	1	1	1	1	1	1	1	14.0000000001873	9.50000000242115	5.00000000052265	9.50000000242122	9.50000000242115	5.00000000052261	0.499999999999984	5.00000000052268	5.00000000009365	0.499999999986359	-3.93932920054907	0.500000000012186	9.50000000242122	5.00000000052268	0.499999999950819	5.00000000052274
1	1	1	1	1	1	1	1	1	1	1	1	1	1	1	1	14	9.49999999999998	5	9.50000000000005	9.49999999999998	4.99999999999997	0.499999999999984	5.00000000000003	5	0.499999999999984	-6.12865275290379	0.500000000000046	9.50000000000005	5.00000000000003	0.500000000000047	5.00000000000009
1	1	1	1	1	1	1	1	1	1	1	1	1	1	1	1	14	9.49999999999998	5	9.50000000000005	9.49999999999998	4.99999999999997	0.499999999999984	5.00000000000003	5	0.499999999999984	-0.592371471245561	0.500000000000047	9.50000000000005	5.00000000000003	0.500000000000047	5.00000000000009
1	1	1	1	1	1	1	1	1	1	1	1	1	1	1	1	14	9.49999999999998	5	9.50000000000005	9.49999999999998	4.99999999999997	0.499999999999984	5.00000000000003	5	0.499999999999984	-0.0705219328289464	0.500000000000047	9.50000000000005	5.00000000000003	0.500000000000047	5.00000000000009
1	1	1	1	1	1	1	1	1	1	1	1	1	1	1	1	14	9.49999999999998	5	9.50000000000005	9.49999999999998	4.99999999999997	0.499999999999984	5.00000000000003	5	0.499999999999984	-0.0918194919129574	0.500000000000047	9.50000000000005	5.00000000000003	0.500000000000047	5.00000000000009
1	1	1	1	1	1	1	1	1	1	1	1	1	1	1	1	14	9.49999999999998	5	9.50000000000005	9.49999999999998	4.99999999999997	0.499999999999984	5.00000000000003	5	0.499999999999984	-0.033970465590013	0.500000000000047	9.50000000000005	5.00000000000003	0.500000000000047	5.00000000000009
1	1	1	1	1	1	1	1	1	1	1	1	1	1	1	1	14	9.49999999999998	5	9.50000000000005	9.49999999999998	4.99999999999997	0.499999999999984	5.00000000000003	5	0.499999999999984	-0.0467751612047131	0.500000000000047	9.50000000000005	5.00000000000003	0.500000000000047	5.00000000000009
1	1	1	1	1	1	1	1	1	1	1	1	1	1	1	1	14	9.49999999999998	5	9.50000000000005	9.49999999999998	4.99999999999997	0.499999999999984	5.00000000000003	5	0.499999999999984	-0.0762870669997756	0.500000000000047	9.50000000000005	5.00000000000003	0.500000000000047	5.00000000000009
1	1	1	1	1	1	1	1	1	1	1	1	1	1	1	1	14	9.49999999999998	5	9.50000000000005	9.49999999999998	4.99999999999997	0.499999999999984	5.00000000000003	5	0.499999999999984	-0.056429925724112	0.500000000000047	9.50000000000005	5.00000000000003	0.500000000000047	5.00000000000009
1	1	1	1	1	1	1	1	1	1	1	1	1	1	1	1	14	9.49999999999998	5	9.50000000000005	9.49999999999998	4.99999999999997	0.499999999999984	5.00000000000003	5	0.499999999999984	-0.0281115779964131	0.500000000000047	9.50000000000005	5.00000000000003	0.500000000000047	5.00000000000009
1	1	1	1	1	1	1	1	1	1	1	1	1	1	1	1	14	9.49999999999998	5	9.50000000000005	9.49999999999998	4.99999999999997	0.499999999999984	5.00000000000003	5	0.499999999999984	-0.0396186213521185	0.500000000000047	9.50000000000005	5.00000000000003	0.500000000000047	5.00000000000009
1	1	1	1	1	1	1	1	1	1	1	1	1	1	1	1	14	9.49999999999998	5	9.50000000000005	9.49999999999998	4.99999999999997	0.499999999999984	5.00000000000003	5	0.499999999999984	-0.077969988752175	0.500000000000047	9.50000000000005	5.00000000000003	0.500000000000047	5.00000000000009
1	1	1	1	1	1	1	1	1	1	1	1	1	1	1	1	14	9.49999999999998	5	9.50000000000005	9.49999999999998	4.99999999999997	0.499999999999984	5.00000000000003	5	0.499999999999984	-0.0240176105073752	0.500000000000047	9.50000000000005	5.00000000000003	0.500000000000047	5.00000000000009
1	1	1	1	1	1	1	1	1	1	1	1	1	1	1	1	14	9.49999999999998	5	9.50000000000005	9.49999999999998	4.99999999999997	0.499999999999984	5.00000000000003	5	0.499999999999984	-0.0266541868495455	0.500000000000047	9.50000000000005	5.00000000000003	0.500000000000047	5.00000000000009
1	1	1	1	1	1	1	1	1	1	1	1	1	1	1	1	14	9.49999999999998	5	9.50000000000005	9.49999999999998	4.99999999999997	0.499999999999984	5.00000000000003	5	0.499999999999984	-0.079855126986547	0.500000000000047	9.50000000000005	5.00000000000003	0.500000000000047	5.00000000000009
1	1	1	1	1	1	1	1	1	1	1	1	1	1	1	1	14	9.49999999999998	5	9.50000000000005	9.49999999999998	4.99999999999997	0.499999999999984	5.00000000000003	5	0.499999999999984	-0.00654003277785306	0.500000000000047	9.50000000000005	5.00000000000003	0.500000000000047	5.00000000000009
1	1	1	1	1	1	1	1	1	1	1	1	1	1	1	1	14	9.49999999999998	5	9.50000000000005	9.49999999999998	4.99999999999997	0.499999999999984	5.00000000000003	5	0.499999999999984	-0.0252406336271302	0.500000000000047	9.50000000000005	5.00000000000003	0.500000000000047	5.00000000000009
1	1	1	1	1	1	1	1	1	1	1	1	1	1	1	1	14	9.49999999999998	5	9.50000000000005	9.49999999999998	4.99999999999997	0.499999999999984	5.00000000000003	5	0.499999999999984	-0.0764161860291408	0.500000000000047	9.50000000000005	5.00000000000003	0.500000000000047	5.00000000000009
1	1	1	1	1	1	1	1	1	1	1	1	1	1	1	1	14	9.49999999999998	5	9.50000000000005	9.49999999999998	4.99999999999997	0.499999999999984	5.00000000000003	5	0.499999999999984	-0.0294404320783784	0.500000000000047	9.50000000000005	5.00000000000003	0.500000000000047	5.00000000000009
1	1	1	1	1	1	1	1	1	1	1	1	1	1	1	1	14	9.49999999999998	5	9.50000000000005	9.49999999999998	4.99999999999997	0.499999999999984	5.00000000000003	5	0.499999999999984	-0.0482074440692701	0.500000000000047	9.50000000000005	5.00000000000003	0.500000000000047	5.00000000000009
1	1	1	1	1	1	1	1	1	1	1	1	1	1	1	1	14	9.49999999999998	5	9.50000000000005	9.49999999999998	4.99999999999997	0.499999999999984	5.00000000000003	5	0.499999999999984	-6.75918741780812	0.500000000000047	9.50000000000005	5.00000000000003	0.500000000000047	5.00000000000009
1	1	1	1	1	1	1	1	1	1	1	1	1	1	1	1	14	9.49999999999999	5	9.50000000000005	9.49999999999999	4.99999999999997	0.499999999999984	5.00000000000003	5	0.499999999999984	-4.26251441918954	0.500000000000047	9.50000000000005	5.00000000000003	0.500000000000047	5.00000000000009
1	1	1	1	1	1	1	1	1	1	1	1	1	1	1	1	14	9.49999999999999	5	9.50000000000005	9.49999999999999	4.99999999999997	0.499999999999984	5.00000000000003	5	0.499999999999984	-0.16414791818732	0.500000000000047	9.50000000000005	5.00000000000003	0.500000000000047	5.00000000000009
1	1	1	1	1	1	1	1	1	1	1	1	1	1	1	1	14	9.49999999999999	5	9.50000000000005	9.49999999999999	4.99999999999997	0.499999999999984	5.00000000000003	5	0.499999999999984	-0.0615416893718268	0.500000000000047	9.50000000000005	5.00000000000003	0.500000000000047	5.00000000000009
1	1	1	1	1	1	1	1	1	1	1	1	1	1	1	1	14	9.49999999999999	5	9.50000000000005	9.49999999999999	4.99999999999997	0.499999999999984	5.00000000000003	5	0.499999999999984	-0.0186928379709214	0.500000000000047	9.50000000000005	5.00000000000003	0.500000000000047	5.00000000000009
1	1	1	1	1	1	1	1	1	1	1	1	1	1	1	1	14	9.49999999999999	5	9.50000000000005	9.49999999999999	4.99999999999997	0.499999999999984	5.00000000000003	5	0.499999999999984	-0.0231452727789946	0.500000000000047	9.50000000000005	5.00000000000003	0.500000000000047	5.00000000000009
1	1	1	1	1	1	1	1	1	1	1	1	1	1	1	1	14	9.49999999999999	5	9.50000000000005	9.49999999999999	4.99999999999997	0.499999999999984	5.00000000000003	5	0.499999999999984	-0.0802331617762533	0.500000000000047	9.50000000000005	5.00000000000003	0.500000000000047	5.00000000000009
1	1	1	1	1	1	1	1	1	1	1	1	1	1	1	1	14	9.49999999999999	5	9.50000000000005	9.49999999999999	4.99999999999997	0.499999999999984	5.00000000000003	5	0.499999999999984	-0.0706140050415009	0.500000000000047	9.50000000000005	5.00000000000003	0.500000000000047	5.00000000000009
1	1	1	1	1	1	1	1	1	1	1	1	1	1	1	1	14	9.49999999999999	5	9.50000000000005	9.49999999999999	4.99999999999997	0.499999999999984	5.00000000000003	5	0.499999999999984	-0.0465211948881313	0.500000000000047	9.50000000000005	5.00000000000003	0.500000000000047	5.00000000000009
1	1	1	1	1	1	1	1	1	1	1	1	1	1	1	1	14	9.49999999999999	5	9.50000000000005	9.49999999999999	4.99999999999997	0.499999999999984	5.00000000000003	5	0.499999999999984	-0.0496535490093802	0.500000000000047	9.50000000000005	5.00000000000003	0.500000000000047	5.00000000000009
1	1	1	1	1	1	1	1	1	1	1	1	1	1	1	1	14	9.49999999999999	5	9.50000000000005	9.49999999999999	4.99999999999997	0.499999999999984	5.00000000000003	5	0.499999999999984	-0.0551220545606683	0.500000000000047	9.50000000000005	5.00000000000003	0.500000000000047	5.00000000000009
1	1	1	1	1	1	1	1	1	1	1	1	1	1	1	1	14	9.49999999999999	5	9.50000000000005	9.49999999999999	4.99999999999997	0.499999999999984	5.00000000000003	5	0.499999999999984	-0.0686486369701059	0.500000000000047	9.50000000000005	5.00000000000003	0.500000000000047	5.00000000000009
1	1	1	1	1	1	1	1	1	1	1	1	1	1	1	1	14	9.49999999999999	5	9.50000000000005	9.49999999999999	4.99999999999997	0.499999999999984	5.00000000000003	5	0.499999999999984	-0.0589143409657477	0.500000000000047	9.50000000000005	5.00000000000003	0.500000000000047	5.00000000000009
1	1	1	1	1	1	1	1	1	1	1	1	1	1	1	1	14	9.49999999999999	5	9.50000000000005	9.49999999999999	4.99999999999997	0.499999999999984	5.00000000000003	5	0.499999999999984	-7.27683765352243	0.500000000000047	9.50000000000005	5.00000000000003	0.500000000000047	5.00000000000009
1	1	1	1	1	1	1	1	1	1	1	1	1	1	1	1	14	9.49999999999998	5	9.50000000000004	9.49999999999998	4.99999999999997	0.499999999999984	5.00000000000003	5	0.499999999999984	-4.12062781039845	0.500000000000047	9.50000000000004	5.00000000000003	0.500000000000047	5.00000000000009
1	1	1	1	1	1	1	1	1	1	1	1	1	1	1	1	14	9.49999999999998	5	9.50000000000005	9.49999999999998	4.99999999999997	0.499999999999984	5.00000000000003	5	0.499999999999984	-5.80487004386373	0.500000000000047	9.50000000000005	5.00000000000003	0.500000000000047	5.00000000000009
1	1	1	1	1	1	1	1	1	1	1	1	1	1	1	1	14	9.49999999999998	5	9.50000000000005	9.49999999999998	4.99999999999997	0.499999999999984	5.00000000000003	5	0.499999999999984	-0.147489450564077	0.500000000000047	9.50000000000005	5.00000000000003	0.500000000000047	5.00000000000009
1	1	1	1	1	1	1	1	1	1	1	1	1	1	1	1	14	9.49999999999998	5	9.50000000000005	9.49999999999998	4.99999999999997	0.499999999999984	5.00000000000003	5	0.499999999999984	-0.0723533620927766	0.500000000000047	9.50000000000005	5.00000000000003	0.500000000000047	5.00000000000009
1	1	1	1	1	1	1	1	1	1	1	1	1	1	1	1	14	9.49999999999998	5	9.50000000000005	9.49999999999998	4.99999999999997	0.499999999999984	5.00000000000003	5	0.499999999999984	-0.0392512105955807	0.500000000000047	9.50000000000005	5.00000000000003	0.500000000000047	5.00000000000009
1	1	1	1	1	1	1	1	1	1	1	1	1	1	1	1	14	9.49999999999998	5	9.50000000000005	9.49999999999998	4.99999999999997	0.499999999999984	5.00000000000003	5	0.499999999999984	-7.47216184747764	0.500000000000047	9.50000000000005	5.00000000000003	0.500000000000047	5.00000000000009
1	1	1	1	1	1	1	1	1	1	1	1	1	1	1	1	14	9.49999999999998	5	9.50000000000004	9.49999999999998	4.99999999999997	0.499999999999984	5.00000000000003	5	0.499999999999984	-4.08068347522367	0.500000000000046	9.50000000000004	5.00000000000003	0.500000000000047	5.00000000000009
1	1	1	1	1	1	1	1	1	1	1	1	1	1	1	1	14	9.49999999999998	5	9.50000000000004	9.49999999999998	4.99999999999997	0.499999999999984	5.00000000000003	5	0.499999999999984	-0.0189930099718489	0.500000000000046	9.50000000000004	5.00000000000003	0.500000000000047	5.00000000000009
1	1	1	1	1	1	1	1	1	1	1	1	1	1	1	1	14	9.49999999999998	5	9.50000000000004	9.49999999999998	4.99999999999997	0.499999999999984	5.00000000000003	5	0.499999999999984	-0.0815010234164677	0.500000000000046	9.50000000000004	5.00000000000003	0.500000000000047	5.00000000000009
1	1	1	1	1	1	1	1	1	1	1	1	1	1	1	1	14	9.49999999999998	5	9.50000000000004	9.49999999999998	4.99999999999997	0.499999999999984	5.00000000000003	5	0.499999999999984	-0.119194663907358	0.500000000000046	9.50000000000004	5.00000000000003	0.500000000000047	5.00000000000009
1	1	1	1	1	1	1	1	1	1	1	1	1	1	1	1	14	9.49999999999998	5	9.50000000000004	9.49999999999998	4.99999999999997	0.499999999999984	5.00000000000003	5	0.499999999999984	-0.0401674311414139	0.500000000000046	9.50000000000004	5.00000000000003	0.500000000000047	5.00000000000009
1	1	1	1	1	1	1	1	1	1	1	1	1	1	1	1	14	9.49999999999998	5	9.50000000000004	9.49999999999998	4.99999999999997	0.499999999999984	5.00000000000003	5	0.499999999999984	-0.0305847019912549	0.500000000000046	9.50000000000004	5.00000000000003	0.500000000000047	5.00000000000009
1	1	1	1	1	1	1	1	1	1	1	1	1	1	1	1	14	9.49999999999998	5	9.50000000000004	9.49999999999998	4.99999999999997	0.499999999999984	5.00000000000003	5	0.499999999999984	-0.0979425909674261	0.500000000000046	9.50000000000004	5.00000000000003	0.500000000000047	5.00000000000009
1	1	1	1	1	1	1	1	1	1	1	1	1	1	1	1	14	9.49999999999998	5	9.50000000000004	9.49999999999998	4.99999999999997	0.499999999999984	5.00000000000003	5	0.499999999999984	-0.0229917133152978	0.500000000000046	9.50000000000004	5.00000000000003	0.500000000000047	5.00000000000009
1	1	1	1	1	1	1	1	1	1	1	1	1	1	1	1	14	9.49999999999998	5	9.50000000000004	9.49999999999998	4.99999999999997	0.499999999999984	5.00000000000003	5	0.499999999999984	-0.0615346054529609	0.500000000000046	9.50000000000004	5.00000000000003	0.500000000000047	5.00000000000009
1	1	1	1	1	1	1	1	1	1	1	1	1	1	1	1	14	9.49999999999998	5	9.50000000000004	9.49999999999998	4.99999999999997	0.499999999999984	5.00000000000003	5	0.499999999999984	-0.0843020726955526	0.500000000000046	9.50000000000004	5.00000000000003	0.500000000000047	5.00000000000009
1	1	1	1	1	1	1	1	1	1	1	1	1	1	1	1	14	9.49999999999998	5	9.50000000000004	9.49999999999998	4.99999999999997	0.499999999999984	5.00000000000003	5	0.499999999999984	-0.0263061190733794	0.500000000000046	9.50000000000004	5.00000000000003	0.500000000000047	5.00000000000009
1	1	1	1	1	1	1	1	1	1	1	1	1	1	1	1	14	9.49999999999998	5	9.50000000000004	9.49999999999998	4.99999999999997	0.499999999999984	5.00000000000003	5	0.499999999999984	-0.0941884686898911	0.500000000000046	9.50000000000004	5.00000000000003	0.500000000000047	5.00000000000009
1	1	1	1	1	1	1	1	1	1	1	1	1	1	1	1	14	9.49999999999998	5	9.50000000000004	9.49999999999998	4.99999999999997	0.499999999999984	5.00000000000003	5	0.499999999999984	-0.0448929489896289	0.500000000000046	9.50000000000004	5.00000000000003	0.500000000000047	5.00000000000009
1	1	1	1	1	1	1	1	1	1	1	1	1	1	1	1	14	9.49999999999998	5	9.50000000000004	9.49999999999998	4.99999999999997	0.499999999999984	5.00000000000003	5	0.499999999999984	-0.07299033478984	0.500000000000046	9.50000000000004	5.00000000000003	0.500000000000047	5.00000000000009
1	1	1	1	1	1	1	1	1	1	1	1	1	1	1	1	14	9.49999999999998	5	9.50000000000004	9.49999999999998	4.99999999999997	0.499999999999984	5.00000000000003	5	0.499999999999984	-0.0394794327564916	0.500000000000046	9.50000000000004	5.00000000000003	0.500000000000047	5.00000000000009
1	1	1	1	1	1	1	1	1	1	1	1	1	1	1	1	14	9.49999999999998	5	9.50000000000005	9.49999999999998	4.99999999999997	0.499999999999984	5.00000000000003	5	0.499999999999984	-7.32018523162747	0.500000000000047	9.50000000000005	5.00000000000003	0.500000000000047	5.00000000000009
1	1	1	1	1	1	1	1	1	1	1	1	1	1	1	1	14	9.49999999999998	5	9.50000000000004	9.49999999999998	4.99999999999997	0.499999999999984	5.00000000000003	5	0.499999999999984	-4.14805823305962	0.500000000000046	9.50000000000004	5.00000000000003	0.500000000000047	5.00000000000009
1	1	1	1	1	1	1	1	1	1	1	1	1	1	1	1	14	9.49999999999998	5	9.50000000000004	9.49999999999998	4.99999999999997	0.499999999999984	5.00000000000003	5	0.499999999999984	-0.265061867123044	0.500000000000046	9.50000000000004	5.00000000000003	0.500000000000047	5.00000000000009
1	1	1	1	1	1	1	1	1	1	1	1	1	1	1	1	14	9.49999999999998	5	9.50000000000004	9.49999999999998	4.99999999999997	0.499999999999984	5.00000000000003	5	0.499999999999984	-0.0394691859617365	0.500000000000046	9.50000000000004	5.00000000000003	0.500000000000047	5.00000000000009
1	1	1	1	1	1	1	1	1	1	1	1	1	1	1	1	14	9.49999999999998	5	9.50000000000004	9.49999999999998	4.99999999999997	0.499999999999984	5.00000000000003	5	0.499999999999984	-0.0157545067010796	0.500000000000046	9.50000000000004	5.00000000000003	0.500000000000047	5.00000000000009
1	1	1	1	1	1	1	1	1	1	1	1	1	1	1	1	14	9.49999999999998	5	9.50000000000004	9.49999999999998	4.99999999999997	0.499999999999984	5.00000000000003	5	0.499999999999984	-0.0544563295750608	0.500000000000046	9.50000000000004	5.00000000000003	0.500000000000047	5.00000000000009
1	1	1	1	1	1	1	1	1	1	1	1	1	1	1	1	14	9.49999999999998	5	9.50000000000004	9.49999999999998	4.99999999999997	0.499999999999984	5.00000000000003	5	0.499999999999984	-0.0470123687041407	0.500000000000046	9.50000000000004	5.00000000000003	0.500000000000047	5.00000000000009
1	1	1	1	1	1	1	1	1	1	1	1	1	1	1	1	14	9.49999999999998	5	9.50000000000004	9.49999999999998	4.99999999999997	0.499999999999984	5.00000000000003	5	0.499999999999984	-0.0495245281499694	0.500000000000046	9.50000000000004	5.00000000000003	0.500000000000047	5.00000000000009
1	1	1	1	1	1	1	1	1	1	1	1	1	1	1	1	14	9.49999999999998	5	9.50000000000004	9.49999999999998	4.99999999999997	0.499999999999984	5.00000000000003	5	0.499999999999984	-0.0518233526486652	0.500000000000046	9.50000000000004	5.00000000000003	0.500000000000047	5.00000000000009
1	1	1	1	1	1	1	1	1	1	1	1	1	1	1	1	14	9.49999999999998	5	9.50000000000004	9.49999999999998	4.99999999999997	0.499999999999984	5.00000000000003	5	0.499999999999984	-0.0162173055832512	0.500000000000046	9.50000000000004	5.00000000000003	0.500000000000047	5.00000000000009
1	1	1	1	1	1	1	1	1	1	1	1	1	1	1	1	14	9.49999999999998	5	9.50000000000004	9.49999999999998	4.99999999999997	0.499999999999984	5.00000000000003	5	0.499999999999984	-0.0530703062522379	0.500000000000046	9.50000000000004	5.00000000000003	0.500000000000047	5.00000000000009
1	1	1	1	1	1	1	1	1	1	1	1	1	1	1	1	14	9.49999999999998	5	9.50000000000004	9.49999999999998	4.99999999999997	0.499999999999984	5.00000000000003	5	0.499999999999984	-0.0125980884110367	0.500000000000046	9.50000000000004	5.00000000000003	0.500000000000047	5.00000000000009
1	1	1	1	1	1	1	1	1	1	1	1	1	1	1	1	14	9.49999999999998	5	9.50000000000004	9.49999999999998	4.99999999999997	0.499999999999984	5.00000000000003	5	0.499999999999984	-0.0216172582779088	0.500000000000046	9.50000000000004	5.00000000000003	0.500000000000047	5.00000000000009
1	1	1	1	1	1	1	1	1	1	1	1	1	1	1	1	14	9.49999999999998	5	9.50000000000004	9.49999999999998	4.99999999999997	0.499999999999984	5.00000000000003	5	0.499999999999984	-0.0851912231018438	0.500000000000046	9.50000000000004	5.00000000000003	0.500000000000047	5.00000000000009
1	1	1	1	1	1	1	1	1	1	1	1	1	1	1	1	14	9.49999999999998	5	9.50000000000004	9.49999999999998	4.99999999999997	0.499999999999984	5.00000000000003	5	0.499999999999984	-8.26000054730866	0.500000000000046	9.50000000000004	5.00000000000003	0.500000000000047	5.00000000000009
1	1	1	1	1	1	1	1	1	1	1	1	1	1	1	1	14.0000000001624	9.50000002693474	5.00000000546255	9.5000000269348	9.50000002693474	5.00000000546252	0.499999999999984	5.00000000546258	5.00000000008118	0.499999999454111	-3.97575746716357	0.500000001140932	9.5000000269348	5.00000000546258	0.499999999854836	5.00000000546264
1	1	1	1	1	1	1	1	1	1	1	1	1	1	1	1	14	9.49999999999999	5	9.50000000000006	9.49999999999999	4.99999999999997	0.499999999999984	5.00000000000004	5	0.499999999999984	-0.15644256265245	0.500000000000047	9.50000000000006	5.00000000000004	0.500000000000046	5.0000000000001
1	1	1	1	1	1	1	1	1	1	1	1	1	1	1	1	14	9.49999999999999	5	9.50000000000006	9.49999999999999	4.99999999999997	0.499999999999984	5.00000000000004	5	0.499999999999984	-0.0566328139246057	0.500000000000047	9.50000000000006	5.00000000000004	0.500000000000046	5.0000000000001
1	1	1	1	1	1	1	1	1	1	1	1	1	1	1	1	14	9.49999999999999	5	9.50000000000006	9.49999999999999	4.99999999999997	0.499999999999984	5.00000000000004	5	0.499999999999984	-0.0281471773933131	0.500000000000047	9.50000000000006	5.00000000000004	0.500000000000046	5.0000000000001
1	1	1	1	1	1	1	1	1	1	1	1	1	1	1	1	14	9.49999999999999	5	9.50000000000006	9.49999999999999	4.99999999999997	0.499999999999984	5.00000000000004	5	0.499999999999984	-0.0127462984501235	0.500000000000047	9.50000000000006	5.00000000000004	0.500000000000046	5.0000000000001
1	1	1	1	1	1	1	1	1	1	1	1	1	1	1	1	14	9.49999999999999	5	9.50000000000006	9.49999999999999	4.99999999999997	0.499999999999984	5.00000000000004	5	0.499999999999984	-0.121891800812763	0.500000000000047	9.50000000000006	5.00000000000004	0.500000000000046	5.0000000000001
1	1	1	1	1	1	1	1	1	1	1	1	1	1	1	1	14	9.49999999999999	5	9.50000000000006	9.49999999999999	4.99999999999997	0.499999999999984	5.00000000000004	5	0.499999999999984	-0.117678232818394	0.500000000000047	9.50000000000006	5.00000000000004	0.500000000000046	5.0000000000001
1	1	1	1	1	1	1	1	1	1	1	1	1	1	1	1	14	9.49999999999999	5	9.50000000000006	9.49999999999999	4.99999999999997	0.499999999999984	5.00000000000004	5	0.499999999999984	-0.030056955586365	0.500000000000047	9.50000000000006	5.00000000000004	0.500000000000046	5.0000000000001
1	1	1	1	1	1	1	1	1	1	1	1	1	1	1	1	14	9.49999999999999	5	9.50000000000006	9.49999999999999	4.99999999999997	0.499999999999984	5.00000000000004	5	0.499999999999984	-0.0496373335244502	0.500000000000047	9.50000000000006	5.00000000000004	0.500000000000046	5.0000000000001
1	1	1	1	1	1	1	1	1	1	1	1	1	1	1	1	14	9.49999999999999	5	9.50000000000006	9.49999999999999	4.99999999999997	0.499999999999984	5.00000000000004	5	0.499999999999984	-0.0220761638499961	0.500000000000047	9.50000000000006	5.00000000000004	0.500000000000046	5.0000000000001
1	1	1	1	1	1	1	1	1	1	1	1	1	1	1	1	14	9.49999999999999	5	9.50000000000006	9.49999999999999	4.99999999999997	0.499999999999984	5.00000000000004	5	0.499999999999984	-0.0115606572423243	0.500000000000047	9.50000000000006	5.00000000000004	0.500000000000046	5.0000000000001
1	1	1	1	1	1	1	1	1	1	1	1	1	1	1	1	14	9.49999999999999	5	9.50000000000006	9.49999999999999	4.99999999999997	0.499999999999984	5.00000000000004	5	0.499999999999984	-0.0450624212079979	0.500000000000047	9.50000000000006	5.00000000000004	0.500000000000046	5.0000000000001
1	1	1	1	1	1	1	1	1	1	1	1	1	1	1	1	14	9.49999999999999	5	9.50000000000006	9.49999999999999	4.99999999999997	0.499999999999984	5.00000000000004	5	0.499999999999984	-0.085917311353592	0.500000000000047	9.50000000000006	5.00000000000004	0.500000000000046	5.0000000000001
1	1	1	1	1	1	1	1	1	1	1	1	1	1	1	1	14	9.49999999999999	5	9.50000000000006	9.49999999999999	4.99999999999997	0.499999999999984	5.00000000000004	5	0.499999999999984	-0.0804787625975868	0.500000000000047	9.50000000000006	5.00000000000004	0.500000000000046	5.0000000000001
1	1	1	1	1	1	1	1	1	1	1	1	1	1	1	1	14	9.49999999999999	5	9.50000000000006	9.49999999999999	4.99999999999997	0.499999999999984	5.00000000000004	5	0.499999999999984	-0.056214827418253	0.500000000000047	9.50000000000006	5.00000000000004	0.500000000000046	5.0000000000001
1	1	1	1	1	1	1	1	1	1	1	1	1	1	1	1	14	9.49999999999999	5	9.50000000000006	9.49999999999999	4.99999999999997	0.499999999999984	5.00000000000004	5	0.499999999999984	-0.070907496005101	0.500000000000047	9.50000000000006	5.00000000000004	0.500000000000046	5.0000000000001
1	1	1	1	1	1	1	1	1	1	1	1	1	1	1	1	14	9.49999999999999	5	9.50000000000006	9.49999999999999	4.99999999999997	0.499999999999984	5.00000000000004	5	0.499999999999984	-0.00177465065572494	0.500000000000047	9.50000000000006	5.00000000000004	0.500000000000046	5.0000000000001
1	1	1	1	1	1	1	1	1	1	1	1	1	1	1	1	14	9.49999999999999	5	9.50000000000006	9.49999999999999	4.99999999999997	0.499999999999984	5.00000000000004	5	0.499999999999984	-0.0617948269669139	0.500000000000047	9.50000000000006	5.00000000000004	0.500000000000046	5.0000000000001
1	1	1	1	1	1	1	1	1	1	1	1	1	1	1	1	14	9.49999999999999	5	9.50000000000006	9.49999999999999	4.99999999999997	0.499999999999984	5.00000000000004	5	0.499999999999984	-0.0626200461282272	0.500000000000047	9.50000000000006	5.00000000000004	0.500000000000046	5.0000000000001
1	1	1	1	1	1	1	1	1	1	1	1	1	1	1	1	14	9.49999999999999	5	9.50000000000006	9.49999999999999	4.99999999999997	0.499999999999984	5.00000000000004	5	0.499999999999984	-0.0629771880171164	0.500000000000047	9.50000000000006	5.00000000000004	0.500000000000046	5.0000000000001
1	1	1	1	1	1	1	1	1	1	1	1	1	1	1	1	14	9.49999999999999	5	9.50000000000006	9.49999999999999	4.99999999999997	0.499999999999984	5.00000000000004	5	0.499999999999984	-0.0625786740645316	0.500000000000047	9.50000000000006	5.00000000000004	0.500000000000046	5.0000000000001
1	1	1	1	1	1	1	1	1	1	1	1	1	1	1	1	14	9.49999999999999	5	9.50000000000006	9.49999999999999	4.99999999999997	0.499999999999984	5.00000000000004	5	0.499999999999984	-0.0611744355154064	0.500000000000047	9.50000000000006	5.00000000000004	0.500000000000046	5.0000000000001
1	1	1	1	1	1	1	1	1	1	1	1	1	1	1	1	14	9.49999999999999	5	9.50000000000006	9.49999999999999	4.99999999999997	0.499999999999984	5.00000000000004	5	0.499999999999984	-0.00176297358963432	0.500000000000047	9.50000000000006	5.00000000000004	0.500000000000046	5.0000000000001
1	1	1	1	1	1	1	1	1	1	1	1	1	1	1	1	14	9.49999999999999	5	9.50000000000006	9.49999999999999	4.99999999999997	0.499999999999984	5.00000000000004	5	0.499999999999984	-0.00899658546219657	0.500000000000047	9.50000000000006	5.00000000000004	0.500000000000046	5.0000000000001
1	1	1	1	1	1	1	1	1	1	1	1	1	1	1	1	14	9.49999999999999	5	9.50000000000006	9.49999999999999	4.99999999999997	0.499999999999984	5.00000000000004	5	0.499999999999984	-0.050949108871166	0.500000000000047	9.50000000000006	5.00000000000004	0.500000000000046	5.0000000000001
1	1	1	1	1	1	1	1	1	1	1	1	1	1	1	1	14	9.49999999999999	5	9.50000000000006	9.49999999999999	4.99999999999997	0.499999999999984	5.00000000000004	5	0.499999999999984	-0.141506451259593	0.500000000000047	9.50000000000006	5.00000000000004	0.500000000000046	5.0000000000001
1	1	1	1	1	1	1	1	1	1	1	1	1	1	1	1	14	9.49999999999999	5	9.50000000000006	9.49999999999999	4.99999999999997	0.499999999999984	5.00000000000004	5	0.499999999999984	-0.0570150084360684	0.500000000000047	9.50000000000006	5.00000000000004	0.500000000000046	5.0000000000001
1	1	1	1	1	1	1	1	1	1	1	1	1	1	1	1	14	9.49999999999999	5	9.50000000000006	9.49999999999999	4.99999999999997	0.499999999999984	5.00000000000004	5	0.499999999999984	-0.100174447857527	0.500000000000047	9.50000000000006	5.00000000000004	0.500000000000046	5.0000000000001
1	1	1	1	1	1	1	1	1	1	1	1	1	1	1	1	14	9.49999999999999	5	9.50000000000006	9.49999999999999	4.99999999999997	0.499999999999984	5.00000000000004	5	0.499999999999984	-0.0593410927201194	0.500000000000047	9.50000000000006	5.00000000000004	0.500000000000046	5.0000000000001
1	1	1	1	1	1	1	1	1	1	1	1	1	1	1	1	14	9.49999999999999	5	9.50000000000006	9.49999999999999	4.99999999999997	0.499999999999984	5.00000000000004	5	0.499999999999984	-0.04894110639419	0.500000000000047	9.50000000000006	5.00000000000004	0.500000000000046	5.0000000000001
1	1	1	1	1	1	1	1	1	1	1	1	1	1	1	1	14	9.49999999999999	5	9.50000000000006	9.49999999999999	4.99999999999997	0.499999999999984	5.00000000000004	5	0.499999999999984	-0.030677741005364	0.500000000000047	9.50000000000006	5.00000000000004	0.500000000000046	5.0000000000001
1	1	1	1	1	1	1	1	1	1	1	1	1	1	1	1	14	9.49999999999999	5	9.50000000000006	9.49999999999999	4.99999999999997	0.499999999999984	5.00000000000004	5	0.499999999999984	-0.0238784462044283	0.500000000000047	9.50000000000006	5.00000000000004	0.500000000000046	5.0000000000001
1	1	1	1	1	1	1	1	1	1	1	1	1	1	1	1	14	9.49999999999999	5	9.50000000000006	9.49999999999999	4.99999999999997	0.499999999999984	5.00000000000004	5	0.499999999999984	-0.107450922307193	0.500000000000047	9.50000000000006	5.00000000000004	0.500000000000046	5.0000000000001
1	1	1	1	1	1	1	1	1	1	1	1	1	1	1	1	14	9.49999999999999	5	9.50000000000006	9.49999999999999	4.99999999999997	0.499999999999984	5.00000000000004	5	0.499999999999984	-0.0876483952202578	0.500000000000047	9.50000000000006	5.00000000000004	0.500000000000046	5.0000000000001
1	1	1	1	1	1	1	1	1	1	1	1	1	1	1	1	14	9.49999999999999	5	9.50000000000006	9.49999999999999	4.99999999999997	0.499999999999984	5.00000000000004	5	0.499999999999984	-0.0500596055413386	0.500000000000047	9.50000000000006	5.00000000000004	0.500000000000046	5.0000000000001
1	1	1	1	1	1	1	1	1	1	1	1	1	1	1	1	14	9.49999999999999	5	9.50000000000006	9.49999999999999	4.99999999999997	0.499999999999984	5.00000000000004	5	0.499999999999984	-0.0485759597700791	0.500000000000047	9.50000000000006	5.00000000000004	0.500000000000046	5.0000000000001
1	1	1	1	1	1	1	1	1	1	1	1	1	1	1	1	14	9.49999999999999	5	9.50000000000006	9.49999999999999	4.99999999999997	0.499999999999984	5.00000000000004	5	0.499999999999984	-0.0133019320182251	0.500000000000047	9.50000000000006	5.00000000000004	0.500000000000046	5.0000000000001
1	1	1	1	1	1	1	1	1	1	1	1	1	1	1	1	14	9.49999999999999	5	9.50000000000006	9.49999999999999	4.99999999999997	0.499999999999984	5.00000000000004	5	0.499999999999984	-0.0891321898009965	0.500000000000047	9.50000000000006	5.00000000000004	0.500000000000046	5.0000000000001
1	1	1	1	1	1	1	1	1	1	1	1	1	1	1	1	14	9.49999999999999	5	9.50000000000006	9.49999999999999	4.99999999999997	0.499999999999984	5.00000000000004	5	0.499999999999984	-0.0698436563517088	0.500000000000047	9.50000000000006	5.00000000000004	0.500000000000046	5.0000000000001
1	1	1	1	1	1	1	1	1	1	1	1	1	1	1	1	14	9.49999999999999	5	9.50000000000006	9.49999999999999	4.99999999999997	0.499999999999984	5.00000000000004	5	0.499999999999984	-0.0713222203776637	0.500000000000047	9.50000000000006	5.00000000000004	0.500000000000046	5.0000000000001
1	1	1	1	1	1	1	1	1	1	1	1	1	1	1	1	14	9.49999999999999	5	9.50000000000005	9.49999999999999	4.99999999999997	0.499999999999984	5.00000000000003	5	0.499999999999984	-8.61073212441878	0.500000000000047	9.50000000000005	5.00000000000003	0.500000000000047	5.0000000000001
1	1	1	1	1	1	1	1	1	1	1	1	1	1	1	1	14.0000000014162	9.4999999990476	5.00000000136983	9.49999999904766	9.4999999990476	5.0000000013698	0.499999999999984	5.00000000136986	5.00000000070811	0.499999999981581	-3.96520571557545	0.500000000138904	9.49999999904766	5.00000000136986	0.500000000174051	5.00000000136992
1	1	1	1	1	1	1	1	1	1	1	1	1	1	1	1	14	9.49999999999998	5	9.50000000000005	9.49999999999998	4.99999999999997	0.499999999999984	5.00000000000003	5	0.499999999999984	-5.68263517722119	0.500000000000047	9.50000000000005	5.00000000000003	0.500000000000047	5.00000000000009
1	1	1	1	1	1	1	1	1	1	1	1	1	1	1	1	14	9.49999999999998	5	9.50000000000005	9.49999999999998	4.99999999999997	0.499999999999984	5.00000000000003	5	0.499999999999984	-5.15252041378091	0.500000000000047	9.50000000000005	5.00000000000003	0.500000000000047	5.00000000000009
1	1	1	1	1	1	1	1	1	1	1	1	1	1	1	1	14	9.49999999999998	5	9.50000000000005	9.49999999999998	4.99999999999997	0.499999999999984	5.00000000000003	5	0.499999999999984	-5.29971376706053	0.500000000000047	9.50000000000005	5.00000000000003	0.500000000000047	5.00000000000009
1	1	1	1	1	1	1	1	1	1	1	1	1	1	1	1	14	9.49999999999998	5	9.50000000000005	9.49999999999998	4.99999999999997	0.499999999999984	5.00000000000003	5	0.499999999999984	-0.309358045584598	0.500000000000047	9.50000000000005	5.00000000000003	0.500000000000047	5.00000000000009
1	1	1	1	1	1	1	1	1	1	1	1	1	1	1	1	14	9.49999999999998	5	9.50000000000005	9.49999999999998	4.99999999999997	0.499999999999984	5.00000000000003	5	0.499999999999984	-0.0164354584539965	0.500000000000047	9.50000000000005	5.00000000000003	0.500000000000047	5.00000000000009
1	1	1	1	1	1	1	1	1	1	1	1	1	1	1	1	14	9.49999999999998	5	9.50000000000005	9.49999999999998	4.99999999999997	0.499999999999984	5.00000000000003	5	0.499999999999984	-0.0541704672286406	0.500000000000047	9.50000000000005	5.00000000000003	0.500000000000047	5.00000000000009
1	1	1	1	1	1	1	1	1	1	1	1	1	1	1	1	14	9.49999999999998	5	9.50000000000005	9.49999999999998	4.99999999999997	0.499999999999984	5.00000000000003	5	0.499999999999984	-0.0473096739265306	0.500000000000047	9.50000000000005	5.00000000000003	0.500000000000047	5.00000000000009
1	1	1	1	1	1	1	1	1	1	1	1	1	1	1	1	14	9.49999999999998	5	9.50000000000005	9.49999999999998	4.99999999999997	0.499999999999984	5.00000000000003	5	0.499999999999984	-0.00393450179951563	0.500000000000047	9.50000000000005	5.00000000000003	0.500000000000047	5.00000000000009
1	1	1	1	1	1	1	1	1	1	1	1	1	1	1	1	14	9.49999999999998	5	9.50000000000005	9.49999999999998	4.99999999999997	0.499999999999984	5.00000000000003	5	0.499999999999984	-0.00608193764812005	0.500000000000047	9.50000000000005	5.00000000000003	0.500000000000047	5.00000000000009
1	1	1	1	1	1	1	1	1	1	1	1	1	1	1	1	14	9.49999999999998	5	9.50000000000005	9.49999999999998	4.99999999999997	0.499999999999984	5.00000000000003	5	0.499999999999984	-0.0596599742129021	0.500000000000047	9.50000000000005	5.00000000000003	0.500000000000047	5.00000000000009
1	1	1	1	1	1	1	1	1	1	1	1	1	1	1	1	14	9.49999999999998	5	9.50000000000005	9.49999999999998	4.99999999999997	0.499999999999984	5.00000000000003	5	0.499999999999984	-0.0994226099382273	0.500000000000047	9.50000000000005	5.00000000000003	0.500000000000047	5.00000000000009
1	1	1	1	1	1	1	1	1	1	1	1	1	1	1	1	14	9.49999999999998	5	9.50000000000005	9.49999999999998	4.99999999999997	0.499999999999984	5.00000000000003	5	0.499999999999984	-0.0511917677743004	0.500000000000047	9.50000000000005	5.00000000000003	0.500000000000047	5.00000000000009
1	1	1	1	1	1	1	1	1	1	1	1	1	1	1	1	14	9.49999999999998	5	9.50000000000005	9.49999999999998	4.99999999999997	0.499999999999984	5.00000000000003	5	0.499999999999984	-0.0738578358573405	0.500000000000047	9.50000000000005	5.00000000000003	0.500000000000047	5.00000000000009
1	1	1	1	1	1	1	1	1	1	1	1	1	1	1	1	14	9.49999999999998	5	9.50000000000005	9.49999999999998	4.99999999999997	0.499999999999984	5.00000000000003	5	0.499999999999984	-7.73478953116082	0.500000000000047	9.50000000000005	5.00000000000003	0.500000000000047	5.00000000000009
1	1	1	1	1	1	1	1	1	1	1	1	1	1	1	1	14	9.49999999999998	5	9.50000000000004	9.49999999999998	4.99999999999997	0.499999999999984	5.00000000000003	5	0.499999999999984	-4.15046257804735	0.500000000000047	9.50000000000004	5.00000000000003	0.500000000000047	5.00000000000009
1	1	1	1	1	1	1	1	1	1	1	1	1	1	1	1	14	9.49999999999998	5	9.50000000000004	9.49999999999998	4.99999999999997	0.499999999999984	5.00000000000003	5	0.499999999999984	-0.230992540310449	0.500000000000047	9.50000000000004	5.00000000000003	0.500000000000047	5.00000000000009
1	1	1	1	1	1	1	1	1	1	1	1	1	1	1	1	14	9.49999999999998	5	9.50000000000004	9.49999999999998	4.99999999999997	0.499999999999984	5.00000000000003	5	0.499999999999984	-0.0739583094295241	0.500000000000047	9.50000000000004	5.00000000000003	0.500000000000047	5.00000000000009
1	1	1	1	1	1	1	1	1	1	1	1	1	1	1	1	14	9.49999999999998	5	9.50000000000004	9.49999999999998	4.99999999999997	0.499999999999984	5.00000000000003	5	0.499999999999984	-0.00923820206770089	0.500000000000047	9.50000000000004	5.00000000000003	0.500000000000047	5.00000000000009
1	1	1	1	1	1	1	1	1	1	1	1	1	1	1	1	14	9.49999999999998	5	9.50000000000004	9.49999999999998	4.99999999999997	0.499999999999984	5.00000000000003	5	0.499999999999984	-0.0978697481927811	0.500000000000047	9.50000000000004	5.00000000000003	0.500000000000047	5.00000000000009
1	1	1	1	1	1	1	1	1	1	1	1	1	1	1	1	14	9.49999999999998	5	9.50000000000004	9.49999999999998	4.99999999999997	0.499999999999984	5.00000000000003	5	0.499999999999984	-0.0750553386264299	0.500000000000047	9.50000000000004	5.00000000000003	0.500000000000047	5.00000000000009
1	1	1	1	1	1	1	1	1	1	1	1	1	1	1	1	14	9.49999999999998	5	9.50000000000004	9.49999999999998	4.99999999999997	0.499999999999984	5.00000000000003	5	0.499999999999984	-0.0824960894899222	0.500000000000047	9.50000000000004	5.00000000000003	0.500000000000047	5.00000000000009
1	1	1	1	1	1	1	1	1	1	1	1	1	1	1	1	14	9.49999999999998	5	9.50000000000005	9.49999999999998	4.99999999999997	0.499999999999984	5.00000000000003	5	0.499999999999984	-6.48413778282814	0.500000000000047	9.50000000000005	5.00000000000003	0.500000000000047	5.00000000000009
1	1	1	1	1	1	1	1	1	1	1	1	1	1	1	1	14.0000000002045	9.50000000071364	5.00000000051773	9.50000000071371	9.50000000071364	5.00000000051769	0.499999999999984	5.00000000051776	5.00000000010223	0.49999999999837	-3.8870236141574	0.499999999998826	9.50000000071371	5.00000000051776	0.499999999990416	5.00000000051782
1	1	1	1	1	1	1	1	1	1	1	1	1	1	1	1	14	9.49999999999999	5	9.50000000000006	9.49999999999999	4.99999999999997	0.499999999999984	5.00000000000004	5	0.499999999999984	-0.154255220538969	0.500000000000046	9.50000000000006	5.00000000000004	0.500000000000046	5.0000000000001
1	1	1	1	1	1	1	1	1	1	1	1	1	1	1	1	14	9.49999999999999	5	9.50000000000006	9.49999999999999	4.99999999999997	0.499999999999984	5.00000000000004	5	0.499999999999984	-0.0415862223007055	0.500000000000046	9.50000000000006	5.00000000000004	0.500000000000046	5.0000000000001
1	1	1	1	1	1	1	1	1	1	1	1	1	1	1	1	14	9.49999999999999	5	9.50000000000006	9.49999999999999	4.99999999999997	0.499999999999984	5.00000000000004	5	0.499999999999984	-0.125553054563493	0.500000000000046	9.50000000000006	5.00000000000004	0.500000000000046	5.0000000000001
1	1	1	1	1	1	1	1	1	1	1	1	1	1	1	1	14	9.49999999999999	5	9.50000000000006	9.49999999999999	4.99999999999997	0.499999999999984	5.00000000000004	5	0.499999999999984	-0.00191252993001749	0.500000000000046	9.50000000000006	5.00000000000004	0.500000000000046	5.0000000000001
1	1	1	1	1	1	1	1	1	1	1	1	1	1	1	1	14	9.49999999999999	5	9.50000000000006	9.49999999999999	4.99999999999997	0.499999999999984	5.00000000000004	5	0.499999999999984	-0.0386669307301251	0.500000000000046	9.50000000000006	5.00000000000004	0.500000000000046	5.0000000000001
1	1	1	1	1	1	1	1	1	1	1	1	1	1	1	1	14	9.49999999999999	5	9.50000000000006	9.49999999999999	4.99999999999997	0.499999999999984	5.00000000000004	5	0.499999999999984	-0.110884837457571	0.500000000000046	9.50000000000006	5.00000000000004	0.500000000000046	5.0000000000001
1	1	1	1	1	1	1	1	1	1	1	1	1	1	1	1	14	9.49999999999999	5	9.50000000000006	9.49999999999999	4.99999999999997	0.499999999999984	5.00000000000004	5	0.499999999999984	-0.0469547992604819	0.500000000000046	9.50000000000006	5.00000000000004	0.500000000000046	5.0000000000001
1	1	1	1	1	1	1	1	1	1	1	1	1	1	1	1	14	9.49999999999999	5	9.50000000000006	9.49999999999999	4.99999999999997	0.499999999999984	5.00000000000004	5	0.499999999999984	-0.100131516946638	0.500000000000046	9.50000000000006	5.00000000000004	0.500000000000046	5.0000000000001
1	1	1	1	1	1	1	1	1	1	1	1	1	1	1	1	14	9.49999999999999	5	9.50000000000006	9.49999999999999	4.99999999999997	0.499999999999984	5.00000000000004	5	0.499999999999984	-0.0992438666977975	0.500000000000046	9.50000000000006	5.00000000000004	0.500000000000046	5.0000000000001
1	1	1	1	1	1	1	1	1	1	1	1	1	1	1	1	14	9.49999999999999	5	9.50000000000006	9.49999999999999	4.99999999999997	0.499999999999984	5.00000000000004	5	0.499999999999984	-0.0498208397312973	0.500000000000046	9.50000000000006	5.00000000000004	0.500000000000046	5.0000000000001
1	1	1	1	1	1	1	1	1	1	1	1	1	1	1	1	14	9.49999999999999	5	9.50000000000006	9.49999999999999	4.99999999999997	0.499999999999984	5.00000000000004	5	0.499999999999984	-0.00613153454473965	0.500000000000046	9.50000000000006	5.00000000000004	0.500000000000046	5.0000000000001
1	1	1	1	1	1	1	1	1	1	1	1	1	1	1	1	14	9.49999999999999	5	9.50000000000006	9.49999999999999	4.99999999999997	0.499999999999984	5.00000000000004	5	0.499999999999984	-0.0586225770501139	0.500000000000046	9.50000000000006	5.00000000000004	0.500000000000046	5.0000000000001
1	1	1	1	1	1	1	1	1	1	1	1	1	1	1	1	14	9.49999999999999	5	9.50000000000006	9.49999999999999	4.99999999999997	0.499999999999984	5.00000000000004	5	0.499999999999984	-0.0242621342352649	0.500000000000046	9.50000000000006	5.00000000000004	0.500000000000046	5.0000000000001
1	1	1	1	1	1	1	1	1	1	1	1	1	1	1	1	14	9.49999999999998	5	9.50000000000005	9.49999999999998	4.99999999999997	0.499999999999984	5.00000000000003	5	0.499999999999984	-6.78592052255685	0.500000000000047	9.50000000000005	5.00000000000003	0.500000000000047	5.00000000000009
1	1	1	1	1	1	1	1	1	1	1	1	1	1	1	1	14.0000000014156	9.50000000206857	4.99999999952586	9.50000000206864	9.50000000206857	4.99999999952583	0.499999999999984	4.99999999952589	5.00000000070778	0.500000000006526	-3.7864287721729	0.500000000007576	9.50000000206864	4.99999999952589	0.500000000042847	4.99999999952596
1	1	1	1	1	1	1	1	1	1	1	1	1	1	1	1	14	9.49999999999999	5	9.50000000000005	9.49999999999999	4.99999999999997	0.499999999999984	5.00000000000003	5	0.499999999999985	-0.220065774035677	0.500000000000047	9.50000000000005	5.00000000000003	0.500000000000047	5.00000000000009
1	1	1	1	1	1	1	1	1	1	1	1	1	1	1	1	14	9.49999999999999	5	9.50000000000005	9.49999999999999	4.99999999999997	0.499999999999984	5.00000000000003	5	0.499999999999985	-0.0687598032468636	0.500000000000047	9.50000000000005	5.00000000000003	0.500000000000047	5.00000000000009
1	1	1	1	1	1	1	1	1	1	1	1	1	1	1	1	14	9.49999999999999	5	9.50000000000005	9.49999999999999	4.99999999999997	0.499999999999984	5.00000000000003	5	0.499999999999985	-0.0476683057302606	0.500000000000047	9.50000000000005	5.00000000000003	0.500000000000047	5.00000000000009
1	1	1	1	1	1	1	1	1	1	1	1	1	1	1	1	14	9.49999999999999	5	9.50000000000005	9.49999999999999	4.99999999999997	0.499999999999984	5.00000000000003	5	0.499999999999985	-0.0362312869603348	0.500000000000047	9.50000000000005	5.00000000000003	0.500000000000047	5.00000000000009
1	1	1	1	1	1	1	1	1	1	1	1	1	1	1	1	14	9.49999999999999	5	9.50000000000005	9.49999999999999	4.99999999999997	0.499999999999984	5.00000000000003	5	0.499999999999985	-0.097103933635264	0.500000000000047	9.50000000000005	5.00000000000003	0.500000000000047	5.00000000000009
1	1	1	1	1	1	1	1	1	1	1	1	1	1	1	1	14	9.49999999999999	5	9.50000000000005	9.49999999999999	4.99999999999997	0.499999999999984	5.00000000000003	5	0.499999999999985	-0.0142750272503784	0.500000000000047	9.50000000000005	5.00000000000003	0.500000000000047	5.00000000000009
1	1	1	1	1	1	1	1	1	1	1	1	1	1	1	1	14	9.49999999999999	5	9.50000000000005	9.49999999999999	4.99999999999997	0.499999999999984	5.00000000000003	5	0.499999999999985	-0.0873284058509472	0.500000000000047	9.50000000000005	5.00000000000003	0.500000000000047	5.00000000000009
1	1	1	1	1	1	1	1	1	1	1	1	1	1	1	1	14	9.49999999999999	5	9.50000000000005	9.49999999999999	4.99999999999997	0.499999999999984	5.00000000000003	5	0.499999999999985	-0.0443523985786858	0.500000000000047	9.50000000000005	5.00000000000003	0.500000000000047	5.00000000000009
1	1	1	1	1	1	1	1	1	1	1	1	1	1	1	1	14	9.49999999999999	5	9.50000000000005	9.49999999999999	4.99999999999997	0.499999999999984	5.00000000000003	5	0.499999999999985	-0.0068808347157463	0.500000000000047	9.50000000000005	5.00000000000003	0.500000000000047	5.00000000000009
1	1	1	1	1	1	1	1	1	1	1	1	1	1	1	1	14	9.49999999999999	5	9.50000000000005	9.49999999999999	4.99999999999997	0.499999999999984	5.00000000000003	5	0.499999999999985	-0.0775184546569633	0.500000000000047	9.50000000000005	5.00000000000003	0.500000000000047	5.00000000000009
1	1	1	1	1	1	1	1	1	1	1	1	1	1	1	1	14	9.49999999999999	5	9.50000000000005	9.49999999999999	4.99999999999997	0.499999999999984	5.00000000000003	5	0.499999999999985	-0.0689191865412439	0.500000000000047	9.50000000000005	5.00000000000003	0.500000000000047	5.00000000000009
1	1	1	1	1	1	1	1	1	1	1	1	1	1	1	1	14	9.49999999999999	5	9.50000000000005	9.49999999999999	4.99999999999997	0.499999999999984	5.00000000000003	5	0.499999999999985	-0.111666795264882	0.500000000000047	9.50000000000005	5.00000000000003	0.500000000000047	5.00000000000009
1	1	1	1	1	1	1	1	1	1	1	1	1	1	1	1	14	9.49999999999999	5	9.50000000000005	9.49999999999999	4.99999999999997	0.499999999999984	5.00000000000003	5	0.499999999999985	-0.0699730004949638	0.500000000000047	9.50000000000005	5.00000000000003	0.500000000000047	5.00000000000009
1	1	1	1	1	1	1	1	1	1	1	1	1	1	1	1	14	9.49999999999999	5	9.50000000000005	9.49999999999999	4.99999999999997	0.499999999999984	5.00000000000003	5	0.499999999999985	-0.0768139481815305	0.500000000000047	9.50000000000005	5.00000000000003	0.500000000000047	5.00000000000009
1	1	1	1	1	1	1	1	1	1	1	1	1	1	1	1	14	9.49999999999999	5	9.50000000000005	9.49999999999999	4.99999999999997	0.499999999999984	5.00000000000003	5	0.499999999999985	-0.0883628709582141	0.500000000000047	9.50000000000005	5.00000000000003	0.500000000000047	5.00000000000009
1	1	1	1	1	1	1	1	1	1	1	1	1	1	1	1	14	9.49999999999999	5	9.50000000000005	9.49999999999999	4.99999999999997	0.499999999999984	5.00000000000003	5	0.499999999999985	-0.108563232348957	0.500000000000047	9.50000000000005	5.00000000000003	0.500000000000047	5.00000000000009
1	1	1	1	1	1	1	1	1	1	1	1	1	1	1	1	14	9.49999999999999	5	9.50000000000005	9.49999999999999	4.99999999999997	0.499999999999984	5.00000000000003	5	0.499999999999985	-0.0100648728676813	0.500000000000047	9.50000000000005	5.00000000000003	0.500000000000047	5.00000000000009
1	1	1	1	1	1	1	1	1	1	1	1	1	1	1	1	14	9.49999999999999	5	9.50000000000005	9.49999999999999	4.99999999999997	0.499999999999984	5.00000000000003	5	0.499999999999985	-0.0870377528268315	0.500000000000047	9.50000000000005	5.00000000000003	0.500000000000047	5.00000000000009
1	1	1	1	1	1	1	1	1	1	1	1	1	1	1	1	14	9.49999999999999	5	9.50000000000005	9.49999999999999	4.99999999999997	0.499999999999984	5.00000000000003	5	0.499999999999985	-0.000880213618299334	0.500000000000047	9.50000000000005	5.00000000000003	0.500000000000047	5.00000000000009
1	1	1	1	1	1	1	1	1	1	1	1	1	1	1	1	14	9.49999999999999	5	9.50000000000005	9.49999999999999	4.99999999999997	0.499999999999984	5.00000000000003	5	0.499999999999985	-0.0554874739019793	0.500000000000047	9.50000000000005	5.00000000000003	0.500000000000047	5.00000000000009
1	1	1	1	1	1	1	1	1	1	1	1	1	1	1	1	14	9.49999999999999	5	9.50000000000005	9.49999999999999	4.99999999999997	0.499999999999984	5.00000000000003	5	0.499999999999985	-0.0483461871424316	0.500000000000047