1	1.05001680340204	1.08843959710998	1.05001680340204	1.05001680340242	1.08843959711014	1.11725879286214	1.08843959711014	1.0884395971103	1.1172587928619	1.15155312149133	1.1172587928619	1.05001680340242	1.08843959711014	1.11725879286214	1.08843959711014	0.636978221152541	0.531107279360747	0.479372952245625	0.531107279360748	0.531107279359096	0.479372952244642	0.466923410466642	0.479372952244642	0.479372952243639	0.466923410464254	0.448806560223236	0.466923410464255	0.531107279359097	0.479372952244642	0.466923410466643	0.479372952244644
1	1.0640624006402	1.10070581622256	1.0640624006402	1.0640624006371	1.10070581622009	1.14397960535116	1.10070581622009	1.1007058162176	1.14397960534783	1.17253506344259	1.14397960534783	1.0640624006371	1.10070581622009	1.14397960535116	1.10070581622009	0.69112817162694	0.565427497947643	0.483985677938289	0.565427497947645	0.565427497947173	0.483985677937605	0.490381719616962	0.483985677937602	0.48398567793688	0.490381719614611	0.455377920824831	0.490381719614612	0.565427497947174	0.483985677937603	0.490381719616963	0.483985677937607
1	1.07288695122912	1.1053078536748	1.07288695122912	1.07288695122448	1.1053078536715	1.15935805789422	1.1053078536715	1.10530785366818	1.15935805788929	1.18087284183955	1.15935805788929	1.07288695122448	1.1053078536715	1.15935805789422	1.1053078536715	0.723971776771746	0.587238356586673	0.487617229493502	0.587238356586674	0.587238356584641	0.487617229492907	0.506118370881094	0.487617229492903	0.487617229492265	0.506118370876991	0.460309169745037	0.506118370876992	0.587238356584642	0.487617229492904	0.506118370881095	0.487617229492909
1	1.07843258555904	1.1072568147035	1.07843258555904	1.07843258554852	1.10725681469623	1.16868452637057	1.10725681469623	1.10725681468893	1.16868452636063	1.1846133602145	1.16868452636063	1.07843258554852	1.10725681469623	1.16868452637057	1.10725681469623	0.743892430254828	0.601059237536017	0.49050254084419	0.601059237536018	0.601059237535779	0.49050254084267	0.51641878039284	0.490502540842669	0.49050254084109	0.516418780387435	0.463544870646881	0.516418780387436	0.60105923753578	0.490502540842669	0.516418780392841	0.490502540842673
1	1.08190700228854	1.10853023397532	1.08190700228854	1.08190700226688	1.10853023396465	1.17441298054602	1.10853023396465	1.10853023395395	1.17441298052384	1.18642672757939	1.17441298052384	1.08190700226688	1.10853023396465	1.17441298054602	1.10853023396465	0.755974917348638	0.609897208964707	0.494285389125922	0.609897208964709	0.609897208936424	0.494285389134461	0.522948245754153	0.49428538913446	0.494285389142909	0.522948245727186	0.46561582845092	0.522948245727187	0.609897208936426	0.49428538913446	0.522948245754154	0.494285389134463
1	1.08367535311209	1.11572701735015	1.08367535311209	1.08367535310203	1.11572701729031	1.17654472376896	1.11572701729031	1.11572701723012	1.17654472372522	1.18679152426399	1.17654472372522	1.08367535310203	1.11572701729031	1.17654472376896	1.11572701729031	0.763303316324528	0.615375071191161	0.532702051303823	0.615375071191163	0.615375071513691	0.532702051141703	0.525240413225326	0.532702051141702	0.532702050977817	0.525240413201777	0.467971564198886	0.525240413201778	0.615375071513692	0.532702051141702	0.525240413225327	0.532702051141705
1	1.08400107454774	1.12779611423359	1.08400107454774	1.08400107110874	1.12779611162691	1.17666436647044	1.1277961116269	1.12779610901952	1.17666436354702	1.19625841231708	1.17666436354702	1.08400107110874	1.1277961116269	1.17666436647044	1.12779611162691	0.767748214995462	0.617371245192324	0.56838317924906	0.617371245192326	0.617371244778522	0.568383180010848	0.528391221554955	0.568383180010839	0.568383180770627	0.528391219744343	0.499502706681617	0.528391219744344	0.617371244778524	0.568383180010839	0.528391221554955	0.568383180010849
1	1.08362810613006	1.13884559541066	1.08362810613006	1.08362810460811	1.13884559463584	1.17611540974591	1.13884559463583	1.13884559386022	1.17611540801489	1.21009664146415	1.17611540801489	1.08362810460811	1.13884559463583	1.17611540974591	1.13884559463584	0.77044418231799	0.617648718364294	0.589536156784228	0.617648718364295	0.61764871795711	0.589536157917695	0.529400430083538	0.589536157917688	0.58953615904946	0.529400428795793	0.519043618645068	0.529400428795794	0.617648717957111	0.589536157917688	0.529400430083538	0.589536157917697
1	1.08310843268752	1.14669265061531	1.08310843268752	1.0831084320157	1.14669265072248	1.17534470271675	1.14669265072247	1.14669265082892	1.17534470170045	1.22134095303511	1.17534470170045	1.0831084320157	1.14669265072247	1.17534470271675	1.14669265072248	0.77207936915546	0.617334399117327	0.602060919552331	0.617334399117328	0.617334398792035	0.602060921059898	0.529540929971867	0.602060921059893	0.602060922566108	0.529540929157303	0.531477143470171	0.529540929157304	0.617334398792037	0.602060921059893	0.529540929971868	0.602060921059899
1	1.08264442212348	1.15175832014518	1.08264442212348	1.08264442187243	1.15175832076622	1.17461748900606	1.15175832076622	1.15175832138665	1.17461748847064	1.22930916423394	1.17461748847064	1.08264442187243	1.15175832076622	1.17461748900606	1.15175832076622	0.773071160107334	0.616881070987894	0.609448660633327	0.616881070987896	0.616881070745429	0.609448662503149	0.529363369779052	0.609448662503146	0.609448664371922	0.529363369347718	0.539442347018534	0.529363369347719	0.61688107074543	0.609448662503146	0.529363369779053	0.60944866250315
1	1.0822861715195	1.15488403858721	1.0822861715195	1.08228617150604	1.15488403957066	1.17402731722418	1.15488403957066	1.15488404055363	1.17402731703505	1.23467716643347	1.17402731703505	1.08228617150604	1.15488403957066	1.17402731722418	1.15488403957066	0.773672711727517	0.61645808432655	0.613792552347401	0.616458084326552	0.616458084149377	0.613792554575909	0.529103049586528	0.613792554575908	0.613792556803621	0.529103049456289	0.544548235658985	0.529103049456289	0.616458084149379	0.613792554575908	0.529103049586528	0.613792554575911
1	1.08202805283854	1.15676818389695	1.08202805283854	1.08202805297965	1.15676818517937	1.17358321068807	1.15676818517937	1.15676818646143	1.17358321076127	1.23821476345617	1.17358321076127	1.08202805297965	1.15676818517937	1.17358321068807	1.15676818517937	0.774037571228795	0.616116033248917	0.616341601238162	0.616116033248919	0.616116033118651	0.616341603833968	0.52885413969079	0.616341603833969	0.616341606429175	0.528854139798774	0.54781850155185	0.528854139798774	0.616116033118653	0.616341603833969	0.528854139690791	0.616341603833969
1	1.08184909629359	1.15788982732777	1.08184909629359	1.08184909654937	1.15788982888559	1.17326315490386	1.15788982888559	1.15788983044313	1.17326315518557	1.24052159576955	1.17326315518557	1.08184909654937	1.15788982888559	1.17326315490386	1.15788982888559	0.77425886970396	0.61585833899636	0.617835876083943	0.615858338996362	0.615858338898155	0.617835879067815	0.528647992789502	0.617835879067815	0.617835882051235	0.52864799309154	0.549911358701184	0.528647993091541	0.615858338898157	0.617835879067815	0.528647992789503	0.617835879067816
1	1.08172790234516	1.15855311234365	1.08172790234516	1.08172790269603	1.15855311417447	1.17303863941993	1.15855311417447	1.15855311600508	1.17303863987635	1.24201764560856	1.17303863987635	1.08172790269603	1.15855311417447	1.17303863941993	1.15855311417447	0.774393094014304	0.615672179480373	0.618711528038765	0.615672179480375	0.615672179403241	0.61871153144254	0.528489168697079	0.61871153144254	0.618711534845977	0.528489169164362	0.551250106392372	0.528489169164363	0.615672179403243	0.61871153144254	0.52848916869708	0.618711531442542
1	1.08164707391667	1.15894400484952	1.08164707391667	1.08164707435382	1.15894400696426	1.17288395963822	1.15894400696426	1.15894400907884	1.17288396024958	1.24298495873847	1.17288396024958	1.08164707435382	1.15894400696426	1.17288395963822	1.15894400696426	0.774474505173792	0.615541368097939	0.619224717441658	0.61554136809794	0.615541368033997	0.619224721307233	0.528372008643693	0.619224721307233	0.619224725172553	0.528372009259335	0.552106381882269	0.528372009259335	0.615541368033998	0.619224721307233	0.528372008643694	0.619224721307235
1	1.08159373172641	1.15917400481251	1.08159373172641	1.08159373224745	1.15917400723183	1.17277874541136	1.15917400723183	1.15917400965102	1.17277874616817	1.24360931840824	1.17277874616817	1.08159373224745	1.15917400723183	1.17277874541136	1.15917400723182	0.774523883538004	0.615451229308998	0.619525601328172	0.615451229308999	0.615451229252629	0.619525605706902	0.528288051482267	0.619525605706902	0.61952561008544	0.528288052238526	0.552654147484265	0.528288052238526	0.615451229252631	0.619525605706902	0.528288051482267	0.619525605706904
1	1.08155879498922	1.15930926707959	1.08155879498922	1.08155879559252	1.15930926982298	1.17270785395178	1.15930926982298	1.15930927256629	1.1727078548489	1.24401190262962	1.1727078548489	1.08155879559252	1.15930926982298	1.17270785395178	1.15930926982298	0.774553833029779	0.615390011360529	0.619702116749412	0.615390011360531	0.615390011308013	0.619702121675704	0.528229117242318	0.619702121675703	0.619702126601847	0.528229118135337	0.553004667510659	0.528229118135337	0.615390011308015	0.619702121675703	0.528229117242319	0.619702121675705
1	1.08153604239159	1.15938882423548	1.08153604239159	1.08153604307985	1.1593888273272	1.17266043828215	1.1593888273272	1.15938883041885	1.17266043932052	1.24427132521288	1.17266043932052	1.08153604307985	1.1593888273272	1.17266043828215	1.1593888273272	0.774571998315742	0.615348895122377	0.619805749096378	0.615348895122379	0.615348895070969	0.619805754619661	0.528188383262222	0.61980575461966	0.619805760142829	0.528188384293538	0.553229057253237	0.528188384293539	0.615348895070971	0.61980575461966	0.528188383262223	0.619805754619663
1	1.08152128933072	1.15943564140507	1.08152128933072	1.08152129011012	1.15943564487803	1.17262890986863	1.15943564487802	1.15943564835093	1.17262891105459	1.24443843265098	1.17262891105459	1.08152129011012	1.15943564487802	1.17262890986862	1.15943564487802	0.774583016118822	0.615321521052744	0.619866644584624	0.615321521052746	0.615321521000338	0.619866650771035	0.528160563218984	0.619866650771034	0.619866656957357	0.5281605643952	0.553372765149719	0.528160564395201	0.615321521000339	0.619866650771034	0.528160563218984	0.619866650771037
1	1.08151175623045	1.15946321295835	1.08151175623045	1.08151175710938	1.15946321685374	1.17260804595637	1.15946321685374	1.15946322074908	1.17260804730045	1.24454605008884	1.17260804730045	1.08151175710938	1.15946321685374	1.17260804595637	1.15946321685374	0.774589698754184	0.615303423874736	0.619902461790101	0.615303423874737	0.615303423819639	0.619902468718379	0.528141742267317	0.619902468718377	0.619902475646581	0.528141743599137	0.553464841546753	0.528141743599138	0.615303423819641	0.619902468718377	0.528141742267318	0.61990246871838
1	1.08150561320998	1.15947946541474	1.08150561320998	1.08150561419871	1.15947946978129	1.17259429451909	1.15947946978129	1.1594794741478	1.17259429603545	1.24461534579823	1.17259429603545	1.08150561419871	1.15947946978129	1.17259429451909	1.15947946978129	0.774593751977369	0.615291528025247	0.619923550521956	0.615291528025248	0.61529152796603	0.619923558282064	0.528129106890524	0.619923558282063	0.61992356604211	0.528129108392194	0.553523861576304	0.528129108392195	0.615291527966031	0.619923558282063	0.528129106890525	0.619923558282065
1	1.08150166362771	1.15948905565886	1.08150166362771	1.08150166473863	1.1594890605533	1.17258526163757	1.1594890605533	1.15948906544771	1.172585263344	1.24465996173493	1.172585263344	1.08150166473862	1.1594890605533	1.17258526163757	1.1594890605533	0.774596210381439	0.615283745277571	0.619935981133432	0.615283745277573	0.615283745212938	0.619935989828927	0.528120677649038	0.619935989828927	0.619935998524367	0.528120679338305	0.553561707779643	0.528120679338305	0.615283745212939	0.619935989828927	0.528120677649039	0.619935989828929
1	1.08149912900768	1.1594947210124	1.08149912900768	1.08149913025512	1.15949472649954	1.17257934570622	1.15949472649953	1.15949473198665	1.17257934762388	1.24468868453186	1.17257934762388	1.08149913025512	1.15949472649953	1.17257934570622	1.15949472649953	0.774597701479653	0.615278673353116	0.619943316923724	0.615278673353118	0.615278673281843	0.619943326671382	0.528115083886048	0.619943326671383	0.619943336418993	0.528115085783987	0.553585985559825	0.528115085783988	0.615278673281845	0.619943326671383	0.528115083886048	0.619943326671384
1	1.08149750485618	1.15949807180799	1.08149750485618	1.08149750625667	1.15949807796156	1.1725754806773	1.15949807796156	1.15949808411511	1.17257548283095	1.24470717579388	1.17257548283095	1.08149750625667	1.15949807796156	1.1725754806773	1.15949807796156	0.774598605876616	0.615275378834614	0.619947651355509	0.615275378834615	0.615275378755483	0.619947662287631	0.528111388292996	0.619947662287631	0.619947673219712	0.528111390424181	0.55360156435946	0.528111390424182	0.615275378755485	0.619947662287631	0.528111388292997	0.619947662287632
1	1.08149646539456	1.15950005610322	1.08149646539456	1.0814964669673	1.15950006300759	1.1725729609943	1.15950006300759	1.15950006991194	1.17257296341276	1.24471907997498	1.17257296341276	1.0814964669673	1.15950006300759	1.1725729609943	1.15950006300759	0.774599154421034	0.615273244714295	0.619950215587171	0.615273244714297	0.615273244626026	0.619950227855518	0.528108955964128	0.619950227855518	0.61995024012383	0.5281089583571	0.553611563997017	0.528108958357101	0.615273244626027	0.619950227855518	0.528108955964129	0.61995022785552
1	1.08149580078996	1.15950123262893	1.08149580078996	1.08149580255675	1.1595012403801	1.17257132142835	1.1595012403801	1.15950124813126	1.17257132414466	1.24472674356318	1.17257132414466	1.08149580255675	1.1595012403801	1.17257132142835	1.1595012403801	0.774599487129838	0.615271865469836	0.619951734420659	0.615271865469838	0.615271865371061	0.619951748196985	0.528107360258014	0.619951748196985	0.61995176197328	0.528107362945483	0.553617984118298	0.528107362945484	0.615271865371063	0.619951748196985	0.528107360258014	0.619951748196987
1	1.08149537617692	1.15950193103348	1.08149537617692	1.08149537816283	1.15950193974127	1.17257025621225	1.15950193974127	1.15950194844904	1.17257025926441	1.24473167756155	1.17257025926441	1.08149537816283	1.15950193974127	1.17257025621225	1.15950193974127	0.774599688927578	0.615270975831667	0.619952635024273	0.615270975831668	0.615270975720892	0.619952650505231	0.528106316341954	0.61995265050523	0.61995266598616	0.528106319361492	0.553622106864667	0.528106319361492	0.615270975720894	0.61995265050523	0.528106316341954	0.619952650505232
1	1.08149510499428	1.15950234606419	1.08149510499428	1.08149510722798	1.15950235585545	1.17256956471019	1.15950235585545	1.15950236564671	1.17256956814205	1.24473485633886	1.17256956814205	1.08149510722798	1.15950235585545	1.17256956471019	1.15950235585545	0.774599811323235	0.615270402970734	0.61995316944239	0.615270402970736	0.615270402846337	0.619953186853904	0.528105635175965	0.619953186853904	0.619953204265393	0.52810563857078	0.553624754301782	0.528105638570781	0.615270402846339	0.619953186853904	0.528105635175966	0.619953186853905
1	1.08149493200291	1.15950259268491	1.08149493200291	1.08149493451849	1.15950260370453	1.17256911739735	1.15950260370453	1.15950261472414	1.17256912125961	1.24473689876026	1.17256912125961	1.08149493451849	1.15950260370453	1.17256911739735	1.15950260370453	0.774599885560663	0.615270034550995	0.619953486629676	0.615270034550997	0.615270034410967	0.619953506235062	0.528105191303138	0.619953506235063	0.619953525840427	0.528105195123418	0.553626455798588	0.528105195123419	0.615270034410969	0.619953506235063	0.528105191303139	0.619953506235064
1	1.08149482163019	1.15950273918418	1.08149482163019	1.08149482446757	1.15950275160229	1.17256882805205	1.15950275160229	1.1595027640204	1.17256883240412	1.24473821248037	1.17256883240412	1.08149482446757	1.15950275160229	1.17256882805205	1.15950275160229	0.77459993058837	0.615269797889633	0.619953674640331	0.615269797889634	0.615269797731662	0.619953696748787	0.528104902591418	0.619953696748787	0.619953718857223	0.528104906895822	0.553627549343031	0.528104906895822	0.615269797731664	0.619953696748787	0.528104902591419	0.619953696748789
1	1.08149475118512	1.15950282600586	1.08149475118512	1.08149475438938	1.1595028400181	1.17256864095076	1.15950284001809	1.15950285403032	1.17256864586057	1.24473905784418	1.17256864586057	1.08149475438938	1.15950284001809	1.17256864095076	1.15950284001809	0.774599957899316	0.615269646015673	0.619953785634353	0.615269646015675	0.615269645837156	0.619953810597662	0.528104715067008	0.619953810597662	0.619953835560954	0.528104719922753	0.553628252208247	0.528104719922754	0.615269645837158	0.619953810597662	0.528104715067009	0.619953810597663
1	1.08149470619038	1.15950287714681	1.08149470619038	1.08149470981091	1.15950289297199	1.17256851999441	1.15950289297199	1.15950290879715	1.17256852553784	1.24473960190658	1.17256852553784	1.08149470981091	1.15950289297199	1.17256851999441	1.15950289297199	0.7745999744644	0.615269548633772	0.619953850553893	0.615269548633773	0.615269548431867	0.619953878760042	0.528104593384834	0.619953878760044	0.619953906966176	0.528104598867108	0.553628704007885	0.528104598867109	0.615269548431869	0.619953878760043	0.528104593384834	0.619953878760043
1	1.08149467740944	1.15950290686503	1.08149467740943	1.08149468150109	1.15950292474639	1.17256844179039	1.15950292474639	1.15950294262774	1.17256844805214	1.24473995206846	1.17256844805214	1.08149468150109	1.15950292474639	1.17256844179039	1.15950292474639	0.774599984511728	0.615269486236258	0.619953887769012	0.615269486236259	0.615269486007838	0.619953919648218	0.528104514461536	0.619953919648221	0.619953951527412	0.528104520654275	0.5536289944482	0.528104520654275	0.615269486007839	0.619953919648221	0.528104514461537	0.61995391964822
