1	1.00601274689203	1.01117376601253	1.00601274689203	1.00602540343593	1.01110189773954	1.01524450724412	1.0108133338729	1.01098822561192	1.01543711481726	1.01932112930357	1.01543711481726	1.00602540343593	1.0108133338729	1.01524450724412	1.01110189773954	0.373967553947539	0.32838956750596	0.314364608681553	0.328389567505961	0.325113157889927	0.311371018742161	0.295974482867334	0.306451289513604	0.307707982540078	0.297111329768796	0.286744350718129	0.297111329768796	0.325113157889928	0.306451289513604	0.295974482867334	0.311371018742162
1	1.01953414912737	1.03640163634919	1.01953414912737	1.01914479460502	1.03438981159978	1.04694958662271	1.03298931895254	1.03266978625022	1.04724786733546	1.05742004795917	1.04724786733546	1.01914479460502	1.03298931895254	1.04694958662271	1.03438981159978	0.511542528604483	0.442367464435891	0.428939393062755	0.442367464435891	0.439127671766332	0.414763699172145	0.396300206138351	0.40527586727863	0.402799998180423	0.397953271910415	0.378844488686673	0.397953271910416	0.439127671766333	0.40527586727863	0.396300206138352	0.414763699172146
1	1.02670164673062	1.05011170517167	1.02670164673062	1.02623951623056	1.04583062377962	1.06339329034983	1.04395518098785	1.04267122663552	1.06363763694734	1.07562730592715	1.06363763694734	1.02623951623056	1.04395518098785	1.06339329034983	1.04583062377962	0.562153533340583	0.485315267388344	0.473030318464892	0.485315267388345	0.483087670545018	0.45029542688278	0.435022858000279	0.441000439439054	0.433596095626983	0.436190295651809	0.411115611702419	0.436190295651809	0.483087670545019	0.441000439439054	0.435022858000279	0.450295426882781
1	1.02937590084845	1.05533259713121	1.02937590084845	1.02948238379406	1.04999415836856	1.06993142313626	1.04826698768043	1.04654422918329	1.07052201381201	1.08237691435769	1.07052201381201	1.02948238379406	1.04826698768043	1.06993142313626	1.04999415836856	0.580772281424576	0.500981219407746	0.48946036787795	0.500981219407747	0.49950061455362	0.461761519509756	0.449558606785693	0.454184178514955	0.443426851531172	0.450619554233421	0.422352157815594	0.450619554233421	0.499500614553621	0.454184178514955	0.449558606785693	0.461761519509757
1	1.03017508584668	1.05696851719469	1.03017508584668	1.03093458356965	1.05130725736339	1.07224719416287	1.04992258264554	1.0480978592482	1.07334272211112	1.08473505779403	1.07334272211112	1.03093458356965	1.04992258264554	1.07224719416287	1.05130725736339	0.587621736109138	0.506562696536459	0.495568416022473	0.50656269653646	0.505502639456049	0.465089266260669	0.45479272103602	0.459309165119481	0.446490558186185	0.456100337999465	0.426263589152248	0.456100337999465	0.50550263945605	0.459309165119481	0.454792721036021	0.465089266260671
1	1.03037084376273	1.05742839495201	1.03037084376273	1.03156429518075	1.05164736313357	1.07300979710569	1.05059786814528	1.0487263130962	1.07449798190339	1.08555330398597	1.07449798190339	1.03156429518075	1.05059786814528	1.07300979710569	1.05164736313357	0.5901415096902	0.508526403639859	0.497874594691406	0.50852640363986	0.507682628198141	0.465792320232798	0.456610018089963	0.46150207519204	0.447403962725039	0.458211704495526	0.427636824952733	0.458211704495526	0.507682628198142	0.46150207519204	0.456610018089963	0.465792320232799
1	1.03040261706101	1.05754702810725	1.03040261706101	1.03183014216304	1.0516835480292	1.07324323580041	1.05090686433416	1.04897743407556	1.07497293640045	1.08583987919947	1.07497293640045	1.03183014216304	1.05090686433416	1.07324323580041	1.0516835480292	0.591068482655161	0.509211831378561	0.498766033984899	0.509211831378562	0.508474445343605	0.46571768134534	0.457218393548322	0.462571227658562	0.447650920162244	0.459037874193796	0.428124599051572	0.459037874193797	0.508474445343606	0.462571227658562	0.457218393548323	0.465717681345342
1	1.03039802523275	1.05757343623218	1.03039802523274	1.03194123005266	1.05163829020366	1.07330666821366	1.05106950241746	1.04907681813008	1.07516978541891	1.08594168544349	1.07516978541891	1.03194123005266	1.05106950241746	1.07330666821366	1.05163829020366	0.591409496998958	0.509449408407809	0.499120491905395	0.50944940840781	0.508762926028636	0.465463463495425	0.45741262006594	0.463168421501363	0.447701759126922	0.459366334462406	0.428300091506527	0.459366334462406	0.508762926028637	0.463168421501363	0.457412620065941	0.465463463495426
1	1.03038940215814	1.0575769573587	1.03038940215814	1.03198783020696	1.05158120727551	1.07331944924114	1.05116663559212	1.0491160556695	1.0752523578861	1.08597843976795	1.0752523578861	1.03198783020696	1.05116663559212	1.07331944924113	1.05158120727551	0.59153494921925	0.509531088273923	0.499265958970922	0.509531088273924	0.508868521991914	0.465210333637013	0.45747001620046	0.463540581940693	0.44770142125624	0.459499079555747	0.428364132999011	0.459499079555748	0.508868521991915	0.463540581940693	0.457470016200461	0.465210333637015
1	1.03038311893702	1.05757585968999	1.03038311893702	1.03200763412148	1.05153154873515	1.0733191575506	1.05123004163202	1.04913158266357	1.07528751111639	1.08599194751442	1.07528751111639	1.03200763412148	1.05123004163202	1.0733191575506	1.05153154873515	0.591581100531425	0.50955886494288	0.499327687914871	0.509558864942881	0.508907409858476	0.465002977130555	0.457484493045522	0.46378963269416	0.447691875971812	0.459553657342043	0.428387886262512	0.459553657342043	0.508907409858477	0.46378963269416	0.457484493045523	0.465002977130557
