1	1.05759285224154	1.09900373686511	1.05759285224154	1.05759285223198	1.09632027586427	1.13603183985386	1.09632027586378	1.09900373684948	1.13603183984509	1.18752406121736	1.13603183984509	1.05759285223198	1.09632027586378	1.13603183985386	1.09632027586427	0.688012133253699	0.582914981116224	0.533748177991834	0.582914981116225	0.582914981115439	0.519826377866667	0.515173942494376	0.519826377864095	0.533748177994004	0.515173942489184	0.529460562338285	0.515173942489185	0.58291498111544	0.519826377864095	0.515173942494377	0.519826377866669
1	1.07327489900574	1.12513855125133	1.07327489900574	1.07327489900193	1.1148787817084	1.16580021746655	1.11487878170802	1.1251385512459	1.16580021746164	1.22966727684851	1.16580021746164	1.07327489900193	1.11487878170802	1.16580021746655	1.1148787817084	0.74650051122835	0.621712051998112	0.584255670310787	0.621712051998114	0.621712051997188	0.544338554207554	0.542469750074288	0.544338554207797	0.584255670311372	0.542469750070484	0.561191444236352	0.542469750070485	0.621712051997189	0.544338554207797	0.542469750074288	0.544338554207556
1	1.08249339430231	1.14317101219895	1.08249339430231	1.08249339430038	1.12703835468128	1.18175086139477	1.12703835468117	1.14317101219645	1.18175086139152	1.25302472713929	1.18175086139152	1.08249339430038	1.12703835468117	1.18175086139477	1.12703835468128	0.781975505701567	0.645424186012507	0.613083063216857	0.645424186012509	0.645424186011735	0.571472079250887	0.560365078826121	0.571472079250847	0.613083063217112	0.560365078823322	0.582429654856146	0.560365078823323	0.645424186011736	0.571472079250847	0.560365078826122	0.571472079250889
1	1.08782904805079	1.15375108533163	1.08782904805079	1.08782904804993	1.13647233528539	1.19070261622939	1.13647233528534	1.1537510853307	1.19070261622735	1.26661862630034	1.19070261622735	1.08782904804993	1.13647233528534	1.19070261622939	1.13647233528539	0.803492177524713	0.659748907856143	0.627789418741591	0.659748907856145	0.659748907855609	0.591447909005292	0.571708226430003	0.591447909005265	0.627789418741655	0.571708226428111	0.596067523536464	0.571708226428112	0.65974890785561	0.591447909005265	0.571708226430003	0.591447909005295
1	1.09090952855988	1.15920219717833	1.09090952855988	1.09090952855939	1.14349681872557	1.19591744716128	1.14349681872555	1.15920219717783	1.19591744715991	1.2747810057169	1.19591744715991	1.09090952855939	1.14349681872555	1.19591744716128	1.14349681872557	0.816542698681323	0.668326542087982	0.634712250810866	0.668326542087983	0.66832654208762	0.605127543899379	0.578802713658045	0.605127543899357	0.634712250810893	0.578802713656752	0.604667659833844	0.578802713656753	0.668326542087622	0.605127543899357	0.578802713658045	0.605127543899381
1	1.09268831535295	1.16163994329683	1.09268831535295	1.09268831535264	1.14850018398832	1.19903293271706	1.1485001839883	1.16163994329651	1.19903293271613	1.27976569551676	1.19903293271613	1.09268831535264	1.1485001839883	1.19903293271706	1.14850018398832	0.824458239885396	0.673433757103005	0.637527180750581	0.673433757103007	0.673433757102764	0.614281801011818	0.583212332822505	0.6142818010118	0.637527180750596	0.583212332821622	0.610043034231264	0.583212332821623	0.673433757102765	0.6142818010118	0.583212332822506	0.61428180101182
1	1.09371616801908	1.16246923431775	1.09371616801908	1.09371616801887	1.15196630224055	1.20092436554942	1.15196630224054	1.16246923431754	1.20092436554878	1.282837652366	1.20092436554878	1.09371616801887	1.15196630224054	1.20092436554942	1.15196630224055	0.829259258339744	0.676463538625982	0.63826896512734	0.676463538625984	0.67646353862582	0.620359862322227	0.585944365898898	0.620359862322214	0.638268965127351	0.585944365898294	0.613388066857012	0.585944365898295	0.676463538625822	0.620359862322214	0.585944365898898	0.620359862322229
1	1.09431042658338	1.16251002755418	1.09431042658338	1.09431042658324	1.15433255759315	1.2020841795365	1.15433255759314	1.16251002755403	1.20208417953606	1.28474089863897	1.20208417953606	1.09431042658324	1.15433255759314	1.2020841795365	1.15433255759314	0.832171223243876	0.678256491886978	0.638034848015345	0.67825649188698	0.67825649188687	0.624393095075483	0.587634109988257	0.624393095075475	0.638034848015352	0.587634109987845	0.615465552460725	0.587634109987846	0.678256491886872	0.624393095075476	0.587634109988258	0.624393095075485
1	1.0946540540076	1.16220754018335	1.0946540540076	1.0946540540075	1.15593870739209	1.20279974097595	1.15593870739208	1.16220754018325	1.20279974097565	1.28592423295666	1.20279974097565	1.0946540540075	1.15593870739208	1.20279974097595	1.15593870739208	0.833937419245679	0.679315629375661	0.637400836468394	0.679315629375662	0.679315629375587	0.627079499867073	0.588678238174168	0.627079499867067	0.637400836468401	0.588678238173887	0.616755093955375	0.588678238173888	0.679315629375588	0.627079499867067	0.588678238174169	0.627079499867075
1	1.09485269123753	1.16179032327748	1.09485269123753	1.09485269123746	1.15702911558009	1.20324287828448	1.15702911558008	1.16179032327741	1.20324287828427	1.28666196351086	1.20324287828427	1.09485269123746	1.15702911558008	1.20324287828448	1.15702911558009	0.835008671276636	0.679940400099477	0.636658068041549	0.679940400099479	0.679940400099427	0.628880627979291	0.589323125302738	0.628880627979287	0.636658068041555	0.589323125302544	0.617555780022581	0.589323125302545	0.679940400099429	0.628880627979287	0.589323125302739	0.628880627979293
1	1.09496742142499	1.16136832410201	1.09496742142499	1.09496742142495	1.15777241608421	1.20351794432139	1.1577724160842	1.16136832410196	1.20351794432125	1.28712296326775	1.20351794432125	1.09496742142494	1.1577724160842	1.20351794432139	1.15777241608421	0.835658418481265	0.680308488642289	0.635944450050336	0.680308488642291	0.680308488642257	0.630098402022533	0.58972135121767	0.63009840202253	0.635944450050343	0.589721351217537	0.618053342925574	0.589721351217538	0.680308488642259	0.63009840202253	0.589721351217671	0.630098402022535
1	1.09503360106293	1.16098900270313	1.09503360106292	1.09503360106289	1.15828244055318	1.20368893165503	1.15828244055318	1.16098900270309	1.20368893165493	1.28741165604441	1.20368893165493	1.09503360106289	1.15828244055318	1.20368893165503	1.15828244055318	0.836052510084797	0.680525097976827	0.635317211320582	0.680525097976828	0.680525097976806	0.630929609534257	0.58996725451552	0.630929609534253	0.635317211320587	0.589967254515432	0.618362897481928	0.589967254515432	0.680525097976808	0.630929609534253	0.589967254515521	0.630929609534259
1	1.09507170665353	1.16066814922926	1.09507170665353	1.09507170665351	1.1586352175559	1.20379531883052	1.15863521755589	1.16066814922924	1.20379531883045	1.28759281521643	1.20379531883045	1.09507170665351	1.15863521755589	1.20379531883052	1.15863521755589	0.836291538727429	0.680652417598771	0.634792550429824	0.680652417598773	0.680652417598758	0.631502653752051	0.590119111187356	0.631502653752049	0.634792550429829	0.590119111187298	0.618555748826695	0.590119111187298	0.68065241759876	0.631502653752049	0.590119111187356	0.631502653752053
1	1.09509359719851	1.16040637283739	1.09509359719851	1.09509359719849	1.15888136170015	1.2038615515049	1.15888136170015	1.16040637283738	1.20386155150485	1.28770672113928	1.20386155150485	1.09509359719849	1.15888136170015	1.2038615515049	1.15888136170015	0.83643651693016	0.680727163469432	0.634367053812748	0.680727163469433	0.680727163469424	0.631901689735937	0.590212903367207	0.631901689735935	0.634367053812754	0.590212903367169	0.61867607620685	0.590212903367169	0.680727163469426	0.631901689735935	0.590212903367208	0.63190168973594
1	1.09510613738326	1.16019771937195	1.09510613738326	1.09510613738325	1.15905462503016	1.2039028016159	1.15905462503015	1.16019771937194	1.20390280161587	1.28777847932881	1.20390280161587	1.09510613738325	1.15905462503015	1.2039028016159	1.15905462503015	0.836524450659953	0.68077098815414	0.634029045188234	0.680770988154141	0.680770988154134	0.632182252546784	0.590270843578873	0.632182252546781	0.634029045188238	0.590270843578845	0.618751273393184	0.590270843578846	0.680770988154136	0.632182252546781	0.590270843578874	0.632182252546786
1	1.09511329692567	1.16003403609203	1.09511329692567	1.09511329692566	1.15917762987375	1.20392849919987	1.15917762987375	1.16003403609202	1.20392849919985	1.28782377087868	1.20392849919985	1.09511329692566	1.15917762987375	1.20392849919987	1.15917762987375	0.836577785165045	0.680796647422389	0.633764403306863	0.68079664742239	0.680796647422386	0.632381307720243	0.590306643652228	0.63238130772024	0.633764403306868	0.590306643652209	0.618798344945154	0.59030664365221	0.680796647422387	0.63238130772024	0.590306643652229	0.632381307720245
1	1.095117368118	1.15990707524303	1.095117368118	1.095117368118	1.15926565023283	1.20394451082801	1.15926565023283	1.15990707524303	1.20394451082799	1.28785241015412	1.20394451082799	1.095117368118	1.15926565023283	1.20394451082801	1.15926565023283	0.836610134178503	0.680811647948448	0.633559370016316	0.68081164794845	0.680811647948448	0.632523703415107	0.59032876862261	0.632523703415103	0.633559370016321	0.590328768622598	0.618827860462658	0.590328768622598	0.680811647948449	0.632523703415103	0.590328768622611	0.632523703415109
1	1.09511967212221	1.1598094088678	1.09511967212221	1.0951196721222	1.15932909033547	1.20395448845063	1.15932909033546	1.1598094088678	1.20395448845062	1.28787055211322	1.20395448845062	1.0951196721222	1.15932909033546	1.20395448845063	1.15932909033547	0.836629754847509	0.680820402554697	0.633401752773372	0.680820402554699	0.680820402554697	0.632626319137858	0.590342445186194	0.632626319137852	0.633401752773375	0.590342445186186	0.618846399423361	0.590342445186187	0.680820402554699	0.632626319137852	0.590342445186195	0.63262631913786
1	1.09512096860817	1.15973473967813	1.09512096860817	1.09512096860817	1.15937510591174	1.20396070637292	1.15937510591173	1.15973473967814	1.20396070637292	1.28788206438464	1.20396070637292	1.09512096860817	1.15937510591173	1.20396070637292	1.15937510591174	0.83664165538522	0.680825502348964	0.633281297229655	0.680825502348966	0.680825502348965	0.632700745456766	0.590350901172115	0.63270074545676	0.633281297229658	0.59035090117211	0.618858063929664	0.590350901172111	0.680825502348967	0.63270074545676	0.590350901172116	0.632700745456768
1	1.09512169316076	1.15967791884621	1.09512169316076	1.09512169316076	1.15940866742335	1.20396458137118	1.15940866742335	1.15967791884621	1.20396458137117	1.28788938199193	1.20396458137117	1.09512169316076	1.15940866742335	1.20396458137118	1.15940866742335	0.836648873426533	0.680828466888579	0.63318965511812	0.680828466888581	0.68082846688858	0.632755026363221	0.590356130422084	0.632755026363217	0.633189655118121	0.590356130422081	0.618865415703703	0.590356130422082	0.680828466888581	0.632755026363217	0.590356130422085	0.632755026363223
1	1.0951220947083	1.15963483473449	1.0951220947083	1.0951220947083	1.1594332611541	1.20396699621216	1.1594332611541	1.1596348347345	1.20396699621215	1.28789404090232	1.20396699621215	1.0951220947083	1.1594332611541	1.20396699621215	1.1594332611541	0.836653251390167	0.680830186121123	0.633120176048533	0.680830186121124	0.680830186121124	0.632794801657245	0.590359364832917	0.632794801657239	0.633120176048533	0.590359364832916	0.618870057202694	0.590359364832917	0.680830186121126	0.632794801657239	0.590359364832918	0.632794801657247
1	1.09512231495305	1.15960225739005	1.09512231495305	1.09512231495305	1.15945135477274	1.20396850100518	1.15945135477273	1.15960225739006	1.20396850100518	1.28789701171943	1.20396850100518	1.09512231495305	1.15945135477273	1.20396850100518	1.15945135477274	0.836655906760093	0.680831180486745	0.633067642082169	0.680831180486747	0.680831180486747	0.632824063315025	0.590361365722187	0.632824063315019	0.63306764208217	0.590361365722187	0.618872992546178	0.590361365722188	0.680831180486749	0.632824063315019	0.590361365722188	0.632824063315026
1	1.09512243418156	1.15957767761019	1.09512243418156	1.09512243418156	1.15946471040329	1.20396943861649	1.15946471040329	1.1595776776102	1.20396943861649	1.28789890898106	1.20396943861649	1.09512243418156	1.15946471040329	1.20396943861649	1.15946471040329	0.836657517323965	0.680831753844078	0.633028004362973	0.680831753844079	0.68083175384408	0.632845661322855	0.590362603695969	0.632845661322852	0.633028004362974	0.59036260369597	0.618874851990955	0.590362603695971	0.680831753844082	0.632845661322852	0.59036260369597	0.632845661322857
1	1.09512249763454	1.15955916296784	1.09512249763454	1.09512249763454	1.15947459587763	1.20397002275046	1.15947459587763	1.15955916296784	1.20397002275046	1.28790012242664	1.20397002275046	1.09512249763454	1.15947459587763	1.20397002275046	1.15947459587763	0.83665849418055	0.680832083279855	0.632998146741843	0.680832083279856	0.680832083279858	0.632861646086755	0.590363369727901	0.632861646086752	0.632998146741844	0.590363369727901	0.618876031817175	0.590363369727902	0.68083208327986	0.632861646086752	0.590363369727902	0.632861646086757
1	1.09512253063865	1.15954523524304	1.09512253063865	1.09512253063865	1.15948192928113	1.20397038660271	1.15948192928113	1.15954523524304	1.2039703866027	1.28790089961247	1.2039703866027	1.09512253063865	1.15948192928113	1.2039703866027	1.15948192928113	0.836659086674077	0.68083227178993	0.632975685525928	0.680832271789931	0.680832271789935	0.632873502784897	0.590363843768182	0.632873502784895	0.63297568552593	0.590363843768182	0.618876781625875	0.590363843768183	0.680832271789936	0.632873502784895	0.590363843768183	0.632873502784899
1	1.09512254725875	1.15953476891361	1.09512254725875	1.09512254725875	1.15948737941119	1.20397061319269	1.15948737941118	1.15953476891361	1.2039706131927	1.28790139805547	1.20397061319269	1.09512254725875	1.15948737941118	1.20397061319269	1.15948737941118	0.836659446039563	0.680832379141807	0.632958805916976	0.680832379141808	0.680832379141812	0.632882313419419	0.590364137128034	0.632882313419419	0.632958805916978	0.590364137128035	0.618877258897689	0.590364137128036	0.680832379141814	0.63288231341942	0.590364137128034	0.632882313419421
1	1.09512255522882	1.15952691011854	1.09512255522882	1.09512255522882	1.15949143592031	1.20397075426429	1.15949143592031	1.15952691011854	1.20397075426429	1.28790171814389	1.20397075426429	1.09512255522882	1.15949143592031	1.20397075426429	1.15949143592031	0.83665966400572	0.68083243992866	0.63294613126829	0.680832439928661	0.680832439928665	0.63288887014632	0.59036431867353	0.632888870146322	0.632946131268291	0.590364318673531	0.618877563159463	0.590364318673531	0.680832439928667	0.632888870146322	0.590364318673531	0.632888870146322
1	1.09512255874914	1.15952101292108	1.09512255874914	1.09512255874914	1.15949445881602	1.20397084206573	1.15949445881602	1.15952101292109	1.20397084206573	1.28790192395545	1.20397084206573	1.09512255874914	1.15949445881602	1.20397084206573	1.15949445881602	0.836659796208838	0.680832474114047	0.632936620258937	0.680832474114049	0.680832474114053	0.632893755314137	0.590364431017573	0.632893755314139	0.632936620258938	0.590364431017573	0.618877757416528	0.590364431017574	0.680832474114054	0.632893755314139	0.590364431017574	0.632893755314139
1	1.09512256006467	1.15951658974034	1.09512256006467	1.09512256006467	1.15949671372325	1.20397089669274	1.15949671372325	1.15951658974034	1.20397089669274	1.28790205645146	1.20397089669274	1.09512256006467	1.15949671372325	1.20397089669274	1.15949671372325	0.836659876394034	0.680832493179968	0.63292948696502	0.68083249317997	0.680832493179972	0.632897398498744	0.590364500531631	0.632897398498746	0.632929486965022	0.590364500531633	0.618877881619821	0.590364500531634	0.680832493179974	0.632897398498747	0.590364500531632	0.632897398498746
1	1.09512256034717	1.15951327073328	1.09512256034717	1.09512256034717	1.1594983984086	1.20397093067648	1.1594983984086	1.15951327073329	1.20397093067648	1.28790214192212	1.20397093067648	1.09512256034717	1.1594983984086	1.20397093067648	1.1594983984086	0.836659925028475	0.680832503705475	0.632924139909997	0.680832503705476	0.680832503705478	0.632900117148991	0.590364543534844	0.632900117148992	0.632924139909999	0.590364543534846	0.618877961128264	0.590364543534846	0.68083250370548	0.632900117148992	0.590364543534845	0.632900117148992
1	1.09512256020148	1.1595107866027	1.09512256020148	1.09512256020149	1.15949965507332	1.20397095178594	1.15949965507332	1.1595107866027	1.20397095178594	1.28790219696885	1.20397095178594	1.09512256020149	1.15949965507332	1.20397095178594	1.15949965507331	0.836659954527037	0.680832509439088	0.63292013185893	0.68083250943909	0.680832509439092	0.632902147739923	0.590364570137634	0.632902147739923	0.632920131858932	0.590364570137635	0.618878012122165	0.590364570137636	0.680832509439093	0.632902147739923	0.590364570137635	0.632902147739925
1	1.09512255991281	1.15950892628566	1.09512255991281	1.09512255991282	1.15950059366611	1.20397096489599	1.15950059366611	1.15950892628566	1.20397096489599	1.28790223249713	1.20397096489599	1.09512255991281	1.15950059366611	1.20397096489599	1.15950059366611	0.83665997241899	0.680832512509766	0.632917128404832	0.680832512509768	0.680832512509769	0.63290366508491	0.590364586589805	0.632903665084911	0.632917128404836	0.590364586589806	0.618878044867381	0.590364586589807	0.680832512509771	0.632903665084911	0.590364586589806	0.632903665084912
1	1.09512255961135	1.15950753294749	1.09512255961135	1.09512255961135	1.15950129518891	1.20397097303438	1.15950129518891	1.15950753294749	1.20397097303438	1.28790225546083	1.20397097303438	1.09512255961135	1.15950129518891	1.20397097303438	1.15950129518891	0.836659983271112	0.680832514116967	0.632914878246232	0.680832514116968	0.68083251411697	0.632904799332032	0.590364596760906	0.632904799332033	0.632914878246235	0.590364596760907	0.618878065920308	0.590364596760907	0.680832514116972	0.632904799332033	0.590364596760907	0.632904799332034
1	1.09512255934873	1.15950648939088	1.09512255934873	1.09512255934873	1.15950181974823	1.20397097808338	1.15950181974823	1.15950648939088	1.20397097808338	1.28790227032024	1.20397097808338	1.09512255934873	1.15950181974823	1.20397097808338	1.15950181974823	0.836659989853319	0.680832514931274	0.632913192730645	0.680832514931275	0.680832514931278	0.632905647462471	0.59036460304632	0.632905647462469	0.632913192730649	0.590364603046322	0.618878079472342	0.590364603046323	0.68083251493128	0.632905647462469	0.59036460304632	0.632905647462473
1	1.09512255913903	1.15950570786107	1.09512255913903	1.09512255913903	1.15950221209861	1.20397098121342	1.15950221209861	1.15950570786108	1.20397098121343	1.287902279945	1.20397098121343	1.09512255913903	1.15950221209861	1.20397098121342	1.15950221209861	0.836659993845668	0.680832515324005	0.632911930332479	0.680832515324007	0.680832515324009	0.632906281804422	0.590364606928619	0.632906281804421	0.632911930332483	0.59036460692862	0.618878088206247	0.590364606928621	0.680832515324011	0.632906281804421	0.590364606928619	0.632906281804424
1	1.09512255897992	1.15950512260927	1.09512255897991	1.09512255897992	1.15950250562317	1.20397098315219	1.15950250562316	1.15950512260927	1.20397098315219	1.2879022861848	1.20397098315219	1.09512255897992	1.15950250562316	1.20397098315219	1.15950250562317	0.836659996267173	0.680832515498292	0.632910984931325	0.680832515498293	0.680832515498296	0.632906756339885	0.590364609325227	0.632906756339883	0.632910984931329	0.590364609325228	0.618878093841416	0.590364609325229	0.680832515498297	0.632906756339883	0.590364609325227	0.632906756339887
1	1.09512255886316	1.15950468437015	1.09512255886316	1.09512255886316	1.15950272524862	1.20397098435192	1.15950272524862	1.15950468437016	1.20397098435192	1.28790229023354	1.20397098435192	1.09512255886316	1.15950272524862	1.20397098435192	1.15950272524862	0.836659997735905	0.680832515563527	0.63291027698309	0.680832515563528	0.680832515563531	0.632907111382937	0.590364610803715	0.632907111382934	0.632910276983094	0.590364610803717	0.618878097481244	0.590364610803718	0.680832515563533	0.632907111382934	0.590364610803716	0.632907111382939
1	1.09512255877948	1.1595043562329	1.09512255877948	1.09512255877948	1.15950288959975	1.20397098509352	1.15950288959974	1.1595043562329	1.20397098509352	1.28790229286271	1.20397098509352	1.09512255877948	1.15950288959974	1.20397098509352	1.15950288959974	0.836659998626744	0.680832515577406	0.63290974688065	0.680832515577408	0.680832515577411	0.632907377055392	0.590364611715113	0.63290737705539	0.632909746880653	0.590364611715114	0.618878099834728	0.590364611715115	0.680832515577412	0.63290737705539	0.590364611715114	0.632907377055394
1	1.09512255872053	1.15950411054674	1.09512255872053	1.09512255872053	1.15950301259902	1.20397098555139	1.15950301259902	1.15950411054674	1.20397098555139	1.28790229457136	1.20397098555139	1.09512255872053	1.15950301259902	1.20397098555139	1.15950301259902	0.83665999916707	0.680832515569486	0.632909349966309	0.680832515569488	0.68083251556949	0.632907575872648	0.590364612276444	0.632907575872648	0.632909349966312	0.590364612276445	0.618878101358006	0.590364612276446	0.680832515569491	0.632907575872648	0.590364612276445	0.63290757587265
1	1.09512255867955	1.15950392660063	1.09512255867955	1.09512255867955	1.15950310465739	1.2039709858337	1.15950310465739	1.15950392660063	1.2039709858337	1.2879022956826	1.2039709858337	1.09512255867955	1.15950310465739	1.2039709858337	1.15950310465739	0.836659999494798	0.680832515554266	0.632909052788074	0.680832515554267	0.68083251555427	0.632907724669863	0.590364612621824	0.632907724669863	0.632909052788078	0.590364612621823	0.61887810234489	0.590364612621824	0.680832515554272	0.632907724669863	0.590364612621824	0.632907724669865
