1	1.03346214400152	1.05371355030285	1.03346214400152	1.03364738843631	1.05709900969289	1.0823800701	1.05709900969289	1.06419616304254	1.08175887637032	1.09741940344608	1.08175887637032	1.03364738843631	1.05709900969289	1.0823800701	1.05709900969289	0.61404463326338	0.527576053919888	0.46983130539445	0.527576053919889	0.530266106624509	0.486422557502518	0.477035545975517	0.486422557502519	0.519534589205311	0.475053873615234	0.448952371978694	0.475053873615234	0.53026610662451	0.486422557502519	0.477035545975517	0.486422557502519
1	1.04198235670245	1.06507573138168	1.04198235670245	1.04227282014722	1.06981923207726	1.09965799183496	1.06981923207726	1.07995996901684	1.09885956904207	1.11611120560448	1.09885956904207	1.04227282014722	1.06981923207726	1.09965799183496	1.06981923207726	0.665291262294316	0.563154628031066	0.494556435089232	0.563154628031067	0.566191882692169	0.514270712142269	0.504076477232055	0.514270712142272	0.554310881449281	0.502311228078636	0.471561494374468	0.502311228078636	0.56619188269217	0.514270712142272	0.504076477232056	0.514270712142271
1	1.04632586028116	1.07027850969827	1.04632586028116	1.04599687532773	1.07529084542177	1.10755888837738	1.07529084542177	1.08664326522902	1.10626838930203	1.1237868530871	1.10626838930203	1.04599687532773	1.07529084542177	1.10755888837738	1.07529084542177	0.688317857090682	0.579691454925752	0.505393334328704	0.579691454925753	0.582495719685149	0.526549941122552	0.517024449824775	0.526549941122555	0.570246536189393	0.51531723646255	0.481809287965267	0.51531723646255	0.58249571968515	0.526549941122555	0.517024449824776	0.526549941122554
1	1.04855844004423	1.07279806775461	1.04855844004423	1.04747051472434	1.07763174009929	1.11136965898868	1.07763174009929	1.08927437398722	1.10949161639983	1.12705688251981	1.10949161639983	1.04747051472434	1.07763174009929	1.11136965898868	1.07763174009929	0.698664373107889	0.587281329957964	0.510149279485407	0.587281329957965	0.589766963143174	0.531915639668803	0.523230529024023	0.531915639668805	0.577465397723273	0.521333103253225	0.486415728776538	0.521333103253226	0.589766963143175	0.531915639668805	0.523230529024024	0.531915639668805
1	1.04969412635515	1.07404555902123	1.04969412635515	1.04801347073381	1.07863290562029	1.11325632978302	1.07863290562029	1.09025849943541	1.11087803513932	1.12848392137799	1.11087803513932	1.04801347073381	1.07863290562029	1.11325632978302	1.07863290562029	0.703313362454951	0.590747697414216	0.512248620965088	0.590747697414217	0.592974902520505	0.534251863704202	0.526223689581918	0.534251863704203	0.58073089658903	0.524051889672228	0.488488025743825	0.524051889672228	0.592974902520506	0.534251863704203	0.526223689581919	0.534251863704204
1	1.0502636483302	1.07466567301382	1.0502636483302	1.04819820862594	1.07906151892286	1.11420084981933	1.07906151892286	1.0906111056267	1.11146276140466	1.12911700640284	1.11146276140466	1.04819820862594	1.07906151892286	1.11420084981933	1.07906151892286	0.70540228806723	0.592330095375	0.513182072170727	0.592330095375002	0.594380163597933	0.535267713560685	0.527677669130719	0.535267713560686	0.582213153399002	0.525257200493283	0.489424005941505	0.525257200493283	0.594380163597934	0.535267713560686	0.527677669130719	0.535267713560687
1	1.05054651588653	1.0749741239095	1.05054651588653	1.04825282582157	1.07924516016298	1.11467633634046	1.07924516016298	1.09073017627049	1.11170225221043	1.12940124470075	1.11170225221043	1.04825282582157	1.07924516016298	1.11467633634046	1.07924516016298	0.706340902952132	0.593053798575097	0.513600223656864	0.593053798575099	0.594992276339804	0.535709219846054	0.52838894826866	0.535709219846054	0.582890005201346	0.525781608234868	0.489848839299086	0.525781608234868	0.594992276339805	0.535709219846054	0.52838894826866	0.535709219846056
1	1.0506865479647	1.07512802483994	1.0506865479647	1.04826348570445	1.07932385326306	1.11491674728786	1.07932385326306	1.09076581303236	1.11179597711553	1.1295300631037	1.11179597711553	1.04826348570445	1.07932385326306	1.11491674728786	1.07932385326306	0.706762649825521	0.593385807919474	0.513788914435716	0.593385807919475	0.595257417469873	0.535901061344946	0.52873927702257	0.535901061344947	0.583201463755551	0.526004894080129	0.490042685704775	0.526004894080129	0.595257417469874	0.535901061344947	0.528739277022571	0.535901061344948
1	1.0507560091302	1.07520530256021	1.0507560091302	1.04826124948345	1.07935755566125	1.11503886445526	1.07935755566125	1.09077328629975	1.11182990852253	1.12958891626069	1.11182990852253	1.04826124948344	1.07935755566125	1.11503886445526	1.07935755566125	0.706952152917557	0.593538720493444	0.513874687029724	0.593538720493445	0.595371525181063	0.535984399842375	0.528912989141071	0.535984399842376	0.583346095523487	0.526097318349234	0.490131630677302	0.526097318349234	0.595371525181064	0.535984399842376	0.528912989141072	0.535984399842376
1	1.0507906612037	1.07524444678476	1.0507906612037	1.04825657735652	1.07937197190833	1.11510121632401	1.07937197190833	1.09077236431911	1.11184038720869	1.12961600850549	1.11184038720868	1.04825657735652	1.07937197190833	1.11510121632401	1.07937197190833	0.707037302156442	0.593609473885339	0.513913974547941	0.59360947388534	0.595420233141479	0.536020590433954	0.528999710502427	0.536020590433953	0.583413960880467	0.526134039357334	0.490172689527848	0.526134039357334	0.59542023314148	0.536020590433953	0.528999710502427	0.536020590433956
