1	1.00511401778984	1.00946141794817	1.00511401778984	1.00511401778816	1.00946141794685	1.01365743118583	1.00946141794687	1.00946141794556	1.01365743118465	1.01763955840369	1.01365743118465	1.00511401778816	1.00946141794687	1.01365743118583	1.00946141794685	0.346228177864475	0.286116194212574	0.273142375958562	0.286116194212575	0.286116194205439	0.273142375959165	0.267070014609825	0.273142375959576	0.273142375960382	0.267070014611364	0.262173621611023	0.267070014611365	0.28611619420544	0.273142375959576	0.267070014609825	0.273142375959166
1	1.0167817465957	1.02843515497987	1.0167817465957	1.01678174659489	1.02843515497951	1.04228681616331	1.02843515497955	1.02843515497921	1.0422868161631	1.05203354141399	1.0422868161631	1.01678174659489	1.02843515497955	1.04228681616331	1.02843515497951	0.473598406363572	0.40557316906767	0.369154428941328	0.405573169067671	0.405573169064743	0.369154428941433	0.370391681900602	0.369154428941568	0.369154428941736	0.370391681900963	0.353918077565282	0.370391681900964	0.405573169064744	0.369154428941568	0.370391681900602	0.369154428941434
1	1.02345415403985	1.04214158706821	1.02345415403985	1.02345415404054	1.04214158706761	1.05767548846347	1.04214158706764	1.04214158706705	1.05767548846441	1.07388935523962	1.05767548846441	1.02345415404054	1.04214158706764	1.05767548846347	1.04214158706761	0.520455294854161	0.453194326923895	0.438151716219551	0.453194326923896	0.453194326922666	0.438151716209034	0.411986133853425	0.438151716209151	0.438151716198692	0.41198613385433	0.409356818192063	0.41198613385433	0.453194326922667	0.438151716209151	0.411986133853426	0.438151716209035
1	1.02612529783133	1.04947701537239	1.02612529783133	1.02612529783085	1.04947701537007	1.06366001838694	1.04947701537009	1.04947701536779	1.06366001838661	1.08479295605774	1.06366001838661	1.02612529783085	1.04947701537009	1.06366001838694	1.04947701537007	0.53769298079508	0.469214060371556	0.462719864930721	0.469214060371557	0.469214060371192	0.46271986492187	0.426096258584023	0.462719864921929	0.462719864913101	0.426096258583615	0.430584067207118	0.426096258583616	0.469214060371193	0.462719864921929	0.426096258584023	0.462719864921871
1	1.02706242784833	1.05237717012505	1.02706242784833	1.02706242784792	1.05237717012315	1.06574915050545	1.05237717012316	1.05237717012127	1.06574915050499	1.08932892016691	1.06574915050499	1.02706242784792	1.05237717012316	1.06574915050545	1.05237717012315	0.544034371058745	0.474615933031333	0.471193071523195	0.474615933031334	0.474615933031244	0.471193071517154	0.430959130305219	0.47119307151718	0.471193071511149	0.430959130304554	0.438782253858195	0.430959130304554	0.474615933031244	0.471193071517181	0.43095913030522	0.471193071517155
1	1.02738067728457	1.05341435181822	1.02738067728457	1.02738067728431	1.05341435181694	1.06647102257321	1.05341435181694	1.05341435181566	1.06647102257284	1.09116274533079	1.06647102257284	1.02738067728431	1.05341435181694	1.06647102257321	1.05341435181694	0.546367238174385	0.476446149730055	0.474058979739978	0.476446149730056	0.476446149730041	0.474058979736133	0.432652811927363	0.474058979736145	0.474058979732304	0.432652811926791	0.442022557253122	0.432652811926791	0.476446149730041	0.474058979736145	0.432652811927364	0.474058979736134
1	1.02748792027776	1.05376864177284	1.02748792027776	1.0274879202776	1.05376864177203	1.06672195294164	1.05376864177203	1.05376864177122	1.06672195294138	1.09191337604023	1.06672195294138	1.0274879202776	1.05376864177203	1.06672195294164	1.05376864177203	0.547225452062537	0.477068615683195	0.475015620231354	0.477068615683196	0.477068615683193	0.475015620228965	0.433246261402985	0.47501562022897	0.475015620226583	0.433246261402569	0.443340782299286	0.433246261402569	0.477068615683194	0.47501562022897	0.433246261402986	0.475015620228966
1	1.02752401312857	1.05388638857274	1.02752401312857	1.02752401312847	1.05388638857224	1.06680970378957	1.05388638857224	1.05388638857173	1.06680970378939	1.09222812695927	1.06680970378939	1.02752401312847	1.05388638857224	1.06680970378957	1.05388638857224	0.547541171310112	0.477281066571193	0.475330819540126	0.477281066571193	0.477281066571192	0.475330819538653	0.433455144851066	0.475330819538655	0.47533081953718	0.433455144850783	0.443892605256909	0.433455144850784	0.477281066571193	0.475330819538655	0.433455144851067	0.475330819538654
1	1.02753616251025	1.05392460327267	1.02753616251025	1.02753616251019	1.05392460327237	1.06684051894264	1.05392460327237	1.05392460327206	1.06684051894253	1.09236345625264	1.06684051894253	1.02753616251019	1.05392460327237	1.06684051894264	1.05392460327237	0.547657317975304	0.477353869204128	0.475432931362704	0.477353869204129	0.477353869204125	0.475432931361822	0.433529008255713	0.475432931361823	0.475432931360937	0.433529008255534	0.444129619639033	0.433529008255535	0.477353869204126	0.475432931361823	0.433529008255713	0.475432931361823
1	1.02754025350349	1.05393665153978	1.02754025350349	1.02754025350346	1.0539366515396	1.06685137342875	1.0539366515396	1.05393665153942	1.06685137342868	1.09242294069248	1.06685137342868	1.02754025350346	1.0539366515396	1.06685137342874	1.0539366515396	0.547700045948492	0.477378944541325	0.475465195840184	0.477378944541326	0.477378944541321	0.475465195839657	0.433555268009804	0.475465195839658	0.475465195839127	0.433555268009691	0.444233661401333	0.433555268009692	0.477378944541322	0.475465195839657	0.433555268009804	0.475465195839658
