1	1.00718651592266	1.0130757020148	1.00718651592266	1.00714545675786	1.01284215253179	1.01824455098253	1.01316291837755	1.01318421877743	1.01800995544593	1.02277389329966	1.01800995544593	1.00714545675786	1.01316291837755	1.01824455098253	1.01284215253179	0.424037887649333	0.369002590934967	0.348877465046573	0.369002590934968	0.372745280635005	0.347433027636895	0.335815440087507	0.352640487068625	0.355392038278594	0.33470904575943	0.323781201700354	0.334709045759431	0.372745280635005	0.352640487068625	0.335815440087507	0.347433027636896
1	1.02421797737654	1.04139133621	1.02421797737654	1.02488292117134	1.04176599433489	1.05998718007206	1.04366707137144	1.04619668793201	1.05994523036827	1.07288410488497	1.05994523036827	1.02488292117134	1.04366707137144	1.05998718007206	1.04176599433489	0.580032708655379	0.505672663486508	0.464936418967051	0.505672663486509	0.508659826973864	0.466148407158937	0.459759236752312	0.478119885108672	0.493001853272976	0.458577913890606	0.437609896952056	0.458577913890607	0.508659826973864	0.478119885108672	0.459759236752312	0.466148407158939
1	1.03304186989524	1.05500769333069	1.03304186989524	1.03371567538052	1.05801903541901	1.08102683009803	1.06317763550102	1.06257501459011	1.08128905291059	1.09615713990753	1.08128905291059	1.03371567538052	1.06317763550101	1.08102683009803	1.05801903541901	0.637419996187209	0.562499837967299	0.513851978310199	0.5624998379673	0.56381566662013	0.531129602265082	0.512036208433661	0.559315882389932	0.546173036762237	0.51216126726007	0.482256377220422	0.512161267260071	0.563815666620131	0.559315882389932	0.512036208433662	0.531129602265084
1	1.03676881490646	1.0614757850021	1.03676881490646	1.0366094629886	1.06477513405825	1.08951888803777	1.07319412172519	1.06738665183489	1.08934718504092	1.10461808893158	1.08934718504092	1.0366094629886	1.07319412172519	1.08951888803777	1.06477513405825	0.658531599445881	0.582684478484011	0.53696259134078	0.582684478484012	0.583019656230554	0.552264396518605	0.532204161076489	0.592039351531845	0.562401482659587	0.532370292297879	0.499452138490437	0.53237029229788	0.583019656230555	0.592039351531845	0.532204161076489	0.552264396518606
1	1.03798738048759	1.06444235430842	1.03798738048759	1.03764691299076	1.06696042784426	1.09266344236242	1.07736991981204	1.06862082915297	1.09240661332762	1.10775992051107	1.09240661332762	1.03764691299076	1.07736991981204	1.09266344236242	1.06696042784426	0.666298124301894	0.58972570518025	0.548232418918261	0.589725705180251	0.589677115421452	0.55885179294607	0.539955607987432	0.604378007697954	0.566066615209379	0.540016164455618	0.506164945574146	0.540016164455618	0.589677115421453	0.604378007697954	0.539955607987432	0.558851792946071
1	1.0383472489976	1.06591247695862	1.0383472489976	1.03804508538279	1.06759112748136	1.09383232929313	1.07897309798872	1.06874285258365	1.09360822730574	1.10898669062942	1.09360822730574	1.03804508538279	1.07897309798872	1.09383232929313	1.06759112748136	0.669155269206692	0.59215683193141	0.553967996496683	0.592156831931411	0.592009973506752	0.560807048092039	0.542931725732608	0.608890734328172	0.565983322929939	0.54292884295457	0.50878952464677	0.54292884295457	0.592009973506753	0.608890734328172	0.542931725732608	0.56080704809204
1	1.03843526628523	1.06669143047337	1.03843526628523	1.0382118271656	1.06774951164118	1.09426403375197	1.0795659190058	1.06857353150247	1.09409564045251	1.10947587083858	1.09409564045251	1.0382118271656	1.0795659190058	1.09426403375197	1.06774951164118	0.670206354116778	0.59298340814987	0.557064034744964	0.592983408149871	0.592841257790903	0.561334677048347	0.544071747501112	0.610527412165873	0.565027675528039	0.544046491548685	0.509814303851512	0.544046491548686	0.592841257790904	0.610527412165874	0.544071747501112	0.561334677048348
1	1.0384436437751	1.06712934325861	1.0384436437751	1.03828910271338	1.06777726123032	1.09441867234081	1.0797821692123	1.06837011354944	1.09429995178131	1.10967173595679	1.09429995178131	1.03828910271338	1.0797821692123	1.09441867234081	1.06777726123032	0.670593026685249	0.593256131617481	0.558831739427431	0.593256131617482	0.593145324153931	0.56144875403955	0.54450665938379	0.611121827015728	0.56407145151861	0.544479013275533	0.5102137640359	0.544479013275534	0.593145324153932	0.611121827015728	0.544506659383791	0.561448754039552
1	1.03843267980321	1.06738767329187	1.03843267980321	1.03832881292759	1.06777470661403	1.09447019148763	1.07986099020451	1.06820218085169	1.0943891172353	1.10975002474953	1.0943891172353	1.03832881292759	1.07986099020451	1.09447019148763	1.06777470661403	0.670735275588508	0.593340580664612	0.559887657000832	0.593340580664613	0.593261337750995	0.561456958291433	0.544671360479246	0.611338962926063	0.563323629990734	0.544648304825723	0.510369262958505	0.544648304825724	0.593261337750996	0.611338962926063	0.544671360479246	0.561456958291434
1	1.03841998618231	1.06754558080946	1.03841998618231	1.03835111534044	1.06776837689486	1.09448448120715	1.07988989342447	1.0680791747222	1.09443008367302	1.10978122413267	1.09443008367302	1.03835111534044	1.07988989342447	1.09448448120715	1.06776837689486	0.670787606044588	0.59336291801581	0.560539368160584	0.593362918015811	0.593308551614034	0.561445645517367	0.544732875672863	0.611418931630414	0.562789091949547	0.544715654128877	0.510429738984707	0.544715654128877	0.593308551614035	0.611418931630414	0.544732875672863	0.561445645517368
1	1.03840983552627	1.06764452580604	1.03840983552627	1.03836445845939	1.06776375799108	1.09448622205011	1.07990059743969	1.06799372597614	1.09445007962102	1.10979362177948	1.09445007962102	1.03836445845939	1.07990059743969	1.09448622205011	1.06776375799107	0.670806857353564	0.593366023897872	0.56095055387023	0.593366023897873	0.59332951866815	0.561435377350339	0.544755262214992	0.611448670172794	0.562422556255185	0.544743083720927	0.510453240497866	0.544743083720928	0.593329518668151	0.611448670172794	0.544755262214992	0.56143537735034
