1	1.04449541615017	1.07297140415489	1.04449541615017	1.04449541615017	1.07297140415489	1.11114991329978	1.07297140415489	1.07297140415489	1.11114991329978	1.25393628767821	1.11114991329978	1.04449541615017	1.07297140415489	1.11114991329978	1.07297140415489	0.678127020614129	0.525859384021285	0.472817552413967	0.525859384021287	0.525859384021284	0.472817552413971	0.479720663407587	0.472817552413971	0.472817552413969	0.479720663407587	0.668609278358003	0.479720663407587	0.525859384021286	0.472817552413971	0.479720663407588	0.472817552413974
1	1.05115175009512	1.08236591288044	1.05115175009512	1.05115175009512	1.08236591288044	1.12467125374354	1.08236591288044	1.08236591288044	1.12467125374354	1.32026977563788	1.12467125374354	1.05115175009512	1.08236591288044	1.12467125374354	1.08236591288044	0.735767516538418	0.531234459619701	0.477974579999256	0.531234459619703	0.531234459619702	0.477974579999256	0.483174177224488	0.477974579999256	0.477974579999257	0.483174177224488	0.730465139012205	0.483174177224488	0.531234459619704	0.477974579999256	0.483174177224489	0.477974579999258
1	1.05182122627107	1.0833413540766	1.05182122627107	1.05182122627107	1.0833413540766	1.12509838402332	1.0833413540766	1.08334135407661	1.12509838402332	1.357229247999	1.12509838402332	1.05182122627107	1.0833413540766	1.12509838402332	1.0833413540766	0.770728244561734	0.523852977889186	0.474186973492454	0.523852977889188	0.523852977889186	0.474186973492452	0.47736051445873	0.474186973492451	0.474186973492454	0.477360514458728	0.76491425551835	0.477360514458729	0.523852977889189	0.474186973492451	0.47736051445873	0.474186973492455
1	1.05053836018649	1.08181779553348	1.05053836018649	1.05053836018649	1.08181779553348	1.12190879932588	1.08181779553348	1.08181779553348	1.12190879932588	1.37831478863357	1.12190879932588	1.05053836018649	1.08181779553348	1.12190879932588	1.08181779553348	0.791932997995727	0.515036277509701	0.468813727647683	0.515036277509704	0.515036277509703	0.468813727647687	0.470393033285425	0.468813727647685	0.468813727647682	0.470393033285428	0.783217291331422	0.470393033285429	0.515036277509706	0.468813727647685	0.470393033285426	0.46881372764769
1	1.04895872106145	1.07991936792748	1.04895872106145	1.04895872106145	1.07991936792748	1.11840822262495	1.07991936792748	1.07991936792748	1.11840822262496	1.39011101332052	1.11840822262496	1.04895872106145	1.07991936792748	1.11840822262495	1.07991936792748	0.804794331077365	0.507811927296799	0.464117297922075	0.507811927296801	0.507811927296798	0.464117297922077	0.464554723344888	0.464117297922078	0.464117297922078	0.464554723344893	0.792720007986163	0.464554723344894	0.507811927296801	0.464117297922078	0.464554723344889	0.464117297922079
1	1.04761091629251	1.07828337339163	1.04761091629251	1.04761091629251	1.07828337339163	1.11551116279627	1.07828337339163	1.07828337339163	1.11551116279627	1.39649512834346	1.11551116279627	1.04761091629251	1.07828337339163	1.11551116279627	1.07828337339163	0.812595123923811	0.502492327639383	0.460511496733012	0.502492327639386	0.502492327639383	0.460511496733011	0.460153141124178	0.460511496733012	0.460511496733009	0.460153141124179	0.797605439772225	0.46015314112418	0.502492327639386	0.460511496733012	0.460153141124179	0.460511496733014
1	1.04659183949059	1.07702887303086	1.04659183949059	1.04659183949059	1.07702887303086	1.11333386615027	1.07702887303086	1.07702887303086	1.11333386615027	1.39985307640088	1.11333386615027	1.04659183949059	1.07702887303086	1.11333386615027	1.07702887303086	0.817326543954349	0.498733519443252	0.457884362476906	0.498733519443255	0.498733519443251	0.457884362476906	0.456977016746038	0.457884362476908	0.457884362476907	0.456977016746038	0.800112632587062	0.456977016746039	0.498733519443253	0.457884362476908	0.456977016746038	0.457884362476909
1	1.04586152798652	1.07611554977517	1.04586152798652	1.04586152798652	1.07611554977517	1.11176694545582	1.07611554977517	1.07611554977517	1.11176694545582	1.40158456405754	1.11176694545582	1.04586152798651	1.07611554977517	1.11176694545582	1.07611554977517	0.820196295266771	0.496126521759649	0.456019497690022	0.496126521759652	0.496126521759653	0.456019497690022	0.454735344210866	0.456019497690024	0.456019497690024	0.45473534421087	0.80140395159159	0.454735344210871	0.496126521759655	0.456019497690024	0.454735344210867	0.456019497690025
1	1.0453518779171	1.0754682629207	1.0453518779171	1.0453518779171	1.0754682629207	1.11066430383698	1.0754682629207	1.0754682629207	1.11066430383698	1.40246645057396	1.11066430383698	1.0453518779171	1.0754682629207	1.11066430383698	1.0754682629207	0.821936887432571	0.494335415399033	0.454715385992987	0.494335415399036	0.494335415399036	0.454715385992988	0.453173434630966	0.45471538599299	0.454715385992989	0.453173434630969	0.802074131145488	0.45317343463097	0.494335415399039	0.45471538599299	0.453173434630967	0.454715385992991
1	1.04500111763171	1.07501651552245	1.04500111763171	1.04500111763171	1.07501651552245	1.10989822382562	1.07501651552245	1.07501651552245	1.10989822382562	1.40291258212676	1.10989822382562	1.04500111763171	1.07501651552245	1.10989822382562	1.07501651552245	0.822992609950621	0.493111347410547	0.453811999670725	0.49311134741055	0.493111347410548	0.453811999670726	0.452094066757645	0.453811999670727	0.453811999670723	0.452094066757645	0.802425820904966	0.452094066757646	0.493111347410551	0.453811999670727	0.452094066757646	0.453811999670728
1	1.0447615010437	1.07470419197715	1.0447615010437	1.0447615010437	1.07470419197715	1.10937012517231	1.07470419197715	1.07470419197715	1.10937012517231	1.40313762512419	1.10937012517231	1.0447615010437	1.07470419197715	1.10937012517231	1.07470419197715	0.823632938027021	0.492277439244911	0.453190163526916	0.492277439244913	0.492277439244911	0.453190163526916	0.451352294027497	0.453190163526917	0.453190163526913	0.451352294027499	0.802613035466727	0.4513522940275	0.492277439244914	0.453190163526917	0.451352294027498	0.453190163526918
1	1.04459847036248	1.0744895706697	1.04459847036248	1.04459847036248	1.0744895706697	1.10900792032834	1.0744895706697	1.0744895706697	1.10900792032834	1.40325113853843	1.10900792032834	1.04459847036248	1.0744895706697	1.10900792032834	1.0744895706697	0.824021316638123	0.491710446179609	0.452764010991435	0.491710446179612	0.491710446179606	0.452764010991435	0.450844499176135	0.452764010991434	0.45276401099143	0.450844499176137	0.802714440122069	0.450844499176138	0.491710446179609	0.452764010991434	0.450844499176136	0.452764010991437
1	1.04448779015757	1.07434268851489	1.04448779015757	1.04448779015757	1.07434268851489	1.10876034496743	1.07434268851489	1.07434268851489	1.10876034496743	1.40330852069773	1.10876034496743	1.04448779015757	1.07434268851489	1.10876034496743	1.07434268851489	0.824256880173691	0.491325415692942	0.452472872322235	0.491325415692944	0.491325415692939	0.452472872322233	0.450497836016905	0.452472872322235	0.452472872322232	0.450497836016907	0.802770480738645	0.450497836016908	0.491325415692942	0.452472872322235	0.450497836016906	0.452472872322236
1	1.04441273837862	1.07424244793706	1.04441273837862	1.04441273837862	1.07424244793706	1.10859152340579	1.07424244793706	1.07424244793706	1.10859152340579	1.40333764938549	1.10859152340579	1.04441273837862	1.07424244793706	1.10859152340579	1.07424244793706	0.8243997566812	0.491064160291599	0.452274415835049	0.491064160291602	0.491064160291598	0.452274415835046	0.450261644136359	0.452274415835048	0.452274415835043	0.450261644136358	0.802802147705206	0.450261644136359	0.4910641602916	0.452274415835048	0.45026164413636	0.452274415835049
1	1.04436187702107	1.07417417330171	1.04436187702107	1.04436187702107	1.0741741733017	1.10847659812655	1.0741741733017	1.0741741733017	1.10847659812655	1.40335252700929	1.10847659812655	1.04436187702107	1.0741741733017	1.10847659812655	1.0741741733017	0.82448641566816	0.49088698077571	0.452139354087611	0.490886980775712	0.490886980775712	0.452139354087612	0.450100950905305	0.452139354087611	0.452139354087609	0.450100950905303	0.802820467410085	0.450100950905304	0.490886980775715	0.452139354087611	0.450100950905306	0.452139354087614
1	1.0443274191476	1.07412773618822	1.0443274191476	1.0443274191476	1.07412773618822	1.10839845732685	1.07412773618822	1.07412773618822	1.10839845732685	1.40336019030707	1.10839845732685	1.0443274191476	1.07412773618822	1.10839845732685	1.07412773618822	0.824538977001932	0.490766859286369	0.452047543291819	0.490766859286371	0.49076685928637	0.452047543291818	0.449991737870464	0.452047543291819	0.452047543291817	0.449991737870465	0.802831319662527	0.449991737870466	0.490766859286373	0.452047543291819	0.449991737870465	0.452047543291821
1	1.04430407718836	1.07409618374547	1.04430407718836	1.04430407718836	1.07409618374547	1.10834537397669	1.07409618374547	1.07409618374547	1.10834537397669	1.40336418077175	1.10834537397669	1.04430407718836	1.07409618374547	1.10834537397669	1.07409618374547	0.824570857062683	0.490685437686883	0.451985185849749	0.490685437686885	0.490685437686885	0.451985185849746	0.449917569588007	0.451985185849746	0.451985185849746	0.449917569588008	0.802837896468864	0.449917569588009	0.490685437686887	0.451985185849746	0.449917569588008	0.451985185849749
1	1.04428826563254	1.07407476053315	1.04428826563254	1.04428826563254	1.07407476053315	1.10830933605331	1.07407476053315	1.07407476053315	1.10830933605331	1.40336628714346	1.10830933605331	1.04428826563254	1.07407476053315	1.10830933605331	1.07407476053315	0.824590193297064	0.490630254799545	0.451942858974896	0.490630254799548	0.490630254799546	0.451942858974893	0.449867229070218	0.451942858974895	0.451942858974893	0.449867229070221	0.802841966543374	0.449867229070221	0.490630254799548	0.451942858974895	0.449867229070219	0.451942858974896
1	1.04427755485853	1.07406022244458	1.04427755485853	1.04427755485853	1.07406022244458	1.10828488168214	1.07406022244458	1.07406022244458	1.10828488168214	1.40336741747535	1.10828488168214	1.04427755485853	1.07406022244458	1.10828488168214	1.07406022244458	0.824601921316117	0.490592857782357	0.451914141248716	0.49059285778236	0.490592857782359	0.451914141248715	0.44983307538889	0.451914141248717	0.451914141248717	0.449833075388892	0.802844532234232	0.449833075388892	0.490592857782362	0.451914141248717	0.449833075388891	0.451914141248717
1	1.0442702991036	1.07405036053961	1.0442702991036	1.0442702991036	1.07405036053961	1.10826829353751	1.07405036053961	1.07405036053961	1.10826829353751	1.4033680350975	1.10826829353751	1.0442702991036	1.07405036053961	1.10826829353751	1.07405036053961	0.824609034720971	0.490567515126904	0.45189466326587	0.490567515126906	0.490567515126905	0.451894663265868	0.449809910651333	0.451894663265871	0.451894663265873	0.449809910651333	0.802846175168141	0.449809910651333	0.490567515126908	0.451894663265871	0.449809910651334	0.451894663265871
1	1.04426538362598	1.07404367257713	1.04426538362598	1.04426538362598	1.07404367257713	1.10825704416738	1.07404367257713	1.07404367257713	1.10825704416738	1.40336837979365	1.10825704416738	1.04426538362598	1.07404367257713	1.10825704416738	1.07404367257713	0.824613349220712	0.490550341648298	0.451881455309364	0.490550341648301	0.490550341648299	0.451881455309366	0.449794202666376	0.451881455309368	0.451881455309366	0.44979420266637	0.8028472408908	0.449794202666371	0.490550341648302	0.451881455309368	0.449794202666377	0.451881455309368
1	1.04426205339448	1.07403913792244	1.04426205339448	1.04426205339448	1.07403913792244	1.10824941663656	1.07403913792244	1.07403913792244	1.10824941663656	1.40336857713949	1.10824941663656	1.04426205339448	1.07403913792244	1.10824941663656	1.07403913792244	0.82461596609741	0.490538704163939	0.451872500617574	0.490538704163942	0.490538704163944	0.451872500617573	0.449783552933596	0.451872500617576	0.451872500617574	0.449783552933592	0.802847939382891	0.449783552933593	0.490538704163947	0.451872500617576	0.449783552933597	0.451872500617576
1	1.04425979705357	1.07403606371491	1.04425979705357	1.04425979705357	1.07403606371491	1.10824424554461	1.07403606371491	1.07403606371491	1.1082442455446	1.40336869308734	1.1082442455446	1.04425979705357	1.07403606371491	1.10824424554461	1.07403606371491	0.824617553313163	0.490530818153595	0.451866430329232	0.490530818153598	0.490530818153599	0.451866430329231	0.449776333528628	0.451866430329233	0.451866430329231	0.449776333528625	0.802848400923335	0.449776333528626	0.490530818153601	0.451866430329233	0.449776333528629	0.451866430329234
1	1.04425826823751	1.07403397980215	1.04425826823751	1.04425826823751	1.07403397980215	1.10824074011405	1.07403397980215	1.07403397980215	1.10824074011405	1.40336876311536	1.10824074011405	1.04425826823751	1.07403397980215	1.10824074011405	1.07403397980215	0.824618516007712	0.490525474310391	0.451862315751992	0.490525474310394	0.490525474310393	0.451862315751991	0.449771440018244	0.451862315751992	0.451862315751992	0.449771440018242	0.80284870781335	0.449771440018243	0.490525474310395	0.451862315751992	0.449771440018244	0.451862315751993
1	1.04425723230963	1.07403256725353	1.04425723230963	1.04425723230963	1.07403256725352	1.1082383639025	1.07403256725352	1.07403256725352	1.1082383639025	1.40336880686879	1.1082383639025	1.04425723230963	1.07403256725353	1.1082383639025	1.07403256725352	0.824619099910752	0.490521853163097	0.451859527031282	0.4905218531631	0.490521853163098	0.451859527031281	0.449768123368454	0.451859527031284	0.451859527031284	0.449768123368455	0.802848912844598	0.449768123368456	0.4905218531631	0.451859527031284	0.449768123368455	0.451859527031284
1	1.04425653016247	1.07403160953385	1.04425653016247	1.04425653016247	1.07403160953385	1.10823675243971	1.07403160953385	1.07403160953385	1.10823675243971	1.40336883832591	1.10823675243971	1.04425653016247	1.07403160953385	1.10823675243971	1.07403160953385	0.824619454063055	0.490519399578246	0.451857637285998	0.490519399578248	0.490519399578243	0.451857637285996	0.449765876101915	0.451857637285999	0.451857637285999	0.449765876101914	0.802849050255027	0.449765876101915	0.490519399578246	0.451857637285999	0.449765876101916	0.451857637285999
1	1.04425605462292	1.07403096085298	1.04425605462292	1.04425605462292	1.07403096085298	1.10823566133355	1.07403096085298	1.07403096085298	1.10823566133354	1.40336885424192	1.10823566133354	1.04425605462292	1.07403096085298	1.10823566133354	1.07403096085298	0.824619668869339	0.490517736810892	0.45185635636514	0.490517736810895	0.490517736810893	0.45185635636514	0.449764352573728	0.451856356365142	0.451856356365141	0.44976435257373	0.80284914272113	0.449764352573731	0.490517736810896	0.451856356365142	0.449764352573729	0.451856356365142
1	1.04425573245855	1.07403052133648	1.04425573245855	1.04425573245855	1.07403052133648	1.10823492212165	1.07403052133648	1.07403052133648	1.10823492212165	1.40336886339805	1.10823492212165	1.04425573245855	1.07403052133648	1.10823492212165	1.07403052133648	0.824619799157182	0.490516609934933	0.451855488165288	0.490516609934935	0.490516609934935	0.451855488165289	0.4497633198542	0.451855488165291	0.451855488165289	0.449763319854202	0.802849205045407	0.449763319854203	0.490516609934937	0.451855488165291	0.449763319854201	0.451855488165292
1	1.04425551416509	1.07403022349376	1.04425551416509	1.04425551416509	1.07403022349376	1.10823442119487	1.07403022349376	1.07403022349376	1.10823442119487	1.40336886905961	1.10823442119487	1.04425551416509	1.07403022349376	1.10823442119487	1.07403022349376	0.824619878181508	0.490515846229189	0.451854899723463	0.490515846229192	0.490515846229189	0.451854899723461	0.449762619877987	0.451854899723463	0.451854899723466	0.449762619877987	0.802849247110391	0.449762619877988	0.490515846229192	0.451854899723463	0.449762619877988	0.451854899723464
1	1.04425536623939	1.07403002164391	1.04425536623939	1.04425536623939	1.07403002164391	1.10823408171034	1.07403002164391	1.07403002164391	1.10823408171034	1.4033688726935	1.10823408171034	1.04425536623939	1.07403002164391	1.10823408171034	1.07403002164391	0.824619926112644	0.490515328648264	0.451854500901802	0.490515328648267	0.490515328648264	0.451854500901802	0.449762145452436	0.451854500901804	0.451854500901804	0.449762145452436	0.802849275531615	0.449762145452437	0.490515328648267	0.451854500901804	0.449762145452436	0.451854500901805
1	1.04425526599306	1.07402988484512	1.04425526599306	1.04425526599306	1.07402988484511	1.10823385162953	1.07402988484511	1.07402988484512	1.10823385162953	1.4033688750722	1.10823385162953	1.04425526599306	1.07402988484511	1.10823385162953	1.07402988484511	0.824619955184625	0.490514977870796	0.451854230600357	0.490514977870799	0.490514977870796	0.451854230600354	0.449761823905933	0.451854230600357	0.45185423060036	0.449761823905935	0.802849294749788	0.449761823905936	0.490514977870799	0.451854230600357	0.449761823905934	0.451854230600357
1	1.04425519805615	1.07402979213206	1.04425519805615	1.04425519805615	1.07402979213206	1.10823369569399	1.07402979213206	1.07402979213206	1.10823369569399	1.40336887664672	1.10823369569399	1.04425519805615	1.07402979213206	1.10823369569399	1.07402979213206	0.824619972817841	0.490514740139716	0.451854047405056	0.490514740139719	0.490514740139715	0.451854047405053	0.449761605977448	0.451854047405055	0.45185404740506	0.449761605977449	0.802849307752703	0.44976160597745	0.490514740139718	0.451854047405055	0.449761605977449	0.451854047405055
1	1.04425515201456	1.07402972929716	1.04425515201456	1.04425515201456	1.07402972929716	1.10823359000975	1.07402972929716	1.07402972929716	1.10823359000975	1.40336887769618	1.10823359000975	1.04425515201456	1.07402972929716	1.10823359000975	1.07402972929716	0.82461998351303	0.490514579022885	0.451853923246167	0.490514579022888	0.490514579022885	0.451853923246168	0.4497614582774	0.45185392324617	0.451853923246172	0.449761458277402	0.802849316554303	0.449761458277403	0.490514579022887	0.45185392324617	0.4497614582774	0.451853923246171
