1	1.00513959260523	1.00945355505202	1.00513959260523	1.00513959260869	1.00945355505442	1.01365527840078	1.00945355505441	1.00945355505677	1.01365527840256	1.01757080350913	1.01365527840256	1.00513959260869	1.00945355505441	1.01365527840078	1.00945355505442	0.346228177864047	0.287953164662932	0.273926852905364	0.287953164662933	0.287953164692316	0.273926852905811	0.267945025539875	0.273926852905537	0.273926852905228	0.267945025533828	0.262436705482514	0.267945025533828	0.287953164692317	0.273926852905537	0.267945025539875	0.273926852905812
1	1.01690172587047	1.02850888585526	1.01690172587047	1.01690172587537	1.02850888585814	1.04245523982797	1.02850888585811	1.02850888586093	1.04245523983021	1.05205142708983	1.04245523983021	1.01690172587537	1.02850888585811	1.04245523982797	1.02850888585814	0.473598406363129	0.406852431882684	0.369579012467382	0.406852431882685	0.406852431896121	0.369579012467807	0.371123572007963	0.369579012467629	0.369579012467923	0.371123572007221	0.353985399010771	0.371123572007221	0.406852431896122	0.369579012467629	0.371123572007964	0.369579012467808
1	1.02354567263339	1.04154299455866	1.02354567263339	1.02354567286342	1.04154299474455	1.05779924989814	1.04154299474459	1.04154299493208	1.05779925011702	1.06825496258023	1.05779925011702	1.02354567286342	1.04154299474459	1.05779924989814	1.04154299474455	0.520455294822222	0.452907397914001	0.432571056143391	0.452907397914002	0.452907397962809	0.432571056041423	0.411442019557794	0.432571056041754	0.432571055951885	0.411442019744453	0.385725590076041	0.411442019744453	0.45290739796281	0.432571056041754	0.411442019557795	0.432571056041424
1	1.02620991266547	1.04833804984411	1.02620991266547	1.02620991275084	1.04833804989305	1.0637966034497	1.04833804989315	1.04833804994623	1.06379660355218	1.07394711567397	1.06379660355218	1.02620991275084	1.04833804989315	1.0637966034497	1.04833804989305	0.537692980717399	0.468395551534239	0.455190106169291	0.46839555153424	0.46839555157136	0.455190106047117	0.425168442841255	0.455190106047701	0.455190105949472	0.425168442955402	0.396315644582252	0.425168442955402	0.468395551571361	0.455190106047701	0.425168442841255	0.455190106047118
1	1.02714899984257	1.05104129036556	1.02714899984257	1.0271489998668	1.05104129035179	1.06590629816295	1.05104129035188	1.05104129034498	1.06590629820052	1.07584571752472	1.06590629820052	1.0271489998668	1.05104129035188	1.06590629816295	1.05104129035179	0.544034370974644	0.47357678856856	0.463092231070478	0.473576788568561	0.473576788589278	0.463092230902301	0.429865973430406	0.463092230902658	0.463092230770889	0.429865973477425	0.399917460385868	0.429865973477425	0.473576788589278	0.463092230902658	0.429865973430406	0.463092230902302
1	1.02746723415637	1.05202491213703	1.02746723415637	1.02746723416374	1.05202491209427	1.0666336761365	1.05202491209432	1.05202491206165	1.06663367614839	1.07648493266627	1.06663367614839	1.02746723416374	1.05202491209432	1.0666336761365	1.05202491209427	0.546367238074293	0.475308697393053	0.465816842609892	0.475308697393054	0.475308697407401	0.465816842363419	0.431479113284386	0.465816842363584	0.46581684216916	0.431479113295772	0.401152073541151	0.431479113295772	0.475308697407402	0.465816842363584	0.431479113284386	0.46581684236342
1	1.02757361884938	1.05237019604696	1.02757361884938	1.02757361885299	1.05237019597839	1.06688391994593	1.05237019597841	1.05237019592413	1.06688391994754	1.07670270431112	1.06688391994754	1.02757361885299	1.05237019597841	1.06688391994593	1.05237019597839	0.547225451873199	0.475887453993751	0.466751669346599	0.475887453993752	0.47588745400866	0.466751668982225	0.432033864330124	0.466751668982293	0.466751668691033	0.432033864322717	0.401576218955339	0.432033864322718	0.475887454008661	0.466751668982293	0.432033864330124	0.466751668982225
1	1.02760899861819	1.05248960768047	1.02760899861819	1.02760899862166	1.05248960757639	1.06697008666017	1.0524896075764	1.05248960749258	1.06697008665659	1.07677737058374	1.06697008665659	1.02760899862166	1.0524896075764	1.06697008666017	1.05248960757639	0.547541171133504	0.476080785016008	0.467071879788101	0.476080785016009	0.476080785036188	0.46707187923977	0.432224757017615	0.467071879239797	0.467071878795264	0.432224756996646	0.401721972211712	0.432224756996646	0.476080785036188	0.467071879239797	0.432224757017616	0.467071879239771
1	1.02762073648295	1.05253065265359	1.02762073648295	1.02762073649178	1.05253065238382	1.06699978374145	1.05253065238382	1.05253065216066	1.06699978372974	1.07680303510634	1.06699978372974	1.02762073649178	1.05253065238382	1.06699978374145	1.05253065238382	0.547657317700171	0.476145334098825	0.467181506311447	0.476145334098826	0.476145334154753	0.467181504693567	0.432290466916181	0.467181504693574	0.467181503346151	0.43229046685155	0.401772042789028	0.432290466851551	0.476145334154753	0.467181504693574	0.432290466916181	0.467181504693568
1	1.02745781894918	1.05324692218256	1.02745781894918	1.02745781894847	1.05324692231827	1.06656126385949	1.05324692231756	1.05324692249044	1.06656126388659	1.0832405685923	1.06656126388659	1.02745781894847	1.05324692231756	1.06656126385949	1.05324692231827	0.547700045893554	0.474467278028749	0.472590645636391	0.47446727802875	0.474467277901435	0.472590647288628	0.430584619038139	0.472590647283765	0.472590649062899	0.430584619176846	0.427549948803129	0.430584619176846	0.474467277901436	0.472590647283765	0.430584619038139	0.472590647288629
1	1.02729964873284	1.053761938816	1.02729964873284	1.02729964872432	1.05376193908848	1.06615426120834	1.05376193908787	1.05376193937899	1.06615426124528	1.08864603132166	1.06615426124528	1.02729964872432	1.05376193908787	1.06615426120834	1.05376193908848	0.547715764717399	0.473839978747596	0.474384563363677	0.473839978747596	0.473839978653361	0.474384564558485	0.429917065273991	0.474384564556475	0.474384565805831	0.429917065392196	0.437907525135541	0.429917065392196	0.473839978653362	0.474384564556475	0.429917065273992	0.474384564558486
1	1.02722915088594	1.05395368687255	1.02722915088594	1.02722915087953	1.05395368708131	1.06597203612048	1.05395368708101	1.05395368729791	1.06597203615081	1.09125250491309	1.06597203615081	1.02722915087953	1.05395368708101	1.06597203612048	1.05395368708131	0.547721547349585	0.473634236726993	0.474932737532387	0.473634236726994	0.473634236663863	0.47493273832656	0.429684610721528	0.47493273832572	0.474932739141999	0.429684610807472	0.442353276818722	0.429684610807472	0.473634236663864	0.47493273832572	0.429684610721528	0.47493273832656
1	1.02720289165413	1.05400647766063	1.02720289165412	1.02720289165008	1.05400647780089	1.06590322723739	1.05400647780077	1.05400647794441	1.06590322725915	1.09246347880284	1.06590322725916	1.02720289165008	1.05400647780077	1.06590322723739	1.05400647780089	0.5477236746611	0.47358033150602	0.475061482401351	0.473580331506021	0.47358033146529	0.475061482914756	0.429617448711289	0.475061482914414	0.47506148343686	0.429617448769803	0.444461735095361	0.429617448769803	0.473580331465291	0.475061482914414	0.429617448711289	0.475061482914757
1	1.02719408915802	1.05401196433739	1.02719408915802	1.02719408915556	1.05401196442813	1.06587991859827	1.05401196442807	1.05401196452019	1.065879918613	1.09306367277051	1.065879918613	1.02719408915556	1.05401196442807	1.06587991859827	1.05401196442813	0.54772445725535	0.473574972276853	0.475062121018839	0.473574972276854	0.473574972251046	0.475062121346068	0.429606685410484	0.475062121345926	0.475062121676779	0.429606685448963	0.445562039645928	0.429606685448963	0.473574972251047	0.475062121345926	0.429606685410485	0.475062121346069
1	1.02719151454277	1.05400472228659	1.02719151454277	1.02719151454129	1.05400472234439	1.06587317695023	1.05400472234437	1.05400472240273	1.06587317695988	1.09338608319705	1.06587317695988	1.02719151454129	1.05400472234437	1.06587317695023	1.05400472234439	0.547724745155712	0.473582179137287	0.47503263535486	0.473582179137287	0.473582179121064	0.475032635561869	0.42961217486003	0.475032635561812	0.475032635770285	0.429612174884842	0.446181238358252	0.429612174884843	0.473582179121065	0.475032635561812	0.429612174860031	0.47503263556187
1	1.02719099028382	1.05399607592495	1.02719099028382	1.02719099028292	1.0539960759615	1.06587197691737	1.05399607596149	1.05399607599827	1.06587197692359	1.09357130336047	1.06587197692359	1.02719099028292	1.05399607596149	1.06587197691737	1.0539960759615	0.547724851068355	0.473590657832318	0.475002753516241	0.473590657832319	0.473590657822158	0.475002753646637	0.429620413156779	0.475002753646613	0.475002753777589	0.429620413172595	0.44654916932227	0.429620413172595	0.473590657822158	0.475002753646613	0.42962041315678	0.475002753646638
