1	1.00461059256858	1.00825381885083	1.00461059256858	1.00465240626388	1.00851306703372	1.01228686650761	1.00851306703371	1.00901188007598	1.01216501884691	1.01545395273064	1.01216501884691	1.00465240626388	1.00851306703371	1.01228686650761	1.00851306703372	0.282694904939765	0.252459789401092	0.23615507296044	0.252459789401093	0.254297236894413	0.240845776957628	0.235346881767865	0.240845776957519	0.249552069200759	0.23406367821765	0.227359074755707	0.23406367821765	0.254297236894413	0.240845776957519	0.235346881767865	0.240845776957628
1	1.01262065783259	1.02074192278788	1.01262065783259	1.01276064756441	1.02405462288652	1.03200440154073	1.02405462288789	1.0244656310204	1.03195142596153	1.03832746562454	1.03195142596153	1.01276064756441	1.02405462288789	1.03200440154073	1.02405462288652	0.386692548511898	0.34179505762366	0.306241070167047	0.341795057623661	0.342321208849068	0.335785248080995	0.31276173466745	0.335785248093843	0.33544431952519	0.312541011880478	0.294371276025699	0.312541011880479	0.342321208849069	0.335785248093843	0.31276173466745	0.335785248080995
1	1.01713307278022	1.02686659312613	1.01713307278022	1.01657338821011	1.03270835079816	1.0418816161651	1.03270835079914	1.03172884304679	1.04134500710389	1.04851406701054	1.04134500710389	1.01657338821011	1.03270835079914	1.0418816161651	1.03270835079816	0.424951143441525	0.372156088917629	0.327855836154928	0.37215608891763	0.371715664484453	0.368934341837424	0.338402203157894	0.368934341839739	0.364919222591892	0.338049571073423	0.315483948745384	0.338049571073424	0.371715664484454	0.368934341839739	0.338402203157894	0.368934341837424
1	1.01895473740669	1.02909380507157	1.01895473740669	1.01801625656146	1.03623134391858	1.04564665767725	1.03623134391892	1.03451031975689	1.04481466942048	1.05214680421659	1.04481466942048	1.01801625656146	1.03623134391892	1.04564665767725	1.03623134391858	0.439025693936595	0.382380253179985	0.33469941831409	0.382380253179985	0.381434986433144	0.380220336403628	0.346929021186314	0.380220336404563	0.3748181418523	0.346342297146991	0.322354716657064	0.346342297146991	0.381434986433144	0.380220336404563	0.346929021186314	0.380220336403629
1	1.01961529757513	1.02984209528495	1.01961529757513	1.01851743013064	1.03751096793587	1.04696789388011	1.03751096793599	1.03548764255999	1.04599398176521	1.05337339675559	1.04599398176521	1.01851743013064	1.03751096793599	1.04696789388011	1.03751096793587	0.444203431651593	0.385803471600039	0.336884527039451	0.38580347160004	0.384635253614009	0.38400711557768	0.349769710453744	0.384007115578001	0.378110263257674	0.349035988367095	0.32461600460754	0.349035988367096	0.384635253614009	0.384007115578001	0.349769710453744	0.38400711557768
1	1.01924347035914	1.0344697764745	1.01924347035914	1.01931273639847	1.03718491054587	1.04707867013946	1.03718491054278	1.03513048057301	1.04681749932488	1.05476658325989	1.04681749932488	1.01931273639847	1.03718491054278	1.04707867013946	1.03718491054587	0.446108215174186	0.385922265865411	0.38213805973319	0.385922265865412	0.386942517820464	0.379087217478178	0.351185176456041	0.379087217453374	0.365323074458324	0.34980974789608	0.32979979053157	0.34980974789608	0.386942517820464	0.379087217453374	0.351185176456041	0.379087217478178
1	1.01919860402831	1.03926650739329	1.01919860402831	1.0194563394929	1.03660976552385	1.04726547996571	1.03660976552132	1.03361093787641	1.0468320230377	1.05521327945511	1.0468320230377	1.0194563394929	1.03660976552132	1.04726547996571	1.03660976552385	0.446808945870819	0.38548986490834	0.399959137144318	0.385489864908341	0.387656577210001	0.376671326609127	0.351716813894906	0.37667132660023	0.358214009607051	0.349448999924119	0.329644837790873	0.349448999924119	0.387656577210002	0.37667132660023	0.351716813894906	0.376671326609128
1	1.01915119544039	1.04150314939177	1.01915119544039	1.01951497704503	1.03630090571292	1.04733491606257	1.03630090571183	1.03278073224708	1.04677070914448	1.05512514437657	1.04677070914448	1.01951497704503	1.03630090571183	1.04733491606257	1.03630090571292	0.447066730287423	0.385205946057213	0.406615655107884	0.385205946057213	0.387877738365829	0.375607931249372	0.351895817502617	0.375607931246146	0.355061030560581	0.349175561826699	0.32906621856975	0.349175561826699	0.38787773836583	0.375607931246146	0.351895817502617	0.375607931249373
1	1.01912351305153	1.04239256110637	1.01912351305153	1.01953908700836	1.03616407091961	1.04735903466868	1.03616407091919	1.03241132027501	1.04673075490034	1.05499673580335	1.04673075490034	1.01953908700836	1.03616407091919	1.04735903466868	1.03616407091961	0.447161563876086	0.385067672923178	0.409051733286734	0.385067672923178	0.387944368418615	0.375168257697406	0.351954480098299	0.375168257696232	0.353763190589714	0.349040643927323	0.328701646035576	0.349040643927323	0.387944368418616	0.375168257696232	0.3519544800983	0.375168257697407
1	1.01911073825957	1.04272742441371	1.01911073825957	1.01954814832107	1.03610766801458	1.04736747673931	1.03610766801443	1.03225813832496	1.04671122928319	1.05491708082643	1.04671122928319	1.01954814832107	1.03610766801443	1.04736747673931	1.03610766801458	0.447196451203008	0.385006487402999	0.409938220987081	0.385006487402999	0.38796327990752	0.37499205131052	0.351973207068952	0.374992051310093	0.353243716926733	0.348981079672239	0.328515206764775	0.34898107967224	0.387963279907521	0.374992051310093	0.351973207068953	0.37499205131052
1	1.01910536899043	1.04285102264991	1.01910536899043	1.01955135184572	1.03608520993733	1.04737043285109	1.03608520993728	1.03219651453336	1.04670259482778	1.05487629231029	1.04670259482778	1.01955135184572	1.03608520993728	1.04737043285109	1.03608520993733	0.447209285536687	0.384980563348869	0.410260827753008	0.384980563348869	0.387968034149943	0.374922747087942	0.351978942826469	0.374922747087786	0.353038446714399	0.348955935847286	0.328426874684597	0.348955935847287	0.387968034149944	0.374922747087786	0.351978942826469	0.374922747087943
1	1.01910320208364	1.04289636265732	1.01910320208364	1.01955243930173	1.03607644665536	1.04737145210375	1.03607644665534	1.03217209261917	1.04669894963276	1.05485696651097	1.04669894963276	1.01955243930173	1.03607644665534	1.04737145210375	1.03607644665536	0.447214007023186	0.384969843953921	0.410378481269938	0.384969843953921	0.387968902554366	0.374895858991623	0.35198057601271	0.374895858991567	0.352957914073347	0.348945568173288	0.328386616595662	0.348945568173288	0.387968902554367	0.374895858991567	0.35198057601271	0.374895858991624
