1	3.30014195063542	1.22222133679664	3.30014195063553	3.18373879145422	1.20411978971938	1.0075071589868	1.20411978973488	1.16603261551556	1.00858510268275	1.07983693030986	1.00858510268275	3.18373879145431	1.20411978973488	1.0075071589868	1.20411978971939	6.49999999999999	0.922809481795568	0.145802465993291	0.922809481795609	1.05792041271762	0.14805792012366	0.0214077844078571	0.14805792012978	0.148417316312768	0.0242048791531135	-0.0624773843960538	0.024204879153115	1.05792041271766	0.14805792012978	0.0214077844078584	0.148057920123667
1	5.85280646504982	1.19921628475947	5.85280646504994	5.78074001502335	1.19196784183277	1.00644661986369	1.19196784183314	1.17395972424719	1.00727110328814	1.06521813397649	1.00727110328814	5.78074001502344	1.19196784183314	1.00644661986369	1.19196784183279	6.49999999999999	1.72142437052661	0.139713579553549	1.72142437052666	2.03817153166182	0.145965669923244	0.0202012393202954	0.145965669923397	0.155664551881509	0.0227188305902268	-0.0573529316979497	0.0227188305902282	2.03817153166187	0.145965669923396	0.0202012393202966	0.14596566992325
1	7.82958184448465	1.16901285057509	7.82958184448473	7.53123749392129	1.16656909254023	1.00553938169918	1.16656909254024	1.16121410733608	1.00614297681458	1.05340890557999	1.00614297681459	7.53123749392134	1.16656909254024	1.00553938169918	1.16656909254024	6.49999999999999	2.37815290098304	0.131113851930117	2.37815290098308	2.78822504961695	0.139670327941229	0.0192977919989385	0.139670327941236	0.155904801608138	0.0216317376555084	-0.0534843783301011	0.0216317376555097	2.78822504961698	0.139670327941235	0.0192977919989396	0.139670327941235
1	9.3264489553224	1.14805843955815	9.32644895532246	7.93668419629065	1.14387749930339	1.00493290633658	1.14387749930339	1.13759499012842	1.0054823875146	1.04567792925822	1.0054823875146	7.93668419629069	1.14387749930339	1.00493290633658	1.1438774993034	6.49999999999999	2.92580343728513	0.125824254191653	2.92580343728517	3.05197898348491	0.133487543565904	0.0188055977145765	0.133487543565906	0.148650507391279	0.0211510264494819	-0.051058608707063	0.0211510264494832	3.05197898348495	0.133487543565906	0.0188055977145776	0.13348754356591
1	10.9428521222164	1.10732697969663	10.9428521222164	5.37842337461103	1.09490348223741	1.00363235667589	1.09490348223741	1.0797778556163	1.00368192005528	1.03207338748755	1.00368192005528	5.3784233746111	1.09490348223741	1.00363235667589	1.09490348223741	6.49999999999999	3.8492603977493	0.118788170554541	3.84926039774934	2.08712682165699	0.115531163482277	0.0176435775869442	0.11553116348228	0.11375433276718	0.0184060355441871	-0.0460531377804683	0.0184060355441882	2.08712682165703	0.115531163482279	0.0176435775869453	0.115531163482282
1	9.10188615025928	1.03832050141047	9.10188615025928	1.08512348884004	1.03121278514311	1.00139657688452	1.03121278514311	1.02478028301861	1.00133545224627	1.0136912406536	1.00133545224627	1.08512348884004	1.03121278514311	1.00139657688452	1.03121278514311	6.49999999999999	4.20680292743015	0.0918955951171537	4.20680292743018	0.175899739216833	0.0775643745477899	0.0134986571177298	0.0775643745477913	0.0661304811439677	0.0127459088483298	-0.035867979197711	0.0127459088483306	0.175899739216836	0.0775643745477914	0.0134986571177306	0.0775643745477929
1	8.29694640449782	1.02524984234913	8.29694640449783	1.04877701854433	1.02246585716099	1.0010571676888	1.02246585716099	1.02081419289031	1.0010746557176	1.01116131150601	1.0010746557176	1.04877701854434	1.02246585716099	1.0010571676888	1.02246585716099	6.49999999999999	4.24466842588572	0.0824055894147585	4.24466842588575	0.133451588109193	0.0691320142448398	0.012563299363169	0.0691320142448408	0.0612204835162179	0.0118753876840063	-0.0341257716719941	0.0118753876840071	0.133451588109196	0.0691320142448409	0.0125632993631698	0.0691320142448423
1	8.10990143323717	1.02298430008249	8.10990143323717	1.04670851233866	1.0211465892307	1.00099637188093	1.0211465892307	1.02038964158044	1.00103278238123	1.01068687571075	1.00103278238123	1.04670851233866	1.0211465892307	1.00099637188093	1.0211465892307	6.49999999999999	4.25221766288772	0.080560797723463	4.25221766288775	0.1304689776031	0.0677094132517269	0.0123701541272468	0.067709413251728	0.0605603823149743	0.0117131445055004	-0.0337236918777473	0.0117131445055011	0.130468977603103	0.0677094132517282	0.0123701541272476	0.0677094132517295
1	8.0636951184373	1.02245855794075	8.0636951184373	1.04629613485602	1.02084979455749	1.00098229268325	1.02084979455749	1.02030483210339	1.00102341768069	1.01057794616773	1.00102341768069	1.04629613485602	1.02084979455749	1.00098229268325	1.02084979455749	6.49999999999999	4.25404629329542	0.0801215506006675	4.25404629329545	0.129847749135887	0.0673836009445287	0.0123245122903178	0.0673836009445298	0.0604186436302695	0.0116761170526799	-0.0336297898613225	0.0116761170526806	0.129847749135889	0.06738360094453	0.0123245122903186	0.0673836009445312
1	8.05202421104073	1.02232760322581	8.05202421104074	1.046194912723	1.02077616641047	1.00097878551318	1.02077616641048	1.02028406140983	1.00102109620722	1.01055084226355	1.00102109620722	1.046194912723	1.02077616641048	1.00097878551318	1.02077616641048	6.49999999999999	4.25450617373261	0.0800112798516836	4.25450617373265	0.129694267175601	0.0673024390889928	0.0123130934360564	0.0673024390889941	0.0603835835260014	0.0116669103122671	-0.0336063697287723	0.0116669103122678	0.129694267175603	0.0673024390889943	0.0123130934360572	0.0673024390889954
1	8.04905889526229	1.02229444383772	8.0490588952623	1.04616933923264	1.02075753707304	1.00097789739029	1.02075753707304	1.0202788157244	1.00102050889155	1.01054398009004	1.00102050889155	1.04616933923264	1.02075753707304	1.00097789739029	1.02075753707304	6.49999999999999	4.25462289440576	0.0799832990991391	4.25462289440579	0.129655439922649	0.0672818820846828	0.0123101987186301	0.0672818820846839	0.060374712920547	0.0116645795717932	-0.0336004368945472	0.0116645795717939	0.129655439922652	0.0672818820846842	0.0123101987186308	0.0672818820846853
1	8.04830433101473	1.02228601364951	8.04830433101473	1.04616284158868	1.02075280183285	1.00097767158998	1.02075280183285	1.02027748309858	1.00102035960839	1.01054223551564	1.00102035960839	1.04616284158868	1.02075280183285	1.00097767158998	1.02075280183285	6.49999999999999	4.25465258739207	0.0799761820239879	4.2546525873921	0.129645571257003	0.067276655520215	0.0123094625495482	0.0672766555202162	0.0603724582260487	0.0116639870415674	-0.0335989286647007	0.0116639870415681	0.129645571257005	0.0672766555202164	0.012309462549549	0.0672766555202176
1	8.04811224786701	1.02228386818883	8.04811224786701	1.04616118831711	1.02075159679853	1.00097761412462	1.02075159679853	1.02027714407227	1.00102032161927	1.0105417915404	1.00102032161927	1.04616118831711	1.02075159679853	1.00097761412462	1.02075159679853	6.49999999999999	4.25466014550454	0.0799743705669423	4.25466014550457	0.129643059958631	0.0672753253638904	0.0123092751874279	0.0672753253638915	0.0603718845066148	0.0116638362485104	-0.0335985445545696	0.0116638362485111	0.129643059958633	0.0672753253638917	0.0123092751874287	0.0672753253638929
1	8.04806334614296	1.02228332201678	8.04806334614297	1.04616076746176	1.02075129003608	1.00097759949562	1.02075129003608	1.02027705777209	1.00102031194852	1.01054167851753	1.00102031194852	1.04616076746176	1.02075129003608	1.00097759949562	1.02075129003608	6.49999999999999	4.25466206966027	0.0799739094085122	4.25466206966031	0.129642420668134	0.0672749867436322	0.0123092274898036	0.0672749867436335	0.0603717384585842	0.0116637978612134	-0.0335984467677981	0.0116637978612141	0.129642420668137	0.0672749867436336	0.0123092274898043	0.0672749867436347
1	8.04805089613122	1.02228318296746	8.04805089613122	1.04616066031764	1.02075121193803	1.00097759577124	1.02075121193803	1.02027703580129	1.00102030948646	1.01054164974036	1.00102030948646	1.04616066031764	1.02075121193803	1.00097759577124	1.02075121193803	6.49999999999999	4.2546625595337	0.0799737920015443	4.25466255953373	0.129642257912047	0.0672749005343088	0.0123092153463807	0.06727490053431	0.0603717012758119	0.0116637880880762	-0.0335984219687484	0.0116637880880769	0.12964225791205	0.0672749005343102	0.0123092153463814	0.0672749005343113
1	8.04804772643442	1.02228314756652	8.04804772643442	1.04616063303968	1.02075119205486	1.00097759482304	1.02075119205486	1.02027703020773	1.00102030885964	1.01054164241551	1.00102030885964	1.04616063303968	1.02075119205486	1.00097759482304	1.02075119205486	6.49999999999999	4.2546626842523	0.0799737621106217	4.25466268425233	0.129642216475876	0.0672748785861909	0.0123092122547983	0.0672748785861919	0.0603716918097742	0.0116637856000075	-0.0335984156015755	0.0116637856000082	0.129642216475879	0.0672748785861922	0.0123092122547991	0.0672748785861934
1	8.04804691944902	1.02228313855363	8.04804691944902	1.04616062609485	1.02075118699272	1.00097759458163	1.02075118699272	1.02027702878367	1.00102030870006	1.01054164054491	1.00102030870006	1.04616062609485	1.02075118699272	1.00097759458163	1.02075118699272	6.49999999999999	4.25466271600492	0.0799737545002505	4.25466271600495	0.129642205925576	0.0672748729977746	0.0123092114675311	0.0672748729977758	0.0603716893983555	0.0116637849662157	-0.0335984141755423	0.0116637849662164	0.129642205925579	0.0672748729977759	0.0123092114675318	0.0672748729977771
1	8.04804671399941	1.02228313625908	8.04804671399941	1.04616062432687	1.02075118570397	1.00097759452017	1.02075118570397	1.02027702842111	1.00102030865943	1.01054164007536	1.00102030865943	1.04616062432687	1.02075118570397	1.00097759452017	1.02075118570397	6.49999999999999	4.25466272408875	0.0799737525631098	4.25466272408878	0.129642203240683	0.0672748715756757	0.0123092112672975	0.0672748715756768	0.0603716887860848	0.0116637848052665	-0.033598413587025	0.0116637848052672	0.129642203240686	0.067274871575677	0.0123092112672983	0.0672748715756782
1	8.04804666168534	1.02228313567481	8.04804666168533	1.04616062387658	1.0207511853758	1.00097759450452	1.0207511853758	1.02027702832876	1.00102030864909	1.01054163995505	1.00102030864909	1.04616062387658	1.0207511853758	1.00097759450452	1.0207511853758	6.49999999999999	4.25466272614716	0.0799737520698086	4.25466272614719	0.12964220255684	0.0672748712134971	0.0123092112162913	0.0672748712134982	0.0603716886300065	0.0116637847642301	-0.0335984134596603	0.0116637847642308	0.129642202556843	0.0672748712134985	0.0123092112162921	0.0672748712134996
