1	1.08218572136381	1.0618366660908	1.08218572136381	1.08225089819808	1.09603471650732	1.10519316878901	1.09603471663017	1.06184418908428	1.1051261300276	1.09196322519	1.1051261300276	1.08225089819808	1.09603471663017	1.10519316878901	1.09603471650732	0.707092923280299	0.242922145909926	0.148014701045834	0.242922145909928	0.243755873995703	0.185933435137439	0.159973074487754	0.185933436281569	0.148036780994071	0.159469010440151	0.128586354319808	0.159469010440152	0.243755873995705	0.185933436281569	0.159973074487754	0.185933435137441
1	1.08226169311107	1.06183635988147	1.08226169311107	1.08247119046633	1.09602563995769	1.10544083805394	1.0960256402462	1.06185256054416	1.10521869879886	1.09197500318431	1.10521869879886	1.08247119046633	1.0960256402462	1.10544083805394	1.09602563995769	0.707093596719218	0.243272742931842	0.148017755016457	0.243272742931844	0.244734316827876	0.185903850261466	0.160482815919284	0.185903851104124	0.148055764453464	0.15965446470605	0.128606124909004	0.159654464706051	0.244734316827878	0.185903851104124	0.160482815919284	0.185903850261468
1	1.08236092469348	1.06183608624793	1.08236092469348	1.08275640528589	1.09601269807237	1.1057419957258	1.09601269844422	1.06186116622916	1.10532937927534	1.09198794393766	1.10532937927534	1.08275640528589	1.09601269844422	1.1057419957258	1.09601269807237	0.70709420607195	0.243538384224564	0.148020821051656	0.243538384224567	0.245476296074846	0.185884282168171	0.160818591574769	0.185884282791706	0.148070477640975	0.159777349302349	0.128619911257064	0.15977734930235	0.245476296074848	0.185884282791706	0.160818591574769	0.185884282168173
1	1.08246985317032	1.0618359686891	1.08246985317032	1.08306842845806	1.09599849922003	1.10605187751107	1.09599849962376	1.06186958676288	1.10544252219352	1.0920007969013	1.10544252219352	1.08306842845806	1.09599849962376	1.10605187751107	1.09599849922003	0.707094757437103	0.243741073986582	0.148023533987269	0.243741073986584	0.246043162727824	0.185871100353902	0.161045089824977	0.185871100828087	0.148081821879549	0.159860724373317	0.128629738208587	0.159860724373317	0.246043162727827	0.185871100828087	0.161045089824977	0.185871100353904
1	1.08257984620843	1.0618360181075	1.08257984620843	1.08338300290479	1.09598448350792	1.1063470930965	1.09598448391332	1.06187754625509	1.10554997996573	1.09201289905242	1.10554997996573	1.08338300290479	1.09598448391332	1.1063470930965	1.09598448350792	0.707095256332924	0.243896868836497	0.148025791353941	0.243896868836499	0.246479573326572	0.185862025613139	0.161201973889954	0.185862025985017	0.148090560756114	0.159918785120782	0.12863689657812	0.159918785120782	0.246479573326575	0.185862025985017	0.161201973889954	0.185862025613141
1	1.0826856382207	1.06183620242755	1.0826856382207	1.08368533666724	1.09597139338332	1.10661661557453	1.09597139377358	1.06188488342356	1.10564793767284	1.09202393558394	1.10564793767284	1.08368533666724	1.09597139377358	1.10661661557453	1.09597139338332	0.707095707752531	0.244017524253396	0.148027608084322	0.244017524253398	0.246818170104154	0.185855623076666	0.161313728595764	0.185855623377714	0.148097307198323	0.159960334440797	0.128642220685712	0.159960334440798	0.246818170104156	0.185855623377714	0.161313728595764	0.185855623076668
1	1.08278423302955	1.06183647926214	1.08278423302955	1.08396701978249	1.09595956192434	1.10685640837589	1.09595956229094	1.06189152149084	1.10573502804749	1.0920337947072	1.10573502804749	1.08396701978249	1.09595956229094	1.10685640837589	1.09595956192434	0.707096116213883	0.244111679994515	0.14802904366742	0.244111679994517	0.247082923968647	0.185850985511229	0.161395603801888	0.185850985762607	0.148102537948524	0.15999088354035	0.128646257944799	0.15999088354035	0.247082923968649	0.185850985762607	0.161395603801889	0.185850985511231
1	1.08287413875756	1.0618368097294	1.08287413875756	1.08422387396993	1.09594908825829	1.10706624926592	1.09594908859779	1.06189744219577	1.10581121840611	1.09204247960335	1.10581121840611	1.08422387396993	1.09594908859779	1.10706624926592	1.09594908825829	0.707096485804997	0.244185714122941	0.148030167623452	0.244185714122944	0.247291527808021	0.185847535695545	0.16145720777665	0.185847535911572	0.14810661690867	0.160013924995639	0.128649373441553	0.160013924995639	0.247291527808023	0.185847535911572	0.16145720777665	0.185847535695547
1	1.08295483826547	1.06183716308394	1.08295483826547	1.08445446388971	1.0959399433415	1.10724787419537	1.09593994365341	1.06190266537611	1.10587716019192	1.09205005524832	1.10587716019192	1.08445446388971	1.09593994365341	1.10724787419537	1.0959399433415	0.707096820224866	0.244244358787085	0.148031044635565	0.244244358787088	0.24745711372575	0.185844903165668	0.161504683949182	0.185844903356112	0.148109818863335	0.160031706050999	0.128651814998467	0.160031706050999	0.247457113725753	0.185844903356112	0.161504683949183	0.18584490316567
1	1.08302642576716	1.06183751719175	1.08302642576716	1.08465907521514	1.0959320329715	1.10740390958692	1.09593203325701	1.06190723386568	1.10593381461693	1.0920566165893	1.10593381461693	1.08465907521514	1.09593203325701	1.10740390958692	1.0959320329715	0.707097122820477	0.244291144771445	0.148031729338286	0.244291144771447	0.247589488204443	0.185842847314137	0.161542032964172	0.185842847485723	0.14811235019954	0.160045699782386	0.128653754011073	0.160045699782386	0.247589488204446	0.185842847485723	0.161542032964172	0.185842847314139
1	1.0830893603724	1.06183785733045	1.0830893603724	1.0848390212382	1.0959252345402	1.10753727379107	1.09592523480134	1.06191120281563	1.10598224256656	1.09206226978578	1.10598224256656	1.0848390212382	1.09592523480134	1.10753727379107	1.0959252345402	0.707097396620308	0.244328722672136	0.148032265634717	0.244328722672139	0.247696022073207	0.185841209518642	0.161571917124962	0.185841209676051	0.14811436573861	0.160056892927325	0.128655311360634	0.160056892927326	0.247696022073209	0.185841209676051	0.161571917124962	0.185841209518644
1	1.08314430099798	1.06183817456922	1.08314430099798	1.08499617813597	1.09591941798593	1.10765085344687	1.09591941822509	1.06191463245687	1.10602349090238	1.09206712147047	1.10602349090238	1.08499617813597	1.09591941822509	1.10765085344687	1.09591941798593	0.707097644364641	0.244359095643407	0.148032687786299	0.24435909564341	0.247782294264847	0.185839883170692	0.161596153197818	0.185839883317219	0.148115981809126	0.160065962957317	0.128656573992084	0.160065962957317	0.247782294264849	0.185839883317219	0.161596153197819	0.185839883170694
1	1.08319199793379	1.06183846420971	1.08319199793379	1.0851326795172	1.09591445714837	1.10774734076607	1.09591445736803	1.06191758339725	1.10605853523906	1.0920712728827	1.10605853523906	1.0851326795172	1.09591445736803	1.10774734076607	1.09591445714837	0.707097868532983	0.244383788295386	0.1480330220932	0.244383788295388	0.24785255843882	0.185838794965813	0.161616015256348	0.185838795103818	0.148117286163505	0.160073387472053	0.128657605667145	0.160073387472054	0.247852558438822	0.185838795103818	0.161616015256348	0.185838794965815
1	1.08323322338918	1.06183872448903	1.08323322338918	1.08525072060754	1.09591023545028	1.10782916265647	1.09591023565279	1.06192011372916	1.1060882550273	1.0920748169502	1.1060882550273	1.08525072060754	1.09591023565279	1.10782916265647	1.09591023545028	0.707098071368887	0.244403969638868	0.148033288569532	0.24440396963887	0.247910082467865	0.185837893176242	0.161632422362783	0.185837893307432	0.148118345373399	0.160079512395407	0.128658454024007	0.160079512395407	0.247910082467867	0.185837893307432	0.161632422362783	0.185837893176244
1	1.0832687286427	1.06183895557888	1.0832687286427	1.08535243730866	1.09590664827823	1.10789846100808	1.09590664846578	1.06192227738953	1.10611342668087	1.09207783712636	1.10611342668087	1.08535243730866	1.09590664846578	1.10789846100808	1.09590664827823	0.707098254902403	0.244420542879695	0.14803350239451	0.244420542879697	0.247957396383197	0.185837140271059	0.161646056039263	0.185837140396694	0.148119210291304	0.160084594942471	0.128659155277848	0.160084594942472	0.2479573963832	0.185837140396694	0.161646056039263	0.185837140271061
1	1.08329921913849	1.06183915885068	1.08329921913849	1.08543983580648	1.09590360350024	1.10795710025691	1.09590360367479	1.0619241233609	1.10613472635454	1.09208040724645	1.10613472635454	1.08543983580648	1.09590360367479	1.10795710025691	1.09590360350024	0.707098420970395	0.244434211257713	0.148033675085395	0.244434211257715	0.247996474250294	0.185836508244647	0.161657434745303	0.185836508365669	0.148119920062939	0.160088831057133	0.128659737398708	0.160088831057134	0.247996474250297	0.185836508365669	0.161657434745303	0.185836508244649
1	1.08332534150735	1.06183933635648	1.08332534150735	1.08551475579953	1.0959010209825	1.10800668837421	1.09590102114579	1.0619256954193	1.10615273749171	1.09208259194985	1.10615273749171	1.08551475579953	1.09590102114579	1.10800668837421	1.0959010209825	0.707098571234929	0.244445526537704	0.148033815409021	0.244445526537707	0.248028868229858	0.185835975634338	0.161666961869548	0.185835975751465	0.148120505069551	0.160092373225787	0.1286602222952	0.160092373225788	0.24802886822986	0.185835975751465	0.161666961869548	0.18583597563434
1	1.08334767835052	1.0618394904748	1.08334767835052	1.08557885563914	1.09589883161528	1.10804860339652	1.09589883176883	1.06192703222317	1.10616796035345	1.09208444739207	1.10616796035345	1.08557885563914	1.09589883176883	1.10804860339652	1.09589883161528	0.707098707199902	0.244454924904408	0.148033930073543	0.24445492490441	0.248055807927366	0.185835525593945	0.161674957274251	0.185835525707729	0.148120989087291	0.160095342274507	0.128660627340889	0.160095342274507	0.248055807927369	0.185835525707729	0.161674957274251	0.185835525593946
1	1.08336674793209	1.06183962367761	1.08336674793209	1.08563361134624	1.09589697614313	1.10808402113875	1.09589697628825	1.06192816760255	1.1061808219812	1.0920860220801	1.1061808219812	1.08563361134624	1.09589697628825	1.10808402113875	1.09589697614313	0.707098830226097	0.24446275368345	0.148034024245985	0.244462753683452	0.248078274454439	0.185835144629666	0.161681678518112	0.18583514474054	0.148121390876687	0.160097835362359	0.128660966460075	0.160097835362359	0.248078274454442	0.18583514474054	0.161681678518112	0.185835144629668
1	1.08338300684215	1.06183973838367	1.08338300684216	1.08568032404319	1.0958954039645	1.10811394179794	1.09589540410233	1.06192913095461	1.10619168577413	1.09208735773316	1.10619168577413	1.08568032404319	1.09589540410233	1.10811394179794	1.0958954039645	0.707098941544801	0.244469291356023	0.14803410193635	0.244469291356026	0.248097055993064	0.185834821753839	0.161687335513132	0.185834821862143	0.148121725358131	0.160099931535685	0.128661250913832	0.160099931535686	0.248097055993067	0.185834821862143	0.161687335513132	0.18583482175384
1	1.08339685433098	1.0618398368718	1.08339685433098	1.08572013213404	1.09589407198859	1.10813921434906	1.09589407212008	1.06192994768402	1.10620086028512	1.09208849011336	1.10620086028512	1.08572013213404	1.09589407212008	1.10813921434906	1.09589407198859	0.707099042270131	0.244474762650688	0.148034166281702	0.24447476265069	0.248112789768773	0.185834547904462	0.161692100932903	0.185834548010468	0.148122004486493	0.160101695691246	0.128661489878977	0.160101695691246	0.248112789768775	0.185834548010468	0.161692100932903	0.185834547904464
1	1.08340863745753	1.06183992123467	1.08340863745753	1.08575402581221	1.09589294359113	1.10816055830953	1.09589294371711	1.06193063964961	1.10620860707995	1.09208944979715	1.10620860707995	1.08575402581221	1.09589294371711	1.10816055830953	1.09589294359113	0.707099133410178	0.244479350004111	0.148034219756207	0.244479350004113	0.248125993987145	0.185834315535765	0.161696117814485	0.185834315639688	0.148122237906568	0.160103181479944	0.128661690881631	0.160103181479945	0.248125993987147	0.185834315639688	0.161696117814486	0.185834315535767
1	1.08341865650009	1.06183999335935	1.08341865650009	1.08578286233248	1.09589198768491	1.10817858281956	1.09589198780608	1.0619312255939	1.10621514763703	1.09209026287419	1.10621514763703	1.08578286233249	1.09589198780608	1.10817858281957	1.09589198768491	0.707099215877102	0.244483202329286	0.148034264326818	0.244483202329289	0.248137092317054	0.1858341183206	0.161699505261515	0.185834118422612	0.148122433448223	0.160104433488558	0.128661860126981	0.160104433488559	0.248137092317057	0.185834118422612	0.161699505261515	0.185834118320602
1	1.08342717028481	1.06184005492495	1.08342717028481	1.08580738107134	1.09589117790594	1.10819380317714	1.09589117802289	1.0619317215425	1.10622066933436	1.09209095156993	1.10622066933437	1.08580738107134	1.09589117802289	1.10819380317714	1.09589117790594	0.707099290496262	0.244486441775335	0.148034301569189	0.244486441775337	0.248146432805328	0.185833950927507	0.161702362827909	0.185833951027747	0.148122597503651	0.160105488916739	0.12866200275371	0.160105488916739	0.24814643280533	0.185833951027747	0.161702362827909	0.185833950927509
1	1.0834344012289	1.06184010741047	1.0834344012289	1.0858282177962	1.09589049190882	1.10820665505541	1.09589049202204	1.06193214116707	1.10622533060329	1.09209153479361	1.10622533060329	1.0858282177962	1.09589049202204	1.10820665505541	1.09589049190882	0.707099358014469	0.244489168979584	0.148034332754493	0.244489168979586	0.248154302603478	0.185833808848874	0.161704773958741	0.18583380894745	0.14812273531735	0.160106378891749	0.128662123032872	0.16010637889175	0.24815430260348	0.18583380894745	0.161704773958742	0.185833808848876
1	1.08344053998843	1.06184015210868	1.08344053998843	1.08584591782931	1.09588991076113	1.10821750666182	1.09588991087105	1.06193249610973	1.10622926534042	1.09209202861641	1.10622926534042	1.08584591782931	1.09588991087105	1.10821750666182	1.09588991076113	0.70709941910747	0.244491467179953	0.148034358914929	0.244491467179956	0.248160939522744	0.185833688265135	0.161706808738263	0.185833688362124	0.148122851211019	0.160107129516323	0.128662224525139	0.160107129516324	0.248160939522746	0.185833688362124	0.161706808738263	0.185833688265137
1	1.08344574966232	1.0618401901427	1.08344574966232	1.08586094796551	1.09588941842571	1.10822666909787	1.09588941853267	1.06193279626963	1.10623258666987	1.09209244668608	1.10623258666987	1.08586094796551	1.09588941853267	1.10822666909787	1.09588941842571	0.707099474386703	0.24449340545958	0.148034380893554	0.244493405459582	0.248166541169367	0.185833585935181	0.161708526115211	0.185833586030633	0.148122948759509	0.160107762715017	0.128662310206395	0.160107762715018	0.248166541169369	0.185833586030633	0.161708526115212	0.185833585935182
1	1.0834501695429	1.06184022248367	1.0834501695429	1.08587370711375	1.09588900131951	1.10823440516282	1.09588900142379	1.06193305005364	1.10623539014264	1.09209280058446	1.10623539014264	1.08587370711375	1.09588900142379	1.10823440516282	1.09588900131951	0.707099524405421	0.244495041325703	0.148034399382515	0.244495041325705	0.248171272219641	0.185833499106461	0.161709975724358	0.185833499200401	0.148123030929641	0.160108296925042	0.128662382568952	0.160108296925043	0.248171272219643	0.185833499200401	0.161709975724358	0.185833499106463
1	1.08345391842743	1.06184024996816	1.08345391842743	1.08588453570086	1.09588864793859	1.10824093682098	1.09588864804044	1.06193326459423	1.1062377564518	1.09209310013483	1.1062377564518	1.08588453570086	1.09588864804044	1.10824093682098	1.09588864793859	0.707099569664229	0.244496422773848	0.148034414952662	0.24449642277385	0.248175270253797	0.185833425440323	0.161711199389825	0.185833425532746	0.148123100190618	0.160108747664775	0.128662443703721	0.160108747664776	0.2481752702538	0.185833425532746	0.161711199389825	0.185833425440325
1	1.08345709751864	1.06184027331461	1.08345709751864	1.08589372391475	1.09588834854003	1.10824645152727	1.09588834863962	1.06193344593776	1.10623975373365	1.09209335366517	1.10623975373365	1.08589372391475	1.09588834863962	1.10824645152727	1.09588834854003	0.707099610616092	0.244497589950944	0.148034428076664	0.244497589950946	0.248178650464629	0.185833362949428	0.161712232373403	0.185833363040302	0.148123158602492	0.160109128004518	0.128662495367369	0.160109128004519	0.248178650464631	0.185833363040302	0.161712232373403	0.18583336294943
1	1.08345979294958	1.06184029313855	1.08345979294958	1.08590151888537	1.0958880948721	1.10825110758051	1.09588809496956	1.06193359920645	1.10624143951576	1.09209356823314	1.10624143951576	1.08590151888537	1.09588809496956	1.10825110758051	1.0958880948721	0.707099647670869	0.244498576503523	0.148034439147243	0.244498576503525	0.248181509480758	0.185833309944985	0.161713104415853	0.185833310034258	0.14812320788753	0.160109448958164	0.128662539037507	0.160109448958164	0.24818150948076	0.185833310034258	0.161713104415854	0.185833309944987
1	1.08346207797035	1.06184030996624	1.08346207797035	1.08590813090878	1.0958878799458	1.10825503865101	1.09588788004125	1.06193372873725	1.10624286236499	1.09209374981808	1.10624286236499	1.08590813090878	1.09588788004125	1.10825503865101	1.0958878799458	0.707099681199419	0.244499410676748	0.148034448491658	0.24449941067675	0.248183928488068	0.185833264992058	0.16171384060841	0.185833265079665	0.148123249488156	0.160109719810214	0.128662575958246	0.160109719810215	0.24818392848807	0.185833265079665	0.161713840608411	0.18583326499206
1	1.08346401483464	1.06184032424697	1.08346401483464	1.08591373882073	1.09588769784138	1.10825835760779	1.09588769793487	1.06193383820061	1.10624406328079	1.0920939034845	1.10624406328079	1.08591373882073	1.09588769793487	1.10825835760779	1.09588769784138	0.707099711537305	0.244500116214866	0.148034456383293	0.244500116214868	0.248185975790762	0.18583322687162	0.161714462123942	0.185833226957489	0.148123284614236	0.160109948389536	0.128662607177963	0.160109948389536	0.248185975790764	0.185833226957489	0.161714462123942	0.185833226871622
1	1.08346565642199	1.06184033636377	1.08346565642199	1.08591849462063	1.09588754354445	1.10826115975284	1.09588754363602	1.06193393070178	1.10624507687272	1.09209403352114	1.10624507687272	1.08591849462063	1.09588754363603	1.10826115975284	1.09588754354445	0.70709973898816	0.244500713102324	0.14803446305102	0.244500713102326	0.248187708921997	0.185833194548269	0.16171498683146	0.185833194632356	0.14812331428187	0.160110141298997	0.128662633580703	0.160110141298997	0.248187708922	0.185833194632356	0.161714986831461	0.185833194548271
1	1.08346704762915	1.06184034664285	1.08346704762915	1.08592252744031	1.09588741280736	1.1082635255535	1.09588741289704	1.06193400886704	1.10624593235527	1.09209414355927	1.10624593235527	1.08592252744031	1.09588741289705	1.1082635255535	1.09588741280736	0.707099763826721	0.244501218176191	0.148034468686791	0.244501218176193	0.24818917639013	0.185833167142802	0.161715429813231	0.185833167225031	0.148123339345349	0.16011030410837	0.12866265591237	0.160110304108371	0.248189176390132	0.185833167225031	0.161715429813232	0.185833167142804
1	1.08346822656091	1.06184035536178	1.08346822656091	1.08592594694303	1.09588730203177	1.1082655229506	1.09588730211956	1.06193407491708	1.10624665438824	1.09209423667297	1.10624665438824	1.08592594694303	1.09588730211956	1.1082655229506	1.09588730203177	0.70709978630158	0.244501645634034	0.148034473451843	0.244501645634037	0.248190419128498	0.185833143908792	0.161715803800334	0.185833143989058	0.148123360523585	0.160110441516569	0.128662674802614	0.160110441516569	0.2481904191285	0.185833143989058	0.161715803800334	0.185833143908794
1	1.08346922554749	1.06184036275659	1.08346922554749	1.08592884622931	1.09588720816926	1.1082672093077	1.09588720825515	1.06193413072924	1.1062472637863	1.09209431546441	1.1062472637863	1.08592884622931	1.09588720825515	1.1082672093077	1.09588720816926	0.707099806637673	0.244502007456405	0.148034477481783	0.244502007456408	0.248191471702697	0.185833124212667	0.161716119539769	0.185833124290846	0.148123378422031	0.160110557488192	0.12866269078316	0.160110557488193	0.2481914717027	0.185833124290846	0.161716119539769	0.185833124212669
1	1.08347007201244	1.06184036902784	1.08347007201244	1.08593130431773	1.09588712863722	1.10826863305743	1.09588712872114	1.06193417789038	1.10624777811829	1.09209438213607	1.10624777811829	1.08593130431773	1.09588712872115	1.10826863305743	1.09588712863722	0.707099825038531	0.244502313759235	0.148034480890791	0.244502313759238	0.248192363318563	0.185833107516748	0.161716386104015	0.185833107592709	0.148123393550926	0.16011065536854	0.1286627043032	0.160110655368541	0.248192363318565	0.185833107592709	0.161716386104015	0.18583310751675
1	1.08347078921232	1.06184037434591	1.08347078921232	1.08593338826015	1.09588706124754	1.10826983509159	1.09588706132945	1.06193421774161	1.10624821221316	1.09209443855197	1.10624821221316	1.08593338826015	1.09588706132945	1.10826983509159	1.09588706124754	0.707099841688316	0.244502573088455	0.148034483775096	0.244502573088457	0.248193118665657	0.185833093364821	0.161716611152151	0.185833093438428	0.148123406340509	0.160110737980514	0.128662715742303	0.160110737980514	0.24819311866566	0.185833093438428	0.161716611152152	0.185833093364822
1	1.08347139686622	1.06184037885545	1.08347139686622	1.08593515494354	1.09588700414636	1.10827084993509	1.09588700422618	1.06193425141632	1.10624857858709	1.09209448628963	1.10624857858709	1.08593515494354	1.09588700422618	1.10827084993509	1.09588700414636	0.707099856753665	0.244502792666801	0.14803448621585	0.244502792666803	0.248193758624487	0.185833081369851	0.161716801150181	0.185833081440981	0.148123417153734	0.160110807706311	0.128662725421286	0.160110807706312	0.24819375862449	0.185833081440981	0.161716801150182	0.185833081369853
1	1.0834719116913	1.06184038267925	1.0834719116913	1.08593665262353	1.09588695576292	1.10827170673712	1.09588695584057	1.0619342798722	1.10624888780413	1.09209452668401	1.10624888780413	1.08593665262353	1.09588695584057	1.10827170673712	1.09588695576292	0.707099870385356	0.244502978600929	0.148034488281549	0.244502978600931	0.248194300860452	0.185833071203543	0.161716961556955	0.185833071272089	0.148123426296913	0.160110866556295	0.128662733611368	0.160110866556295	0.248194300860454	0.185833071272089	0.161716961556955	0.185833071203545
1	1.08347234785801	1.0618403859215	1.08347234785801	1.0859379222288	1.09588691476632	1.10827243010809	1.09588691484172	1.06193430391848	1.10624914878058	1.09209456086478	1.10624914878058	1.0859379222288	1.09588691484172	1.10827243010809	1.09588691476633	0.70709988271982	0.244503136055459	0.14803449003003	0.244503136055462	0.248194760323377	0.185833062587454	0.16171709698109	0.185833062653339	0.148123434028652	0.160110916227091	0.128662740541869	0.160110916227092	0.248194760323379	0.185833062653339	0.161717096981091	0.185833062587456
1	1.08347271737675	1.0618403886706	1.08347271737675	1.08593899846981	1.09588688002888	1.10827304082628	1.09588688010195	1.06193432423889	1.10624936904195	1.09209458978785	1.10624936904195	1.08593899846981	1.09588688010195	1.10827304082628	1.09588688002888	0.707099893880504	0.244503269399432	0.148034491510153	0.244503269399434	0.248195149668151	0.185833055285455	0.16171721131343	0.18583305534864	0.148123440567335	0.160110958150578	0.128662746406717	0.160110958150579	0.248195149668153	0.18583305534864	0.16171721131343	0.185833055285457
1	1.08347303042626	1.06184039100153	1.08347303042626	1.08593991078092	1.09588685059507	1.10827355643453	1.09588685066576	1.06193434141113	1.10624955493989	1.0920946142621	1.10624955493989	1.08593991078092	1.09588685066576	1.10827355643453	1.09588685059507	0.70709990397911	0.244503382329659	0.148034492763208	0.244503382329662	0.248195479609293	0.185833049097234	0.16171730783884	0.18583304915789	0.148123446097435	0.160110993535224	0.128662751369926	0.160110993535225	0.248195479609296	0.185833049157891	0.16171730783884	0.185833049097236
1	1.08347329563229	1.06184039297789	1.08347329563229	1.08594068412047	1.0958868256552	1.10827399174396	1.09588682572354	1.0619343559233	1.10624971183523	1.09209463497195	1.10624971183523	1.08594068412047	1.09588682572354	1.10827399174397	1.0958868256552	0.707099913116705	0.244503477974731	0.148034493824108	0.244503477974733	0.248195759220082	0.185833043852914	0.161717389330601	0.185833043911474	0.148123450774805	0.160111023400959	0.128662755570228	0.16011102340096	0.248195759220084	0.185833043911474	0.161717389330602	0.185833043852916
1	1.08347352030411	1.06184039465362	1.08347352030411	1.08594133965013	1.09588680452322	1.10827435925936	1.09588680458928	1.06193436818778	1.10624984425257	1.09209465249653	1.10624984425257	1.08594133965013	1.09588680458928	1.10827435925936	1.09588680452322	0.707099921384744	0.24450355898277	0.14803449472238	0.244503558982772	0.248195996185107	0.185833039408708	0.161717458130082	0.185833039465354	0.148123454731149	0.16011104860861	0.128662759124983	0.160111048608611	0.248195996185109	0.185833039465354	0.161717458130082	0.18583303940871
1	1.0834737106351	1.06184039607445	1.0834737106351	1.08594189531147	1.09588678661781	1.10827466953824	1.09588678668168	1.06193437855297	1.10624995601067	1.09209466732587	1.10624995601067	1.08594189531147	1.09588678668168	1.10827466953824	1.09588678661781	0.707099928865975	0.244503627595485	0.148034495482995	0.244503627595487	0.248196197013635	0.185833035642605	0.161717516214013	0.185833035697545	0.148123458077777	0.160111069884713	0.128662762133471	0.160111069884713	0.248196197013637	0.185833035697545	0.161717516214014	0.185833035642607
1	1.08347387187286	1.06184039727916	1.08347387187286	1.08594236631535	1.09588677144637	1.10827493149412	1.09588677150817	1.06193438731325	1.10625005033257	1.0920946798746	1.10625005033257	1.08594236631535	1.09588677150817	1.10827493149412	1.09588677144637	0.707099935635272	0.244503685710761	0.14803449612708	0.244503685710763	0.248196367219947	0.185833032451276	0.161717565251272	0.185833032504546	0.148123460908778	0.160111087842474	0.128662764679692	0.160111087842475	0.248196367219949	0.185833032504546	0.161717565251273	0.185833032451278
1	1.08347400846354	1.06184039830065	1.08347400846354	1.08594276555699	1.09588675859155	1.10827515265246	1.09588675865135	1.06193439471734	1.1062501299385	1.09209469049354	1.1062501299385	1.08594276555699	1.09588675865135	1.10827515265246	1.09588675859155	0.707099941760386	0.244503734935534	0.14803449667251	0.244503734935537	0.248196511475845	0.185833029747053	0.161717606650831	0.1858330297987	0.148123463303694	0.16011110299945	0.128662766834714	0.16011110299945	0.248196511475848	0.1858330297987	0.161717606650831	0.185833029747055
