1	1.07416098407224	1.13355305475637	1.07416098407224	1.07416098407226	1.1335530547564	1.17756339930109	1.1335530547564	1.13355305475643	1.17756339930111	1.23385077768349	1.17756339930111	1.07416098407225	1.1335530547564	1.17756339930109	1.1335530547564	0.82234411968094	0.698475623554132	0.644857519411451	0.698475623554133	0.698475623554121	0.644857519411477	0.624599311394691	0.644857519411477	0.644857519411499	0.624599311394708	0.612930598706608	0.624599311394709	0.698475623554123	0.644857519411477	0.624599311394692	0.644857519411479
1	1.09441287419883	1.15399665797632	1.09441287419883	1.09441287419885	1.15399665797635	1.21672813104158	1.15399665797635	1.15399665797638	1.21672813104161	1.26829067366112	1.21672813104161	1.09441287419885	1.15399665797635	1.21672813104158	1.15399665797635	0.892246261668209	0.747530321173684	0.659454551416578	0.747530321173686	0.747530321173676	0.659454551416597	0.661028450861749	0.659454551416596	0.659454551416605	0.661028450861765	0.62997428101822	0.661028450861766	0.747530321173678	0.659454551416597	0.66102845086175	0.6594545514166
1	1.10728328546339	1.16232534052315	1.10728328546339	1.10728328546341	1.16232534052318	1.23992548779302	1.16232534052318	1.1623253405232	1.23992548779305	1.28293606850696	1.23992548779304	1.10728328546341	1.16232534052318	1.23992548779302	1.16232534052318	0.93464405389572	0.782618336862843	0.670458892691421	0.782618336862845	0.782618336862849	0.670458892691442	0.689241752268263	0.670458892691443	0.670458892691439	0.689241752268273	0.643099856195921	0.689241752268274	0.782618336862851	0.670458892691443	0.689241752268263	0.670458892691445
1	1.11564688172529	1.16591729151854	1.11564688172529	1.11564688172534	1.16591729151858	1.25499233016597	1.16591729151858	1.16591729151861	1.25499233016601	1.28983115235584	1.25499233016601	1.11564688172534	1.16591729151858	1.25499233016597	1.16591729151858	0.960359614824628	0.807503032191384	0.678364205315966	0.807503032191385	0.807503032191403	0.678364205315989	0.710409175931063	0.678364205315988	0.678364205315971	0.710409175931082	0.652233000452337	0.710409175931082	0.807503032191405	0.678364205315988	0.710409175931064	0.678364205315992
1	1.12115135098795	1.16758991847475	1.12115135098794	1.12115135098805	1.16758991847483	1.26522888335359	1.16758991847483	1.16758991847489	1.26522888335368	1.29317922431158	1.26522888335368	1.12115135098805	1.16758991847483	1.26522888335359	1.16758991847483	0.975956890981833	0.825052007322596	0.684264894266351	0.825052007322597	0.825052007322632	0.684264894266369	0.725944702658486	0.684264894266368	0.684264894266346	0.725944702658525	0.658378453767464	0.725944702658526	0.825052007322634	0.684264894266368	0.725944702658487	0.684264894266372
1	1.12479476300621	1.16862875389144	1.12479476300621	1.12479476300643	1.16862875389159	1.27221137658642	1.16862875389159	1.16862875389172	1.27221137658661	1.29474720278302	1.27221137658661	1.12479476300643	1.16862875389159	1.27221137658642	1.16862875389159	0.985417117184169	0.837467677648945	0.689581645840842	0.837467677648946	0.837467677649011	0.689581645840869	0.737042286752911	0.689581645840869	0.68958164584086	0.737042286753002	0.662569409339929	0.737042286753003	0.837467677649012	0.689581645840869	0.737042286752912	0.689581645840871
1	1.1271460580232	1.17043160526164	1.1271460580232	1.12714605802405	1.17043160526223	1.27643512161357	1.17043160526223	1.17043160526279	1.27643512161429	1.29536305675769	1.27643512161429	1.12714605802405	1.17043160526223	1.27643512161357	1.17043160526223	0.991155034441522	0.846628181428315	0.69936439379249	0.846628181428317	0.846628181428557	0.699364393792693	0.744198353978604	0.699364393792694	0.699364393792822	0.744198353978969	0.666069363846764	0.74419835397897	0.846628181428559	0.699364393792694	0.744198353978605	0.699364393792695
1	1.12717421857407	1.18087273908333	1.12717421857407	1.12717421858103	1.18087273908877	1.27640059679702	1.18087273908877	1.18087273909414	1.27640059680287	1.30523350615325	1.27640059680286	1.12717421858103	1.18087273908877	1.27640059679702	1.18087273908877	0.994635257202832	0.8510584472398	0.754635337108606	0.851058447239802	0.851058447241657	0.754635337111041	0.750246598959255	0.75463533711104	0.754635337113246	0.75024659896209	0.701723894983657	0.75024659896209	0.851058447241659	0.75463533711104	0.750246598959256	0.754635337111043
1	1.12562905619147	1.19536630323939	1.12562905619147	1.12562905619648	1.19536630324424	1.27410840827953	1.19536630324424	1.19536630324901	1.27410840828436	1.32004945325795	1.27410840828435	1.12562905619647	1.19536630324424	1.27410840827953	1.19536630324424	0.996746119009695	0.850567602776972	0.790795700492246	0.850567602776974	0.850567602778885	0.790795700496687	0.752290742708355	0.790795700496686	0.790795700500899	0.752290742711515	0.726939153114759	0.752290742711516	0.850567602778887	0.790795700496686	0.752290742708355	0.790795700496689
1	1.12367555299509	1.20697157190364	1.12367555299509	1.12367555299885	1.2069715719086	1.27111907414894	1.2069715719086	1.20697157191345	1.27111907415312	1.33269545231713	1.27111907415312	1.12367555299885	1.2069715719086	1.27111907414894	1.2069715719086	0.998026421414436	0.848798985624798	0.813702412599396	0.848798985624799	0.848798985626407	0.813702412605692	0.752189679520864	0.813702412605692	0.81370241261179	0.752189679524115	0.744763893515531	0.752189679524115	0.848798985626409	0.813702412605692	0.752189679520865	0.813702412605693
1	1.12193276330686	1.21497523092626	1.12193276330686	1.12193276330997	1.21497523093174	1.26830400364076	1.21497523093174	1.21497523093713	1.26830400364466	1.34239833060737	1.26830400364466	1.12193276330997	1.21497523093174	1.26830400364076	1.21497523093174	0.998802964076536	0.846853045184123	0.828030777708456	0.846853045184125	0.846853045185356	0.828030777716428	0.751246439414079	0.828030777716429	0.828030777724234	0.751246439417428	0.757414951273184	0.751246439417429	0.846853045185358	0.828030777716429	0.75124643941408	0.828030777716429
1	1.12056919065954	1.2201713909269	1.12056919065954	1.12056919066231	1.22017139093306	1.26598281430753	1.22017139093306	1.22017139093915	1.26598281431137	1.34963127568677	1.26598281431136	1.12056919066231	1.22017139093306	1.26598281430753	1.22017139093306	0.999273961010387	0.845131272348109	0.836902130637446	0.845131272348112	0.845131272348984	0.836902130646924	0.75008050255326	0.836902130646926	0.836902130656276	0.750080502556751	0.766375741089804	0.750080502556752	0.845131272348986	0.836902130646926	0.750080502553261	0.836902130646926
1	1.11956889382246	1.2234519374091	1.11956889382246	1.11956889382507	1.22345193741599	1.26419035808943	1.22345193741599	1.22345193742281	1.26419035809332	1.35496527049762	1.26419035809332	1.11956889382507	1.22345193741599	1.26419035808943	1.22345193741598	0.999559635091742	0.843740390467474	0.842357248761168	0.843740390467475	0.843740390468041	0.842357248772037	0.748965678328807	0.842357248772038	0.842357248782809	0.748965678332492	0.772706632701199	0.748965678332492	0.843740390468043	0.842357248772038	0.748965678328808	0.842357248772039
1	1.11886028086993	1.22549573563924	1.11886028086993	1.11886028087248	1.22549573564687	1.26285364297165	1.22549573564687	1.22549573565445	1.26285364297569	1.35887339597518	1.26285364297569	1.11886028087248	1.22549573564687	1.26285364297165	1.22549573564687	0.999732905180906	0.84266981737489	0.845698175381562	0.842669817374892	0.842669817375211	0.845698175393756	0.748005933877103	0.845698175393758	0.845698175405878	0.748005933881019	0.77717157821151	0.74800593388102	0.842669817375213	0.845698175393758	0.748005933877104	0.845698175393758
1	1.11836807690574	1.22676152644002	1.11836807690574	1.11836807690831	1.22676152644839	1.26187577355235	1.22676152644839	1.22676152645673	1.26187577355659	1.36172173744463	1.26187577355659	1.11836807690831	1.22676152644839	1.26187577355235	1.22676152644839	0.999837998802492	0.841869498386165	0.847740241066147	0.841869498386167	0.841869498386286	0.847740241079652	0.747224992279415	0.847740241079652	0.847740241093105	0.747224992283604	0.780317920407457	0.747224992283605	0.841869498386287	0.847740241079652	0.747224992279416	0.847740241079654
1	1.11802997444604	1.22754397086354	1.11802997444604	1.11802997444867	1.22754397087269	1.26116813556857	1.22754397087269	1.22754397088182	1.26116813557308	1.36378832972194	1.26116813557308	1.11802997444867	1.22754397087269	1.26116813556857	1.22754397087269	0.999901741306196	0.841282568379706	0.848987710997563	0.841282568379708	0.841282568379666	0.848987711012403	0.746611308839194	0.848987711012403	0.848987711027206	0.746611308843693	0.782534947285785	0.746611308843694	0.841282568379667	0.848987711012403	0.746611308839195	0.848987711012404
1	1.11779914495346	1.22802781728443	1.11779914495346	1.11779914495621	1.22802781729441	1.26065925664809	1.22802781729441	1.22802781730437	1.26065925665291	1.36528210603889	1.26065925665291	1.11779914495621	1.22802781729441	1.26065925664809	1.22802781729441	0.999940403089248	0.840857820777494	0.849750100051457	0.840857820777495	0.840857820777323	0.849750100067691	0.746140261578505	0.849750100067692	0.849750100083902	0.746140261583349	0.784097902029608	0.74614026158335	0.840857820777324	0.849750100067692	0.746140261578506	0.849750100067693
1	1.11764204273011	1.22832754505334	1.11764204273011	1.11764204273302	1.22832754506419	1.26029468334862	1.22832754506419	1.22832754507504	1.26029468335379	1.36635857445932	1.26029468335379	1.11764204273302	1.22832754506419	1.26029468334862	1.22832754506419	0.999963852646129	0.840553372414143	0.850216563639301	0.840553372414145	0.840553372413861	0.850216563657014	0.745784718868912	0.850216563657014	0.850216563674709	0.745784718874138	0.785200643181219	0.745784718874139	0.840553372413863	0.850216563657014	0.745784718868913	0.850216563657016
1	1.11753525403731	1.22851371173419	1.11753525403731	1.1175352540404	1.22851371174598	1.26003410995651	1.22851371174597	1.22851371175776	1.26003410996208	1.36713246428708	1.26003410996208	1.1175352540404	1.22851371174597	1.26003410995651	1.22851371174597	0.999978075521377	0.840336687031833	0.850502445524244	0.840336687031834	0.840336687031456	0.850502445543493	0.745519687345671	0.850502445543495	0.850502445562728	0.745519687351313	0.785979435102874	0.745519687351313	0.840336687031457	0.850502445543495	0.745519687345672	0.850502445543495
1	1.11746267153697	1.22862972313691	1.11746267153697	1.11746267154027	1.22862972314969	1.25984816225603	1.22862972314969	1.22862972316247	1.25984816226203	1.36768778275355	1.25984816226203	1.11746267154027	1.22862972314969	1.25984816225603	1.22862972314969	0.999986702131308	0.840183272246159	0.850678029854053	0.840183272246161	0.8401832722457	0.850678029874947	0.745324015404396	0.850678029874948	0.850678029895826	0.745324015410493	0.7865299976702	0.745324015410494	0.840183272245702	0.850678029874948	0.745324015404397	0.850678029874949
1	1.11741330576151	1.22870228898424	1.11741330576151	1.11741330576506	1.2287022889981	1.25971561834073	1.2287022889981	1.22870228901195	1.25971561834721	1.36808567602278	1.25971561834721	1.11741330576506	1.2287022889981	1.25971561834073	1.2287022889981	0.99999193443474	0.840075078212317	0.850786143764736	0.840075078212318	0.840075078211784	0.850786143787411	0.745180629470248	0.850786143787412	0.850786143810075	0.745180629476843	0.786919592771153	0.745180629476844	0.840075078211786	0.850786143787412	0.745180629470248	0.850786143787412
1	1.11737969162517	1.22874786754738	1.11737969162516	1.11737969162899	1.22874786756241	1.25962122181596	1.22874786756241	1.22874786757743	1.25962122182297	1.36837044056575	1.25962122182296	1.11737969162899	1.22874786756241	1.25962122181596	1.22874786756241	0.999995107987209	0.839998996057238	0.850852906745881	0.839998996057239	0.839998996056633	0.850852906770496	0.745076184275182	0.850852906770497	0.850852906795104	0.745076184282322	0.787195529553331	0.745076184282322	0.839998996056634	0.850852906770497	0.745076184275183	0.850852906770497
1	1.11735676904774	1.22877662330101	1.11735676904774	1.11735676905187	1.22877662331731	1.25955404003994	1.22877662331731	1.22877662333362	1.25955404004752	1.36857405134425	1.25955404004752	1.11735676905187	1.22877662331731	1.25955404003994	1.22877662331731	0.999997032844106	0.839945607141733	0.850894268915557	0.839945607141735	0.839945607141053	0.850894268942286	0.74500047023657	0.850894268942286	0.850894268969012	0.745000470244305	0.787391122220971	0.745000470244306	0.839945607141055	0.850894268942286	0.745000470236571	0.850894268942287
1	1.11734111068547	1.22879485148652	1.11734111068547	1.11734111068994	1.22879485150422	1.25950625482196	1.22879485150421	1.22879485152191	1.25950625483018	1.36871952542642	1.25950625483018	1.11734111068994	1.22879485150421	1.25950625482196	1.22879485150421	0.999998200328893	0.839908197814779	0.850919986878616	0.83990819781478	0.839908197814029	0.85091998690764	0.744945798996176	0.850919986907639	0.850919986936658	0.744945799004561	0.787529860881329	0.744945799004562	0.83990819781403	0.850919986907639	0.744945798996177	0.850919986907641
1	1.11733039461947	1.2288064638008	1.11733039461947	1.1173303946243	1.22880646382	1.25947228287167	1.22880646382	1.2288064638392	1.25947228288058	1.36882339839694	1.25947228288058	1.1173303946243	1.22880646382	1.25947228287167	1.22880646382	0.999998908444232	0.839882010901909	0.85093604101992	0.839882010901911	0.839882010901087	0.850936041051411	0.744906449415234	0.850936041051409	0.850936041082899	0.74490644942432	0.787628329806071	0.74490644942432	0.839882010901089	0.850936041051409	0.744906449415235	0.850936041051412
1	1.11732304659571	1.2288138996938	1.11732304659571	1.11732304660095	1.22881389971462	1.25944814174923	1.22881389971462	1.22881389973544	1.25944814175888	1.36889752830442	1.25944814175888	1.11732304660095	1.22881389971462	1.25944814174923	1.22881389971462	0.999999337937905	0.83986369040742	0.850946105825792	0.839863690407422	0.839863690406521	0.850946105859943	0.744878203107236	0.850946105859943	0.850946105894092	0.744878203117086	0.78769825230682	0.744878203117087	0.839863690406523	0.850946105859943	0.744878203107236	0.850946105859945
1	1.11731799796662	1.22881868655915	1.11731799796662	1.11731799797229	1.22881868658173	1.25943099327806	1.22881868658173	1.22881868660431	1.25943099328852	1.36895040844205	1.25943099328852	1.11731799797229	1.22881868658173	1.25943099327806	1.22881868658173	0.999999598438991	0.839850876658523	0.85095244501725	0.839850876658525	0.839850876657543	0.850952445054279	0.74485797196788	0.850952445054279	0.850952445091303	0.744857971978562	0.787747924541085	0.744857971978563	0.839850876657545	0.850952445054279	0.744857971967881	0.850952445054281
1	1.11731452219389	1.22882178480872	1.11731452219389	1.11731452220004	1.2288217848332	1.25941881620032	1.2288217848332	1.22882178485767	1.25941881621166	1.36898811593216	1.25941881621166	1.11731452220004	1.2288217848332	1.25941881620032	1.2288217848332	0.99999975644089	0.839841914556001	0.850956457427505	0.839841914556003	0.839841914554936	0.850956457467644	0.744843508365927	0.850956457467644	0.85095645750778	0.744843508377505	0.78778322307754	0.744843508377506	0.839841914554938	0.850956457467644	0.744843508365928	0.850956457467646
1	1.11731212446726	1.2288238010829	1.11731212446726	1.11731212447392	1.22882380110943	1.25941017194612	1.22882380110943	1.22882380113596	1.25941017195841	1.36901499543018	1.25941017195841	1.11731212447392	1.22882380110943	1.25941017194612	1.22882380110943	0.999999852273889	0.839835645195048	0.850959010361997	0.83983564519505	0.83983564519389	0.850959010405505	0.744833184030346	0.850959010405503	0.850959010449008	0.744833184042894	0.787808314044697	0.744833184042895	0.839835645193891	0.850959010405503	0.744833184030347	0.850959010405507
1	1.11731046717364	1.22882512037849	1.11731046717364	1.11731046718086	1.22882512040725	1.25940403742717	1.22882512040725	1.228825120436	1.25940403744048	1.36903414992527	1.25940403744048	1.11731046718086	1.22882512040725	1.25940403742717	1.22882512040725	0.999999910399561	0.839831258042383	0.850960643569268	0.839831258042385	0.839831258041126	0.850960643616422	0.744825823830244	0.850960643616422	0.850960643663571	0.744825823843847	0.787826153256406	0.744825823843848	0.839831258041127	0.850960643616422	0.744825823830245	0.850960643616424
1	1.11730931945489	1.22882598829393	1.11730931945489	1.11730931946271	1.22882598832509	1.25939968495023	1.22882598832509	1.22882598835625	1.25939968496466	1.36904779645582	1.25939968496466	1.11730931946271	1.22882598832509	1.25939968495023	1.22882598832509	0.999999945654575	0.839828186634142	0.8509616943018	0.839828186634144	0.839828186632778	0.850961694352902	0.744820582438844	0.850961694352903	0.850961694404004	0.744820582453588	0.787838838712664	0.744820582453588	0.83982818663278	0.850961694352903	0.744820582438845	0.850961694352904
1	1.11730852314552	1.22882656229484	1.11730852314552	1.117308523154	1.22882656232861	1.25939659740026	1.22882656232861	1.22882656236238	1.2593965974159	1.36905751712667	1.2593965974159	1.11730852315399	1.22882656232861	1.25939659740026	1.22882656232861	0.999999967037826	0.839826035221521	0.850962374210862	0.839826035221523	0.839826035220044	0.850962374266244	0.744816853312054	0.850962374266246	0.850962374321622	0.744816853328032	0.78784786042084	0.744816853328033	0.839826035220045	0.850962374266246	0.744816853312055	0.850962374266246
1	1.11730796966441	1.22882694386829	1.11730796966441	1.11730796967359	1.22882694390489	1.25939440753773	1.22882694390489	1.22882694394149	1.25939440755468	1.36906444007205	1.25939440755468	1.11730796967359	1.22882694390489	1.25939440753773	1.22882694390488	0.999999980007423	0.839824527341215	0.850962816748486	0.839824527341217	0.839824527339616	0.850962816808502	0.744814202150825	0.850962816808503	0.850962816868517	0.744814202168144	0.787854277095114	0.744814202168144	0.839824527339618	0.850962816808503	0.744814202150825	0.850962816808504
1	1.11730758430823	1.2288271987803	1.11730758430823	1.11730758431818	1.22882719881996	1.2593928545859	1.22882719881996	1.22882719885962	1.25939285460427	1.36906936975187	1.25939285460427	1.11730758431818	1.22882719881996	1.2593928545859	1.22882719881996	0.999999987873879	0.839823469833709	0.850963106480024	0.839823469833711	0.839823469831973	0.85096310654506	0.744812318560015	0.850963106545062	0.850963106610097	0.744812318578784	0.787858841208149	0.744812318578784	0.839823469831975	0.850963106545062	0.744812318560015	0.850963106545062
1	1.11730731557267	1.22882736988235	1.11730731557267	1.11730731558346	1.22882736992533	1.25939175340333	1.22882736992533	1.22882736996831	1.25939175342324	1.36907287974347	1.25939175342324	1.11730731558345	1.22882736992533	1.25939175340333	1.22882736992533	0.999999992645124	0.839822727700108	0.850963297273881	0.839822727700109	0.839822727698227	0.850963297344357	0.744810981037965	0.850963297344359	0.850963297414833	0.744810981058306	0.787862087693031	0.744810981058307	0.839822727698229	0.850963297344359	0.744810981037966	0.850963297344359
1	1.11730712787405	1.22882748524768	1.11730712787405	1.11730712788574	1.22882748529426	1.25939097256461	1.22882748529426	1.22882748534083	1.25939097258618	1.3690753789869	1.25939097258618	1.11730712788574	1.22882748529426	1.2593909725646	1.22882748529425	0.999999995539027	0.839822206548361	0.850963423632537	0.839822206548362	0.839822206546324	0.850963423708907	0.74481003172472	0.850963423708909	0.850963423785276	0.744810031746762	0.787864396890309	0.744810031746763	0.839822206546326	0.850963423708909	0.744810031724721	0.850963423708908
1	1.11730699654775	1.2288275633878	1.11730699654774	1.1173069965604	1.22882756343828	1.25939041840179	1.22882756343827	1.22882756348875	1.25939041842517	1.36907716095606	1.25939041842517	1.1173069965604	1.22882756343827	1.25939041840179	1.22882756343827	0.999999997294257	0.839821840354835	0.850963507777091	0.839821840354837	0.839821840352628	0.850963507859846	0.744809358341609	0.850963507859848	0.850963507942602	0.744809358365495	0.787866038904136	0.744809358365495	0.83982184035263	0.850963507859848	0.744809358341609	0.850963507859848
1	1.11730690464402	1.22882761645519	1.11730690464402	1.11730690465773	1.22882761650989	1.25939002642935	1.22882761650988	1.22882761656458	1.25939002645468	1.36907842490489	1.25939002645468	1.11730690465773	1.22882761650988	1.25939002642935	1.22882761650988	0.999999998358868	0.83982158285188	0.850963564114355	0.839821582851882	0.839821582849489	0.850963564204027	0.744808880536482	0.850963564204028	0.850963564293701	0.744808880562367	0.787867207488401	0.744808880562367	0.839821582849491	0.850963564204028	0.744808880536483	0.850963564204028
1	1.11730684022084	1.22882765263674	1.11730684022084	1.11730684023571	1.22882765269601	1.25938974880046	1.22882765269601	1.22882765275528	1.25938974882791	1.36907932335579	1.25938974882791	1.1173068402357	1.22882765269601	1.25938974880046	1.22882765269601	0.999999999004594	0.839821401663246	0.850963602026069	0.839821401663248	0.839821401660657	0.850963602123236	0.744808541635509	0.850963602123238	0.850963602220405	0.744808541663559	0.787868038968728	0.74480854166356	0.839821401660658	0.850963602123238	0.74480854163551	0.850963602123238
1	1.11730679500122	1.22882767739319	1.11730679500122	1.11730679501732	1.22882767745741	1.25938955206678	1.22882767745741	1.22882767752163	1.25938955209652	1.36907996243014	1.25938955209652	1.11730679501732	1.22882767745741	1.25938955206678	1.22882767745741	0.99999999939625	0.839821274093617	0.850963627659685	0.839821274093619	0.83982127409081	0.850963627764974	0.744808301317123	0.850963627764975	0.850963627870264	0.744808301347519	0.787868630537499	0.74480830134752	0.839821274090812	0.850963627764975	0.744808301317124	0.850963627764976
1	1.11730676322484	1.22882769438581	1.11730676322484	1.11730676324229	1.22882769445539	1.25938941263546	1.22882769445539	1.22882769452498	1.2593894126677	1.36908041708549	1.2593894126677	1.11730676324229	1.22882769445539	1.25938941263546	1.22882769445539	0.999999999633804	0.839821184222555	0.85096364506797	0.839821184222557	0.839821184219514	0.850963645182058	0.74480813093469	0.850963645182057	0.850963645296147	0.744808130967625	0.787869051396096	0.744808130967626	0.839821184219516	0.850963645182057	0.744808130934691	0.85096364518206
1	1.11730674087268	1.22882770608213	1.11730674087267	1.11730674089158	1.22882770615753	1.25938931381144	1.22882770615753	1.22882770623293	1.25938931384637	1.36908074054088	1.25938931384637	1.11730674089158	1.22882770615753	1.25938931381144	1.22882770615753	0.999999999777888	0.839821120874081	0.85096365693808	0.839821120874082	0.839821120870786	0.850963657061702	0.744808010151562	0.850963657061701	0.850963657185325	0.74480801018725	0.787869350794419	0.744808010187251	0.839821120870787	0.850963657061701	0.744808010151563	0.850963657061703
