1	1.01043220919427	1.00109456619317	1.01043220919427	1.01043106727839	1.00130608743695	1.0005281978941	1.00130425942838	1.00109354273144	1.00052851566867	1.00674310848968	1.00052851566867	1.01043106727839	1.00130425942838	1.0005281978941	1.00130608743695	1.29995301973267	0.0442968655317092	0.0108257152713698	0.0442968655317102	0.0432765818038822	0.0112055610776613	-0.00580505235175588	0.0108445504081819	0.0104008666723453	-0.00584547892891177	-0.0178839902420708	-0.00584547892891159	0.0432765818038832	0.0108445504081819	-0.0058050523517557	0.011205561077662
1	1.01042407173412	1.00110251737958	1.01042407173412	1.01040494814939	1.0013066488353	1.00052832799428	1.001302197639	1.00109598298481	1.00052961247488	1.00674450705418	1.00052961247488	1.01040494814939	1.001302197639	1.00052832799428	1.0013066488353	1.2999539500043	0.044794634037942	0.0115066854722445	0.044794634037943	0.0417057312375076	0.0111024709441628	-0.00579552762913847	0.0108638827986427	0.0102127191530392	-0.00591267212647658	-0.0178888144691418	-0.0059126721264764	0.0417057312375085	0.0108638827986427	-0.00579552762913829	0.0111024709441634
1	1.01042386824655	1.00111518571958	1.01042386824655	1.01035691887257	1.00130639449008	1.0005284025842	1.00130040940111	1.00109708847821	1.00053103150456	1.00674595049986	1.00053103150456	1.01035691887257	1.00130040940111	1.0005284025842	1.00130639449008	1.29995486185531	0.0451481780554791	0.0119312998559145	0.04514817805548	0.040666867470594	0.011031022991221	-0.00579061230009117	0.010886705359103	0.0101079873431137	-0.00594721109176663	-0.0178910031210795	-0.00594721109176644	0.0406668674705949	0.010886705359103	-0.00579061230009099	0.0110310229912216
1	1.01042912408821	1.00113061396217	1.01042912408821	1.01029601108149	1.00130563558383	1.00052844876132	1.001298859848	1.00109747102146	1.00053258334417	1.00674738256106	1.00053258334417	1.01029601108149	1.001298859848	1.00052844876132	1.00130563558383	1.29995575565046	0.0453973083211573	0.0121953520135435	0.0453973083211583	0.0399817561394035	0.0109878370030853	-0.00578814217672899	0.0109017599671753	0.0100505391900057	-0.00596490341395901	-0.0178920008811229	-0.00596490341395883	0.0399817561394044	0.0109017599671753	-0.00578814217672882	0.010987837003086
1	1.01043803565198	1.0011475096876	1.01043803565198	1.01022793545744	1.00130459909828	1.00052848033348	1.00129747960578	1.00109746820505	1.00053417116909	1.00674877903374	1.00053417116909	1.01022793545744	1.00129747960578	1.00052848033348	1.00130459909828	1.29995663174727	0.0455728588999667	0.0123595661783244	0.0455728588999677	0.0395296667072364	0.0109622009883962	-0.00578690261988142	0.0109111271105399	0.0100190529144581	-0.00597396488200613	-0.0178924613120367	-0.00597396488200594	0.0395296667072372	0.0109111271105399	-0.00578690261988124	0.0109622009883969
1	1.01044932846762	1.00116504996108	1.01044932846762	1.010156305401	1.00130342176299	1.00052850424573	1.0012962205299	1.00109726324324	1.00053574640753	1.00675013018063	1.00053574640753	1.010156305401	1.0012962205299	1.00052850424573	1.00130342176299	1.29995749049622	0.0456966158014241	0.0124617210096125	0.0456966158014251	0.0392310177955673	0.0109470761609676	-0.00578628071555577	0.0109168402308679	0.010001798369908	-0.00597860673390152	-0.0178926796893558	-0.00597860673390134	0.0392310177955682	0.0109168402308679	-0.0057862807155556	0.0109470761609683
1	1.01046210753976	1.00118272250434	1.01046210753976	1.01008341241564	1.00130218381815	1.00052852399564	1.00129505158826	1.00109695571288	1.00053728534225	1.00675143275894	1.00053728534225	1.01008341241564	1.00129505158826	1.00052852399564	1.00130218381815	1.29995833224079	0.0457839198033159	0.0125253009771577	0.0457839198033169	0.0390334102130138	0.0109381762214484	-0.00578596869366745	0.010920290832654	0.00999234263452516	-0.00598098591146206	-0.0178927891662027	-0.00598098591146188	0.0390334102130147	0.010920290832654	-0.00578596869366728	0.010938176221449
1	1.01047574773848	1.00120021507519	1.01047574773848	1.01001070470537	1.0013009321333	1.00052854135107	1.00129395263041	1.00109659970723	1.00053877698524	1.00675268641268	1.00053877698524	1.01001070470537	1.00129395263041	1.00052854135107	1.0013009321333	1.2999591573177	0.0458455667693736	0.0125649025674226	0.0458455667693746	0.0389023498586343	0.0109330325480015	-0.00578581216257787	0.0109222748234614	0.00998716024812755	-0.00598220686339271	-0.0178928496375324	-0.00598220686339253	0.0389023498586352	0.0109222748234614	-0.0057858121625777	0.0109330325480022
1	1.01048981503354	1.00121734218677	1.01048981503354	1.00993908795458	1.00129969288832	1.00052855721138	1.00129291133741	1.00109622451396	1.00054021683349	1.00675389204291	1.00054021683349	1.00993908795458	1.00129291133741	1.00052855721138	1.00129969288832	1.299959966057	0.0458891545292099	0.012589598373695	0.0458891545292109	0.0388151288515445	0.0109299219587999	-0.00578573361911402	0.0109235487355385	0.00998431887073875	-0.00598283507669785	-0.0178928879462992	-0.00598283507669767	0.0388151288515453	0.0109235487355385	-0.00578573361911384	0.0109299219588006
1	1.01050401031975	1.00123399782869	1.01050401031975	1.00986911705013	1.00129848050623	1.00052857203987	1.00129191980782	1.00109584587395	1.00054160366305	1.0067550510738	1.00054160366305	1.00986911705013	1.00129191980782	1.00052857203987	1.00129848050623	1.29996075878218	0.0459200279337897	0.0126050266515324	0.0459200279337907	0.0387568005419393	0.0109281205351365	-0.00578569423716542	0.0109242783963698	0.00998276036714116	-0.00598315994280861	-0.0178929160773426	-0.00598315994280843	0.0387568005419402	0.0109242783963698	-0.00578569423716525	0.0109281205351372
1	1.01051812950307	1.00125012541877	1.01051812950307	1.00980111954091	1.00129730309397	1.00052858608051	1.00129097228445	1.00109547212969	1.00054293788688	1.0067561651235	1.00054293788688	1.00980111954091	1.00129097228445	1.00052858608051	1.00129730309397	1.29996153581035	0.0459419482200151	0.0126146919345728	0.0459419482200162	0.038717525065946	0.010927075020661	-0.00578567451249511	0.0109246945456493	0.00998190477877409	-0.00598332957392815	-0.0178929393485026	-0.00598332957392796	0.0387175250659468	0.0109246945456493	-0.00578567451249494	0.0109270750206617
1	1.01053203526294	1.001265698886	1.01053203526294	1.0097352756536	1.00129616456748	1.00052859946658	1.00129006484901	1.00109510758364	1.00054422071515	1.00675723585788	1.00054422071515	1.0097352756536	1.00129006484901	1.00052859946658	1.00129616456748	1.29996229745234	0.0459575619343722	0.012620772428575	0.0459575619343733	0.0386908244856834	0.0109264660534856	-0.00578566465525826	0.0109249302171899	0.00998143436705221	-0.00598341974195329	-0.0178929601062236	-0.00598341974195311	0.0386908244856842	0.0109249302171899	-0.00578566465525809	0.0109264660534863
1	1.01054563709849	1.00128071082657	1.01054563709849	1.00967167039833	1.00129506616468	1.00052861227534	1.00128919495667	1.00109475433664	1.00054545372684	1.0067582649268	1.00054545372684	1.00967167039833	1.00128919495667	1.00052861227534	1.00129506616468	1.2999630440128	0.0459687313627325	0.0126246220554411	0.0459687313627335	0.0386724336661453	0.0109260513277233	-0.00578565974867347	0.010925120030159	0.00998117505591288	-0.00598346920048474	-0.0178929793824425	-0.00598346920048456	0.0386724336661462	0.010925120030159	-0.0057856597486733	0.010926051327724
1	1.01055887725092	1.00129516511712	1.01055887725092	1.00961032759152	1.00129400796018	1.00052862455542	1.00128836052369	1.00109441329403	1.00054663865192	1.00675925393709	1.00054663865192	1.00961032759152	1.00128836052369	1.00052862455542	1.00129400796018	1.29996377579038	0.0459767669207494	0.0126270823509228	0.0459767669207504	0.0386595441737595	0.0109258070247257	-0.00578565732729797	0.0109252255868483	0.00998103148020073	-0.00598349775436835	-0.0178929976325169	-0.00598349775436817	0.0386595441737603	0.0109252255868483	-0.0057856573272978	0.0109258070247264
1	1.0105717207896	1.00130907232223	1.0105717207896	1.00955123210138	1.00129298956876	1.00052863634071	1.0012875595697	1.00109408471602	1.00054777726134	1.00676020444214	1.00054777726134	1.00955123210138	1.0012875595697	1.00052863634071	1.00129298956876	1.29996449307779	0.0459825908587058	0.0126286764996791	0.0459825908587068	0.0386503061421104	0.0109256612994254	-0.00578565615052672	0.0109252827419152	0.00998095137821546	-0.00598351552798534	-0.0178930150607978	-0.00598351552798516	0.0386503061421113	0.0109252827419152	-0.00578565615052655	0.0109256612994261
1	1.01058414863485	1.00132244684892	1.01058414863485	1.00949434439137	1.00129201011769	1.00052864765725	1.00128679044277	1.00109376851858	1.00054887131224	1.00676111793866	1.00054887131224	1.00949434439137	1.00128679044277	1.00052864765725	1.00129201011769	1.29996519616195	0.0459868522640332	0.01262972975482	0.0459868522640342	0.0386435008616176	0.0109255726755346	-0.00578565559531097	0.0109253121536575	0.00998090611574168	-0.00598352769088244	-0.017893031765334	-0.00598352769088226	0.0386435008616184	0.0109253121536575	-0.0057856555953108	0.0109255726755353
1	1.01059615265042	1.00133530518662	1.01059615265042	1.00943961003389	1.00129106847844	1.0005286585268	1.00128605170017	1.00109346443814	1.00054992252132	1.00676199586664	1.00054992252132	1.00943961003389	1.00128605170017	1.0005286585268	1.00129106847844	1.29996588532412	0.0459900080438632	0.0126304443721942	0.0459900080438642	0.0386383250350366	0.0109255172002165	-0.0057856553488744	0.0109253257224062	0.00998088000062635	-0.00598353688290076	-0.0178930477997472	-0.00598353688290057	0.0386383250350375	0.0109253257224062	-0.00578565534887422	0.0109255172002172
1	1.010607732197	1.00134766482496	1.010607732197	1.00938696591612	1.00129016339918	1.00052866896857	1.001285342039	1.00109317212129	1.00055093255243	1.00676283961061	1.00055093255243	1.00938696591612	1.001285342039	1.00052866896857	1.00129016339918	1.29996656083996	0.0459923798895047	0.0126309461580782	0.0459923798895057	0.0386342488326017	0.0109254810366502	-0.00578565525441338	0.0109253303000634	0.00998086443156358	-0.00598354445229461	-0.0178930631994913	-0.00598354445229443	0.0386342488326025	0.0109253303000634	-0.00578565525441321	0.0109254810366508
1	1.01061889171413	1.00135954359236	1.01061889171413	1.0093363442774	1.00128929358048	1.00052867900022	1.00128466025536	1.00109289117364	1.00055190301162	1.00676365050142	1.00055190301162	1.0093363442774	1.00128466025536	1.00052867900022	1.00128929358048	1.29996722297969	0.0459941943538052	0.0126313133991706	0.0459941943538062	0.0386309224627143	0.0109254561882584	-0.00578565523352016	0.0109253298290223	0.00998085469276091	-0.00598355108850043	-0.0178930779926638	-0.00598355108850025	0.0386309224627151	0.0109253298290223	-0.00578565523351999	0.010925456188259
1	1.01062963902582	1.00137095925582	1.01062963902582	1.00928767532303	1.00128845771791	1.00052868863825	1.00128400522012	1.0010926211862	1.00055283544571	1.00676442981816	1.00055283544571	1.00928767532303	1.00128400522012	1.00052868863825	1.00128845771791	1.29996787200818	0.0459956110479849	0.0126315948433711	0.0459956110479859	0.038628114675847	0.0109254380305404	-0.00578565524717848	0.0109253265751985	0.0099808481976201	-0.00598355714525456	-0.0178930922042358	-0.00598355714525437	0.0386281146758479	0.0109253265751985	-0.0057856552471783	0.0109254380305411
1	1.01063998415556	1.0013819292828	1.01063998415556	1.00924088890389	1.00128765452589	1.00052869789831	1.00128337586432	1.00109236174958	1.00055373134286	1.00676517879016	1.00055373134286	1.00924088890389	1.00128337586432	1.00052869789831	1.00128765452589	1.29996850818504	0.0459967424797238	0.0126318208753243	0.0459967424797248	0.0386256722869652	0.0109254238867326	-0.00578565527614787	0.0109253218382585	0.00998084352622274	-0.00598356280542661	-0.0178931058575471	-0.00598356280542643	0.0386256722869661	0.0109253218382585	-0.0057856552761477	0.0109254238867332
1	1.01064993849946	1.00139247070338	1.01064993849946	1.00919591558291	1.00128688275059	1.00052870679534	1.00128277117	1.0010921124614	1.00055459213381	1.0067658985989	1.00055459213381	1.00919591558291	1.00128277117	1.00052870679534	1.00128688275059	1.29996913176476	0.0459976680088151	0.0126320104629084	0.0459976680088162	0.0386234935307796	0.0109254122047962	-0.00578565531104844	0.0109253163617137	0.00998083989871924	-0.0059835681651553	-0.0178931189750229	-0.00598356816515512	0.0386234935307805	0.0109253163617137	-0.00578565531104826	0.0109254122047969
1	1.01065951425122	1.00140260003441	1.01065951425122	1.00915268729984	1.00128614117646	1.00052871534362	1.00128219016432	1.00109187293011	1.00055541919378	1.00676659037985	1.00055541919378	1.00915268729984	1.00128219016432	1.00052871534362	1.00128614117646	1.29996974299677	0.0459984436670943	0.0126321754747576	0.0459984436670953	0.0386215105234138	0.01092540208206	-0.00578565534742345	0.0109253105693515	0.00998083688594785	-0.00598357327653968	-0.0178931315782427	-0.0059835732765395	0.0386215105234146	0.0109253105693515	-0.00578565534742327	0.0109254020820607
1	1.01066872400396	1.00141233324179	1.01066872400396	1.00911113777321	1.00128542862938	1.00052872355684	1.00128163191561	1.00109164277683	1.00055621384429	1.00676725522429	1.00055621384429	1.00911113777321	1.00128163191561	1.00052872355684	1.00128542862938	1.29997034212558	0.0459991090677496	0.0126323233634032	0.0459991090677506	0.038619677717822	0.0109253929917874	-0.00578565538326462	0.0109253047003601	0.009980834250736	-0.00598357816927231	-0.0178931436877738	-0.00598357816927212	0.0386196777178229	0.0109253047003601	-0.00578565538326444	0.010925392991788
1	1.01067758047648	1.00142168572607	1.01067758047648	1.00907120273061	1.0012847439776	1.00052873144815	1.0012810955304	1.00109142163601	1.00055697735524	1.00676789418103	1.00055697735524	1.00907120273061	1.0012810955304	1.00052873144815	1.0012847439776	1.29997092939084	0.0459996922650169	0.0126324588339512	0.0459996922650179	0.0386179643023859	0.0109253846241487	-0.00578565541772841	0.0109252988884097	0.00998083186146456	-0.00598358286174447	-0.0178931553234487	-0.00598358286174428	0.0386179643023868	0.0109252988884097	-0.00578565541772823	0.0109253846241493
1	1.01068609632654	1.00143067232222	1.01068609632654	1.00903282002742	1.00128408613158	1.00052873903018	1.0012805801512	1.00109120915562	1.00055771094681	1.00676850825803	1.00055771094681	1.00903282002742	1.0012805801512	1.00052873903018	1.00128408613158	1.29997150502747	0.046000213174743	0.0126325848805151	0.046000213174744	0.0386163491973694	0.0109253767951889	-0.0057856554505445	0.0109252932062051	0.00998082964435008	-0.00598358736652617	-0.0178931665041733	-0.00598358736652598	0.0386163491973702	0.0109252932062051	-0.00578565545054432	0.0109253767951896
1	1.01069428402536	1.00143930730787	1.01069428402536	1.00899592969348	1.00128345404329	1.00052874631505	1.0012800849547	1.001091004997	1.00055841579139	1.00676909842401	1.00055841579139	1.00899592969348	1.0012800849547	1.00052874631505	1.00128345404329	1.29997206926573	0.0460006859800896	0.0126327034312561	0.0460006859800907	0.0386148177594626	0.0109253693935603	-0.00578565548168136	0.010925287691959	0.00998082755742294	-0.00598359169321947	-0.0178931772481013	-0.00598359169321928	0.0386148177594635	0.010925287691959	-0.00578565548168118	0.0109253693935609
1	1.01070215577484	1.00144760441645	1.01070215577484	1.00896047393343	1.00128284670502	1.00052875331441	1.00127960915015	1.00109080883447	1.00055909301545	1.00676966561	1.00055909301545	1.00896047393343	1.00127960915015	1.00052875331441	1.00128284670502	1.29997262233132	0.0460011208249111	0.0126328157487865	0.0460011208249121	0.0386133596122064	0.0109253623503171	-0.00578565551122592	0.0109252823638875	0.00998082557623427	-0.00598359584981106	-0.0178931875725598	-0.00598359584981087	0.0386133596122072	0.0109252823638875	-0.00578565551122574	0.0109253623503177
1	1.0107097234547	1.00145557685308	1.0107097234547	1.00892639709789	1.00128226314811	1.00052876003944	1.00127915197796	1.00109062035501	1.00055974370133	1.00677021071077	1.00055974370133	1.00892639709789	1.00127915197796	1.00052876003944	1.00128226314811	1.29997316444548	0.0460015250047647	0.0126329226797651	0.0460015250047657	0.0386119672160946	0.010925355620948	-0.00578565553928416	0.0109252772292158	0.00998082368596655	-0.00598359984341527	-0.0178931974941494	-0.00598359984341509	0.0386119672160955	0.0109252772292158	-0.00578565553928398	0.0109253556209486
1	1.01071699859042	1.00146323731191	1.01071699859042	1.00889364563653	1.00128170244162	1.00052876650091	1.00127871270837	1.00109043925778	1.00056036888896	1.00677073458626	1.00056036888896	1.00889364563653	1.00127871270837	1.00052876650091	1.00128170244162	1.29997369582506	0.0460019038054031	0.0126330248095211	0.0460019038054042	0.0386106349270135	0.0109253491754199	-0.00578565556598243	0.0109252722887233	0.00998082187726866	-0.0059836036805777	-0.0178932070287853	-0.00598360368057752	0.0386106349270143	0.0109252722887233	-0.00578565556598225	0.0109253491754205
1	1.01072399233557	1.00147059799402	1.01072399233557	1.00886216804032	1.0012811636909	1.00052877270913	1.00127829064029	1.00109026525367	1.0005609695775	1.00677123806291	1.0005609695775	1.00886216804032	1.00127829064029	1.00052877270913	1.0012811636909	1.29997421668262	0.0460022610924927	0.0126331225588199	0.0460022610924938	0.0386093583751382	0.0109253429921809	-0.00578565559143188	0.0109252675397549	0.00998082014364355	-0.00598360736750085	-0.0178932161915807	-0.00598360736750067	0.0386093583751391	0.0109252675397549	-0.0057856555914317	0.0109253429921816
1	1.01073071546424	1.00147767062538	1.01073071546424	1.00883191477774	1.00128064603628	1.00052877867404	1.00127788510012	1.00109009806489	1.000561546727	1.00677172193501	1.000561546727	1.00883191477774	1.00127788510012	1.00052877867404	1.00128064603628	1.29997472722651	0.0460025997271662	0.0126332162436043	0.0460025997271673	0.0386081340547082	0.0109253370549853	-0.00578565561574408	0.0109252629775066	0.00998081848055105	-0.00598361091004941	-0.0178932249972841	-0.00598361091004922	0.038608134054709	0.0109252629775066	-0.00578565561574391	0.0109253370549859
1	1.01073717837012	1.00148446647462	1.01073717837012	1.00880283822799	1.0012801486517	1.00052878440517	1.00127749544064	1.00108993742451	1.00056210125985	1.00677218696591	1.00056210125985	1.00880283822799	1.00127749544064	1.00052878440517	1.0012801486517	1.29997522766096	0.0460029218586122	0.0126333061134161	0.0460029218586132	0.0386069590513985	0.0109253313499213	-0.00578565563896972	0.010925258597326	0.00998081688405137	-0.00598361431389025	-0.0178932334598352	-0.00598361431389007	0.0386069590513994	0.010925258597326	-0.00578565563896954	0.010925331349922
1	1.01074339107044	1.00149099637043	1.01074339107044	1.00877489261321	1.0012796707434	1.00052878991168	1.00127712104001	1.00108978307603	1.00056263406232	1.00677263388926	1.00056263406232	1.00877489261321	1.00127712104001	1.00052878991168	1.0012796707434	1.29997571818614	0.0460032291292062	0.0126333923730433	0.0460032291292072	0.0386058308664158	0.0109253258637139	-0.00578565566113831	0.0109252543951904	0.00998081535150273	-0.00598361758448641	-0.0178932415927195	-0.00598361758448623	0.0386058308664166	0.0109252543951904	-0.00578565566113813	0.0109253258637146
1	1.01074936321291	1.00149727071846	1.01074936321291	1.00874803393094	1.00127921154866	1.00052879520239	1.0012767613008	1.00108963477302	1.00056314598594	1.00677306341011	1.00056314598594	1.00874803393094	1.0012767613008	1.00052879520239	1.00127921154866	1.29997619899827	0.0460035228190909	0.0126334751972634	0.0460035228190919	0.038604747296466	0.0109253205830016	-0.00578565568232096	0.0109252503685225	0.00998081388059901	-0.00598362072708631	-0.0178932494086744	-0.00598362072708613	0.0386047472964668	0.0109252503685225	-0.00578565568232078	0.0109253205830023
1	1.0107551040851	1.00150329951771	1.0107551040851	1.00872221988738	1.00127877033452	1.00052880028576	1.00127641564906	1.00108949227861	1.00056363784885	1.0067734762061	1.00056363784885	1.00872221988738	1.00127641564906	1.00052880028576	1.00127877033452	1.29997667028968	0.0460038039442809	0.0126335547375781	0.046003803944282	0.0386037063507798	0.0109253154788179	-0.00578565570234439	0.0109252465327447	0.00998081247166525	-0.00598362374707833	-0.0178932569201365	-0.00598362374707815	0.0386037063507806	0.0109252465327447	-0.00578565570234421	0.0109253154788186
1	1.01076062261295	1.00150909237482	1.01076062261295	1.00869740984137	1.00127834639614	1.00052880516975	1.0012760835337	1.00108935536614	1.00056411043732	1.00677387292831	1.00056411043732	1.00869740984137	1.0012760835337	1.00052880516975	1.00127834639614	1.29997713224889	0.0460040734241356	0.0126336312047308	0.0460040734241366	0.0386027062501393	0.010925310451888	-0.0057856557237935	0.0109252429426974	0.00998081108596218	-0.00598362664347259	-0.0178932641408734	-0.0059836266434724	0.0386027062501401	0.0109252429426974	-0.00578565572379333	0.0109253104518887
1	1.01076592740847	1.00151465852434	1.01076592740847	1.00867356471515	1.00127793905698	1.00052880986242	1.00127576442484	1.00108922381564	1.00056456450642	1.00677425420289	1.00056456450642	1.00867356471515	1.00127576442484	1.00052880986242	1.00127793905698	1.2999775850607	0.0460043318200102	0.0126337046123874	0.0460043318200112	0.0386017452180673	0.0109253056931659	-0.00578565574221985	0.0109252394492073	0.00998080978303792	-0.00598362943187429	-0.0178932710787439	-0.00598362943187411	0.0386017452180682	0.0109252394492073	-0.00578565574221968	0.0109253056931665
1	1.01077102673407	1.00152000683635	1.01077102673408	1.00865064696489	1.00127754766752	1.00052881437118	1.00127545781276	1.00108909741764	1.00056500078195	1.00677462063122	1.00056500078195	1.00865064696489	1.00127545781276	1.00052881437118	1.00127754766752	1.29997802890624	0.0460045797968272	0.0126337751340108	0.0460045797968283	0.038600821696954	0.01092530115041	-0.00578565575998064	0.0109252360635553	0.00998080853228099	-0.00598363211064684	-0.0178932777457223	-0.00598363211064666	0.0386008216969549	0.0109252360635553	-0.00578565575998046	0.0109253011504107
1	1.01077592854092	1.001525145835	1.01077592854092	1.00862862050524	1.00127717160337	1.00052881870325	1.00127516320793	1.00108897597031	1.00056541996117	1.00677497279136	1.00056541996117	1.00862862050524	1.00127516320793	1.00052881870325	1.00127717160337	1.29997846396304	0.0460048178735787	0.0126338428863733	0.0460048178735797	0.0385999341822011	0.0109252967894018	-0.0057856557769016	0.0109252328072897	0.00998080733154006	-0.00598363468457504	-0.0178932841533757	-0.00598363468457486	0.038599934182202	0.0109252328072897	-0.00578565577690143	0.0109252967894025
1	1.0107806404771	1.00153008371138	1.0107806404771	1.00860745065374	1.00127681026379	1.0005288228656	1.00127488014081	1.00108885927954	1.00056582271398	1.00677531123892	1.00056582271397	1.00860745065374	1.00127488014081	1.0005288228656	1.00127681026379	1.29997889040515	0.046005046482117	0.0126339079677121	0.046005046482118	0.038599081238225	0.010925292462293	-0.0057856557922291	0.0109252298192283	0.0099808061945152	-0.00598363715899533	-0.0178932903116961	-0.00598363715899514	0.0385990812382259	0.0109252298192283	-0.00578565579222893	0.0109252924622936
1	1.01078516988138	1.00153482833414	1.01078516988138	1.00858710408938	1.00127646307191	1.00052882686468	1.00127460815975	1.00108874716004	1.00056620968425	1.00677563650775	1.00056620968425	1.00858710408938	1.00127460815975	1.00052882686468	1.00127646307191	1.29997930840313	0.0460052661679581	0.012633970555504	0.0460052661679591	0.0385982615322847	0.0109252883573909	-0.00578565580953419	0.0109252268751191	0.00998080506590087	-0.00598363953211692	-0.0178932962307343	-0.00598363953211673	0.0385982615322856	0.0109252268751191	-0.00578565580953401	0.0109252883573915
1	1.01078952383197	1.00153938726736	1.01078952383197	1.00856754877319	1.00127612947423	1.00052883070706	1.00127434683016	1.00108863943174	1.00056658149029	1.00677594911112	1.00056658149028	1.00856754877319	1.00127434683016	1.00052883070706	1.00127612947423	1.2999797181242	0.0460054772240857	0.0126340306684355	0.0460054772240867	0.0385974737177961	0.0109252844520132	-0.00578565582513093	0.0109252240198425	0.00998080399050957	-0.00598364181405179	-0.017893301918651	-0.0059836418140516	0.038597473717797	0.0109252240198425	-0.00578565582513075	0.0109252844520139
1	1.01079370912211	1.00154376777725	1.01079370912211	1.00854875392089	1.00127580893869	1.00052883439887	1.00127409573471	1.0010885359228	1.00056693872634	1.00677624954215	1.00056693872634	1.00854875392089	1.00127409573471	1.00052883439887	1.00127580893869	1.29998011973225	0.046005680039052	0.0126340884184866	0.0460056800390531	0.0385967165406528	0.0109252807132714	-0.00578565583953394	0.0109252212638144	0.009980802963782	-0.00598364400715601	-0.0178933073854874	-0.00598364400715583	0.0385967165406536	0.0109252212638144	-0.00578565583953377	0.010925280713272
1	1.0107977322861	1.00154797684636	1.01079773228611	1.00853068994429	1.00127550095332	1.00052883794604	1.00127385447319	1.00108843646778	1.00056728196333	1.00677653827486	1.00056728196333	1.00853068994429	1.00127385447319	1.00052883794604	1.00127550095332	1.29998051338793	0.0460058748970436	0.0126341438892071	0.0460058748970446	0.0385959888126339	0.0109252770053429	-0.00578565585249811	0.0109252187388283	0.0099808019946284	-0.00598364611594061	-0.0178933126393285	-0.00598364611594043	0.0385959888126348	0.0109252187388283	-0.00578565585249793	0.0109252770053435
1	1.01080159959213	1.00155202118225	1.01080159959213	1.00851332841738	1.00127520502648	1.00052884135408	1.00127362266059	1.00108834090884	1.00056761175	1.00677681576467	1.00056761175	1.00851332841738	1.00127362266059	1.00052884135408	1.00127520502648	1.2999808992487	0.0460060622320786	0.0126341972379662	0.0460060622320796	0.0385952894289642	0.0109252734898121	-0.00578565586739363	0.0109252162437345	0.00998080103352488	-0.00598364813846651	-0.0178933176888682	-0.00598364813846632	0.038595289428965	0.0109252162437345	-0.00578565586739346	0.0109252734898128
1	1.010805317086	1.001555907233	1.010805317086	1.00849664200717	1.00127492068639	1.00052884462859	1.00127339992653	1.00108824909248	1.00056792861326	1.00677708244944	1.00056792861326	1.00849664200717	1.00127339992653	1.00052884462859	1.00127492068639	1.29998127746892	0.0460062422477988	0.0126342484755398	0.0460062422477999	0.0385946172426486	0.0109252701412984	-0.00578565588073462	0.0109252138317974	0.00998080011790647	-0.00598365008368444	-0.0178933225412712	-0.00598365008368426	0.0385946172426494	0.0109252138317974	-0.00578565588073445	0.010925270141299
1	1.01080889056921	1.0015596411926	1.01080889056921	1.00848060445105	1.00127464747952	1.00052884777478	1.00127318591533	1.00108816087224	1.00056823305958	1.00677733874988	1.00056823305958	1.00848060445105	1.00127318591533	1.00052884777478	1.00127464747952	1.29998164819987	0.0460064152995959	0.0126342976985614	0.0460064152995969	0.0385939711677852	0.0109252669307858	-0.00578565589282656	0.0109252115063461	0.00998079924451472	-0.00598365195284302	-0.0178933272049625	-0.00598365195284284	0.0385939711677861	0.0109252115063461	-0.00578565589282638	0.0109252669307865
1	1.01081232561258	1.00156322901212	1.01081232561258	1.00846519051378	1.00127438496918	1.00052885079756	1.00127298028605	1.00108807610792	1.00056852557562	1.00677758507024	1.00056852557562	1.00846519051378	1.00127298028605	1.00052885079756	1.00127438496918	1.29998201158986	0.0460065816476511	0.0126343450429748	0.0460065816476522	0.038593350261068	0.0109252636856297	-0.00578565590623803	0.0109252094136977	0.00998079838905293	-0.00598365374518795	-0.0178933316882575	-0.00598365374518776	0.0385933502610689	0.0109252094136977	-0.00578565590623785	0.0109252636856304
1	1.01081562759017	1.00156667641238	1.01081562759017	1.00845037592943	1.0012741327364	1.00052885370196	1.00127278271066	1.00108799466313	1.00056880662873	1.00677782179933	1.00056880662873	1.00845037592943	1.00127278271066	1.00052885370196	1.0012741327364	1.29998236778425	0.0460067415122278	0.0126343904838169	0.0460067415122289	0.0385927534671808	0.0109252606613954	-0.00578565591762522	0.0109252073296068	0.00998079758703964	-0.00598365547186229	-0.0178933359951939	-0.0059836554718621	0.0385927534671816	0.0109252073296068	-0.00578565591762505	0.010925260661396
1	1.01081880165207	1.00156998888783	1.01081880165207	1.0084361373867	1.00127389037928	1.00052885649255	1.00127259287333	1.00108791640827	1.00056907666819	1.00677804931051	1.00056907666819	1.0084361373867	1.00127259287333	1.00052885649255	1.00127389037928	1.29998271692551	0.0460068951558675	0.0126344341396023	0.0460068951558686	0.0385921798837733	0.0109252577716567	-0.00578565592819492	0.0109252053171133	0.00998079681566632	-0.00598365713086764	-0.0178933401345462	-0.00598365713086746	0.0385921798837741	0.0109252053171133	-0.00578565592819474	0.0109252577716574
1	1.0108218527452	1.00157317171767	1.0108218527452	1.0084224524853	1.00127365751088	1.00052885917366	1.00127241047111	1.00108784121902	1.00056933612568	1.00677826796261	1.00056933612568	1.0084224524853	1.00127241047111	1.00052885917366	1.00127365751088	1.29998305915331	0.0460070429341355	0.0126344761333272	0.0460070429341366	0.0385916286094776	0.0109252549373518	-0.00578565593983106	0.0109252034171602	0.00998079604880276	-0.00598365872068353	-0.0178933441143771	-0.00598365872068335	0.0385916286094784	0.0109252034171602	-0.00578565593983089	0.0109252549373524
1	1.01082478564447	1.00157622997735	1.01082478564447	1.00840929968332	1.00127343375984	1.00052886174976	1.00127223521274	1.00108776897432	1.00056958541571	1.00677847810077	1.00056958541571	1.00840929968332	1.00127223521274	1.00052886174976	1.00127343375984	1.29998339460455	0.0460071849184995	0.0126345164450122	0.0460071849185005	0.0385910987594994	0.0109252522786898	-0.00578565595007094	0.0109252015468569	0.00998079533427161	-0.0059836602518238	-0.0178933479375833	-0.00598366025182361	0.0385910987595002	0.0109252015468569	-0.00578565595007077	0.0109252522786905
1	1.01082760492465	1.00157916854132	1.01082760492465	1.00839665828687	1.0012732187695	1.00052886422491	1.00127206681819	1.0010876995592	1.00056982493678	1.00677868005643	1.00056982493678	1.00839665828687	1.00127206681819	1.00052886422491	1.0012732187695	1.29998372341341	0.0460073214000234	0.0126345551748998	0.0460073214000244	0.0385905895111856	0.0109252497356006	-0.00578565595952934	0.0109251997380251	0.00998079464894227	-0.00598366172302902	-0.0178933516118036	-0.00598366172302883	0.0385905895111865	0.0109251997380251	-0.00578565595952916	0.0109252497356013
1	1.01083031498406	1.00158199209357	1.01083031498406	1.00838450840755	1.00127301219693	1.00052886660303	1.00127190501849	1.00108763286308	1.00057005507173	1.00677887414818	1.00057005507173	1.00838450840755	1.00127190501849	1.00052886660303	1.00127301219693	1.29998404571142	0.0460074526017229	0.0126345924048805	0.046007452601724	0.0385901000706927	0.0109252473021031	-0.0057856559691955	0.0109251979837158	0.00998079398489875	-0.00598366313523768	-0.017893355143915	-0.00598366313523749	0.0385901000706935	0.0109251979837158	-0.00578565596919533	0.0109252473021038
1	1.01083292005575	1.00158470513558	1.01083292005575	1.00837283092758	1.00127281371264	1.00052886888794	1.00127174955524	1.00108756877927	1.00057027618835	1.00677906068226	1.00057027618835	1.00837283092758	1.00127174955524	1.00052886888794	1.00127281371264	1.2999843616275	0.0460075787224797	0.012634628174974	0.0460075787224808	0.0385896296573409	0.0109252449762785	-0.00578565597833461	0.0109251962862665	0.00998079334766602	-0.00598366449241845	-0.0178933585379973	-0.00598366449241826	0.0385896296573418	0.0109251962862665	-0.00578565597833443	0.0109252449762792
1	1.01083542420708	1.00158731199231	1.01083542420708	1.00836160747405	1.00127262300001	1.00052887108331	1.00127160018026	1.00108750720541	1.00057048864004	1.00677923995295	1.00057048864004	1.00836160747405	1.00127160018026	1.00052887108331	1.00127262300001	1.29998467128803	0.0460076999473966	0.0126346625394159	0.0460076999473976	0.0385891775302297	0.0109252427438991	-0.00578565598691277	0.0109251946561447	0.00998079273797094	-0.00598366579681083	-0.0178933618000438	-0.00598366579681065	0.0385891775302305	0.0109251946561447	-0.0057856559869126	0.0109252427438998
1	1.01083783134616	1.0015898168193	1.01083783134616	1.00835082039033	1.00127243975474	1.00052887319264	1.0012714566551	1.00108744804331	1.00057069276636	1.00677941224307	1.00057069276636	1.00835082039033	1.0012714566551	1.00052887319264	1.00127243975474	1.29998497481686	0.0460078164790163	0.0126346955651107	0.0460078164790173	0.0385887429894736	0.0109252405995071	-0.00578565599547589	0.0109251930853595	0.00998079215010134	-0.00598366704976299	-0.0178933649349595	-0.00598366704976281	0.0385887429894745	0.0109251930853595	-0.00578565599547571	0.0109252405995077
1	1.01084014523162	1.00159222360975	1.01084014523162	1.00834045270556	1.00127226368447	1.00052887521929	1.00127131875063	1.00108739119846	1.00057088889355	1.00677957782443	1.00057088889355	1.00834045270556	1.00127131875063	1.00052887521929	1.00127226368447	1.29998527233542	0.0460079284933529	0.0126347272970975	0.0460079284933539	0.038588325341781	0.0109252385416846	-0.00578565600358084	0.0109251915754487	0.00998079158492142	-0.00598366825362356	-0.0178933679479575	-0.00598366825362338	0.0385883253417819	0.0109251915754487	-0.00578565600358067	0.0109252385416853
1	1.01084236947612	1.00159453620051	1.01084236947612	1.00833048810939	1.00127209450825	1.00052887716651	1.00127118624676	1.00108733658007	1.00057107733507	1.00677973695827	1.00057107733507	1.00833048810939	1.00127118624676	1.00052887716651	1.00127209450825	1.29998556396272	0.0460080361710611	0.0126347577864382	0.0460080361710621	0.0385879239292557	0.0109252365616194	-0.00578565601135339	0.0109251901264515	0.00998079104333204	-0.00598366941036632	-0.0178933708435087	-0.00598366941036614	0.0385879239292565	0.0109251901264515	-0.00578565601135321	0.0109252365616201
1	1.01084450755183	1.00159675827821	1.01084450755183	1.00832091092653	1.00127193195612	1.00052887903742	1.00127105893198	1.00108728410098	1.00057125839211	1.00677988989563	1.00057125839211	1.00832091092653	1.00127105893198	1.00052887903742	1.00127193195612	1.29998584981541	0.0460081396737124	0.0126347870833761	0.0460081396737134	0.0385875381263213	0.0109252346584896	-0.00578565601883898	0.0109251887354469	0.00998079052158929	-0.00598367052173852	-0.0178933736264725	-0.00598367052173834	0.0385875381263221	0.0109251887354469	-0.0057856560188388	0.0109252346584902
1	1.010846562797	1.00159889338533	1.01084656279699	1.00831170609116	1.00127177576872	1.00052888083499	1.00127093660311	1.00108723367737	1.00057143235403	1.00678003687781	1.00057143235403	1.00831170609116	1.00127093660311	1.00052888083499	1.00127177576872	1.29998613000784	0.0460082391681955	0.0126348152340005	0.0460082391681965	0.0385871673220461	0.0109252328282738	-0.00578565602608587	0.0109251873996373	0.00998079002106644	-0.00598367158956598	-0.0178933763009373	-0.00598367158956579	0.0385871673220469	0.0109251873996373	-0.00578565602608569	0.0109252328282745
1	1.0108485384204	1.00160094492564	1.0108485384204	1.00830285912369	1.0012716256968	1.00052888256212	1.0012708190649	1.00108718522874	1.00057159949887	1.00678017813669	1.00057159949887	1.00830285912369	1.0012708190649	1.00052888256212	1.0012716256968	1.29998640465208	0.0460083348064429	0.0126348422817983	0.0460083348064439	0.0385868109336352	0.0109252310674746	-0.00578565603293889	0.010925186119478	0.00998078953979489	-0.00598367261558291	-0.0178933788714023	-0.00598367261558273	0.0385868109336361	0.010925186119478	-0.00578565603293872	0.0109252310674752
1	1.01085043750634	1.00160291616973	1.01085043750634	1.00829435610801	1.00127148150091	1.00052888422155	1.00127070612975	1.00108713867774	1.00057176009378	1.00678031389513	1.00057176009378	1.00829435610801	1.00127070612975	1.00052888422155	1.00127148150091	1.29998667385801	0.0460084267412846	0.0126348682725627	0.0460084267412856	0.0385864684008296	0.0109252293736012	-0.00578565603964492	0.0109251848902247	0.00998078907770849	-0.00598367360131311	-0.0178933813416668	-0.00598367360131292	0.0385864684008304	0.0109251848902247	-0.00578565603964475	0.0109252293736019
1	1.01085226302001	1.00160481026022	1.01085226302001	1.00828618366911	1.00127134295094	1.00052888581595	1.00127059761742	1.00108709395003	1.00057191439543	1.00678044436731	1.00057191439543	1.00828618366911	1.00127059761742	1.00052888581595	1.00127134295094	1.2999869377333	0.0460085151125578	0.0126348932443886	0.0460085151125588	0.0385861391853248	0.0109252277438676	-0.00578565604596466	0.010925183712448	0.0099807886333264	-0.00598367454852617	-0.0178933837158481	-0.00598367454852599	0.0385861391853256	0.010925183712448	-0.00578565604596449	0.0109252277438683
1	1.01085401781135	1.00160663021671	1.01085401781135	1.00827832895255	1.00127120982581	1.00052888734786	1.00127049335471	1.00108705097422	1.00057206265043	1.00678056975907	1.00057206265043	1.00827832895256	1.00127049335471	1.00052888734786	1.00127120982581	1.29998719638351	0.046008600061219	0.012634917240376	0.04600860006122	0.038585822767784	0.0109252261757123	-0.00578565605215951	0.0109251825820739	0.00998078820703956	-0.00598367545851263	-0.0178933859974793	-0.00598367545851244	0.0385858227677849	0.0109251825820739	-0.00578565605215934	0.010925226175713
1	1.01085570462025	1.00160837894067	1.01085570462025	1.00827077960374	1.0012710819131	1.00052888881972	1.00127039317523	1.00108700968166	1.00057220509572	1.00678069026822	1.00057220509572	1.00827077960374	1.00127039317523	1.00052888881972	1.0012710819131	1.2999874499121	0.0460086817187576	0.0126349402958576	0.0460086817187586	0.0385855186524363	0.0109252246664515	-0.00578565605797942	0.0109251814991702	0.00998078779662546	-0.00598367633293738	-0.0178933881904133	-0.0059836763329372	0.0385855186524372	0.0109251814991702	-0.00578565605797925	0.0109252246664521
1	1.0108573260802	1.00161005921999	1.0108573260802	1.00826352374879	1.00127095900869	1.0005288902339	1.00127029691909	1.00108697000645	1.00057234195899	1.0067808060849	1.00057234195899	1.00826352374879	1.00127029691909	1.0005288902339	1.00127095900869	1.29998769842049	0.0460087602119577	0.0126349624501398	0.0460087602119587	0.0385852263586471	0.0109252232142027	-0.00578565606370705	0.0109251804602936	0.00998078740339769	-0.00598367717299927	-0.0178933902977919	-0.00598367717299909	0.0385852263586479	0.0109251804602936	-0.00578565606370687	0.0109252232142033
1	1.01085888472289	1.00161167373347	1.01085888472289	1.00825654997559	1.00127084091646	1.00052889159266	1.00127020443264	1.00108693188523	1.00057247345897	1.00678091739182	1.00057247345897	1.00825654997559	1.00127020443264	1.00052889159266	1.00127084091646	1.29998794200809	0.0460088356657847	0.0126349837361634	0.0460088356657857	0.038584945429541	0.0109252218159159	-0.00578565606906056	0.0109251794652316	0.00998078702437996	-0.00598367798025152	-0.0178933923233344	-0.00598367798025134	0.0385849454295419	0.0109251794652316	-0.00578565606906038	0.0109252218159165
1	1.01086038298175	1.00161322505508	1.01086038298175	1.00824984731601	1.00127072744798	1.00052889289816	1.00127011556829	1.00108689525713	1.00057259980582	1.00678102436459	1.00057259980582	1.00824984731601	1.00127011556829	1.00052889289816	1.00127072744798	1.29998818077232	0.0460089081939223	0.012635004190237	0.0460089081939233	0.0385846754202812	0.0109252204705185	-0.0057856560743676	0.0109251785109968	0.00998078666157531	-0.00598367875574359	-0.0178933942697145	-0.0059836787557434	0.038584675420282	0.0109251785109968	-0.00578565607436743	0.0109252204705192
1	1.01086182319614	1.00161471565805	1.01086182319614	1.00824340522847	1.00127061842219	1.00052889415249	1.0012700301842	1.00108686006367	1.0005727212015	1.00678112717198	1.0005727212015	1.00824340522847	1.0012700301842	1.00052889415249	1.00127061842219	1.29998841480871	0.0460089779156654	0.0126350238423861	0.0460089779156664	0.0385844159112626	0.0109252191748094	-0.00578565607930718	0.0109251775968457	0.00998078631106415	-0.00598367950098495	-0.0178933961406148	-0.00598367950098477	0.0385844159112635	0.0109251775968457	-0.00578565607930701	0.01092521917481
1	1.01086320761463	1.00161614791881	1.01086320761463	1.0082372135815	1.00127051366512	1.00052889535767	1.00126994814409	1.00108682624866	1.00057283784002	1.00678122597617	1.00057283784002	1.0082372135815	1.00126994814409	1.00052889535767	1.00127051366512	1.29998864421087	0.0460090449319631	0.0126350427267211	0.0460090449319641	0.0385841664911761	0.0109252179286926	-0.00578565608425634	0.0109251767201261	0.00998078597542278	-0.00598368021686231	-0.017893397938052	-0.00598368021686213	0.038584166491177	0.0109251767201261	-0.00578565608425617	0.0109252179286933
1	1.01086453839885	1.00161752412081	1.01086453839885	1.00823126263759	1.00127041300962	1.00052889651561	1.00126986931702	1.00108679375809	1.00057294990779	1.00678132093305	1.00057294990779	1.00823126263759	1.00126986931702	1.00052889651561	1.00127041300962	1.29998886907056	0.0460091093574786	0.0126350608703533	0.0460091093574796	0.0385839267715071	0.010925216728709	-0.00578565608884814	0.0109251758796228	0.00998078565064817	-0.00598368090481011	-0.0178933996659786	-0.00598368090480993	0.038583926771508	0.0109251758796228	-0.00578565608884796	0.0109252167287097
1	1.01086581762649	1.0016188464581	1.01086581762649	1.008225543038	1.00127031629508	1.00052889762816	1.00126979357715	1.0010867625401	1.00057305758394	1.00678141219242	1.00057305758394	1.008225543038	1.00126979357715	1.00052889762816	1.00127031629508	1.29998908947773	0.0460091712813711	0.0126350783055273	0.0460091712813721	0.038583696365838	0.0109252155747899	-0.00578565609338161	0.0109251750739784	0.00998078534126514	-0.00598368156566857	-0.0178934013262703	-0.00598368156566839	0.0385836963658389	0.0109251750739784	-0.00578565609338144	0.0109252155747906
1	1.01086704729496	1.00162011703891	1.01086704729496	1.00822004578785	1.00127022336719	1.00052889869711	1.00126972080361	1.00108673254484	1.00057316104056	1.00678149989826	1.00057316104056	1.00822004578785	1.00126972080361	1.00052889869711	1.00127022336719	1.29998930552055	0.0460092308128162	0.0126350950565578	0.0460092308128172	0.0385834749195515	0.01092521446259	-0.00578565609758539	0.0109251743020889	0.00998078504199692	-0.00598368220074982	-0.0178934029224607	-0.00598368220074964	0.0385834749195524	0.0109251743020889	-0.00578565609758522	0.0109252144625907
1	1.01086822932413	1.00162133788891	1.01086822932413	1.00821476224224	1.00127013407766	1.00052889972417	1.00126965088024	1.00108670372443	1.000573260443	1.00678158418894	1.000573260443	1.00821476224224	1.00126965088024	1.00052889972417	1.00127013407766	1.29998951728543	0.0460092880302467	0.0126351111536791	0.0460092880302477	0.0385832620802731	0.0109252133932777	-0.00578565610175897	0.0109251735625429	0.00998078475666463	-0.00598368281085192	-0.0178934044559028	-0.00598368281085173	0.038583262080274	0.0109251735625429	-0.0057856561017588	0.0109252133932784
1	1.01086936555962	1.00162251095453	1.01086936555962	1.00820968409235	1.00127004828403	1.00052890071098	1.00126958369542	1.00108667603285	1.00057335595013	1.00678166519744	1.00057335595013	1.00820968409235	1.00126958369542	1.00052890071098	1.00127004828403	1.29998972485708	0.0460093430390421	0.0126351266189555	0.0460093430390431	0.0385830575192843	0.0109252123625126	-0.00578565610563907	0.0109251728535349	0.00998078447993577	-0.0059836833970441	-0.0178934059301121	-0.00598368339704392	0.0385830575192852	0.0109251728535349	-0.00578565610563889	0.0109252123625133
1	1.01087045777545	1.00162363810601	1.01087045777545	1.00820480335259	1.0012699658494	1.0005289016591	1.00126951914193	1.00108664942588	1.0005734477146	1.00678174305158	1.0005734477146	1.00820480335259	1.00126951914193	1.0005289016591	1.0012699658494	1.29998992831855	0.0460093959081585	0.0126351414806906	0.0460093959081595	0.0385828609066318	0.0109252113716975	-0.00578565610943584	0.0109251721745559	0.00998078421696611	-0.00598368396022379	-0.0178934073465038	-0.00598368396022361	0.0385828609066326	0.0109251721745559	-0.00578565610943567	0.0109252113716981
1	1.01087150767702	1.00162472114038	1.01087150767702	1.00820011234779	1.00126988664225	1.00052890257007	1.00126945711671	1.00108662386104	1.00057353588307	1.00678181787416	1.00057353588307	1.00820011234779	1.00126945711671	1.00052890257007	1.00126988664225	1.2999901277512	0.0460094467379225	0.0126351557588905	0.0460094467379235	0.038582671940273	0.0109252104161465	-0.00578565611303874	0.0109251715237033	0.00998078396150658	-0.0059836845014023	-0.0178934087081981	-0.00598368450140211	0.0385826719402739	0.0109251715237033	-0.00578565611303856	0.0109252104161471
1	1.01087251690357	1.00162576178438	1.01087251690357	1.00819560370138	1.0012698105362	1.00052890344534	1.00126939752077	1.00108659929752	1.00057362059646	1.00678188978325	1.00057362059646	1.00819560370138	1.00126939752077	1.00052890344534	1.0012698105362	1.29999032323482	0.0460094955891397	0.0126351694800893	0.0460094955891407	0.0385824903162005	0.0109252094976744	-0.00578565611654855	0.0109251709008747	0.00998078371886006	-0.00598368502132897	-0.0178934100164045	-0.00598368502132879	0.0385824903162013	0.0109251709008747	-0.00578565611654838	0.0109252094976751
1	1.01087348703092	1.00162676169712	1.01087348703092	1.00819127032352	1.00126973740981	1.0005289042863	1.00126934025898	1.0010865756961	1.00057370199016	1.00678195889227	1.00057370199016	1.00819127032352	1.00126934025898	1.0005289042863	1.00126973740981	1.29999051484761	0.0460095425576373	0.0126351826624063	0.0460095425576383	0.0385823157560859	0.0109252086114841	-0.00578565611990153	0.010925170303786	0.00998078348270547	-0.00598368552093933	-0.0178934112740964	-0.00598368552093915	0.0385823157560868	0.010925170303786	-0.00578565611990136	0.0109252086114848
1	1.01087441957377	1.00162772247282	1.01087441957377	1.00818710540018	1.00126966714641	1.0005289050943	1.00126928523994	1.00108655301909	1.00057378019427	1.00678202531028	1.00057378019427	1.00818710540018	1.00126928523994	1.0005289050943	1.00126966714641	1.29999070266621	0.0460095876961676	0.01263519533061	0.0460095876961686	0.0385821479776195	0.0109252077597424	-0.00578565612311729	0.0109251697328146	0.00998078325906624	-0.00598368600090532	-0.017893412482453	-0.00598368600090514	0.0385821479776203	0.0109251697328146	-0.00578565612311712	0.010925207759743
1	1.01087531598821	1.00162864564327	1.01087531598821	1.0081831023822	1.00126959963388	1.00052890587063	1.00126923237582	1.00108653123028	1.00057385533377	1.00678208914204	1.00057385533377	1.0081831023822	1.00126923237582	1.00052890587063	1.00126959963388	1.29999088676576	0.0460096310967354	0.0126352075011213	0.0460096310967364	0.0385819867253642	0.0109252069375047	-0.00578565612622212	0.0109251691854003	0.00998078304085574	-0.00598368646213429	-0.0178934136441115	-0.00598368646213411	0.0385819867253651	0.0109251691854003	-0.00578565612622194	0.0109252069375054
1	1.01087617767387	1.00162953268034	1.01087617767387	1.00817925497519	1.00126953476452	1.00052890661654	1.00126918158224	1.00108651029489	1.00057392752875	1.00678215048828	1.00057392752875	1.00817925497519	1.00126918158224	1.00052890661654	1.00126953476453	1.29999106721989	0.0460096728046705	0.0126352191971099	0.0460096728046715	0.0385818317374104	0.0109252061473895	-0.0057856561291855	0.0109251686623027	0.00998078283456346	-0.00598368690521216	-0.017893414760177	-0.00598368690521198	0.0385818317374113	0.0109251686623027	-0.00578565612918532	0.0109252061473901
1	1.0108770059762	1.00163038499826	1.0108770059762	1.00817555712941	1.00126947243483	1.00052890733321	1.00126913277812	1.00108649017949	1.00057399689462	1.00678220944576	1.00057399689462	1.00817555712941	1.00126913277812	1.00052890733321	1.00126947243483	1.29999124410078	0.0460097129084548	0.0126352304335003	0.0460097129084558	0.0385816827782907	0.010925205384222	-0.00578565613206032	0.0109251681607388	0.00998078263290652	-0.00598368733101348	-0.017893415833132	-0.0059836873310133	0.0385816827782915	0.0109251681607388	-0.00578565613206014	0.0109252053842227
1	1.01087780218848	1.00163120395595	1.01087780218848	1.00817200303045	1.00126941254534	1.00052890802179	1.00126908588556	1.00108647085197	1.00057406354222	1.00678226610752	1.00057406354222	1.00817200303045	1.00126908588556	1.00052890802179	1.00126941254534	1.2999914174792	0.046009751446401	0.012635241231892	0.046009751446402	0.0385815396055273	0.0109252046509731	-0.0057856561347844	0.0109251676818573	0.00998078244272785	-0.00598368774003238	-0.0178934168639845	-0.0059836877400322	0.0385815396055282	0.0109251676818573	-0.00578565613478422	0.0109252046509738
1	1.01087856755395	1.00163199085912	1.01087856755395	1.00816858708991	1.00126935500052	1.00052890868339	1.00126904082971	1.00108645228145	1.00057412757809	1.00678232056292	1.00057412757809	1.00816858708992	1.00126904082971	1.00052890868339	1.00126935500052	1.2999915874245	0.0460097885038421	0.0126352516058387	0.0460097885038431	0.0385814020025265	0.0109252039423605	-0.00578565613744394	0.0109251672225962	0.00998078225633761	-0.00598368813312693	-0.0178934178550033	-0.00598368813312675	0.0385814020025274	0.0109251672225962	-0.00578565613744376	0.0109252039423611
1	1.01087930326763	1.00163274696237	1.01087930326763	1.00816530393677	1.00126929970855	1.00052890931905	1.00126899753863	1.00108643443831	1.00057418910456	1.00678237289791	1.00057418910456	1.00816530393677	1.00126899753863	1.00052890931905	1.00126929970855	1.29999175400466	0.0460098241127126	0.0126352615755159	0.0460098241127136	0.0385812697441361	0.0109252032616314	-0.00578565613995415	0.0109251667845204	0.00998078208099757	-0.00598368851070393	-0.0178934188071399	-0.00598368851070374	0.038581269744137	0.0109251667845204	-0.00578565613995397	0.0109252032616321
1	1.01088001047827	1.00163347347122	1.01088001047827	1.00816214840873	1.00126924658121	1.0005289099298	1.00126895594323	1.00108641729404	1.00057424821998	1.00678242319502	1.00057424821998	1.00816214840873	1.00126895594323	1.0005289099298	1.00126924658121	1.29999191728631	0.0460098583552396	0.0126352711532168	0.0460098583552406	0.0385811426314168	0.0109252026034017	-0.00578565614241309	0.0109251663643015	0.00998078190871478	-0.00598368887360595	-0.0178934197224852	-0.00598368887360577	0.0385811426314177	0.0109251663643015	-0.00578565614241291	0.0109252026034023
1	1.01088069029013	1.00163417154398	1.01088069029013	1.00815911554433	1.00126919553375	1.00052891051662	1.00126891597711	1.00108640082127	1.00057430501883	1.00678247153364	1.00057430501883	1.00815911554433	1.00126891597711	1.00052891051662	1.00126919553375	1.29999207733476	0.0460098912576037	0.012635280357772	0.0460098912576047	0.0385810204554058	0.0109252019711752	-0.00578565614472574	0.0109251659638707	0.00998078174706364	-0.00598368922215422	-0.0178934206019134	-0.00598368922215403	0.0385810204554066	0.0109251659638707	-0.00578565614472557	0.0109252019711758
1	1.01088134376467	1.00163484229366	1.01088134376467	1.00815620057493	1.00126914648471	1.00052891108044	1.00126887757646	1.00108638499369	1.00057435959188	1.00678251798999	1.00057435959188	1.00815620057493	1.00126887757646	1.00052891108044	1.00126914648471	1.29999223421404	0.0460099228990879	0.0126352892003413	0.0460099228990889	0.0385809030331774	0.0109252013594907	-0.00578565614699794	0.0109251655796736	0.0099807815878087	-0.00598368955718523	-0.017893421447364	-0.00598368955718505	0.0385809030331783	0.0109251655796736	-0.00578565614699777	0.0109252013594914
1	1.01088197192224	1.00163548678967	1.01088197192224	1.00815339891738	1.00126909935586	1.00052891162215	1.00126884067998	1.00108636978606	1.00057441202636	1.0067825626374	1.00057441202636	1.00815339891738	1.00126884067998	1.00052891162215	1.00126909935586	1.29999238798691	0.0460099533006175	0.0126352976984923	0.0460099533006185	0.0385807901708566	0.0109252007720542	-0.00578565614912984	0.0109251652139781	0.00998078143879249	-0.00598368987893639	-0.0178934222596365	-0.00598368987893621	0.0385807901708575	0.0109251652139781	-0.00578565614912967	0.0109252007720549
1	1.01088257574365	1.0016361060596	1.01088257574365	1.00815070616662	1.00126905407199	1.00052891214264	1.00126880522877	1.00108635517406	1.00057446240608	1.00678260554628	1.00057446240608	1.00815070616662	1.00126880522877	1.00052891214264	1.00126905407199	1.29999253871487	0.0460099825386624	0.0126353058623535	0.0460099825386634	0.0385806817003466	0.0109252002033709	-0.00578565615122815	0.0109251648630152	0.00998078129156842	-0.00598369018823693	-0.0178934230405296	-0.00598369018823675	0.0385806817003475	0.0109251648630152	-0.00578565615122798	0.0109252002033715
1	1.01088315617173	1.00163670109079	1.01088315617173	1.00814811808898	1.00126901056086	1.00052891264273	1.00126877116625	1.00108634113439	1.00057451081155	1.00678264678435	1.00057451081155	1.00814811808898	1.00126877116625	1.00052891264273	1.00126901056086	1.29999268645821	0.046010010629413	0.0126353137083113	0.046010010629414	0.0385805774416548	0.0109251996573003	-0.00578565615319437	0.0109251645293634	0.00998078115421018	-0.00598369048525018	-0.0178934237907737	-0.00598369048525	0.0385805774416556	0.0109251645293634	-0.0057856561531942	0.010925199657301
1	1.01088371411276	1.00163727283196	1.01088371411276	1.00814563061529	1.00126896875306	1.00052891312322	1.00126873843801	1.00108632764461	1.00057455732014	1.00678268641665	1.00057455732014	1.00814563061529	1.00126873843801	1.00052891312322	1.00126896875306	1.29999283127604	0.0460100376466013	0.0126353212455576	0.0460100376466023	0.03858047724039	0.0109251991283462	-0.00578565615513166	0.0109251642090638	0.00998078101809937	-0.00598369077079743	-0.0178934245120409	-0.00598369077079725	0.0385804772403908	0.0109251642090638	-0.00578565615513149	0.0109251991283469
1	1.01088425043795	1.00163782219468	1.01088425043795	1.00814323983466	1.00126892858189	1.00052891358487	1.00126870699183	1.0010863146832	1.00057460200619	1.00678272450572	1.00057460200619	1.00814323983466	1.00126870699183	1.00052891358487	1.00126892858189	1.29999297322629	0.0460100636021895	0.0126353284893731	0.0460100636021905	0.0385803809294313	0.010925198620481	-0.00578565615694542	0.0109251639049673	0.00998078089149431	-0.00598369104497345	-0.0178934252049907	-0.00598369104497327	0.0385803809294321	0.0109251639049673	-0.00578565615694524	0.0109251986204816
1	1.01088476598471	1.00163835005486	1.01088476598471	1.0081409419882	1.00126888998325	1.00052891402843	1.00126867677749	1.00108630222946	1.00057464494111	1.00678276111164	1.00057464494111	1.0081409419882	1.00126867677749	1.00052891402843	1.00126888998325	1.29999311236573	0.0460100885672301	0.0126353354480985	0.0460100885672312	0.0385802883669672	0.010925198128237	-0.00578565615873348	0.0109251636129569	0.00998078076565138	-0.00598369130859277	-0.0178934258711865	-0.00598369130859259	0.0385802883669681	0.0109251636129569	-0.0057856561587333	0.0109251981282377
1	1.01088526155805	1.00163885725411	1.01088526155805	1.00813873346321	1.00126885289559	1.00052891445461	1.00126864774676	1.0010862902635	1.00057468619353	1.00678279629217	1.00057468619353	1.00813873346321	1.00126864774676	1.00052891445461	1.00126885289559	1.29999324875002	0.0460101125499309	0.0126353421359835	0.0460101125499319	0.0385801993978456	0.0109251976556576	-0.00578565616040718	0.0109251633361213	0.00998078064896469	-0.00598369156168654	-0.0178934265112166	-0.00598369156168636	0.0385801993978465	0.0109251633361213	-0.005785656160407	0.0109251976556583
1	1.01088573793175	1.00163934460111	1.01088573793175	1.00813661078738	1.00126881725973	1.00052891486409	1.00126861985329	1.00108627876622	1.00057472582937	1.00678283010281	1.00057472582937	1.00813661078738	1.00126861985329	1.00052891486409	1.00126881725973	1.29999338243373	0.046010135618716	0.0126353485605908	0.0460101356187171	0.0385801138918143	0.0109251971973346	-0.00578565616205676	0.0109251630702095	0.00998078053260845	-0.00598369180506301	-0.017893427126547	-0.00598369180506283	0.0385801138918151	0.0109251630702095	-0.00578565616205659	0.0109251971973353
1	1.01088619584968	1.00163981287289	1.01088619584968	1.00813457062348	1.00126878301882	1.00052891525751	1.00126859305254	1.00108626771927	1.00057476391199	1.00678286259691	1.00057476391199	1.00813457062348	1.00126859305254	1.00052891525751	1.00126878301882	1.29999351347032	0.0460101577784717	0.012635354735211	0.0460101577784727	0.0385800317048199	0.0109251967573445	-0.00578565616360172	0.0109251628185187	0.00998078042507101	-0.0059836920386945	-0.0178934277176976	-0.00598369203869431	0.0385800317048207	0.0109251628185187	-0.00578565616360154	0.0109251967573452
1	1.01088663602681	1.00164026281606	1.01088663602681	1.00813260976393	1.00126875011824	1.00052891563552	1.00126856730172	1.00108625710499	1.00057480050226	1.00678289382572	1.00057480050226	1.00813260976393	1.00126856730172	1.00052891563552	1.00126875011824	1.29999364191222	0.0460101790950515	0.0126353606666948	0.0460101790950525	0.0385799527172591	0.0109251963303644	-0.00578565616512305	0.0109251625766845	0.00998078031747881	-0.00598369226338344	-0.0178934282860475	-0.00598369226338326	0.03857995271726	0.0109251625766845	-0.00578565616512287	0.010925196330365
1	1.01088705915048	1.00164069514801	1.01088705915048	1.00813072512595	1.00126871850551	1.00052891599871	1.00126854255973	1.00108624690646	1.00057483565866	1.00678292383852	1.00057483565866	1.00813072512595	1.00126854255973	1.00052891599871	1.00126871850551	1.29999376781079	0.0460101995704085	0.0126353663674424	0.0460101995704095	0.0385798767953552	0.0109251959204743	-0.00578565616654956	0.0109251623481853	0.00998078021838151	-0.00598369247904824	-0.0178934288320507	-0.00598369247904806	0.038579876795356	0.0109251623481853	-0.00578565616654939	0.0109251959204749
1	1.01088746588135	1.00164111055806	1.01088746588135	1.00812891374651	1.00126868813019	1.00052891634767	1.00126851878705	1.00108623710737	1.00057486943736	1.00678295268265	1.00057486943736	1.00812891374651	1.00126851878705	1.00052891634767	1.00126868813019	1.2999938912164	0.0460102192678927	0.0126353718436496	0.0460102192678937	0.0385798038293206	0.0109251955224556	-0.00578565616795213	0.0109251621285631	0.00998078011888545	-0.00598369268648589	-0.0178934293570079	-0.00598369268648571	0.0385798038293214	0.0109251621285631	-0.00578565616795195	0.0109251955224563
1	1.01088785685453	1.00164150970854	1.01088785685453	1.00812717277786	1.00126865894384	1.00052891668295	1.00126849594573	1.0010862276921	1.00057490189238	1.00678298040364	1.00057490189238	1.00812717277786	1.00126849594573	1.00052891668295	1.00126865894384	1.29999401217842	0.0460102381868674	0.0126353771068933	0.0460102381868684	0.0385797336948905	0.0109251951403689	-0.00578565616926968	0.0109251619214515	0.00998078002757392	-0.00598369288556438	-0.0178934298613106	-0.0059836928855642	0.0385797336948914	0.0109251619214515	-0.0057856561692695	0.0109251951403695
1	1.01088823268049	1.00164189323585	1.01088823268049	1.0081254994829	1.0012686308999	1.00052891700509	1.0012684739993	1.0010862186456	1.00057493307556	1.00678300704519	1.00057493307556	1.0081254994829	1.0012684739993	1.00052891700509	1.0012686308999	1.29999413074523	0.0460102563882565	0.0126353821627663	0.0460102563882575	0.0385796662913251	0.0109251947691129	-0.00578565617056235	0.0109251617223183	0.00998077993555706	-0.00598369307707641	-0.0178934303461893	-0.00598369307707623	0.038579666291326	0.0109251617223183	-0.00578565617056218	0.0109251947691135
1	1.01088859394607	1.00164226175151	1.01088859394607	1.00812389123097	1.00126860395363	1.0005289173146	1.00126845291271	1.00108620995343	1.00057496303676	1.00678303264936	1.00057496303676	1.00812389123097	1.00126845291271	1.0005289173146	1.00126860395363	1.29999424696427	0.046010273869134	0.0126353870220846	0.046010273869135	0.0385796015031676	0.0109251944127111	-0.0057856561717796	0.0109251615349286	0.00998077985142817	-0.00598369326084292	-0.0178934308119753	-0.00598369326084274	0.0385796015031685	0.0109251615349286	-0.00578565617177942	0.0109251944127118
1	1.01088894121537	1.00164261584308	1.01088894121537	1.00812234549366	1.00126857806206	1.00052891761198	1.00126843265229	1.00108620160171	1.00057499182387	1.00678305725652	1.00057499182387	1.00812234549366	1.00126843265229	1.00052891761198	1.00126857806206	1.29999436088201	0.0460102906880862	0.0126353916898836	0.0460102906880872	0.0385795392380127	0.0109251940661879	-0.00578565617297048	0.0109251613546923	0.00998077976632025	-0.00598369343765347	-0.0178934312598364	-0.00598369343765328	0.0385795392380136	0.0109251613546923	-0.0057856561729703	0.0109251940661886
1	1.01088927503063	1.00164295607512	1.01088927503063	1.00812085984089	1.00126855318388	1.00052891789771	1.0012684131857	1.00108619357711	1.00057501948288	1.00678308090552	1.00057501948288	1.00812085984089	1.0012684131857	1.00052891789771	1.00126855318388	1.29999447254402	0.0460103068401603	0.0126353961762776	0.0460103068401613	0.0385794793885625	0.0109251937335166	-0.00578565617409551	0.0109251611854864	0.00998077968881768	-0.00598369360728441	-0.0178934316900472	-0.00598369360728423	0.0385794793885634	0.0109251611854864	-0.00578565617409533	0.0109251937335172
1	1.01088959591309	1.00164328299011	1.01088959591309	1.00811943193699	1.00126852927942	1.00052891817224	1.00126839448183	1.00108618586681	1.00057504605801	1.00678310363364	1.00057504605801	1.00811943193699	1.00126839448183	1.00052891817224	1.00126852927942	1.29999458199499	0.0460103223817005	0.0126354004857868	0.0460103223817015	0.0385794218700914	0.010925193409852	-0.00578565617519203	0.0109251610226764	0.0099807796100919	-0.00598369377052325	-0.0178934321037173	-0.00598369377052306	0.0385794218700923	0.0109251610226764	-0.00578565617519185	0.0109251934098527
1	1.01088990436379	1.00164359710929	1.01088990436379	1.00811805953715	1.00126850631054	1.00052891843601	1.00126837651084	1.00108617845851	1.00057507159173	1.00678312547677	1.00057507159173	1.00811805953715	1.00126837651084	1.00052891843601	1.00126850631054	1.29999468927867	0.0460103373059559	0.0126354046278787	0.0460103373059569	0.0385793665828548	0.0109251930991077	-0.00578565617623227	0.0109251608702342	0.0099807795387029	-0.00598369392710475	-0.0178934325010693	-0.00598369392710456	0.0385793665828556	0.0109251608702342	-0.00578565617623209	0.0109251930991083
1	1.01089020086437	1.00164389893349	1.01089020086437	1.00811674048377	1.00126848424061	1.00052891868944	1.00126835924402	1.00108617134038	1.00057509612486	1.00678314646934	1.00057509612486	1.00811674048377	1.00126835924402	1.00052891868944	1.00126848424061	1.299994794438	0.0460103516671318	0.0126354086065964	0.0460103516671328	0.038579313449207	0.0109251927965712	-0.00578565617724157	0.0109251607234925	0.00998077946587241	-0.00598369407781499	-0.0178934328831591	-0.00598369407781481	0.0385793134492078	0.0109251607234925	-0.0057856561772414	0.0109251927965719
1	1.0108904858778	1.00164418894396	1.0108904858778	1.00811547270319	1.00126846303444	1.00052891893294	1.00126834265379	1.00108616450104	1.00057511969659	1.0067831666445	1.00057511969659	1.00811547270319	1.00126834265379	1.00052891893294	1.00126846303444	1.29999489751503	0.0460103654568785	0.0126354124308118	0.0460103654568795	0.0385792623763938	0.0109251925060899	-0.00578565617820373	0.0109251605865029	0.00998077940012397	-0.00598369422234947	-0.0178934332501617	-0.00598369422234929	0.0385792623763946	0.0109251605865029	-0.00578565617820355	0.0109251925060905
1	1.01089075984911	1.00164446760309	1.01089075984911	1.0081142542023	1.0012684426582	1.0005289191669	1.00126832671365	1.00108615792959	1.00057514234462	1.00678318603404	1.00057514234462	1.00811425420231	1.00126832671365	1.0005289191669	1.0012684426582	1.29999499855101	0.0460103787273652	0.012635416104126	0.0460103787273662	0.038579213293296	0.0109251922230838	-0.00578565617913224	0.0109251604545753	0.00998077933273881	-0.00598369436149418	-0.0178934336030831	-0.005983694361494	0.0385792132932969	0.0109251604545753	-0.00578565617913207	0.0109251922230845
1	1.01089102320611	1.00164473535519	1.01089102320611	1.00811308306554	1.00126842307939	1.00052891939168	1.00126831139816	1.00108615161553	1.00057516410512	1.00678320466859	1.00057516410512	1.00811308306554	1.00126831139816	1.00052891939168	1.00126842307939	1.29999509758633	0.0460103914688192	0.0126354196348621	0.0460103914688202	0.0385791661136301	0.0109251919513295	-0.00578565618002254	0.0109251603318278	0.00998077927219462	-0.00598369449490707	-0.0178934339420534	-0.00598369449490689	0.0385791661136309	0.0109251603318278	-0.00578565618002237	0.0109251919513302
1	1.01089127636001	1.00164499262715	1.01089127636001	1.00811195745173	1.00126840426678	1.00052891960766	1.00126829668284	1.00108614554877	1.0005751850129	1.00678322257753	1.0005751850129	1.00811195745173	1.00126829668284	1.00052891960766	1.00126840426678	1.29999519466063	0.0460104037314799	0.0126354230262125	0.0460104037314809	0.0385791207722943	0.0109251916863787	-0.00578565618087639	0.0109251602135559	0.00998077920983894	-0.00598369462337515	-0.0178934342680337	-0.00598369462337496	0.0385791207722952	0.0109251602135559	-0.00578565618087622	0.0109251916863794
1	1.01089151970611	1.0016452398292	1.01089151970611	1.00811087559134	1.00126838619039	1.00052891981517	1.00126828254421	1.00108613971963	1.00057520510135	1.00678323978912	1.00057520510135	1.00811087559134	1.00126828254421	1.00052891981517	1.00126838619039	1.29999528981272	0.0460104155043055	0.0126354262859945	0.0460104155043065	0.0385790771889932	0.0109251914319343	-0.00578565618170059	0.0109251601039333	0.0099807791540969	-0.005983694746521	-0.0178934345811127	-0.00598369474652082	0.038579077188994	0.0109251601039333	-0.00578565618170042	0.0109251914319349
1	1.01089175362438	1.00164547735547	1.01089175362438	1.00810983578359	1.00126836882137	1.00052892001455	1.00126826895966	1.00108613411881	1.00057522440259	1.0067832563305	1.00057522440259	1.00810983578359	1.00126826895966	1.00052892001455	1.00126836882137	1.29999538308068	0.0460104268357081	0.0126354294170213	0.0460104268357091	0.0385790353041728	0.0109251911836765	-0.0057856561824853	0.0109251599982472	0.00998077909638669	-0.00598369486513306	-0.0178934348822086	-0.00598369486513288	0.0385790353041736	0.0109251599982472	-0.00578565618248513	0.0109251911836772
1	1.01089197848008	1.00164570558467	1.01089197848008	1.00810883639383	1.00126835213203	1.00052892020611	1.00126825590752	1.00108612873736	1.00057524294746	1.00678327222778	1.00057524294746	1.00810883639383	1.00126825590752	1.00052892020611	1.00126835213203	1.29999547450181	0.0460104377135139	0.0126354324266451	0.0460104377135149	0.0385789950430791	0.0109251909452337	-0.00578565618324862	0.010925159900718	0.00998077904507546	-0.00598369497880034	-0.0178934351713736	-0.00598369497880015	0.03857899504308	0.010925159900718	-0.00578565618324845	0.0109251909452343
1	1.0108921946243	1.00164592488072	1.0108921946243	1.00810787585093	1.00126833609576	1.00052892039017	1.00126824336692	1.00108612356669	1.00057526076561	1.00678328750604	1.00057526076561	1.00810787585093	1.00126824336692	1.00052892039017	1.00126833609576	1.29999556411267	0.0460104481844096	0.0126354353173282	0.0460104481844106	0.0385789563512741	0.0109251907124112	-0.00578565618396944	0.0109251598066303	0.00998077899165607	-0.00598369508831413	-0.0178934354494858	-0.00598369508831395	0.0385789563512749	0.0109251598066303	-0.00578565618396927	0.0109251907124119
1	1.01089240239457	1.00164613559325	1.01089240239457	1.00810695264489	1.00126832068699	1.00052892056701	1.00126823131783	1.00108611859854	1.00057527788552	1.00678330218939	1.00057527788552	1.00810695264489	1.00126823131783	1.00052892056701	1.00126832068699	1.29999565194913	0.0460104582352107	0.0126354380959939	0.0460104582352117	0.0385789191591321	0.0109251904887626	-0.00578565618467676	0.0109251597202421	0.00998077894443313	-0.00598369519323109	-0.0178934357165626	-0.00598369519323091	0.038578919159133	0.0109251597202421	-0.00578565618467658	0.0109251904887633
1	1.01089260211529	1.00164633805825	1.01089260211529	1.00810606532433	1.00126830588114	1.00052892073692	1.00126821974101	1.00108611382498	1.00057529433454	1.00678331630097	1.00057529433454	1.00810606532433	1.00126821974101	1.00052892073692	1.00126830588114	1.2999957380463	0.0460104679109756	0.0126354407647798	0.0460104679109766	0.0385788834169298	0.0109251902702146	-0.00578565618533853	0.0109251596368404	0.00998077889497685	-0.00598369529434595	-0.0178934359734456	-0.00598369529434577	0.0385788834169307	0.0109251596368404	-0.00578565618533835	0.0109251902702153
1	1.01089279409833	1.00164653259851	1.01089279409833	1.00810521249437	1.00126829165462	1.00052892090018	1.00126820861797	1.00108610923839	1.00057531013897	1.00678332986308	1.00057531013897	1.00810521249437	1.00126820861797	1.00052892090018	1.00126829165462	1.29999582243864	0.0460104771976181	0.0126354433302133	0.0460104771976191	0.0385788490597903	0.0109251900602458	-0.0057856561859942	0.010925159560714	0.00998077885152632	-0.00598369539118472	-0.0178934362201213	-0.00598369539118454	0.0385788490597911	0.010925159560714	-0.00578565618599403	0.0109251900602465
1	1.01089297864347	1.00164671952424	1.01089297864347	1.00810439281429	1.00126827798472	1.00052892105703	1.00126819793092	1.00108610483145	1.00057532532406	1.00678334289708	1.00057532532406	1.00810439281429	1.00126819793092	1.00052892105703	1.00126827798472	1.2999959051599	0.0460104861386611	0.0126354457941327	0.0460104861386621	0.038578816042336	0.010925189854901	-0.00578565618660135	0.0109251594871553	0.00998077880573065	-0.00598369548454623	-0.0178934364573961	-0.00598369548454605	0.0385788160423368	0.0109251594871553	-0.00578565618660118	0.0109251898549017
1	1.01089315603887	1.00164689913346	1.01089315603887	1.00810360499554	1.00126826484966	1.00052892120774	1.00126818766281	1.00108610059712	1.0005753399141	1.00678335542357	1.0005753399141	1.00810360499554	1.00126818766281	1.00052892120774	1.00126826484966	1.29999598624317	0.0460104947192152	0.0126354481627	0.0460104947192162	0.038578784304085	0.0109251896575835	-0.00578565618720949	0.0109251594204786	0.00998077876576074	-0.00598369557392739	-0.0178934366852288	-0.00598369557392721	0.0385787843040859	0.0109251594204786	-0.00578565618720932	0.0109251896575842
1	1.01089332656152	1.00164707171255	1.01089332656152	1.0081028477996	1.0012682522285	1.00052892135253	1.00126817779721	1.00108609652863	1.00057535393238	1.00678336746228	1.00057535393238	1.0081028477996	1.00126817779721	1.00052892135254	1.0012682522285	1.29999606572088	0.0460105029813559	0.0126354504374765	0.0460105029813569	0.0385787538036645	0.0109251894644528	-0.00578565618776627	0.0109251593559841	0.00998077872334605	-0.00598369566013143	-0.0178934369043928	-0.00598369566013125	0.0385787538036654	0.0109251593559841	-0.00578565618776609	0.0109251894644535
1	1.01089349047769	1.00164723753668	1.01089349047769	1.00810212003615	1.00126824010111	1.00052892149166	1.00126816831838	1.00108609261951	1.00057536740133	1.00678337903222	1.00057536740133	1.00810212003615	1.00126816831838	1.00052892149166	1.00126824010111	1.29999614362482	0.0460105109094789	0.0126354526242868	0.0460105109094799	0.0385787244846639	0.0109251892788383	-0.00578565618833057	0.0109251592980069	0.00998077868658777	-0.00598369574262792	-0.0178934371148214	-0.00598369574262774	0.0385787244846647	0.0109251592980069	-0.0057856561883304	0.010925189278839
1	1.01089364804333	1.00164739687025	1.01089364804333	1.00810142056111	1.00126822844816	1.00052892162533	1.00126815921116	1.00108608886348	1.00057538034247	1.00678339015163	1.00057538034247	1.00810142056111	1.00126815921116	1.00052892162533	1.00126822844816	1.29999621998617	0.0460105185442956	0.0126354547244375	0.0460105185442966	0.038578696309399	0.0109251890970098	-0.00578565618884068	0.0109251592418571	0.0099807786472962	-0.00598369582222476	-0.017893437317257	-0.00598369582222458	0.0385786963093998	0.0109251592418571	-0.00578565618884051	0.0109251890970104
1	1.01089379950449	1.00164754996731	1.01089379950449	1.00810074827489	1.00126821725108	1.00052892175376	1.001268150461	1.00108608525458	1.00057539277647	1.00678340083808	1.00057539277647	1.00810074827489	1.001268150461	1.00052892175376	1.00126821725108	1.29999629483546	0.0460105258695672	0.0126354567434406	0.0460105258695682	0.0385786692252291	0.0109251889222227	-0.00578565618936463	0.0109251591918865	0.00998077861350105	-0.00598369589836543	-0.0178934375116103	-0.00598369589836525	0.03857866922523	0.0109251591918865	-0.00578565618936446	0.0109251889222234
1	1.01089394509765	1.00164769707195	1.01089394509765	1.00810010212062	1.00126820649201	1.00052892187716	1.00126814205392	1.00108608178703	1.00057540472322	1.0067834111084	1.00057540472322	1.00810010212062	1.00126814205392	1.00052892187716	1.00126820649201	1.29999636820263	0.04601053292472	0.0126354586823685	0.0460105329247211	0.0385786431978687	0.0109251887508537	-0.00578565618983177	0.0109251591434172	0.00998077857709442	-0.00598369597186287	-0.0178934376985952	-0.00598369597186269	0.0385786431978696	0.0109251591434172	-0.0057856561898316	0.0109251887508543
