1	1.8347422314702	1.83455896165966	1.83474223147022	1.8347422294382	1.99140754029046	1.96474150007414	1.9914075406956	1.83455895702149	1.96474149892734	2.03241281466518	1.96474149892735	1.83474222943822	1.9914075406956	1.96474150007415	1.99140754029048	4.24999999999999	0.46356165326909	0.327741008283558	0.4635616532691	0.46356165259762	0.370624822575672	0.298181109593992	0.370624822671828	0.327741007146326	0.298181109372064	0.272003731177919	0.298181109372067	0.46356165259763	0.370624822671828	0.298181109593995	0.370624822575681
1	2.02244847581636	1.84748858673753	2.02244847581638	2.02244847529824	2.14573521668459	2.03300645340619	2.14573521680143	1.84748858600577	2.0330064531825	2.10223710748814	2.03300645318251	2.02244847529826	2.14573521680142	2.0330064534062	2.14573521668462	4.24999999999999	0.5241721697484	0.327534247481952	0.524172169748412	0.524172169579671	0.403579470504573	0.308085010896994	0.403579470532593	0.327534247304093	0.308085010854082	0.280293160820221	0.308085010854085	0.524172169579683	0.403579470532593	0.308085010896997	0.403579470504584
1	2.06552909597128	1.83141013413685	2.06552909597131	2.06552909582607	2.16809841296673	2.02838722590154	2.16809841300192	1.83141013402977	2.02838722585858	2.09704771462892	2.02838722585859	2.06552909582609	2.16809841300192	2.02838722590155	2.16809841296676	4.24999999999999	0.53858196045795	0.323303551283537	0.538581960457962	0.538581960410313	0.408638433901005	0.306914535864515	0.408638433909415	0.323303551257697	0.306914535856281	0.27914374695396	0.306914535856283	0.538581960410325	0.408638433909415	0.306914535864518	0.408638433901015
1	2.07778268045018	1.82619502996758	2.07778268045021	2.07778268040695	2.17232025513511	2.0255391195717	2.17232025514581	1.82619502995374	2.02553911956363	2.09426925951918	2.02553911956364	2.07778268040698	2.17232025514581	2.02553911957171	2.17232025513514	4.24999999999999	0.542726951892746	0.321976495256317	0.542726951892759	0.542726951878448	0.409617587324579	0.306318392454914	0.409617587327136	0.321976495253068	0.306318392453376	0.278634624709508	0.306318392453379	0.542726951878461	0.409617587327136	0.306318392454917	0.409617587324591
1	2.08147108242619	1.82475341483351	2.08147108242622	2.08147108241281	2.17315371662492	2.02461825273317	2.17315371662808	1.82475341483244	2.02461825273176	2.09343778218806	2.02461825273177	2.08147108241284	2.17315371662808	2.02461825273318	2.17315371662495	4.24999999999999	0.543978243261133	0.321612085904563	0.543978243261146	0.543978243256683	0.409811756824764	0.306129419093246	0.40981175682552	0.321612085904349	0.306129419092982	0.278485267696486	0.306129419092984	0.543978243256695	0.40981175682552	0.306129419093248	0.409811756824774
1	2.08259758285116	1.82435680482417	2.08259758285119	2.08259758284703	2.17330235362485	2.02434724751046	2.1733023536258	1.82435680482428	2.02434724751022	2.09320695813262	2.02434724751023	2.08259758284705	2.1733023536258	2.02434724751047	2.17330235362489	4.24999999999999	0.544360784724442	0.321512072071051	0.544360784724454	0.544360784723062	0.409846114092527	0.30607404855508	0.409846114092754	0.321512072071094	0.306074048555037	0.27844391473445	0.306074048555039	0.544360784723074	0.409846114092754	0.306074048555083	0.409846114092538
1	2.08294343091417	1.82424559769728	2.0829434309142	2.08294343091291	2.17332075944518	2.02426934865	2.17332075944552	1.82424559769746	2.02426934864995	2.09314335479848	2.02426934864996	2.08294343091293	2.17332075944552	2.02426934865001	2.17332075944522	4.24999999999999	0.544478293783986	0.321484069924864	0.544478293783998	0.544478293783565	0.409850206228243	0.306058152560463	0.409850206228324	0.321484069924915	0.306058152560454	0.27843250935729	0.306058152560457	0.544478293783578	0.409850206228325	0.306058152560466	0.409850206228254
1	2.08304993336207	1.82421380489224	2.08304993336209	2.08304993336169	2.17331932220198	2.02424709852007	2.17331932220206	1.82421380489226	2.02424709852003	2.09312570275316	2.02424709852004	2.08304993336172	2.17331932220206	2.02424709852008	2.17331932220202	4.24999999999999	0.544514494827198	0.321476073944508	0.54451449482721	0.544514494827074	0.409849778300921	0.306053613828491	0.40984977830094	0.321476073944514	0.306053613828482	0.2784293385177	0.306053613828485	0.544514494827086	0.40984977830094	0.306053613828493	0.409849778300932
1	2.08308280714846	1.82420456951634	2.08308280714848	2.0830828071483	2.17331701947859	2.02424074350537	2.17331701947858	1.82420456951634	2.02424074350538	2.09312075061143	2.02424074350539	2.08308280714833	2.17331701947858	2.02424074350538	2.17331701947862	4.24999999999999	0.544525672462557	0.321473753620145	0.544525672462569	0.544525672462505	0.409849204180525	0.306052317436286	0.409849204180525	0.321473753620145	0.306052317436289	0.278428448087284	0.306052317436292	0.544525672462518	0.409849204180525	0.306052317436288	0.409849204180536
1	2.08309297396683	1.82420185254184	2.08309297396685	2.0830929739668	2.17331582096457	2.0242389225266	2.17331582096447	1.82420185254182	2.02423892252655	2.0931193469996	2.02423892252656	2.08309297396682	2.17331582096447	2.02423892252661	2.17331582096461	4.24999999999999	0.544529130255851	0.321473071647367	0.544529130255863	0.54452913025584	0.409848910966965	0.306051945937389	0.409848910966941	0.321473071647364	0.306051945937378	0.278428194270691	0.306051945937381	0.544529130255853	0.409848910966942	0.306051945937391	0.409848910966976
1	2.08309612349465	1.82420104517249	2.08309612349467	2.0830961234946	2.17331532267727	2.02423839822933	2.17331532267725	1.82420104517246	2.02423839822937	2.09311894316384	2.02423839822938	2.08309612349462	2.17331532267725	2.02423839822934	2.1733153226773	4.24999999999999	0.544530201648084	0.321472869148766	0.544530201648096	0.544530201648066	0.409848789907351	0.306051838913713	0.409848789907348	0.321472869148758	0.306051838913719	0.278428121670852	0.306051838913722	0.544530201648078	0.409848789907348	0.306051838913715	0.409848789907362
1	2.08309710050203	1.82420080325074	2.08309710050205	2.08309710050202	2.17331513489295	2.02423824625696	2.17331513489301	1.82420080325065	2.02423824625695	2.09311882673147	2.02423824625696	2.08309710050205	2.17331513489301	2.02423824625697	2.17331513489298	4.24999999999999	0.544530534064412	0.321472808523759	0.544530534064425	0.54453053406441	0.409848744461013	0.306051807901688	0.40984874446103	0.321472808523736	0.306051807901688	0.278428100266376	0.306051807901691	0.544530534064423	0.40984874446103	0.306051807901691	0.409848744461024
1	2.08309740395912	1.82420073029534	2.08309740395914	2.08309740395914	2.17331506794695	2.02423820196517	2.1733150679469	1.82420073029539	2.02423820196518	2.09311879219964	2.02423820196519	2.08309740395917	2.1733150679469	2.02423820196518	2.17331506794698	4.24999999999999	0.54453063732553	0.321472790249851	0.544530637325543	0.54453063732554	0.40984872829079	0.306051798851779	0.409848728290781	0.321472790249865	0.30605179885178	0.278428094070175	0.306051798851783	0.544530637325553	0.409848728290781	0.306051798851782	0.409848728290801
1	2.08309749829816	1.82420070816288	2.08309749829818	2.08309749829815	2.17331504487632	2.02423818895141	2.17331504487633	1.82420070816287	2.02423818895146	2.09311878195121	2.02423818895147	2.08309749829818	2.17331504487633	2.02423818895143	2.17331504487635	4.24999999999999	0.544530669428864	0.321472784705337	0.544530669428877	0.544530669428862	0.409848722722137	0.306051796182301	0.409848722722142	0.321472784705335	0.30605179618231	0.278428092414809	0.306051796182312	0.544530669428875	0.409848722722142	0.306051796182304	0.409848722722148
