1	1.00638656204586	1.01193624795895	1.00638656204586	1.00638612089072	1.01131211443515	1.017379177222	1.01194014246216	1.01204932434324	1.01737880297964	1.02244139525196	1.01737880297964	1.00638612089072	1.01194014246216	1.017379177222	1.01131211443515	0.316057248319987	0.292742963995589	0.281167935916001	0.292742963995589	0.292744339861437	0.272154656561364	0.276361347025098	0.281230303793931	0.282796581099534	0.276362104113316	0.271257667619214	0.276362104113316	0.292744339861437	0.281230303793931	0.276361347025098	0.272154656561365
1	1.01420809622181	1.02674084382187	1.01420809622181	1.01420698233328	1.0258502288257	1.03817696912996	1.02674713790823	1.02687826857371	1.03817578596149	1.05392733164941	1.03817578596149	1.01420698233328	1.02674713790823	1.03817696912996	1.0258502288257	0.43232821208879	0.39472299755201	0.38465831466278	0.394722997552011	0.394719788499082	0.379721779794783	0.374914563001335	0.384702230263547	0.385322942643854	0.37491208809842	0.393165332069509	0.37491208809842	0.394719788499082	0.384702230263547	0.374914563001335	0.379721779794784
1	1.01677105530405	1.03157511251895	1.01677105530405	1.01677094623717	1.03106102837978	1.04515785786649	1.03157932457374	1.0316411323926	1.04515774752984	1.06796342725672	1.04515774752984	1.01677094623717	1.03157932457374	1.04515785786649	1.03106102837978	0.475101909256828	0.433002067390509	0.421230420390563	0.43300206739051	0.432999989860138	0.418899843899248	0.413098408512436	0.421247566149074	0.421483651050944	0.413098224635932	0.445645952850706	0.413098224635932	0.432999989860139	0.421247566149074	0.413098408512436	0.418899843899249
1	1.01760078012677	1.03297937353966	1.01760078012677	1.01760066718352	1.03273755698348	1.04752640375408	1.03298107130879	1.03300534086615	1.04752642299181	1.07359977861899	1.04752642299181	1.01760066718352	1.03298107130879	1.04752640375408	1.03273755698348	0.490837473073611	0.447307827903322	0.434107720610003	0.447307827903323	0.447306926154535	0.433109282160186	0.427634353553367	0.434113804470449	0.434199959886097	0.427634723225633	0.465611034793599	0.427634723225633	0.447306926154535	0.434113804470449	0.427634353553367	0.433109282160187
1	1.01791971928824	1.03346761093155	1.01791971928824	1.01791964140992	1.03336329507789	1.04848694827105	1.03346822977496	1.0334771766179	1.04848698733299	1.07582553343876	1.04848698733299	1.01791964140992	1.03346822977496	1.04848694827105	1.03336329507789	0.496626263497899	0.452544636244539	0.43874318190638	0.45254463624454	0.452544279026877	0.438332887888267	0.433146886856825	0.438745488418863	0.438776189471003	0.433147190888564	0.472777455860287	0.433147190888564	0.452544279026878	0.438745488418863	0.433146886856825	0.438332887888268
1	1.01804289127662	1.03365038960848	1.01804289127662	1.01804285381409	1.03360720008739	1.04888433665857	1.03365062622988	1.03365382939728	1.04888436913308	1.07664775088339	1.04888436913308	1.01804285381409	1.03365062622988	1.04888433665856	1.03360720008739	0.498755840476275	0.454440711089871	0.440436278959116	0.454440711089872	0.454440571063248	0.44027040503104	0.435238084024387	0.440437235784798	0.440448013583129	0.435238257789163	0.475293358095944	0.435238257789164	0.454440571063249	0.440437235784798	0.435238084024387	0.440270405031041
1	1.01808870182897	1.03371948313835	1.01808870182897	1.01808870143784	1.03370195570048	1.04904511723428	1.03371959712597	1.03372073880584	1.04904515271848	1.07693601506591	1.04904515271848	1.01808870143784	1.03371959712597	1.04904511723428	1.03370195570048	0.499539268029707	0.455123780657753	0.441058847654006	0.455123780657754	0.455123711142552	0.440992217983835	0.436031193592035	0.441059278466548	0.441063015513519	0.436031287337665	0.476169493791828	0.436031287337665	0.455123711142552	0.441059278466548	0.436031193592035	0.440992217983836
1	1.01810524384486	1.03374552379168	1.01810524384486	1.01810524465386	1.03373846765242	1.04910895892075	1.03374557598488	1.03374597394691	1.04910897787004	1.0770339250325	1.04910897787004	1.01810524465386	1.03374557598488	1.04910895892075	1.03373846765242	0.499827475001435	0.455369205492118	0.441288538448454	0.455369205492118	0.455369173042975	0.441261843976547	0.436331902403997	0.441288741222918	0.441290017931614	0.436331948468026	0.476473708063483	0.436331948468026	0.455369173042975	0.441288741222918	0.436331902403997	0.441261843976548
1	1.018111104983	1.03375531184239	1.018111104983	1.01811110511233	1.03375248151638	1.04913403464033	1.03375533605219	1.03375547220798	1.04913404351136	1.07706656565972	1.04913404351136	1.01811110511233	1.03375533605219	1.04913403464033	1.03375248151637	0.499933500376392	0.455457217977646	0.441373451984983	0.455457217977647	0.455457203349211	0.441362766878818	0.436445884207319	0.44137354969281	0.441373977095268	0.436445905629996	0.476579199964262	0.436445905629996	0.455457203349212	0.44137354969281	0.436445884207319	0.441362766878819
1	1.01811315517496	1.03375898684287	1.01811315517496	1.01811315508799	1.03375785338383	1.04914382033336	1.03375899824129	1.03375904384768	1.04914382428679	1.07707730237609	1.04914382428679	1.01811315508799	1.03375899824129	1.04914382033336	1.03375785338383	0.499972505006953	0.455488728498614	0.441404890619868	0.455488728498615	0.455488722052251	0.441400615878169	0.436489080793653	0.441404937760259	0.441405077001397	0.436489090405072	0.476615751670399	0.436489090405072	0.455488722052251	0.441404937760259	0.436489080793653	0.441400615878169
