1	1.04399165766712	1.09640096641936	1.04399165766712	1.03734197615077	1.07660607511842	1.10868917907873	1.07660607511849	1.06318170669644	1.0991590378697	1.14342252128772	1.0991590378697	1.03734197615077	1.07660607511849	1.10868917907873	1.07660607511842	0.679626631812447	0.607245197794708	0.644839629126594	0.607245197794708	0.610572605403244	0.591561697536947	0.568012670550648	0.591561697537155	0.557344972772004	0.556247223734756	0.576831199360461	0.556247223734756	0.610572605403245	0.591561697537154	0.568012670550649	0.591561697536948
1	1.05334786684438	1.11855086919362	1.05334786684438	1.04636638215368	1.09249605687802	1.12966569801435	1.09249605687807	1.07570941931711	1.11728345708929	1.1715085814725	1.11728345708929	1.04636638215368	1.09249605687807	1.12966569801435	1.09249605687802	0.736344849622195	0.651869078945631	0.699162291979553	0.651869078945632	0.656687755062571	0.634227828089182	0.609645379049128	0.634227828089301	0.593260234769836	0.591193048670329	0.620614385043557	0.591193048670329	0.656687755062572	0.634227828089301	0.609645379049129	0.634227828089183
1	1.0557810923202	1.12477093947951	1.0557810923202	1.05135764787579	1.09894171167284	1.13727728598213	1.09894171167287	1.08272850283854	1.12515554301971	1.18352148373248	1.12515554301971	1.05135764787579	1.09894171167287	1.13727728598213	1.09894171167284	0.761829987806584	0.671412413639975	0.722492812129777	0.671412413639976	0.678504294542674	0.65507791377795	0.630108762906903	0.655077913778014	0.612079872921887	0.609221304476271	0.643360977397075	0.609221304476272	0.678504294542675	0.655077913778014	0.630108762906904	0.655077913777951
1	1.05602714730415	1.12559529677504	1.05602714730415	1.05412790207876	1.10180814148052	1.14010568012237	1.10180814148053	1.08699177614436	1.12930736343283	1.18928918155352	1.12930736343283	1.05412790207876	1.10180814148053	1.14010568012237	1.10180814148051	0.773281198586925	0.679767088303426	0.731931072035735	0.679767088303428	0.688808044872809	0.665423270401962	0.639751211722538	0.665423270401998	0.622274604597647	0.619061616708636	0.654996956776753	0.619061616708636	0.68880804487281	0.665423270401997	0.639751211722538	0.665423270401963
1	1.05580142362252	1.12512867185507	1.05580142362252	1.05557499649126	1.10316705359589	1.14114627126747	1.1031670535959	1.08947440892438	1.13166449570144	1.19217163402154	1.13166449570144	1.05557499649126	1.1031670535959	1.14114627126746	1.10316705359589	0.778426559273921	0.683292201378493	0.73560848313472	0.683292201378494	0.693678787147248	0.670570097188783	0.644154949499646	0.670570097188802	0.627820032643669	0.624510426907402	0.66085937093216	0.624510426907402	0.693678787147249	0.670570097188802	0.644154949499647	0.670570097188784
1	1.05555919183915	1.12455361114445	1.05555919183915	1.056307930157	1.10383387561262	1.14149445841236	1.10383387561262	1.09087693866581	1.13302821678254	1.19361984388367	1.13302821678254	1.056307930157	1.10383387561262	1.14149445841236	1.10383387561262	0.780738518896753	0.684762145670707	0.736992573902962	0.684762145670708	0.69599177105178	0.673134807159577	0.646108237509636	0.673134807159588	0.630821786634755	0.627530589749772	0.663782588873931	0.627530589749772	0.695991771051781	0.673134807159588	0.646108237509636	0.673134807159578
1	1.05538230098094	1.12411866833655	1.05538230098094	1.05667993886891	1.10416766379267	1.14157636382488	1.10416766379267	1.09166199859705	1.13382039624281	1.19434480144805	1.13382039624281	1.05667993886891	1.10416766379267	1.14157636382488	1.10416766379267	0.781777349322063	0.685364255181016	0.737489403291869	0.685364255181017	0.697099463535026	0.674418642668169	0.646942460933437	0.674418642668174	0.632439037837107	0.62920484552101	0.665232199353962	0.629204845521011	0.697099463535027	0.674418642668174	0.646942460933437	0.67441864266817
1	1.05526598713417	1.12383073311574	1.05526598713417	1.05687267931761	1.10433723904617	1.14156394149175	1.10433723904617	1.0921017652927	1.13428086657971	1.19470612030863	1.13428086657971	1.05687267931761	1.10433723904617	1.14156394149175	1.10433723904617	0.78224412595255	0.685603347891388	0.737653798027369	0.685603347891389	0.697636362798454	0.675066069641236	0.647277871017882	0.67506606964124	0.63330822199516	0.630134786139479	0.665949429730215	0.63013478613948	0.697636362798455	0.67506606964124	0.647277871017883	0.675066069641237
1	1.05519261670785	1.12365066741896	1.05519261670785	1.05697529379881	1.10442457345074	1.14152587397077	1.10442457345074	1.09234906410324	1.13454857281251	1.1948856081942	1.1345485728125	1.05697529379881	1.10442457345074	1.14152587397077	1.10442457345074	0.78245386222606	0.685693053905839	0.737699510627583	0.68569305390584	0.697900585609741	0.675395648153525	0.647398213656359	0.675395648153527	0.633775208922819	0.630653163818165	0.666304200712916	0.630653163818166	0.697900585609742	0.675395648153527	0.647398213656359	0.675395648153526
1	1.05514727576412	1.12354135208357	1.05514727576412	1.05703141547198	1.10447017169248	1.14148764776613	1.10447017169248	1.09248873410197	1.1347042819982	1.19497458029021	1.1347042819982	1.05703141547198	1.10447017169248	1.14148764776613	1.10447017169248	0.782548102813195	0.685723049077637	0.737706330941036	0.685723049077639	0.698032955349699	0.675565225243599	0.647430651127221	0.675565225243601	0.634026440747784	0.630943458778514	0.666479856329244	0.630943458778514	0.6980329553497	0.675565225243601	0.647430651127222	0.675565225243601
1	1.05511959059595	1.12347611594635	1.05511959059595	1.0570628351759	1.10449430907078	1.14145695338414	1.10449430907078	1.09256794192183	1.13479492672279	1.1950186331653	1.13479492672279	1.0570628351759	1.10449430907078	1.14145695338414	1.10449430907077	0.782590447842187	0.685730406900153	0.737702587687368	0.685730406900154	0.698100589339512	0.675653478106084	0.647430506451105	0.675653478106086	0.634161946646951	0.631106856801851	0.666566990040252	0.631106856801851	0.698100589339513	0.675653478106086	0.647430506451105	0.675653478106086
1	1.05510281691224	1.12343758208406	1.05510281691224	1.05708076036524	1.10450726073268	1.14143462398377	1.10450726073268	1.09261303465027	1.13484775782516	1.19504043870106	1.13484775782516	1.05708076036524	1.10450726073268	1.14143462398377	1.10450726073268	0.782609474699549	0.685730039871872	0.737697467761157	0.685730039871873	0.698135868423448	0.67569994885236	0.647420729324676	0.675699948852362	0.634235290107807	0.63119931035084	0.666610325615147	0.631199310350841	0.698135868423449	0.675699948852362	0.647420729324676	0.675699948852361
1	1.05509270788621	1.12341495757631	1.05509270788621	1.0570911360838	1.10451430163542	1.14141925607234	1.10451430163542	1.09263880054108	1.13487859418234	1.19505123821199	1.13487859418234	1.0570911360838	1.10451430163542	1.14141925607234	1.10451430163542	0.782618024024316	0.685727657425885	0.737693401394641	0.685727657425886	0.69815465419777	0.675724707073413	0.647410065522031	0.675724707073415	0.63427515559115	0.631251891111601	0.666631950431698	0.631251891111602	0.698154654197771	0.675724707073415	0.647410065522031	0.675724707073415
1	1.05508663782616	1.12340171731961	1.05508663782616	1.05709720672892	1.10451817646776	1.14140904541501	1.10451817646776	1.09265357579717	1.13489662141431	1.19505659479955	1.13489662141431	1.05709720672892	1.10451817646776	1.14140904541501	1.10451817646776	0.782621865485207	0.685725244678702	0.737690652484813	0.685725244678703	0.698164855934426	0.675738049660378	0.647401289434226	0.675738049660379	0.634296928022472	0.631281941852233	0.666642785838566	0.631281941852233	0.698164855934427	0.675738049660379	0.647401289434227	0.675738049660379
1	1.0550830021771	1.12339397949926	1.0550830021771	1.05710078622015	1.10452033300024	1.1414024230472	1.10452033300024	1.09266207821597	1.13490717766797	1.19505925829676	1.13490717766797	1.05710078622015	1.10452033300024	1.1414024230472	1.10452033300024	0.782623591565809	0.685723347536044	0.73768892874762	0.685723347536045	0.698170496194262	0.675745319899464	0.647394844631833	0.675745319899465	0.634308880935804	0.631299195322627	0.666648242095024	0.631299195322627	0.698170496194263	0.675745319899465	0.647394844631833	0.675745319899465
1	1.05508082827176	1.12338945770068	1.05508082827176	1.05710290844388	1.10452154539474	1.14139820197307	1.10452154539474	1.0926669876644	1.13491336922152	1.19506058751057	1.13491336922152	1.05710290844388	1.10452154539474	1.14139820197307	1.10452154539474	0.782624367145265	0.685722002786509	0.737687891554094	0.68572200278651	0.69817366388782	0.675749322911679	0.647390392998395	0.67574932291168	0.634315479156557	0.631309143502401	0.666651005928634	0.631309143502402	0.698173663887821	0.67574932291168	0.647390392998395	0.67574932291168
1	1.05507952957415	1.1233868124023	1.05507952957415	1.05710417173645	1.10452223301337	1.14139554639213	1.10452223301337	1.09266983227773	1.13491700613905	1.19506125404504	1.13491700613905	1.05710417173645	1.10452223301337	1.14139554639213	1.10452223301337	0.782624715638794	0.68572110070535	0.737687282460242	0.685721100705351	0.698175466727879	0.67575154854695	0.647387432076544	0.675751548546951	0.634319142205586	0.631314902074912	0.666652415696119	0.631314902074913	0.69817546672788	0.675751548546951	0.647387432076545	0.675751548546951
1	1.05507875454229	1.12338526382987	1.05507875454229	1.05710492528358	1.10452262619978	1.14139389189202	1.10452262619978	1.09267148516661	1.1349191462423	1.1950615906264	1.1349191462423	1.05710492528358	1.10452262619978	1.14139389189202	1.10452262619978	0.78262487222746	0.685720515357273	0.737686929903413	0.685720515357275	0.698176504087492	0.675752797069773	0.647385512031684	0.675752797069775	0.634321187539904	0.631318247166974	0.666653140533215	0.631318247166974	0.698176504087493	0.675752797069775	0.647385512031685	0.675752797069774
1	1.05507829232446	1.12338435623098	1.05507829232446	1.057105375362	1.10452285259547	1.14139286895757	1.10452285259547	1.09267244819941	1.13492040748235	1.19506176200993	1.13492040748235	1.057105375362	1.10452285259547	1.14139286895757	1.10452285259547	0.782624942587061	0.685720143681072	0.737686727536706	0.685720143681073	0.698177106243092	0.675753503152705	0.64738428915004	0.675753503152706	0.63432233615913	0.631320196432087	0.666653516587782	0.631320196432088	0.698177106243093	0.675753503152706	0.647384289150041	0.675753503152706
1	1.05507801691686	1.12338382405951	1.05507801691686	1.0571056442188	1.10452298378616	1.14139224013547	1.10452298378616	1.09267301043058	1.13492115202611	1.19506185017614	1.13492115202611	1.0571056442188	1.10452298378616	1.14139224013547	1.10452298378616	0.782624974201209	0.685719911161899	0.737686611865143	0.6857199111619	0.698177458196069	0.675753905365802	0.647383520607288	0.675753905365803	0.634322984859126	0.631321335448753	0.666653713646409	0.631321335448753	0.69817745819607	0.675753905365803	0.647383520607289	0.675753905365803
1	1.05507785374207	1.12338351471764	1.05507785374207	1.05710580382395	1.10452306056109	1.14139185408547	1.10452306056109	1.09267333757917	1.13492159356478	1.19506189622149	1.13492159356478	1.05710580382395	1.10452306056109	1.14139185408547	1.10452306056109	0.782624988405002	0.685719767202594	0.737686545746175	0.685719767202595	0.698177665060866	0.675754135880828	0.647383042838529	0.675754135880828	0.634323353403945	0.631322002211236	0.666653818003319	0.631322002211236	0.698177665060867	0.675754135880828	0.647383042838529	0.675754135880829
1	1.05507775531934	1.1233833283611	1.05507775531934	1.057105900704	1.10452310489931	1.14139162100948	1.10452310489931	1.09267353197935	1.13492185249695	1.1950619202059	1.13492185249695	1.057105900704	1.10452310489931	1.14139162100948	1.10452310489931	0.782624994788749	0.685719678868893	0.737686508145272	0.685719678868894	0.698177786973803	0.675754268879443	0.647382747443569	0.675754268879444	0.634323563477899	0.631322394171948	0.6666538739573	0.631322394171948	0.698177786973804	0.675754268879444	0.64738274744357	0.675754268879444
1	1.05507769633669	1.12338321746001	1.05507769633669	1.05710595901289	1.10452313080646	1.1413914798193	1.10452313080646	1.0926736469141	1.13492200550117	1.19506193299275	1.13492200550117	1.05710595901289	1.10452313080646	1.1413914798193	1.10452313080646	0.782624997657858	0.685719624919031	0.737686486686629	0.685719624919032	0.698177859109157	0.675754346003208	0.647382565949723	0.675754346003208	0.634323683903161	0.631322625020213	0.666653904319138	0.631322625020213	0.698177859109158	0.675754346003208	0.647382565949724	0.675754346003209
1	1.05507766107579	1.12338315168097	1.05507766107579	1.05710599399462	1.1045231460316	1.14139139435758	1.1045231460316	1.09267371481749	1.13492209617494	1.19506193993531	1.13492209617494	1.05710599399462	1.1045231460316	1.14139139435758	1.1045231460316	0.782624998947349	0.685719592099993	0.737686474400867	0.685719592099994	0.698177901905931	0.67575439092301	0.647382454982567	0.675754390923011	0.634323753273358	0.631322761217317	0.666653920992563	0.631322761217318	0.698177901905933	0.675754390923011	0.647382454982568	0.675754390923011
