1	1.37123959936136	1.67292050515577	1.37123959936135	1.37129808807877	1.53906540350026	1.70524351156268	1.53906540350026	1.67289033990333	1.70519851820132	2.84906231050585	1.70519851820132	1.37129808807877	1.53906540350026	1.70524351156268	1.53906540350026	1.64348711035002	1.20057591837236	1.22295966328855	1.20057591837237	1.20066252878497	1.02963119686749	0.977044738423944	1.02963119686749	1.22290886865869	0.977000658960502	1.67827339972835	0.977000658960504	1.20066252878497	1.02963119686749	0.977044738423945	1.0296311968675
1	1.42321856821037	1.79327423330273	1.42321856821037	1.42328411380901	1.60437928648204	1.78580834221129	1.60437928648204	1.79323453885178	1.7857530875275	3.28694106160454	1.7857530875275	1.42328411380901	1.60437928648204	1.78580834221129	1.60437928648204	1.69988168303422	1.1689670072831	1.24702215754775	1.1689670072831	1.16906363339894	0.985232963329092	0.931077423533085	0.985232963329092	1.24697606931842	0.931026243120312	1.80583468633952	0.931026243120314	1.16906363339894	0.985232963329092	0.931077423533087	0.985232963329098
1	1.45216025349346	1.8804831076857	1.45216025349346	1.45223195853697	1.63207121250536	1.81469727332109	1.63207121250536	1.8804382814038	1.81463141398967	3.61563275712631	1.81463141398967	1.45223195853697	1.63207121250536	1.81469727332109	1.63207121250536	1.75090960257305	1.1355187381064	1.27028335262221	1.1355187381064	1.13563511771033	0.94281803740064	0.888255165698691	0.942818037400641	1.27024302062371	0.88819024705431	1.91273212771975	0.888190247054312	1.13563511771034	0.942818037400641	0.888255165698693	0.942818037400646
1	1.4656306616738	1.9458747792949	1.4656306616738	1.46571088761453	1.63669402036058	1.81350960199166	1.63669402036058	1.94582938800532	1.81343010194819	3.8620590287515	1.81343010194819	1.46571088761453	1.63669402036058	1.81350960199166	1.63669402036058	1.79708157353631	1.10440246397452	1.29195833643813	1.10440246397453	1.10455067283676	0.905121671183963	0.850201635430096	0.905121671183965	1.29192396798413	0.850115455067674	1.99528331444149	0.850115455067677	1.10455067283676	0.905121671183965	0.850201635430098	0.905121671183969
1	1.46954579282016	1.99772433085979	1.46954579282016	1.46963920816433	1.62853325210663	1.79661793876897	1.62853325210663	1.99768184530688	1.79651928844326	4.04842429184047	1.79651928844326	1.46963920816433	1.62853325210663	1.79661793876897	1.62853325210663	1.83885970052833	1.07680701240986	1.31152326087257	1.07680701240987	1.07700224247728	0.872615603630121	0.817087824337562	0.872615603630123	1.31149500548454	0.816971407124431	2.05562729346993	0.816971407124433	1.07700224247728	0.872615603630123	0.817087824337565	0.872615603630128
1	1.46781213150012	2.04096172559866	1.46781213150012	1.46792561456211	1.61390643278379	1.77241928079699	1.61390643278379	2.04092493665875	1.77229369369116	4.18967831074548	1.77229369369116	1.4679256145621	1.61390643278379	1.77241928079699	1.61390643278379	1.87666211308616	1.05264267090467	1.32882069423538	1.05264267090468	1.05290434534722	0.844802301934744	0.788362898819914	0.844802301934745	1.32879891971162	0.788205167607337	2.09807857916911	0.788205167607339	1.05290434534723	0.844802301934745	0.788362898819916	0.844802301934751
1	1.46284984407184	2.07825028713007	1.46284984407184	1.46299271852087	1.59645908765552	1.74550747994544	1.59645908765552	2.0782217986589	1.74534474437317	4.29617640793535	1.74534474437317	1.46299271852087	1.59645908765552	1.74550747994544	1.59645908765552	1.91086715046049	1.0314479009386	1.34393951509682	1.03144790093861	1.03180110029455	0.820965978511043	0.763320597639686	0.820965978511045	1.34392494501681	0.763107575715047	2.1271254433967	0.76310757571505	1.03180110029456	0.820965978511045	0.763320597639688	0.82096597851105
1	1.45612418304942	2.11097595193262	1.45612418304942	1.45630871887754	1.5782269651762	1.71829151647633	1.5782269651762	2.11095861293231	1.71807855309169	4.3758241999489	1.71807855309169	1.45630871887753	1.5782269651762	1.71829151647634	1.5782269651762	1.94181714816209	1.01273388862386	1.35708048376596	1.01273388862386	1.01321114183548	0.800450908931918	0.741333481759373	0.800450908931919	1.35707430411643	0.741047328367838	2.14659681494033	0.74104732836784	1.01321114183549	0.800450908931919	0.741333481759376	0.800450908931925
1	1.44851779242163	2.13988595655395	1.44851779242163	1.4487599588254	1.56031956785805	1.69198485760617	1.56031956785805	2.13988325543319	1.69170501917492	4.43501737941211	1.69170501917492	1.44875995882539	1.56031956785805	1.69198485760617	1.56031956785806	1.96982186417062	0.996080751695843	1.36847304572616	0.99608075169585	0.996724289969132	0.782724821033459	0.721902326049732	0.782724821033462	1.36847702486361	0.721520162308341	2.15944979693628	0.721520162308344	0.99672428996914	0.782724821033462	0.721902326049734	0.782724821033466
1	1.44056258116223	2.16543906900442	1.44056258116223	1.44088306650648	1.54332256714346	1.66716187281528	1.54332256714346	2.16545553109968	1.66679399129822	4.478933455414	1.66679399129822	1.44088306650648	1.54332256714346	1.66716187281528	1.54332256714347	1.99516157909658	0.981146988078519	1.37833666953838	0.981146988078527	0.982011565111078	0.767370013345842	0.704640038772465	0.767370013345849	1.37835331174739	0.70413251719706	2.16783450229562	0.704132517197062	0.982011565111085	0.767370013345849	0.704640038772468	0.76737001334585
1	1.43257783164709	2.18797542142407	1.43257783164709	1.43300336512739	1.52752637590478	1.64405867731645	1.52752637590478	2.18801704949547	1.6435758416762	4.51164540344816	1.6435758416762	1.43300336512739	1.52752637590478	1.64405867731645	1.52752637590479	2.01808990132391	0.967655602104769	1.38686757049745	0.967655602104777	0.968811996672762	0.754058599499129	0.689243373505508	0.754058599499132	1.38690031550082	0.688572936829961	2.17325322852196	0.688572936829964	0.968811996672769	0.754058599499132	0.68924337350551	0.754058599499136
1	1.42475157811315	2.20778880065318	1.42475157811315	1.42531660269664	1.51305468863772	1.62273326028378	1.51305468863772	2.20786359219838	1.62210129078053	4.53624711817243	1.62210129078053	1.42531660269664	1.51305468863772	1.62273326028378	1.51305468863772	2.03883630520796	0.955377818001866	1.39423690258328	0.955377818001874	0.956917164328805	0.742529723057809	0.675469209768927	0.742529723057815	1.3942903816584	0.674587970039451	2.1767273684678	0.674587970039454	0.956917164328812	0.742529723057815	0.67546920976893	0.742529723057817
1	1.41718899635924	2.2251521980891	1.41718899635924	1.41793775656797	1.4999371719631	1.60315076499591	1.4999371719631	2.2252707717973	1.60232633582592	4.55501742686262	1.60232633582592	1.41793775656797	1.4999371719631	1.60315076499591	1.4999371719631	2.0576084277319	0.94411968396734	1.4005930815103	0.944119683967348	0.946158791777984	0.732572419673686	0.663117999581996	0.73257241967369	1.40067344159353	0.661965165298729	2.17893826222796	0.661965165298732	0.946158791777991	0.73257241967369	0.663117999581998	0.732572419673694
1	1.40994171433587	2.24032362160515	1.40994171433587	1.41093083420604	1.48815113294968	1.58522940677242	1.48815113294968	2.24049998567158	1.58415775922852	4.56959586626327	1.58415775922852	1.41093083420604	1.48815113294968	1.58522940677242	1.48815113294968	2.07459414660751	0.93371201344885	1.40606498340557	0.933712013448858	0.93639985349976	0.724013571918944	0.652022950366538	0.724013571918949	1.40618029221107	0.650521728480739	2.18033435300107	0.650521728480741	0.936399853499768	0.724013571918949	0.65202295036654	0.724013571918952
1	1.40302593909136	2.25354505172978	1.40302593909136	1.40432757483056	1.47764580596785	1.56886562335122	1.47764580596786	2.25379754838439	1.56747780619018	4.58114341577238	1.56747780619018	1.40432757483056	1.47764580596786	1.56886562335122	1.47764580596786	2.08996346061838	0.92400292671433	1.41076484461185	0.924002926714338	0.927528463067451	0.71670958431921	0.642043042688203	0.716709584319214	1.41092559157263	0.640096946569608	2.1812079761863	0.640096946569611	0.927528463067459	0.716709584319214	0.642043042688206	0.716709584319217
1	1.39643386474823	2.26504000138458	1.39643386474823	1.39813952171131	1.46835673316358	1.55394811335748	1.46835673316358	2.26539246413679	1.55215768692847	4.59047471061139	1.55215768692847	1.39813952171131	1.46835673316358	1.55394811335748	1.46835673316358	2.10387019102495	0.914852199783739	1.41479058523518	0.914852199783747	0.919453741309919	0.710540575825445	0.633058435876783	0.71054057582545	1.41501029462346	0.630546943122005	2.18174836767346	0.630546943122008	0.919453741309927	0.71054057582545	0.633058435876786	0.710540575825453
1	1.39014092351842	2.27501161078905	1.39014092351842	1.39236602554363	1.46021437812892	1.54036580000721	1.46021437812892	2.27549477141848	1.53806494769677	4.59815936028859	1.53806494769677	1.39236602554363	1.46021437812892	1.54036580000721	1.46021437812893	2.11645352105936	0.906126817529965	1.4182276021823	0.906126817529972	0.912103031907007	0.705406238804858	0.624967326727346	0.705406238804863	1.41852357514666	0.621740854742579	2.18207737643695	0.621740854742581	0.912103031907015	0.705406238804863	0.624967326727348	0.705406238804866
1	1.38411039254343	2.28364170881276	1.38411039254343	1.38699968021556	1.45314930751821	1.52801238756378	1.45314930751822	2.28429489046549	1.52506739560297	4.60459595132854	1.52506739560297	1.38699968021556	1.45314930751822	1.52801238756379	1.45314930751822	2.12783938891802	0.897697347062265	1.42115015814067	0.897697347062273	0.9054200180148	0.701222788071952	0.617683693488934	0.701222788071957	1.42154435987741	0.613557903438953	2.18227313755288	0.613557903438956	0.905420018014808	0.701222788071957	0.617683693488937	0.70122278807196
1	1.37829628193745	2.29109071402863	1.37829628193745	1.38203008957156	1.44709528200687	1.51678894799565	1.44709528200688	2.29196384100544	1.51303504644593	4.61006430704433	1.51303504644593	1.38203008957156	1.44709528200688	1.51678894799565	1.44709528200688	2.13814174819336	0.889434906368864	1.42362248257525	0.889434906368871	0.899363407067444	0.697920628134621	0.611135581674245	0.697920628134626	1.42414258772727	0.605885087769842	2.18238559343468	0.605885087769844	0.899363407067452	0.697920628134626	0.611135581674247	0.697920628134629
1	1.37264509913391	2.29749810651495	1.37264509913391	1.37744651173646	1.44199104114535	1.50660532777471	1.44199104114536	2.29865404938388	1.50184093780722	4.61476148903021	1.50184093780722	1.37744651173646	1.44199104114536	1.50660532777471	1.44199104114536	2.14746370835978	0.881208642862971	1.42569967081183	0.881208642862979	0.89390592580703	0.695442481926062	0.605263710716262	0.695442481926066	1.42638027406995	0.59861537064777	2.18244659482123	0.598615370647772	0.893905925807038	0.695442481926066	0.605263710716264	0.69544248192607
1	1.36709689850139	2.30298321453817	1.36709689850139	1.37323971127014	1.43778124405962	1.49738080939771	1.43778124405962	2.30450046670546	1.49136131994446	4.61882610513127	1.49136131994446	1.37323971127014	1.43778124405962	1.49738080939771	1.43778124405962	2.15589856672784	0.872883751099796	1.42742843621267	0.872883751099804	0.889033397263721	0.693741797616207	0.600020242594418	0.693741797616211	1.42831242386664	0.591646344834062	2.18247644182103	0.591646344834065	0.889033397263728	0.693741797616211	0.600020242594421	0.693741797616214
1	1.36158592720493	2.30764612414999	1.36158592720493	1.36940321102853	1.43441683425964	1.48904426262343	1.43441683425965	2.30962176912431	1.48147557152622	4.62235439313138	1.48147557152622	1.36940321102853	1.43441683425965	1.48904426262344	1.43441683425965	2.16353074219511	0.864320177036818	1.42884775561784	0.864320177036825	0.884743680349728	0.692781281179671	0.595367579344623	0.692781281179676	1.42998781690281	0.584879430856508	2.18248810700766	0.58487943085651	0.884743680349735	0.692781281179676	0.595367579344625	0.692781281179679
1	1.35604113389194	2.3115685903493	1.35604113389194	1.3659340405226	1.43185497642644	1.48153389900094	1.43185497642645	2.31412146199179	1.4720661043549	4.62541059768552	1.47206610435491	1.3659340405226	1.43185497642645	1.48153389900094	1.43185497642645	2.17043662013895	0.855372272408243	1.42998943367519	0.855372272408251	0.881045242389013	0.692531429884664	0.591277063447844	0.692531429884669	1.43144966433455	0.578219718790811	2.18248995884909	0.578219718790814	0.88104524238902	0.692531429884669	0.591277063447847	0.692531429884671
1	1.35038680008496	2.31481490488912	1.35038680008496	1.36283301161087	1.4300586375632	1.47479666983736	1.43005863756321	2.31808876100192	1.4630184889016	4.62803344831919	1.4630184889016	1.36283301161087	1.43005863756321	1.47479666983736	1.43005863756321	2.17668531690694	0.845889794130561	1.43087861827866	0.845889794130569	0.877955130253725	0.692968947469745	0.587727456380373	0.69296894746975	1.43273613281334	0.571576609134406	2.18248751873865	0.571576609134408	0.877955130253733	0.69296894746975	0.587727456380376	0.692968947469752
1	1.34454356855574	2.31743275010558	1.34454356855575	1.36010450610936	1.42899583877204	1.46878730200734	1.42899583877204	2.32159917052512	1.45422202113479	4.63024005577137	1.45422202113479	1.36010450610936	1.42899583877204	1.46878730200734	1.42899583877204	2.18233937155659	0.835720761297479	1.43153430268327	0.835720761297487	0.875496112337936	0.694074947645366	0.584703074622184	0.694074947645372	1.43388072333994	0.564865424476338	2.18248459591659	0.56486542447634	0.875496112337944	0.694074947645371	0.584703074622186	0.694074947645374
1	1.3384301633607	2.31945414949121	1.33843016336071	1.35775573369528	1.42863858501173	1.46346694419069	1.42863858501173	2.32471473811698	1.44557094200538	4.63202827123324	1.44557094200538	1.35775573369528	1.42863858501173	1.46346694419069	1.42863858501173	2.18745537176723	0.824716760849651	1.43196986574997	0.824716760849659	0.873692807640334	0.695832890774703	0.582191481662813	0.695832890774709	1.43491249768712	0.558010136539248	2.18248401912229	0.55801013653925	0.873692807640341	0.695832890774709	0.582191481662815	0.69583289077471
1	1.33196609900992	2.32089671336669	1.33196609900992	1.35579541505744	1.42896148891296	1.45880139790517	1.42896148891296	2.32748404175283	1.43696649014238	4.63337843830514	1.43696649014238	1.35579541505744	1.42896148891296	1.45880139790517	1.42896148891296	2.19208452018851	0.812741258414917	1.43219372342905	0.812741258414925	0.872566718260538	0.698226272002868	0.580180680226765	0.698226272002873	1.43585615944321	0.550947249468727	2.18248810045784	0.550947249468729	0.872566718260545	0.698226272002873	0.580180680226768	0.698226272002876
1	1.32507562514759	2.32176544330897	1.32507562514759	1.35423187115464	1.42994014577268	1.45475893421772	1.42994014577269	2.32994206785843	1.42831988898029	4.63425543551475	1.42831988898029	1.35423187115464	1.42994014577269	1.45475893421772	1.42994014577269	2.19627314689373	0.799681222250308	1.43221017000331	0.799681222250315	0.87213025262207	0.70123620305779	0.578655831467129	0.701236203057796	1.43673201009381	0.543630669904943	2.18249891191804	0.543630669904945	0.872130252622078	0.701236203057796	0.578655831467131	0.701236203057798
1	1.31769300873189	2.32205539280786	1.31769300873189	1.3530705580083	1.4315493922427	1.45130775163536	1.4315493922427	2.33211025039893	1.4195562165922	4.63461188829831	1.4195562165922	1.3530705580083	1.4315493922427	1.45130775163536	1.4315493922427	2.20006317306681	0.78546178535836	1.4320205006577	0.785461785358368	0.872380067993142	0.7048391829443	0.577595648936302	0.704839182944306	1.43755583632486	0.536037063332743	2.18251841920887	0.536037063332745	0.87238006799315	0.704839182944306	0.577595648936305	0.704839182944307
1	1.30976897670923	2.32175540996818	1.30976897670923	1.35231117607619	1.43376168083329	1.44841320321205	1.4337616808333	2.33399703852595	1.4106188685534	4.63439325881293	1.41061886855341	1.35231117607619	1.4337616808333	1.44841320321205	1.4337616808333	2.20349253056354	0.770062684013324	1.43162446938157	0.770062684013332	0.873290327358927	0.709005525752328	0.57696875809695	0.709005525752334	1.43833880655929	0.528170786345184	2.18254849801741	0.528170786345187	0.873290327358935	0.709005525752334	0.576968758096953	0.709005525752336
1	1.30127773259342	2.32085300064321	1.30127773259342	1.3519445829811	1.43654590233702	1.44603499616314	1.43654590233702	2.33559936598668	1.40147402577283	4.63354509986113	1.40147402577283	1.3519445829811	1.43654590233702	1.44603499616314	1.43654590233702	2.20659554154642	0.753533911874631	1.43102207993286	0.753533911874639	0.87480667674394	0.71369902531882	0.576730432774039	0.713699025318827	1.43908747636698	0.520067118181347	2.18259085233499	0.520067118181349	0.874806676743948	0.713699025318827	0.576730432774041	0.713699025318828
1	1.29222348825108	2.31934000088504	1.29222348825108	1.35194981957387	1.43986704756978	1.44412461011879	1.43986704756979	2.33690528555448	1.39211426469698	4.63202203577305	1.39211426469699	1.35194981957387	1.43986704756979	1.44412461011879	1.43986704756979	2.2094032619923	0.736006807030733	1.43021557871794	0.736006807030741	0.876841760731978	0.718878424384954	0.576820145285532	0.718878424384961	1.43980399598199	0.51179241252945	2.18264686139251	0.511792412529452	0.876841760731986	0.718878424384961	0.576820145285535	0.718878424384961
1	1.28264509825371	2.31721838361944	1.28264509825371	1.35229156208928	1.4436870711872	1.44262316074816	1.44368707118721	2.33789769303888	1.38256031942021	4.62979711406402	1.38256031942021	1.35229156208928	1.44368707118721	1.44262316074816	1.44368707118721	2.21194379251112	0.717696333231542	1.42921141657483	0.71769633323155	0.879272839354028	0.724501043275512	0.577160239532208	0.724501043275519	1.44048657086035	0.503440154745766	2.18271739673598	0.503440154745768	0.879272839354036	0.724501043275519	0.57716023953221	0.72450104327552
1	1.27261735917648	2.31450519402512	1.27261735917649	1.35291822633621	1.44796718729906	1.44145982790901	1.44796718729906	2.33855869256701	1.37286016750855	4.62686948243765	1.37286016750856	1.35291822633621	1.44796718729906	1.44145982790901	1.44796718729906	2.21424255958621	0.69889134678003	1.42802181847849	0.698891346780038	0.881941469279956	0.730528553129766	0.577655725009232	0.730528553129774	1.441130160809	0.495122826920524	2.18280266354251	0.495122826920526	0.881941469279964	0.730528553129774	0.577655725009234	0.730528553129774
1	1.26224801686492	2.31123559205039	1.26224801686493	1.35376074088445	1.45267160301445	1.44055078746636	1.45267160301445	2.33887371039501	1.36308508450922	4.62326813679489	1.36308508450922	1.35376074088446	1.45267160301445	1.44055078746636	1.45267160301445	2.2163225700511	0.679932379224951	1.42666563168065	0.679932379224958	0.884654497744463	0.736934451810646	0.578194792846737	0.736934451810653	1.44172731045686	0.486960679506423	2.18290212321772	0.486960679506426	0.884654497744471	0.736934451810653	0.578194792846739	0.736934451810653
1	1.25167044561372	2.30746324075928	1.25167044561372	1.35473176074283	1.45777246396677	1.43979838070072	1.45777246396678	2.33883434155826	1.35332299936553	4.61905016974678	1.35332299936553	1.35473176074284	1.45777246396678	1.43979838070072	1.45777246396677	2.21820464134965	0.661180109574952	1.42516822321753	0.661180109574959	0.887184931971991	0.743712508150563	0.57864930045541	0.743712508150569	1.44226894779928	0.479069508399309	2.18301453770188	0.479069508399311	0.887184931971999	0.743712508150569	0.578649300455412	0.743712508150571
1	1.24103303020791	2.30325780833218	1.24103303020791	1.35572485425269	1.46325561534637	1.43909009176052	1.46325561534637	2.33843902023445	1.34367011388024	4.61429308334482	1.34367011388024	1.35572485425269	1.46325561534637	1.43909009176052	1.46325561534637	2.21990760988398	0.642980668212128	1.42356042825507	0.642980668212136	0.889270918959769	0.750885391709535	0.578874339704157	0.750885391709541	1.44274495455902	0.471549806124168	2.18313814852226	0.47154980612417	0.889270918959777	0.750885391709541	0.578874339704159	0.750885391709543
1	1.23048705881097	2.29869988248012	1.23048705881097	1.35661305565763	1.46912672275468	1.43829684286423	1.46912672275469	2.33769096816971	1.33422207523188	4.60908187319483	1.33422207523188	1.35661305565764	1.46912672275469	1.43829684286423	1.46912672275468	2.22144851953558	0.625634684560645	1.42187676347164	0.625634684560652	0.890611145658419	0.75851287112205	0.578706159640754	0.758512871122055	1.44314432473451	0.464479058963995	2.1832709754528	0.464479058963997	0.890611145658427	0.758512871122055	0.578706159640756	0.758512871122058
1	1.22017511412645	2.29387392394821	1.22017511412646	1.35724616382982	1.4754173188298	1.43727019437899	1.4754173188298	2.33659325037384	1.32506589043724	4.60349212812777	1.32506589043724	1.35724616382982	1.4754173188298	1.43727019437899	1.4754173188298	2.22284279224617	0.609375179401304	1.420153233777	0.609375179401311	0.890855403574514	0.766699150510705	0.577958139336519	0.766699150510709	1.44345476054777	0.457907796048904	2.18341120476906	0.457907796048906	0.890855403574522	0.766699150510709	0.577958139336522	0.766699150510713
1	1.21022151034838	2.28885987883111	1.21022151034838	1.35744629790766	1.48219033865133	1.4358382724654	1.48219033865133	2.33514092821502	1.31627331635967	4.59757001973237	1.31627331635967	1.35744629790766	1.48219033865133	1.4358382724654	1.48219033865133	2.22410438236565	0.594355992905957	1.41842503172564	0.594355992905964	0.889589812950092	0.775598854508032	0.576415179404451	0.775598854508034	1.44366157556023	0.451858788537973	2.18355764303593	0.451858788537975	0.8895898129501	0.775598854508034	0.576415179404454	0.77559885450804
1	1.20072550699035	2.28372374607536	1.20072550699035	1.35700155056227	1.48954454104853	1.43380069550369	1.48954454104853	2.33331024080122	1.30789585553247	4.59130910871853	1.30789585553247	1.35700155056227	1.48954454104853	1.43380069550369	1.48954454104853	2.22524591631198	0.580648983067065	1.41672426892685	0.580648983067071	0.88631739000245	0.785420605317079	0.573827875524119	0.785420605317081	1.44374578485784	0.446327980420555	2.1837102321768	0.446327980420557	0.886317390002458	0.785420605317081	0.573827875524121	0.785420605317087
1	1.19175717673155	2.27850691833451	1.19175717673155	1.35565826474445	1.49761673628206	1.43092356386978	1.49761673628206	2.33104463725422	1.29996095494744	4.5846230231057	1.29996095494744	1.35565826474445	1.49761673628206	1.43092356386979	1.49761673628206	2.22627881894058	0.56824597312869	1.41507767202016	0.568245973128697	0.88043690057368	0.796425877815448	0.569909440302762	0.796425877815451	1.44368128170225	0.44128545351877	2.18387064078666	0.441285453518772	0.880436900573688	0.796425877815451	0.569909440302765	0.796425877815456
1	1.18335518374456	2.27321371616592	1.18335518374456	1.35311386752251	1.50657987218504	1.42693695014978	1.50657987218504	2.32823791637303	1.29246872785421	4.57731350416716	1.29246872785422	1.35311386752251	1.50657987218504	1.42693695014979	1.50657987218504	2.22721342788813	0.55706089836601	1.41350401269146	0.557060898366016	0.871227586033297	0.808918865451533	0.564340976399625	0.808918865451536	1.44343114336307	0.43667496657657	2.18404293800933	0.436674966576572	0.871227586033305	0.808918865451536	0.564340976399628	0.808918865451541
1	1.17552552759821	2.26779686980729	1.17552552759821	1.34901483540719	1.51663390937545	1.42153951433424	1.51663390937545	2.32471646413943	1.28538866501319	4.56903697417334	1.28538866501319	1.34901483540719	1.51663390937545	1.42153951433424	1.51663390937545	2.2280590970351	0.546929003363368	1.41201109217959	0.546929003363374	0.857856347571481	0.823221007922282	0.556794460182074	0.823221007922286	1.44294354155905	0.432411422317803	2.18423427910779	0.432411422317805	0.857856347571489	0.823221007922286	0.556794460182077	0.82322100792229
1	1.16824066081832	2.26214253409629	1.16824066081833	1.34296861373949	1.52798577930571	1.41441759542963	1.52798577930571	2.32022700348264	1.27865662659932	4.559282419707	1.27865662659932	1.34296861373949	1.52798577930571	1.41441759542963	1.52798577930572	2.22882429012256	0.537603769328334	1.41059253224258	0.53760376932834	0.839438311517534	0.839623535185869	0.546986079036121	0.839623535185872	1.44214882186606	0.428377369558525	2.18445532904803	0.428377369558527	0.839438311517542	0.839623535185872	0.546986079036124	0.839623535185877
1	1.16143946226216	2.25606084333	1.16143946226216	1.33458274623801	1.54081615816028	1.40528742031796	1.54081615816028	2.31444282867417	1.27217404528926	4.54738843710246	1.27217404528926	1.33458274623801	1.54081615816028	1.40528742031796	1.54081615816028	2.22951666546012	0.528759047038172	1.40922563316602	0.528759047038178	0.81519566236453	0.858316779340242	0.534769378296194	0.858316779340245	1.44096111543009	0.424422697396775	2.18471983665824	0.424422697396777	0.815195662364538	0.858316779340245	0.534769378296197	0.85831677934025
1	1.15503025015564	2.24929428086154	1.15503025015564	1.32354343595214	1.55523630328587	1.3939640315	1.55523630328587	2.30700545343888	1.26581324952572	4.53263767027313	1.26581324952572	1.32354343595214	1.55523630328587	1.3939640315	1.55523630328588	2.23014315257286	0.520011958181498	1.40787283542861	0.520011958181504	0.784748902096914	0.879309988416612	0.520256914711187	0.879309988416614	1.43928947494983	0.420375254925852	2.18504256651172	0.420375254925854	0.784748902096922	0.879309988416615	0.520256914711189	0.87930998841662
1	1.14890030681424	2.24155819344928	1.14890030681425	1.30972902625002	1.57124707138096	1.38044375030803	1.57124707138097	2.29760840018889	1.25943312269194	4.51444501769576	1.25943312269194	1.30972902625002	1.57124707138097	1.38044375030803	1.57124707138097	2.23071002155439	0.510983252567892	1.4064894145376	0.510983252567898	0.748494946709939	0.902375693581905	0.503916292047921	0.902375693581908	1.43706195434046	0.416070084502014	2.18543527496729	0.416070084502015	0.748494946709947	0.902375693581908	0.503916292047923	0.902375693581912
1	1.14293403042122	2.23261514488907	1.14293403042122	1.29331870937651	1.58871776989349	1.36496344479597	1.58871776989349	2.28609964184108	1.25290526780866	4.49258436640237	1.25290526780866	1.29331870937651	1.58871776989349	1.36496344479598	1.5887177698935	2.23122294582001	0.501393168178911	1.40503700556451	0.501393168178917	0.707872621881369	0.927058117638311	0.486553469147431	0.927058117638314	1.43425788340218	0.411395105842299	2.18590193029532	0.411395105842301	0.707872621881378	0.927058117638314	0.486553469147433	0.927058117638319
1	1.13703659486661	2.22235710882811	1.13703659486661	1.27482930066251	1.60739626260873	1.347993740026	1.60739626260873	2.2725515544231	1.24614322588095	4.46732793394929	1.24614322588096	1.27482930066251	1.60739626260873	1.347993740026	1.60739626260873	2.23168705888815	0.491154689394736	1.40349733278645	0.491154689394742	0.665236389593058	0.952755176605869	0.469139613907122	0.952755176605871	1.43093211001575	0.406333357259182	2.18643584310087	0.406333357259183	0.665236389593066	0.952755176605871	0.469139613907124	0.952755176605877
1	1.13115427234298	2.21085193424742	1.13115427234298	1.25503692991017	1.62694612893422	1.33015552641841	1.62694612893422	2.25725998780994	1.2391226603811	4.43940304214837	1.2391226603811	1.25503692991018	1.62694612893422	1.33015552641841	1.62694612893422	2.23210700575841	0.48040726651628	1.40187861644223	0.480407266516286	0.623270778733668	0.978835665902241	0.452558294609016	0.978835665902244	1.42721341096163	0.400974421204887	2.18702070670436	0.400974421204889	0.623270778733676	0.978835665902244	0.452558294609018	0.97883566590225
1	1.12528250989551	2.19832928638154	1.12528250989551	1.23481284039255	1.64699501275645	1.31209765512742	1.64699501275645	2.2406804224674	1.23188418645718	4.40979841958147	1.23188418645718	1.23481284039256	1.64699501275645	1.31209765512742	1.64699501275646	2.23248698940021	0.469465316541605	1.4002118902664	0.469465316541611	0.584262031876706	1.00473599447286	0.437418883959417	1.00473599447286	1.42327510525112	0.395485295176419	2.18763486070181	0.395485295176421	0.584262031876714	1.00473599447286	0.437418883959419	1.00473599447287
1	1.11945945484964	2.18512061656651	1.11945945484964	1.21495449805037	1.6671781752665	1.29439117589573	1.6671781752665	2.22333922515841	1.22451951748897	4.37953817032179	1.22451951748897	1.21495449805037	1.6671781752665	1.29439117589573	1.6671781752665	2.23283081281755	0.458712463260354	1.39854096662693	0.458712463260359	0.549645948080733	1.03000817217408	0.424013324436993	1.03000817217408	1.41929478818035	0.39005845868501	2.18825624187923	0.390058458685012	0.54964594808074	1.03000817217408	0.424013324436994	1.03000817217409
1	1.11374992919423	2.17158829061853	1.11374992919423	1.19607816357582	1.68716851259575	1.27747178196039	1.68716851259575	2.20575337547175	1.21714851997151	4.34951738136871	1.21714851997151	1.19607816357582	1.68716851259575	1.27747178196039	1.68716851259575	2.23314191711075	0.448498514803834	1.39691180767838	0.44849851480384	0.519970338527427	1.0543258811464	0.412381530901584	1.05432588114641	1.41542300162302	0.384864723436302	2.18886596120625	0.384864723436304	0.519970338527434	1.05432588114641	0.412381530901586	1.05432588114641
1	1.10822745519549	2.15807046892261	1.10822745519549	1.17858731745699	1.70669199504654	1.26162908438617	1.70669199504654	2.18837476779536	1.20989606974731	4.3204247947741	1.20989606974731	1.17858731745699	1.70669199504654	1.26162908438618	1.70669199504654	2.23342341591616	0.439077341507304	1.39536487284338	0.43907734150731	0.495122675962236	1.07746877673406	0.402410337194154	1.07746877673406	1.41176915370672	0.380027044962558	2.18944992795719	0.38002704496256	0.495122675962242	1.07746877673406	0.402410337194156	1.07746877673406
1	1.10295993282742	2.14484995884308	1.10295993282742	1.16269420667964	1.72553193161112	1.24702476754865	1.72553193161112	2.17156182611236	1.20287462601008	4.29273353454236	1.20287462601008	1.16269420667964	1.72553193161112	1.24702476754865	1.72553193161112	2.23367812656842	0.430590630101754	1.39393121276643	0.430590630101759	0.474617075353773	1.09930068054397	0.393916460156369	1.09930068054397	1.40840162251077	0.375615522269616	2.1899989480372	0.375615522269618	0.47461707535378	1.09930068054397	0.393916460156371	1.09930068054398
1	1.09800108370867	2.13214325550912	1.09800108370867	1.14846443046196	1.74352643019115	1.23372183976806	1.74352643019115	2.1555735420031	1.19617437966825	4.2667297070034	1.19617437966826	1.14846443046196	1.74352643019115	1.23372183976807	1.74352643019115	2.23390859829736	0.423082440309701	1.3926315268273	0.423082440309706	0.457822231965332	1.1197492068119	0.386699386756558	1.1197492068119	1.4053551103818	0.371655524171518	2.19050798824645	0.37165552417152	0.457822231965338	1.1197492068119	0.38669938675656	1.1197492068119
1	1.09338717845455	2.1201024514012	1.09338717845455	1.13586359357585	1.76056249592099	1.2217138831121	1.76056249592099	2.14057803209114	1.18985997252146	4.24255462714693	1.18985997252146	1.13586359357585	1.76056249592099	1.2217138831121	1.76056249592099	2.2341171377415	0.416526457823865	1.39147701525092	0.41652645782387	0.444102039809581	1.13878911946354	0.380568910555607	1.13878911946355	1.40263976902205	0.368140552763958	2.19097516033646	0.368140552763959	0.444102039809587	1.13878911946355	0.380568910555609	1.13878911946355
1	1.08913744730981	2.10882365135802	1.08913744730981	1.12479619325121	1.77656890591252	1.21094942491422	1.77656890591252	2.12666812878217	1.18397164991114	4.22024631380815	1.18397164991114	1.12479619325121	1.77656890591252	1.21094942491422	1.77656890591252	2.2343058320337	0.410853457790487	1.39047105012385	0.410853457790492	0.432885006987355	1.15642945156052	0.375356470972116	1.15642945156052	1.40024930192584	0.365044540924611	2.19140074717607	0.365044540924612	0.43288500698736	1.15642945156052	0.375356470972118	1.15642945156053
1	1.0852565140264	2.09835765179826	1.0852565140264	1.11513426930558	1.79150900602087	1.20135031639656	1.79150900602087	2.11387864487726	1.17852876904223	4.19977392771274	1.17852876904223	1.11513426930558	1.79150900602087	1.20135031639656	1.79150900602087	2.23447656968985	0.405973166339374	1.38961103521349	0.405973166339379	0.423688417830873	1.17270373551998	0.370917771404919	1.17270373551999	1.39816718006926	0.362331369408765	2.19178640820028	0.362331369408766	0.423688417830878	1.17270373551999	0.370917771404921	1.17270373551999
1	1.08173759886952	2.08872049463163	1.08173759886953	1.10673682619737	1.80537398100845	1.19282472083251	1.80537398100845	2.10220226739807	1.17353414122772	4.18106371380823	1.17353414122772	1.10673682619737	1.80537398100845	1.19282472083251	1.80537398100845	2.2346310595098	0.401789257540836	1.38889012312925	0.401789257540841	0.416118424405387	1.18766262843475	0.367131374708188	1.18766262843475	1.3963710475086	0.359961308145699	2.19213459104489	0.3599613081457	0.416118424405392	1.18766262843475	0.36713137470819	1.18766262843476
1	1.07856571599956	2.07990276525324	1.07856571599956	1.0994621247208	1.81817683425643	1.18527584881437	1.81817683425643	2.0916027838299	1.16897828961085	4.16401733176962	1.16897828961085	1.0994621247208	1.81817683425643	1.18527584881437	1.81817683425643	2.2347708476796	0.398208430465477	1.38829865634887	0.398208430465482	0.409859636158871	1.20136833652161	0.363895820456874	1.20136833652161	1.39483570115716	0.357894926050022	2.19244812499293	0.357894926050024	0.409859636158876	1.20136833652161	0.363895820456876	1.20136833652162
1	1.07572047270146	2.0718772506689	1.07572047270146	1.09317491763898	1.82994715428176	1.178607569959	1.82994715428176	2.08202539969162	1.16484316876825	4.14852421778786	1.16484316876825	1.09317491763898	1.82994715428176	1.17860756995901	1.82994715428176	2.23489733324623	0.395145170862282	1.38782530800871	0.395145170862287	0.404661657041713	1.21389038702027	0.361126487513171	1.21389038702027	1.39353504482934	0.356095206492692	2.1927299557589	0.356095206492694	0.404661657041718	1.21389038702027	0.361126487513173	1.21389038702027
1	1.07317832831275	2.06460496847753	1.07317832831275	1.08775029936176	1.84072666538587	1.17272783135754	1.84072666538587	2.07340442668522	1.16110519026115	4.13446961153242	1.16110519026115	1.08775029936176	1.84072666538587	1.17272783135754	1.84072666538587	2.23501178211976	0.39252370329011	1.38745794878276	0.392523703290115	0.40032610941581	1.22530241738197	0.358752713312229	1.22530241738197	1.39244333778102	0.354528511974243	2.1929829820783	0.354528511974244	0.400326109415816	1.22530241738197	0.358752713312231	1.22530241738198
1	1.07091431160179	2.05803975667353	1.07091431160179	1.08307538829252	1.85056551868076	1.16755058454697	1.85056551868076	2.06566880944986	1.15773756240836	4.12173958576146	1.15773756240836	1.08307538829252	1.85056551868076	1.16755058454697	1.85056551868076	2.23511533974298	0.390278283016371	1.38718428360202	0.390278283016376	0.396695506243132	1.23567974241077	0.356715332766341	1.23567974241078	1.39153596785855	0.353164868819984	2.19320996182145	0.353164868819985	0.396695506243137	1.23567974241078	0.356715332766342	1.23567974241078
1	1.0689032619838	2.05213167269586	1.0689032619838	1.07904968114027	1.85951925853746	1.16299672488174	1.85951925853746	2.05874597397468	1.15471202839374	4.1102240715856	1.15471202839374	1.07904968114027	1.85951925853746	1.16299672488174	1.85951925853746	2.2352090425554	0.388352607137623	1.3869923034599	0.388352607137628	0.393644253515863	1.24509752437603	0.354964645538994	1.24509752437604	1.3907899065408	0.351977882316919	2.19341346362257	0.35197788231692	0.393644253515868	1.24509752437604	0.354964645538996	1.24509752437604
1	1.06712068255354	2.04682944759825	1.06712068255354	1.07558463515047	1.86764638950527	1.15899439417523	1.86764638950526	2.05256442034914	1.15200011125441	4.09981857544433	1.15200011125441	1.07558463515047	1.86764638950526	1.15899439417524	1.86764638950526	2.23529382836624	0.386698830434497	1.38687059270809	0.386698830434502	0.391071600438794	1.25362941571564	0.353458762004954	1.25362941571564	1.39018395127042	0.350944472412502	2.19359584717585	0.350944472412503	0.391071600438799	1.25362941571564	0.353458762004956	1.25362941571565
1	1.06554329225456	2.04208221040732	1.06554329225456	1.07260283565944	1.87500646574005	1.15547888590324	1.87500646574005	2.04705540172955	1.14957397228684	4.09042505834265	1.14957397228685	1.07260283565944	1.87500646574005	1.15547888590324	1.87500646574005	2.23537054574042	0.385276463672282	1.38680852542316	0.385276463672286	0.388896205581079	1.26134657490438	0.352162264337404	1.26134657490438	1.38969882560958	0.350044538580154	2.19375926084523	0.350044538580156	0.388896205581084	1.26134657490438	0.352162264337405	1.26134657490438
1	1.0641493538506	2.03784066303177	1.0641493538506	1.0700369722142	1.88165862664777	1.15239231362112	1.88165862664777	2.04215394954187	1.14740697592831	4.08195228860315	1.14740697592831	1.07003697221421	1.88165862664777	1.15239231362112	1.88165862664777	2.23543996249118	0.384051305607835	1.38679637824991	0.38405130560784	0.387051973171359	1.26831697771801	0.351045120842334	1.26831697771801	1.38931718461716	0.349260613898681	2.19390564916711	0.349260613898683	0.387051973171364	1.26831697771801	0.351045120842336	1.26831697771801
1	1.0629188400701	2.03405784484625	1.0629188400701	1.06782875866464	1.88766050631574	1.14968314871257	1.88766050631574	2.037799441063	1.14547403730205	4.07431586723457	1.14547403730205	1.06782875866464	1.88766050631574	1.14968314871257	1.88766050631574	2.23550277336471	0.382994473097942	1.38682538126012	0.382994473097947	0.385484866136808	1.27460496201272	0.350081802964175	1.27460496201272	1.3890235581277	0.348577535915206	2.19403676558541	0.348577535915208	0.385484866136813	1.27460496201272	0.350081802964177	1.27460496201272
1	1.06183348668482	2.03068959777079	1.06183348668482	1.06592787595255	1.89306745134792	1.14730569672044	1.89306745134792	2.03393585082881	1.14375181234942	4.06743805724416	1.14375181234942	1.06592787595255	1.89306745134792	1.14730569672044	1.89306745134791	2.23555960699335	0.382081555697494	1.38688772384007	0.382081555697499	0.384150456252685	1.28027095596826	0.349250562796204	1.28027095596827	1.38880425435087	0.347982147807361	2.19415418749431	0.347982147807363	0.384150456252689	1.28027095596827	0.349250562796205	1.28027095596827
1	1.06087676933182	2.02769481458058	1.06087676933182	1.0642909805263	1.89793198850344	1.14521955635532	1.89793198850344	2.03051178805386	1.1422187764376	4.06124749821798	1.1422187764376	1.0642909805263	1.89793198850344	1.14521955635532	1.89793198850344	2.23561103218713	0.381291894659267	1.38697652888392	0.381291894659272	0.383012029292808	1.28537134902277	0.34853283848161	1.28537134902277	1.38864723966107	0.347463033188647	2.19425933188163	0.347463033188649	0.383012029292813	1.28537134902277	0.348532838481611	1.28537134902277
1	1.06003383118569	2.02503553289528	1.06003383118569	1.06288079912985	1.90230349126084	1.14338908853851	1.90230349126084	2.02748039271684	1.14085522586781	4.05567885832983	1.14085522586781	1.06288079912986	1.90230349126084	1.14338908853851	1.90230349126084	2.2356575636267	0.38060797611091	1.38708580552548	0.380607976110914	0.382039108024609	1.28995847220426	0.347912761978625	1.28995847220426	1.38854200573039	0.34701028388835	2.19435347059442	0.347010283888352	0.382039108024614	1.28995847220426	0.347912761978626	1.28995847220426
1	1.05929138101619	2.02267692128255	1.0592913810162	1.06166531727426	1.90622800185827	1.14178291168287	1.90622800185827	2.0247991415766	1.13964322772285	4.05067245647596	1.13964322772286	1.06166531727426	1.90622800185827	1.14178291168287	1.90622800185827	2.23569966701434	0.380014924035774	1.3872103882372	0.380014924035779	0.381206291215624	1.29408066071389	0.347376749320356	1.29408066071389	1.3884794318748	0.346615298051658	2.19443774471282	0.346615298051659	0.381206291215629	1.29408066071389	0.347376749320358	1.2940806607139
1	1.05863757541466	2.02058719178545	1.05863757541466	1.06061706082293	1.90974817237918	1.14037343206188	1.90974817237918	2.02242960005583	1.13856653659497	4.04617387517599	1.13856653659497	1.06061706082293	1.90974817237918	1.14037343206188	1.90974817237918	2.2357377637349	0.379500078130094	1.38734586820807	0.379500078130099	0.380492333345399	1.29778237674293	0.346913157886276	1.29778237674294	1.38845164811273	0.346270605258614	2.19451317779609	0.346270605258616	0.380492333345404	1.29778237674294	0.346913157886277	1.29778237674294
1	1.05806189468752	2.01873746406741	1.05806189468752	1.05971246573337	1.91290329482593	1.13913641330592	1.91290329482593	2.02033714493298	1.13761049150445	4.04213357753231	1.13761049150445	1.05971246573337	1.91290329482593	1.13913641330592	1.91290329482593	2.23577223507317	0.379052642798007	1.38748852137652	0.379052642798012	0.379879409265475	1.30110437478741	0.346511998599505	1.30110437478741	1.38845190268099	0.345969715408266	2.19458068792459	0.345969715408267	0.37987940926548	1.30110437478741	0.346511998599506	1.30110437478741
1	1.05755501882891	2.01710159953961	1.05755501882891	1.05893132883315	1.91572939566468	1.13805058614027	1.91572939566468	2.01849067501482	1.13676190257242	4.03850653433022	1.13676190257242	1.05893132883315	1.91572939566468	1.13805058614027	1.91572939566468	2.23580342602988	0.378663394972471	1.38763523630563	0.378663394972476	0.379352522047231	1.30408389536907	0.346164693087434	1.30408389536907	1.38847443648459	0.345706987936007	2.19464109857674	0.345706987936008	0.379352522047235	1.30408389536907	0.346164693087436	1.30408389536907
1	1.05710870766978	2.01565601876657	1.05710870766978	1.0582563315581	1.9182593753304	1.13709729738564	1.9182593753304	2.01686232141411	1.13600893395761	4.03525186761404	1.13600893395761	1.0582563315581	1.9182593753304	1.13709729738564	1.91825937533039	2.23583164877462	0.37832444070288	1.38778344413861	0.378324440702885	0.378899023013015	1.3067548760214	0.345863868383806	1.3067548760214	1.38851436599694	0.345477518869228	2.1946951483936	0.345477518869229	0.378899023013019	1.3067548760214	0.345863868383807	1.3067548760214
1	1.05671568774052	2.01437951169764	1.05671568774052	1.05767262852061	1.92052317725819	1.13626019625642	1.92052317725819	2.01542716518113	1.13534098760741	4.03233251270633	1.13534098760741	1.05767262852061	1.92052317725819	1.13626019625642	1.92052317725819	2.2358571857701	0.378029011910235	1.38793105214503	0.37802901191024	0.378508220279931	1.30914817091394	0.345603182826805	1.30914817091395	1.38856757543066	0.345277043166606	2.19474349992842	0.345277043166608	0.378508220279936	1.30914817091395	0.345603182826807	1.30914817091395
1	1.05636954725029	2.01325304746859	1.05636954725029	1.05716749310445	1.92254797448073	1.1355249553349	1.92254797448073	2.01416296725113	1.13474859080838	4.02971489999399	1.13474859080838	1.05716749310445	1.92254797448073	1.1355249553349	1.92254797448073	2.23588029259915	0.377771296287675	1.38807638181031	0.37777129628768	0.378171057762383	1.3112917725287	0.345377178082139	1.3112917725287	1.38863061848946	0.345101850232298	2.19478674747846	0.345101850232299	0.378171057762387	1.3112917725287	0.345377178082141	1.31129177252871
1	1.05606463981469	2.01225958845179	1.05606463981469	1.05673001285696	1.92435836468869	1.13487902331981	1.92435836468869	2.01304991373122	1.13422328942369	4.02736865697937	1.13422328942369	1.05673001285696	1.92435836468869	1.13487902331981	1.92435836468869	2.23590120052269	0.377546294587176	1.38821811200237	0.377546294587181	0.377879850701232	1.31321103046738	0.345181153135827	1.31321103046738	1.38870062965001	0.344948710789758	2.19482542409413	0.344948710789759	0.377879850701237	1.31321103046738	0.345181153135829	1.31321103046739
1	1.05579599704391	2.01138391170591	1.05579599704391	1.05635082812807	1.92597656696348	1.13431140658075	1.92597656696348	2.012070378175	1.13375754791864	4.02526633052828	1.13375754791864	1.05635082812807	1.92597656696348	1.13431140658075	1.92597656696348	2.23592011879425	0.377349700587545	1.38835522743657	0.377349700587549	0.377628066852902	1.3149288638109	0.345011056822309	1.3149288638109	1.38877524466786	0.344814813555726	2.19486000785395	0.344814813555727	0.377628066852907	1.3149288638109	0.34501105682231	1.31492886381091
1	1.05555924976542	2.01061243984927	1.05555924976542	1.05602190811004	1.92742261524814	1.1338124766188	1.92742261524814	2.01120870154395	1.13334465672164	4.02338312890189	1.13334465672164	1.05602190811004	1.92742261524814	1.1338124766188	1.92742261524814	2.23593723675423	0.377177799891204	1.38848697243588	0.377177799891208	0.377410144792635	1.31646596452389	0.344863396037349	1.3164659645239	1.38885252983388	0.344697710374776	2.1948909274861	0.344697710374777	0.37741014479264	1.3164659645239	0.344863396037351	1.3164659645239
1	1.05535055744459	2.00993308255525	1.05535055744459	1.0557363591173	1.92871454508569	1.13337380068139	1.92871454508569	2.01045098989083	1.13297864708237	4.02169668291687	1.13297864708237	1.0557363591173	1.92871454508569	1.13337380068139	1.92871454508569	2.23595272572495	0.377027384397558	1.38861280982499	0.377027384397562	0.377221342546994	1.31784099024172	0.34473515725375	1.31784099024172	1.38893091940157	0.344595268663269	2.19491856740811	0.34459526866327	0.377221342546998	1.31784099024172	0.344735157253751	1.31784099024172
1	1.05516654524612	2.00933508926467	1.05516654524612	1.05548826058778	1.92986857129816	1.13298799297252	1.92986857129816	2.0097849293566	1.13265421332688	4.02018682543616	1.13265421332688	1.05548826058778	1.92986857129816	1.13298799297252	1.92986857129816	2.23596674072522	0.376895679861538	1.38873238469166	0.376895679861543	0.377057611132354	1.31907074543559	0.344623739343722	1.31907074543559	1.3890091605487	0.344505630172028	2.19494327224856	0.344505630172029	0.377057611132358	1.31907074543559	0.344623739343724	1.3190707454356
1	1.05500424812	2.0088089132761	1.05500424812001	1.05527252487264	1.93089925515627	1.1326485841122	1.93089925515627	2.00919961777416	1.13236664223703	4.01883538829392	1.13236664223703	1.05527252487264	1.93089925515627	1.1326485841122	1.93089925515627	2.23597942202188	0.376780284406258	1.3888454926822	0.376780284406262	0.376915488630151	1.32017035045631	0.344526896026723	1.32017035045631	1.38908626521369	0.344427175214778	2.19496535090674	0.34442717521478	0.376915488630156	1.32017035045631	0.344526896026724	1.32017035045632
1	1.05486106127861	2.00834608706578	1.05486106127861	1.05508477740755	1.93181966025446	1.13234990671718	1.93181966025445	2.00868541198879	1.13211174917386	4.01762601570806	1.13211174917386	1.05508477740755	1.93181966025445	1.13234990671718	1.93181966025445	2.2359908965336	0.376679116227924	1.38895205246204	0.376679116227928	0.376792011260087	1.32115339833807	0.344442686524132	1.32115339833807	1.3891614681499	0.344358491626755	2.19498508019968	0.344358491626756	0.376792011260092	1.32115339833807	0.344442686524133	1.32115339833807
1	1.05473469644173	2.00793910847511	1.05473469644173	1.05492125432513	1.93264149679846	1.13208699518835	1.93264149679846	2.00823378989604	1.13188582050255	4.01654399320484	1.13188582050255	1.05492125432513	1.93264149679846	1.13208699518835	1.93264149679846	2.23600127910116	0.376590369035177	1.3890520819575	0.376590369035181	0.376684638567333	1.32203209952526	0.344369433219377	1.32203209952526	1.38923419056107	0.344298347818873	2.19500270813995	0.344298347818875	0.376684638567338	1.32203209952526	0.344369433219379	1.32203209952526
1	1.05462314325425	2.00758133725996	1.05462314325425	1.05477871497775	1.93337525437098	1.1318554979929	1.93337525437098	2.00783722614799	1.13168556184755	4.01557609107649	1.13168556184755	1.05477871497775	1.93337525437098	1.1318554979929	1.93337525437098	2.23601067363679	0.376512474010552	1.38914567799664	0.376512474010557	0.376591190363609	1.32281741488741	0.344305685304748	1.32281741488742	1.38930400871329	0.344245669379325	2.19501845688257	0.344245669379327	0.376591190363614	1.32281741488742	0.344305685304749	1.32281741488742
1	1.05452463531899	2.00726690140588	1.05452463531899	1.05465436719806	1.93403032349287	1.13165160091806	1.93403032349287	2.00748908046631	1.1315080516999	4.01471042140026	1.1315080516999	1.05465436719806	1.93403032349287	1.13165160091806	1.93403032349287	2.23601917416415	0.37644406728491	1.38923299897895	0.376444067284915	0.376509793481559	1.32351917752746	0.344250187548894	1.32351917752747	1.38937062695818	0.344199518749074	2.19503252537512	0.344199518749075	0.376509793481563	1.32351917752747	0.344250187548896	1.32351917752747
1	1.05443762033058	2.00699061256243	1.05443762033058	1.05454580343483	1.93461510646863	1.13147195994661	1.93461510646863	2.00718349751808	1.13135069990725	4.01393630766943	1.13135069990725	1.05454580343484	1.93461510646863	1.13147195994661	1.93461510646863	2.23602686575938	0.376383962081014	1.38931425022368	0.376383962081019	0.376438836741598	1.3241462039797	0.344201853448068	1.3241462039797	1.38943385464534	0.344159077561717	2.19504509174087	0.344159077561718	0.376438836741602	1.3241462039797	0.344201853448069	1.3241462039797
1	1.05436073384614	2.00674788992273	1.05436073384614	1.05445094617559	1.93513711809799	1.13131364257746	1.93513711809799	2.00691531734013	1.13121121061187	4.01324416581558	1.13121121061187	1.05445094617559	1.93513711809799	1.13131364257746	1.93513711809799	2.23603382540254	0.376331124783594	1.38938967167177	0.376331124783598	0.376376932769104	1.32470639545431	0.344159742077565	1.32470639545431	1.38949358644886	0.344123631238779	2.19505631542526	0.344123631238781	0.376376932769108	1.32470639545431	0.344159742077567	1.32470639545432
1	1.05429277624862	2.00653469189214	1.05429277624862	1.05436800127291	1.93560307697204	1.13117407647169	1.93560307697204	2.00667999536445	1.13108754914308	4.01262539699247	1.13108754914308	1.05436800127291	1.93560307697204	1.13117407647169	1.93560307697204	2.2360401227481	0.37628465449012	1.38945952763739	0.376284654490124	0.376322885710756	1.32520682978241	0.344123038340131	1.32520682978241	1.38954978567198	0.344092555764376	2.19506633911642	0.344092555764377	0.37632288571076	1.32520682978241	0.344123038340133	1.32520682978242
1	1.05423269255299	2.0063474548857	1.05423269255299	1.05429541804285	1.93601898796882	1.13105100460559	1.93601898796882	2.00647353113504	1.13097791257178	4.0120722894296	1.13097791257178	1.05429541804285	1.93601898796882	1.13105100460559	1.93601898796882	2.23604582082199	0.376243765336787	1.3895240983392	0.376243765336791	0.376275663725816	1.32565384476811	0.344091035811389	1.32565384476811	1.38960247014412	0.344065306035198	2.1950752904801	0.344065306035199	0.376275663725821	1.32565384476811	0.34409103581139	1.32565384476812
1	1.05417955470057	2.00618303861231	1.05417955470057	1.05423185512734	1.93639021665939	1.1309424460646	1.93639021665939	2.00629240486025	1.13088070350577	4.01157792944812	1.13088070350577	1.05423185512734	1.93639021665939	1.1309424460646	1.93639021665939	2.23605097665246	0.37620777126589	1.38958367296894	0.376207771265894	0.376234375576835	1.3260531136122	0.344063121956347	1.3260531136122	1.38965170036652	0.344041405719537	2.19508328371934	0.344041405719539	0.37623437557684	1.3260531136122	0.344063121956349	1.32605311361221
1	1.05413254603423	2.00603867725408	1.05413254603423	1.05417615126937	1.93672155631751	1.13084666175218	1.93672155631751	2.00613352102482	1.13079450677514	4.01113612115823	1.13079450677514	1.05417615126937	1.93672155631751	1.13084666175218	1.93672155631751	2.23605564184079	0.376176072916505	1.38963854407644	0.37617607291651	0.376198250718927	1.3264097130489	0.344038765434763	1.3264097130489	1.38969756959672	0.344020438478541	2.19509042097346	0.344020438478542	0.376198250718932	1.3264097130489	0.344038765434764	1.32640971304891
1	1.05409094769268	2.00591193598176	1.05409094769268	1.05412730028478	1.93701728817398	1.13076212440997	1.93701728817397	2.00599415834464	1.13071806871963	4.01074131381649	1.13071806871963	1.05412730028478	1.93701728817397	1.13076212440997	1.93701728817397	2.23605986307775	0.376148146305694	1.38968900307657	0.376148146305698	0.376166622320912	1.326728184817	0.344017505151289	1.326728184817	1.3897401955995	0.344002040320347	2.19509679357495	0.344002040320348	0.376166622320916	1.326728184817	0.34401750515129	1.32672818481701
1	1.05405412668719	2.00580067228132	1.05405412668719	1.05408442961588	1.93728123552901	1.13068749240328	1.93728123552901	2.00587192540356	1.13065027879876	4.0103885361921	1.13065027879876	1.05408442961588	1.93728123552901	1.13068749240328	1.93728123552901	2.2360636826109	0.376123533044529	1.38973533670783	0.376123533044534	0.376138912769244	1.32701259105076	0.343998940807445	1.32701259105077	1.38977971382558	0.343985892940121	2.19510248317816	0.343985892940122	0.376138912769248	1.32701259105077	0.343998940807447	1.32701259105077
1	1.05402152545272	2.00570300160698	1.05402152545272	1.0540467819428	1.93751681229814	1.13062158679534	1.93751681229813	2.00576472137011	1.13059015327304	4.01007333732904	1.13059015327304	1.0540467819428	1.93751681229813	1.13062158679534	1.93751681229813	2.23606713866742	0.376101831871548	1.38977782429319	0.376101831871553	0.37611462127732	1.32726656413893	0.343982724746267	1.32726656413893	1.38981627180904	0.343971717917718	2.19510756277261	0.34397171791772	0.376114621277325	1.32726656413893	0.343982724746269	1.32726656413894
1	1.05399265269037	2.00561726691494	1.05399265269037	1.05401369940641	1.93772706652552	1.13056337129358	1.93772706652552	2.00567070124746	1.13053682072938	4.00979173313203	1.13053682072938	1.05401369940641	1.93772706652552	1.13056337129358	1.93772706652552	2.23607026583667	0.376082691318717	1.38981673567335	0.376082691318721	0.376093313282453	1.32749335156214	0.343968554909926	1.32749335156214	1.38985002460107	0.343959271661347	2.19511209759222	0.343959271661348	0.376093313282458	1.32749335156214	0.343968554909928	1.32749335156215
1	1.05396707534022	2.00554201167046	1.05396707534022	1.05398461006244	1.93791471935768	1.13051193470465	1.93791471935768	2.00558824516212	1.13048950924735	4.0095401582459	1.13048950924735	1.05398461006244	1.93791471935768	1.13051193470465	1.93791471935768	2.23607309541643	0.376065803352087	1.38985232969959	0.376065803352092	0.37607461136261	1.32769585618105	0.343956168755839	1.32769585618105	1.38988113108158	0.343948341000135	2.19511614593087	0.343948341000137	0.376074611362615	1.32769585618105	0.34395616875584	1.32769585618106
1	1.05394441154395	2.00547595595746	1.05394441154395	1.05395901624299	1.93808219992918	1.13046647558051	1.93808219992918	2.00551593124516	1.13044753502397	4.00931542273789	1.13044753502397	1.05395901624299	1.93808219992918	1.13046647558052	1.93808219992918	2.23607565572606	0.376050897852421	1.38988485318945	0.376050897852426	0.37605818744675	1.32787667241005	0.343945337998605	1.32787667241006	1.38990975101156	0.343938739341321	2.19511975987374	0.343938739341322	0.376058187446755	1.32787667241006	0.343945337998607	1.32787667241006
1	1.05392432447345	2.0054179753542	1.05392432447345	1.05393648454922	1.93823167657279	1.13042628877868	1.93823167657278	2.0054525117045	1.13041029229395	4.00911467313256	1.13041029229395	1.05393648454922	1.93823167657278	1.13042628877868	1.93823167657278	2.23607797239003	0.376037737820435	1.38991454026164	0.37603773782044	0.376043756127439	1.32803811867568	0.343935864063716	1.32803811867569	1.38993604270763	0.343930303318747	2.19512298595281	0.343930303318749	0.376043756127444	1.32803811867569	0.343935864063718	1.32803811867569
1	1.05390651691754	2.00536708227143	1.05390651691754	1.05391663724001	1.93836508472895	1.13039075369477	1.93836508472895	2.0053968917281	1.13037724440004	4.008935357385	1.13037724440004	1.05391663724001	1.93836508472895	1.13039075369477	1.93836508472895	2.23608006859427	0.376026115207926	1.38994161197939	0.376026115207931	0.376031068913883	1.32818226652435	0.343927574155025	1.32818226652436	1.38996016123709	0.343922889869106	2.19512586573418	0.343922889869108	0.376031068913887	1.32818226652436	0.343927574155026	1.32818226652436
1	1.05389072539846	2.00532237170862	1.05389072539846	1.05389916829027	1.93848430589386	1.13035934117882	1.93848430589386	2.00534849820875	1.13034795110507	4.00877595347443	1.13034795110507	1.05389916829027	1.93848430589386	1.13035934117882	1.93848430589385	2.2360819653183	0.376015864264193	1.38996629540688	0.376015864264198	0.376020142952496	1.32831089064568	0.343920393399243	1.32831089064568	1.38998215065301	0.343916485282423	2.19512842452834	0.343916485282424	0.3760201429525	1.32831089064568	0.343920393399245	1.32831089064568
1	1.0538767219864	2.00528317245606	1.0538767219864	1.05388377013198	1.93859066669557	1.13033155877338	1.93859066669557	2.00530593075918	1.13032195989418	4.00863328023424	1.13032195989418	1.05388377013198	1.93859066669557	1.13033155877338	1.93859066669557	2.23608368154517	0.376006807037465	1.38998874662608	0.37600680703747	0.376010431029332	1.32842574105306	0.34391407423389	1.32842574105306	1.39000231023281	0.343910805629149	2.19513071250343	0.34391080562915	0.376010431029337	1.32842574105306	0.343914074233892	1.32842574105306
1	1.0538643009909	2.00524878280926	1.0538643009909	1.05387018542452	1.93868555941701	1.1303069760194	1.93868555941701	2.00526851034152	1.13029888919624	4.00850568255614	1.13029888919624	1.05387018542452	1.93868555941701	1.1303069760194	1.93868555941701	2.23608523445147	0.375998798507748	1.39000915883519	0.375998798507752	0.376001823523494	1.32852829113798	0.343908521894828	1.32852829113799	1.39002076093952	0.34390578540043	2.19513275729181	0.343905785400432	0.376001823523499	1.32852829113799	0.34390852189483	1.32852829113799
1	1.05385328076695	2.00521859958748	1.05385328076695	1.05385819197007	1.93877022570975	1.13028521654193	1.93877022570975	2.00523562926948	1.13027840522823	4.00839162113939	1.13027840522823	1.05385819197007	1.93877022570975	1.13028521654193	1.93877022570975	2.23608663957919	0.375991714194	1.39002770741563	0.375991714194004	0.375994208313213	1.32861985651933	0.343903647282905	1.32861985651934	1.3900376229251	0.343901356010116	2.19513458415343	0.343901356010117	0.375994208313217	1.32861985651934	0.343903647282906	1.32861985651934
1	1.05384350093285	2.00519210050233	1.05384350093285	1.0538475968942	1.93884577214253	1.13026595014832	1.93884577214253	2.00520674621372	1.13026021435681	4.00828968972068	1.13026021435681	1.0538475968942	1.93884577214253	1.13026595014832	1.93884577214253	2.23608791099133	0.375985445666012	1.39004455274996	0.375985445666016	0.375987477771037	1.3287016122709	0.343899369225311	1.3287016122709	1.39005301325065	0.343897451620162	2.19513621596175	0.343897451620163	0.375987477771042	1.3287016122709	0.343899369225312	1.3287016122709
1	1.0538348198474	2.00516883110757	1.0538348198474	1.05383823213598	1.93891318472586	1.13024888652418	1.93891318472586	2.00518138077364	1.13024405739621	4.00819861562043	1.13024405739621	1.05383823213598	1.93891318472586	1.13024888652418	1.93891318472585	2.23608906141261	0.375979897769168	1.39005984207816	0.375979897769173	0.375981532157993	1.32877460803085	0.343895615058224	1.32877460803085	1.3900670443894	0.343894011578553	2.19513767332114	0.343894011578554	0.375981532157998	1.32877460803085	0.343895615058225	1.32877460803086
1	1.05382711236833	2.00514839471709	1.05382711236833	1.05382995084954	1.93897334209937	1.13023377004051	1.93897334209937	2.00515910788135	1.13022970510452	4.00811725296945	1.13022970510452	1.05382995084954	1.93897334209937	1.13023377004051	1.93897334209937	2.23609010235682	0.375974986701474	1.39007371081349	0.375974986701479	0.375976280946541	1.32883978139014	0.343892320388612	1.32883978139015	1.3900798233076	0.343890981195303	2.19513897473612	0.343890981195304	0.375976280946545	1.32883978139015	0.343892320388614	1.32883978139015
1	1.05382026784035	2.00513044437779	1.05382026784035	1.05382262442466	1.9390270274664	1.13022037524315	1.9390270274664	2.00513955232277	1.13021695434096	4.00804457565235	1.13021695434096	1.05382262442466	1.9390270274664	1.13022037524315	1.9390270274664	2.2360910442421	0.375970638832936	1.39008628353678	0.375970638832941	0.375971643293086	1.32889796977025	0.343889428964201	1.32889796977026	1.39009145094226	0.343888312204337	2.19514013676873	0.343888312204338	0.375971643293091	1.32889796977026	0.343889428964203	1.32889796977026
1	1.05381418851681	2.00511467613155	1.05381418851681	1.05381614019123	1.93907493870793	1.13020850365909	1.93907493870793	2.00512238336684	1.1302056254744	4.00797965686394	1.1302056254744	1.05381614019123	1.93907493870793	1.13020850365909	1.93907493870793	2.23609189649514	0.375966788408133	1.39009767486326	0.375966788408138	0.375967546528513	1.32894992122636	0.343886890074289	1.32894992122636	1.39010202201497	0.343885960545501	2.19514117432144	0.343885960545502	0.375967546528518	1.32894992122636	0.343886890074291	1.32894992122636
1	1.05380878783164	2.00510082346638	1.05380878783164	1.05381039913961	1.93911769816939	1.13019797979827	1.93911769816939	2.00510730987608	1.13019555891521	4.00792167224328	1.13019555891521	1.05381039913961	1.93911769816939	1.13019797979827	1.93911769816939	2.23609266764559	0.375963377883696	1.39010799014505	0.3759633778837	0.375963926842772	1.32899630381477	0.343884660265018	1.32899630381478	1.39011162498379	0.34388388833174	2.19514210067563	0.343883888331741	0.375963926842777	1.32899630381478	0.34388466026502	1.32899630381478
1	1.05380398917062	2.00508865263412	1.05380398917062	1.05380531425834	1.93915586082976	1.1301886487336	1.93915586082976	2.00509407586925	1.13018661314828	4.00786988377711	1.13018661314828	1.05380531425834	1.93915586082976	1.1301886487336	1.93915586082976	2.23609336541136	0.375960356438315	1.39011732611349	0.37596035643832	0.375960727898361	1.32903771414168	0.343882701419695	1.32903771414169	1.39012034213434	0.343882062124161	2.19514292771234	0.343882062124163	0.375960727898366	1.32903771414169	0.343882701419697	1.32903771414169
1	1.05379972470062	2.00507795854203	1.05379972470062	1.05380080901465	1.93918992165634	1.13018037362765	1.93918992165634	2.00508245642271	1.13017866264675	4.00782363122326	1.13017866264675	1.05380080901465	1.93918992165634	1.13018037362765	1.93918992165634	2.23609399677594	0.375957679182104	1.39012577149084	0.375957679182108	0.375957900032433	1.32907468498212	0.343880980145065	1.32907468498213	1.39012824977485	0.34388045246693	2.19514366605426	0.343880452466931	0.375957900032437	1.32907468498213	0.343880980145067	1.32907468498213
1	1.05379593434145	2.00506856119774	1.05379593434145	1.05379681604213	1.93922032214507	1.13017303357343	1.93922032214507	2.00507225399857	1.13017159604088	4.00778232418164	1.13017159604088	1.05379681604213	1.93922032214507	1.13017303357343	1.93922032214507	2.23609456805824	0.375955306460855	1.3901334075627	0.37595530646086	0.375955399502467	1.32910769209027	0.34387946720323	1.32910769209027	1.39013541848449	0.343879033439021	2.19514432519553	0.343879033439022	0.375955399502472	1.32910769209027	0.343879467203232	1.32910769209028
1	1.05379256486203	2.00506030261576	1.05379256486203	1.05379327600313	1.93924745613725	1.13016652170351	1.93924745613725	2.00506329517298	1.13016531450456	4.00774543486626	1.13016531450456	1.05379327600313	1.93924745613725	1.13016652170351	1.93924745613725	2.23609508497585	0.37595320324168	1.39014030871796	0.375953203241685	0.375953187794551	1.32913716028683	0.343878136999667	1.32913716028684	1.39014191339498	0.343877782240923	2.19514491361935	0.343877782240924	0.375953187794555	1.32913716028684	0.343878136999668	1.32913716028684
1	1.05378956908507	2.00505304411594	1.05378956908507	1.05379013659985	1.93927167499439	1.13016074353068	1.93927167499439	2.00505542773245	1.13015973033027	4.00771249156615	1.13015973033027	1.05379013659985	1.93927167499439	1.13016074353068	1.93927167499439	2.23609555270223	0.375951338570166	1.39014654295956	0.375951338570171	0.375951231000563	1.32916346889992	0.343876967128585	1.32916346889993	1.39014779449083	0.343876678822275	2.19514543890406	0.343876678822276	0.375951231000567	1.32916346889993	0.343876967128586	1.32916346889993
1	1.05378690518659	2.00504666395882	1.05378690518659	1.05378735171298	1.93929329220382	1.13015561548993	1.93929329220382	2.00504851810483	1.13015476566872	4.00768307275522	1.13015476566872	1.05378735171298	1.93929329220382	1.13015561548993	1.93929329220382	2.23609597591857	0.375949685090917	1.39015217238733	0.375949685090922	0.375949499263653	1.32918695662738	0.343875937972492	1.32918695662739	1.39015311691773	0.343875705550433	2.19514590781863	0.343875705550435	0.375949499263657	1.32918695662739	0.343875937972493	1.32918695662739
1	1.05378453607858	2.00504105527309	1.05378453607858	1.05378488065009	1.93931258747942	1.13015106365593	1.93931258747942	2.0050424490915	1.13015035141307	4.00765680180002	1.13015035141307	1.05378488065009	1.93931258747942	1.13015106365593	1.93931258747942	2.23609635886055	0.375948218624396	1.39015725365361	0.375948218624401	0.375947966287881	1.32920792588157	0.343875032351122	1.32920792588158	1.39015793129179	0.343874846917513	2.19514632640829	0.343874846917514	0.375947966287885	1.32920792588158	0.343875032351124	1.32920792588158
1	1.05378242886434	2.00503612423752	1.05378242886434	1.05378268748902	1.93932981041398	1.1301470226142	1.93932981041398	2.00503711786893	1.13014642621076	4.00763334221223	1.13014642621076	1.05378268748902	1.93932981041398	1.1301470226142	1.93932981041398	2.23609670536078	0.375946917793675	1.39016183839214	0.37594691779368	0.375946608906381	1.32922664667122	0.343874235214425	1.32922664667123	1.39016228400407	0.343874089282366	2.19514670007138	0.343874089282368	0.375946608906385	1.32922664667123	0.343874235214426	1.32922664667123
1	1.05378055435792	2.00503178848541	1.05378055435792	1.05378074050352	1.93934518373335	1.13014343446689	1.93934518373335	2.0050324342299	1.13014293558792	4.00761239339434	1.13014293558792	1.05378074050352	1.93934518373335	1.13014343446689	1.93934518373335	2.23609701888715	0.375945763695369	1.39016597362042	0.375945763695374	0.375945406701967	1.32924336006929	0.34387353337446	1.3292433600693	1.39016621751688	0.343873420643802	2.1951470336282	0.343873420643803	0.375945406701972	1.3292433600693	0.343873533374462	1.3292433600693
1	1.05377888665965	2.00502797570407	1.05377888665965	1.05377901166044	1.9393589061966	1.13014024795681	1.9393589061966	2.00502831903707	1.13013983117335	4.00759368682982	1.13013983117335	1.05377901166044	1.9393589061966	1.13014024795681	1.9393589061966	2.23609730257755	0.37594473960959	1.39016970211632	0.375944739609594	0.375944341674241	1.3292582813107	0.343872915271393	1.32925828131071	1.39016977064914	0.343872830441457	2.19514733138256	0.343872830441459	0.375944341674246	1.32925828131071	0.343872915271394	1.32925828131071
1	1.05377740278117	2.00502462240535	1.05377740278117	1.05377747617907	1.93937115518117	1.13013741769515	1.93937115518116	2.00502470286434	1.1301370700107	4.00757698267323	1.1301370700107	1.05377747617907	1.93937115518116	1.13013741769515	1.93937115518116	2.23609755927123	0.37594383074432	1.39017306276933	0.375943830744324	0.375943397947664	1.3292716025592	0.343872370769282	1.3292716025592	1.39017297884897	0.343872309381017	2.19514759717693	0.343872309381018	0.375943397947668	1.3292716025592	0.343872370769284	1.32927160255921
1	1.05377608231399	2.00502167284634	1.05377608231399	1.05377611214474	1.93938208898781	1.13013490348059	1.93938208898781	2.00502152480386	1.13013461394864	4.00756206669938	1.13013461394864	1.05377611214474	1.93938208898781	1.13013490348059	1.93938208898781	2.23609779153728	0.375943024010116	1.39017609090753	0.37594302401012	0.375942561515589	1.32928349537852	0.343871890977893	1.32928349537852	1.39017587445268	0.343871849280849	2.19514783444175	0.343871849280851	0.375942561515594	1.32928349537852	0.343871890977894	1.32928349537853
1	1.05377490713639	2.00501907808198	1.05377490713639	1.05377490016966	1.93939184889598	1.13013266969855	1.93939184889598	2.00501873141892	1.13013242910018	4.00754874757469	1.13013242910018	1.05377490016966	1.93939184889598	1.13013266969855	1.93939184889598	2.2360980017003	0.3759423078215	1.39017881860098	0.375942307821504	0.375941820015793	1.32929411293932	0.343871468097137	1.32929411293932	1.39017848692921	0.343871442937386	2.19514804623948	0.343871442937388	0.375941820015798	1.32929411293932	0.343871468097139	1.32929411293933
1	1.05377386115417	2.00501679513352	1.05377386115417	1.0537738230951	1.93940056099694	1.13013068479112	1.93940056099694	2.00501627582512	1.13013048536316	4.00753685441724	1.13013048536316	1.0537738230951	1.93940056099694	1.13013068479112	1.93940056099694	2.23609819186365	0.375941671921882	1.39018127494273	0.375941671921886	0.375941162533571	1.32930359199002	0.343871095281288	1.32930359199003	1.3901808431101	0.343871084006995	2.19514823530397	0.343871084006997	0.375941162533576	1.32930359199003	0.34387109528129	1.32930359199003
1	1.05377293007126	2.00501478625863	1.05377293007126	1.05377286572956	1.9394083378288	1.13012892078917	1.9394083378288	2.00501411688445	1.13012875599503	4.00752623461547	1.13012875599503	1.05377286572956	1.9394083378288	1.13012892078917	1.93940833782879	2.23609836393058	0.375941107229146	1.39018348630855	0.375941107229151	0.375940579428949	1.32931205461674	0.343870766520354	1.32931205461674	1.39018296740477	0.343870766902235	2.19514840407572	0.343870766902236	0.375940579428954	1.32931205461674	0.343870766520356	1.32931205461674
1	1.05377210118657	2.00501301831097	1.05377210118657	1.05377201461863	1.93941527983507	1.1301273528992	1.93941527983507	2.00501221849839	1.1301272172357	4.0075167518784	1.1301272172357	1.05377201461863	1.93941527983507	1.1301273528992	1.93941527983507	2.23609851962317	0.375940605699452	1.39018547659639	0.375940605699456	0.375940062184977	1.3293196098148	0.34387047653647	1.32931960981481	1.39018488200151	0.343870486700803	2.19514855473325	0.343870486700805	0.375940062184981	1.32931960981481	0.343870476536471	1.32931960981481
1	1.05377136321424	2.00501146217807	1.05377136321424	1.05377125784238	1.93942147666591	1.13012595913841	1.93942147666591	2.00501054898804	1.13012584797296	4.00750828449311	1.13012584797297	1.05377125784238	1.93942147666591	1.13012595913841	1.93942147666591	2.23609866049965	0.375940160207056	1.39018726744697	0.375940160207061	0.375939603274501	1.32932635489201	0.343870220693323	1.32932635489202	1.39018660705452	0.343870239065533	2.19514868922124	0.343870239065534	0.375939603274506	1.32932635489202	0.343870220693325	1.32932635489202
1	1.0537707061243	2.00501009228814	1.0537707061243	1.05377058483703	1.93942700833904	1.13012472001232	1.93942700833904	2.00500908055063	1.13012462944569	4.00750072376764	1.13012462944569	1.05377058483703	1.93942700833904	1.13012472001232	1.93942700833904	2.23609878796996	0.375939764438251	1.39018887844642	0.375939764438256	0.375939196043055	1.32933237672157	0.343869994916967	1.32933237672158	1.39018816085748	0.34387002017412	2.19514880927557	0.343870020174121	0.37593919604306	1.32933237672158	0.343869994916969	1.32933237672158
1	1.05377012100157	2.00500888617731	1.05377012100157	1.05376998623782	1.93943194627558	1.13012361822987	1.93943194627558	2.00500778878289	1.13012354498048	4.00749397263965	1.13012354498048	1.05376998623782	1.93943194627558	1.13012361822987	1.93943194627558	2.23609890330987	0.375939412797723	1.39019032731237	0.375939412797727	0.375938834605926	1.32933775286081	0.343869795626579	1.32933775286081	1.39018956000427	0.343869826657395	2.19514891644577	0.343869826657397	0.375938834605931	1.32933775286081	0.343869795626581	1.32933775286081
1	1.05376959992059	2.00500782410988	1.05376959992059	1.0537694537405	1.93943635422433	1.13012263845154	1.93943635422433	2.00500665226329	1.13012257975803	4.00748794443337	1.13012257975803	1.0537694537405	1.93943635422433	1.13012263845154	1.93943635422432	2.23609900767373	0.375939100325869	1.39019163006444	0.375939100325873	0.375938513757609	1.32934255255001	0.343869619673871	1.32934255255001	1.39019081953752	0.343869655545064	2.19514901211498	0.343869655545066	0.375938513757614	1.32934255255001	0.343869619673872	1.32934255255001
1	1.05376913583476	2.00500688874518	1.05376913583477	1.05376897997922	1.93944028908652	1.13012176706669	1.93944028908652	2.00500565218574	1.13012172060575	4.00748256174918	1.13012172060575	1.05376897997922	1.93944028908652	1.13012176706669	1.93944028908652	2.23609910210606	0.375938822625748	1.39019280118032	0.375938822625752	0.375938228892121	1.32934683760421	0.343869464290059	1.32934683760422	1.39019195308547	0.343869504217991	2.19514909751783	0.343869504217992	0.375938228892125	1.32934683760422	0.343869464290061	1.32934683760422
1	1.05376872247801	2.00500606484518	1.05376872247801	1.05376855841876	1.93944380165184	1.1301209919966	1.93944380165184	2.00500477203838	1.13012095581378	4.00747775547163	1.13012095581378	1.05376855841876	1.93944380165184	1.1301209919966	1.93944380165184	2.23609918755197	0.375938575798541	1.39019385373847	0.375938575798546	0.375937975932849	1.32935066320945	0.343869327039441	1.32935066320945	1.39019297298807	0.343869370366279	2.19514917375638	0.34386937036628	0.375937975932854	1.32935066320945	0.343869327039442	1.32935066320946
1	1.05376835427762	2.00500533901801	1.05376835427762	1.05376818325938	1.93944693725521	1.13012030252021	1.93944693725521	2.0050039973221	1.1301202749716	4.00747346388336	1.1301202749716	1.05376818325938	1.93944693725521	1.13012030252021	1.93944693725521	2.23609926486662	0.375938356386513	1.39019479954841	0.375938356386517	0.375937751270778	1.32935407863357	0.343869205778734	1.32935407863357	1.39019389041279	0.343869251952388	2.19514924181436	0.343869251952389	0.375937751270783	1.32935407863357	0.343869205778736	1.32935407863358
1	1.05376802627686	2.00500469949285	1.05376802627686	1.05376784935281	1.93944973636294	1.13011968911998	1.93944973636294	2.00500331530364	1.13011966882309	4.00746963187367	1.13011966882309	1.05376784935281	1.93944973636294	1.13011968911998	1.93944973636294	2.23609933482381	0.375938161322582	1.39019564926962	0.375938161322586	0.375937551710035	1.32935712786091	0.343869098621464	1.32935712786091	1.39019471546094	0.3438691471787	2.19514930256985	0.343869147178702	0.375937551710039	1.32935712786091	0.343869098621465	1.32935712786091
1	1.05376773406642	2.00500413592247	1.05376773406642	1.05376755212802	1.93945223509583	1.13011914334542	1.93945223509583	2.00500271479916	1.13011912913778	4.00746621023166	1.13011912913778	1.05376755212803	1.93945223509583	1.13011914334542	1.93945223509582	2.23609939812369	0.375937987885732	1.39019641251988	0.375937987885737	0.375937374419912	1.32935985015889	0.343869003906738	1.32935985015889	1.39019545726503	0.34386905445899	2.19514935680668	0.343869054458992	0.375937374419917	1.3293598501589	0.34386900390674	1.3293598501589
1	1.0537674737234	2.00500363920986	1.0537674737234	1.05376728752562	1.93945446569605	1.13011865769228	1.93945446569604	2.00500218598448	1.13011864859661	4.00746315501491	1.13011864859661	1.05376728752562	1.93945446569604	1.13011865769228	1.93945446569604	2.2360994553998	0.375937833661573	1.39019709797391	0.375937833661578	0.375937216892551	1.32936228058391	0.343868920171897	1.32936228058391	1.39019612407791	0.343868972393303	2.19514940522449	0.343868972393305	0.375937216892555	1.32936228058391	0.343868920171898	1.32936228058391
1	1.05376724175735	2.00500320135614	1.05376724175735	1.0537670519398	1.93945645694378	1.13011822549556	1.93945645694378	2.00500172022864	1.13011822069041	4.00746042698562	1.13011822069041	1.0537670519398	1.93945645694378	1.13011822549556	1.93945645694378	2.23609950722536	0.375937696507452	1.39019771345316	0.375937696507456	0.375937076905617	1.32936445043289	0.343868846128511	1.32936445043289	1.39019672335431	0.343868899745887	2.19514944844781	0.343868899745889	0.375937076905622	1.32936445043289	0.343868846128512	1.3293644504329
1	1.05376703506221	2.00500281532705	1.05376703506221	1.05376684216701	1.93945823452913	1.13011784083482	1.93945823452913	2.00500130994799	1.13011783962985	4.00745799110714	1.13011783962985	1.05376684216701	1.93945823452913	1.13011784083482	1.93945823452913	2.23609955411907	0.375937574521567	1.39019826600739	0.375937574521571	0.375936952489345	1.32936638764653	0.343868780641332	1.32936638764653	1.39019726182515	0.343868835425718	2.19514948703412	0.34386883542572	0.375936952489349	1.32936638764653	0.343868780641334	1.32936638764653
1	1.05376685087367	2.00500247493583	1.05376685087367	1.05376665536055	1.939459821384	1.13011749845022	1.939459821384	2.0050009484782	1.13011750026538	4.00745581609423	1.13011750026538	1.05376665536055	1.939459821384	1.13011749845022	1.939459821384	2.23609959655025	0.375937466015654	1.39019876198879	0.375937466015659	0.375936841897471	1.32936811716919	0.343868722709834	1.32936811716919	1.39019774556548	0.343868778469393	2.19514952148104	0.343868778469394	0.375936841897475	1.32936811716919	0.343868722709836	1.32936811716919
1	1.05376668673139	2.00500217474031	1.05376668673139	1.05376648899034	1.93946123797837	1.13011719366814	1.93946123797836	2.00500062996201	1.13011719801614	4.0074538740115	1.13011719801614	1.05376648899035	1.93946123797836	1.13011719366814	1.93946123797836	2.23609963494357	0.375937369490777	1.39019920711926	0.375937369490781	0.375936743581558	1.32936966127028	0.343868671451996	1.32936966127028	1.39019818005628	0.343868728026049	2.19514955223279	0.343868728026051	0.375936743581563	1.32936966127028	0.343868671451997	1.32936966127028
1	1.05376654044527	2.00500190995264	1.05376654044527	1.05376634080734	1.93946250258463	1.1301169223353	1.93946250258463	2.00500034925078	1.13011692880688	4.00745213991484	1.13011692880688	1.05376634080734	1.93946250258463	1.1301169223353	1.93946250258463	2.23609966968328	0.375937283615913	1.39019960655147	0.375937283615917	0.375936656168298	1.32937103983112	0.343868626090076	1.32937103983112	1.39019857024078	0.343868683344093	2.19514957968588	0.343868683344095	0.375936656168303	1.32937103983112	0.343868626090077	1.32937103983112
1	1.05376641006566	2.00500167636001	1.05376641006566	1.05376620881193	1.93946363151368	1.13011668076031	1.93946363151368	2.00500010181812	1.13011668901182	4.00745059153112	1.13011668901182	1.05376620881193	1.93946363151368	1.13011668076031	1.93946363151368	2.23609970111707	0.375937207208984	1.39019996492417	0.375937207208988	0.375936578439478	1.32937227060105	0.343868585938118	1.32937227060105	1.39019892057569	0.343868643759497	2.19514960419425	0.343868643759498	0.375936578439482	1.32937227060105	0.343868585938119	1.32937227060106
1	1.05376629385676	2.0050014702551	1.05376629385676	1.05376609122602	1.93946463932547	1.13011646566192	1.93946463932547	2.00499988368409	1.13011647540484	4.00744920897227	1.13011647540484	1.05376609122602	1.93946463932547	1.13011646566192	1.93946463932547	2.23609972955954	0.375937139220035	1.39020028641234	0.37593713922004	0.37593650931426	1.32937336942611	0.343868550390964	1.32937336942611	1.39019923507774	0.343868608685492	2.19514962607387	0.343868608685493	0.375936509314264	1.32937336942611	0.343868550390966	1.32937336942611
1	1.05376619027304	2.00500128837487	1.05376619027304	1.05376598646825	1.93946553901708	1.13011627412303	1.93946553901708	2.00499969134875	1.13011628511523	4.00744797447989	1.13011628511523	1.05376598646825	1.93946553901708	1.13011627412303	1.93946553901708	2.23609975529535	0.375937078716356	1.3902005747726	0.37593707871636	0.375936447833519	1.32937435045309	0.343868518914624	1.3293743504531	1.39019951736597	0.343868577603506	2.19514964560678	0.343868577603507	0.375936447833524	1.3293743504531	0.343868518914625	1.3293743504531
1	1.05376609793826	2.00500112784695	1.05376609793826	1.05376589313201	1.93946634219051	1.13011610355001	1.93946634219051	2.00499952173381	1.13011611558829	4.00744687219724	1.13011611558829	1.05376589313202	1.93946634219051	1.13011610355002	1.93946634219051	2.23609977858208	0.375937024869277	1.39020083338428	0.375937024869281	0.375936393145981	1.32937522631186	0.343868491037784	1.32937522631187	1.39019977070015	0.343868550055148	2.19514966304476	0.343868550055149	0.375936393145986	1.32937522631187	0.343868491037786	1.32937522631187
1	1.05376601562685	2.0050009861425	1.05376601562685	1.05376580996596	1.93946705920247	1.13011595163652	1.93946705920246	2.0049993721314	1.13011596455042	4.00744588796565	1.13011596455042	1.05376580996596	1.93946705920246	1.13011595163652	1.93946705920246	2.23609979965278	0.375936976942466	1.3902010652866	0.375936976942471	0.375936344495966	1.32937600827796	0.343868466344352	1.32937600827797	1.39019999801556	0.343868525635158	2.19514967861255	0.34386852563516	0.37593634449597	1.32937600827797	0.343868466344354	1.32937600827797
1	1.05376594224727	2.00500086103473	1.05376594224727	1.0537657358567	1.93946769929807	1.13011581633146	1.93946769929807	2.00499924015917	1.13011582997803	4.00744500914263	1.13011582997803	1.0537657358567	1.93946769929807	1.13011581633146	1.93946769929807	2.23609981871834	0.375936934281574	1.39020127321226	0.375936934281578	0.375936301212559	1.3293767064179	0.343868444466916	1.32937670641791	1.39020020195456	0.343868503985184	2.19514969251079	0.343868503985185	0.375936301212564	1.32937670641791	0.343868444466918	1.32937670641791
1	1.05376587682736	2.00500075056258	1.05376587682736	1.05376566981352	1.93946827073019	1.13011569581051	1.93946827073019	2.00499912372085	1.1301157100699	4.00744422443958	1.1301157100699	1.05376566981352	1.93946827073019	1.13011569581051	1.93946827073019	2.23609983596957	0.375936896305016	1.39020145961785	0.37593689630502	0.375936262699983	1.32937732971879	0.34386842508096	1.3293773297188	1.39020038489519	0.343868484788308	2.19514970491857	0.34386848478831	0.375936262699988	1.3293773297188	0.343868425080962	1.3293773297188
1	1.05376581850115	2.00500065299874	1.05376581850115	1.0537656109547	1.93946878086599	1.13011558845092	1.93946878086599	2.00499902097158	1.13011560322266	4.00744352377679	1.13011560322266	1.0537656109547	1.93946878086599	1.13011558845092	1.93946878086599	2.23609985157913	0.375936862495845	1.39020162671124	0.375936862495849	0.375936228429126	1.3293778862041	0.343868407899803	1.3293778862041	1.39020054897708	0.343868467764206	2.19514971599578	0.343868467764208	0.375936228429131	1.3293778862041	0.343868407899804	1.32937788620411
1	1.05376576649724	2.00500056682151	1.05376576649724	1.05376555849543	1.93946923628198	1.130115492809	1.93946923628198	2.00499893028751	1.13011550800892	4.00744289815394	1.13011550800892	1.05376555849543	1.93946923628198	1.130115492809	1.93946923628197	2.23609986570324	0.375936832394505	1.39020177647638	0.375936832394509	0.375936197929994	1.32937838303701	0.343868392670132	1.32937838303701	1.39020069612486	0.343868452664883	2.19514972588514	0.343868452664884	0.375936197929999	1.32937838303701	0.343868392670134	1.32937838303701
1	1.05376572012841	2.00500049069019	1.05376572012841	1.05376551173713	1.9394696428489	1.13011540760033	1.9394696428489	2.00499885023914	1.13011542315791	4.00744233953463	1.13011542315791	1.05376551173713	1.9394696428489	1.13011540760033	1.9394696428489	2.23609987848327	0.375936805592402	1.39020191069568	0.375936805592406	0.375936170785052	1.32937882661264	0.343868379168064	1.32937882661264	1.39020082806933	0.3438684392709	2.19514973471405	0.343868439270901	0.375936170785056	1.32937882661264	0.343868379168066	1.32937882661264
1	1.05376567878241	2.00500042342331	1.05376567878241	1.05376547005786	1.9394700058075	1.13011533168198	1.9394700058075	2.00499877956782	1.13011534753819	4.00744184074306	1.13011534753819	1.05376547005786	1.9394700058075	1.13011533168198	1.9394700058075	2.23609989004711	0.37593678172623	1.39020203097011	0.375936781726234	0.375936146623318	1.32937922264044	0.343868367195685	1.32937922264044	1.39020094636668	0.343868427388061	2.19514974259627	0.343868427388062	0.375936146623322	1.32937922264044	0.343868367195686	1.32937922264044
1	1.05376564191372	2.00500036397957	1.05376564191372	1.05376543290388	1.93947032983615	1.1301152640369	1.93947032983615	2.00499871716519	1.13011528014231	4.00744139537191	1.13011528014231	1.05376543290388	1.93947032983615	1.1301152640369	1.93947032983615	2.23609990051051	0.375936760472918	1.3902021387375	0.375936760472922	0.37593612511512	1.3293795762177	0.343868356578004	1.32937957621771	1.39020105241575	0.343868416844488	2.19514974963332	0.343868416844489	0.375936125115124	1.32937957621771	0.343868356578006	1.32937957621771
1	1.05376560903627	2.00500031144109	1.05376560903627	1.05376539978209	1.9394706191112	1.13011520375992	1.9394706191112	2.00499866205506	1.13011522007317	4.00744099770003	1.13011522007317	1.0537653997821	1.9394706191112	1.13011520375992	1.9394706191112	2.23609990997819	0.375936741545131	1.39020223528887	0.375936741545136	0.375936105967471	1.32937989189521	0.343868347160268	1.32937989189522	1.39020114747371	0.343868407488018	2.19514975591585	0.343868407488019	0.375936105967475	1.32937989189522	0.34386834716027	1.32937989189522
1	1.05376557971692	2.00500026499863	1.05376557971692	1.05376537025341	1.93947087736087	1.13011515004538	1.93947087736087	2.00499861337751	1.13011516653189	4.00744064261898	1.13011516653189	1.05376537025341	1.93947087736087	1.13011515004538	1.93947087736086	2.2360999185449	0.375936724687305	1.39020232178326	0.375936724687309	0.375936088919941	1.32938017373584	0.343868338805593	1.32938017373584	1.39020123267016	0.343868399183932	2.19514976152478	0.343868399183934	0.375936088919946	1.32938017373584	0.343868338805594	1.32938017373585
