1	1.0264809381789	1.05296538087109	1.0264809381789	1.02665874179403	1.04370521052175	1.06389110724467	1.0437052105217	1.05095289009696	1.06310280858811	1.11636107596588	1.06310280858811	1.02665874179403	1.0437052105217	1.06389110724467	1.04370521052175	0.450407579627802	0.370998194145446	0.371336137680203	0.370998194145447	0.372599806336305	0.333528896767596	0.329973530491283	0.333528896767508	0.365484956775187	0.328212717672367	0.398165307472244	0.328212717672368	0.372599806336306	0.333528896767508	0.329973530491283	0.333528896767597
1	1.03366622382019	1.06676058659242	1.03366622382019	1.03388293271688	1.05372676134677	1.07823800609414	1.05372676134674	1.06469515878932	1.07739383859802	1.15103343785195	1.07739383859802	1.03388293271688	1.05372676134674	1.07823800609414	1.05372676134677	0.488697033356493	0.391900054543029	0.391859117198624	0.39190005454303	0.393448287494986	0.347462212157035	0.343615157957366	0.34746221215699	0.38688915294879	0.341968130972472	0.428609524891945	0.341968130972472	0.393448287494987	0.34746221215699	0.343615157957367	0.347462212157037
1	1.03781710010721	1.07464698791947	1.03781710010721	1.03805550304709	1.05898150129207	1.08563592107092	1.05898150129205	1.07271926800902	1.08479837086743	1.17263628130879	1.08479837086743	1.03805550304709	1.05898150129205	1.08563592107092	1.05898150129207	0.511920760986492	0.403145190571512	0.403275147719176	0.403145190571513	0.404692341294856	0.354901002475624	0.350863945300269	0.3549010024756	0.398877302126171	0.349277893297951	0.446627355212234	0.349277893297952	0.404692341294857	0.3549010024756	0.350863945300269	0.354901002475625
1	1.04015506117662	1.07910913214423	1.04015506117662	1.04040636935593	1.06174385728181	1.08946556796399	1.0617438572818	1.07732671147248	1.08864247512275	1.18568393726884	1.08864247512275	1.04040636935593	1.0617438572818	1.08946556796399	1.06174385728181	0.526006663808852	0.409194240074233	0.409612273030978	0.409194240074235	0.410759101347408	0.358886209791424	0.354719418657386	0.358886209791411	0.40555256936985	0.35316193570501	0.457015674902597	0.35316193570501	0.410759101347409	0.358886209791411	0.354719418657386	0.358886209791426
1	1.04145062071726	1.08161744356402	1.04145062071726	1.04171044440779	1.06320252066485	1.09145932175769	1.06320252066484	1.0799411721275	1.09064600228356	1.19335984463747	1.09064600228356	1.04171044440779	1.06320252066484	1.09145932175769	1.06320252066485	0.534550195769374	0.412450417290505	0.413127653280866	0.412450417290507	0.414036112526505	0.361026493061621	0.356773421113806	0.361026493061615	0.409258093124552	0.355227295996189	0.462907832806036	0.35522729599619	0.414036112526506	0.361026493061615	0.356773421113807	0.361026493061623
1	1.04216107197954	1.08302167631581	1.04216107197954	1.04242689017498	1.06397617319469	1.09250276986292	1.06397617319469	1.08141285091824	1.09169422924157	1.19778812978351	1.09169422924157	1.04242689017498	1.06397617319469	1.09250276986292	1.06397617319469	0.539732109828272	0.414203924105582	0.415077019794249	0.414203924105583	0.415807328025805	0.362177471971131	0.357868243549057	0.362177471971129	0.411311908931106	0.356325594935126	0.466218122256387	0.356325594935127	0.415807328025806	0.362177471971129	0.357868243549057	0.362177471971133
1	1.04254798824362	1.08380568332676	1.04254798824362	1.04281806497249	1.06438793833839	1.09305090810153	1.06438793833838	1.08223686237927	1.09224412801467	1.20030881035868	1.09224412801467	1.04281806497249	1.06438793833838	1.09305090810153	1.06438793833838	0.542875099549819	0.415148088361188	0.416157494029268	0.415148088361189	0.416764547398817	0.362796676333428	0.358451304705807	0.362796676333427	0.412449453298994	0.356909083929882	0.468068318951029	0.356909083929883	0.416764547398818	0.362796676333427	0.358451304705808	0.362796676333429
1	1.04275769913483	1.08424254946553	1.04275769913483	1.04303073624067	1.06460761095468	1.09333938401255	1.06460761095468	1.08269666023822	1.09253296135246	1.20173127816335	1.09253296135246	1.04303073624067	1.06460761095468	1.09333938401255	1.06460761095468	0.544781419204519	0.41565613224053	0.416755977385924	0.415656132240532	0.417281447468018	0.36312970783657	0.358761197005488	0.36312970783657	0.413079348493474	0.357218520988658	0.469099818005607	0.357218520988659	0.417281447468019	0.36312970783657	0.358761197005489	0.363129707836572
1	1.04287096334833	1.08448560601144	1.04287096334833	1.04314598127046	1.06472495807934	1.09349120984293	1.06472495807934	1.08295267232439	1.0926846382191	1.20252978967086	1.0926846382191	1.04314598127046	1.06472495807934	1.09349120984293	1.06472495807934	0.545937660523306	0.415929209636418	0.417087203394405	0.41592920963642	0.417560197722682	0.363308694976433	0.358925421832208	0.363308694976433	0.413428144571725	0.357382215618436	0.469674303362918	0.357382215618437	0.417560197722683	0.363308694976433	0.358925421832209	0.363308694976435
1	1.04293196010447	1.08462064441681	1.04293196010447	1.04320825852928	1.06478767177454	1.0935709866586	1.06478767177454	1.0830950378136	1.0927641712962	1.20297671106593	1.0927641712962	1.04320825852928	1.06478767177454	1.0935709866586	1.06478767177454	0.546638956299326	0.416075778408478	0.417270332036754	0.416075778408479	0.417710250806353	0.363404790385032	0.35901212428315	0.363404790385032	0.413621313815881	0.357468547028701	0.469994211985943	0.357468547028702	0.417710250806355	0.363404790385032	0.359012124283151	0.363404790385033
1	1.0429647240798	1.08469556770081	1.0429647240798	1.04324182416676	1.06482117932121	1.09361277467515	1.06482117932121	1.08317415182349	1.09280576593797	1.20322648513424	1.09280576593797	1.04324182416676	1.06482117932121	1.09361277467515	1.06482117932121	0.54706431365434	0.416154306807917	0.417371461645122	0.416154306807918	0.417790847640576	0.363456314313018	0.359057688121304	0.363456314313018	0.413728318737458	0.357513912499059	0.470172420175925	0.35751391249906	0.417790847640578	0.363456314313018	0.359057688121305	0.36345631431302
1	1.04298227898677	1.0847370794781	1.04298227898677	1.04325986641013	1.06483906745559	1.09363456416976	1.06483906745559	1.08321810332399	1.09282743925087	1.20336600956305	1.09282743925087	1.04325986641013	1.06483906745559	1.09363456416976	1.06483906745559	0.547322306046485	0.416196292805825	0.41742723428622	0.416196292805826	0.417834025336654	0.363483896650728	0.359081499926194	0.363483896650728	0.413787610445319	0.357537649741358	0.470271757913676	0.357537649741359	0.417834025336655	0.363483896650728	0.359081499926194	0.36348389665073
1	1.04299166062343	1.08476004560062	1.04299166062343	1.04326953637786	1.06484860469212	1.09364585727637	1.06484860469212	1.08324251981848	1.09283867876357	1.20344395982197	1.09283867876357	1.04326953637786	1.06484860469212	1.09364585727637	1.06484860469212	0.547478786323754	0.416218686630583	0.417457946277116	0.416218686630585	0.417857086448454	0.363498635072879	0.359093860595787	0.363498635072879	0.413820474734945	0.357550008052064	0.470327177575856	0.357550008052065	0.417857086448455	0.363498635072879	0.359093860595787	0.363498635072881
1	1.04299666040351	1.08477273122958	1.04299666040351	1.0432747024105	1.06485368071281	1.09365166501352	1.06485368071281	1.0832560861003	1.09284447298577	1.20348753349721	1.09284447298577	1.0432747024105	1.06485368071281	1.09365166501352	1.06485368071281	0.547573696305869	0.416230597308432	0.417474829515476	0.416230597308434	0.417869359905993	0.363506493575711	0.359100224564197	0.363506493575712	0.413838697292962	0.3575564041898	0.470358125396566	0.357556404189801	0.417869359905995	0.363506493575712	0.359100224564197	0.363506493575713
1	1.04299931668438	1.08477972647819	1.04299931668438	1.04327745211832	1.0648563766151	1.09365462223042	1.0648563766151	1.08326362658314	1.09284743816765	1.20351191451086	1.09284743816765	1.04327745211832	1.0648563766151	1.09365462223042	1.0648563766151	0.547631261475521	0.416236911702436	0.417484092565615	0.416236911702437	0.417875865066138	0.363510673116204	0.359103467934821	0.363510673116204	0.413848804800001	0.357559691197254	0.470375424799439	0.357559691197254	0.417875865066139	0.363510673116204	0.359103467934821	0.363510673116206
1	1.04300072310186	1.08478357558608	1.04300072310186	1.04327890966222	1.06485780437498	1.09365610930628	1.06485780437498	1.08326781825414	1.09284894214815	1.2035255635583	1.09284894214815	1.04327890966222	1.06485780437498	1.09365610930628	1.06485780437498	0.547666176849645	0.41624024700772	0.417489164377862	0.416240247007722	0.417879296625045	0.36351288989546	0.359105099940408	0.36351288989546	0.413854414186843	0.357561366150181	0.470385107122649	0.357561366150181	0.417879296625047	0.36351288989546	0.359105099940409	0.363512889895462
1	1.04300146479508	1.0847856890981	1.04300146479508	1.04327967849987	1.06485855820065	1.09365684489065	1.06485855820065	1.08327014960074	1.09284969648497	1.20353321431109	1.09284969648497	1.04327967849987	1.06485855820065	1.09365684489065	1.06485855820065	0.547687354297007	0.416242001088003	0.417491934574304	0.416242001088005	0.417881096573827	0.363514061687999	0.35910590758511	0.363514061687999	0.413857528666806	0.357562210710436	0.47039053264978	0.357562210710436	0.417881096573828	0.363514061687999	0.35910590758511	0.363514061688
1	1.04300185413199	1.08478684683286	1.04300185413199	1.04328008172772	1.06485895473706	1.0936572007697	1.06485895473706	1.0832714469956	1.09285006946758	1.20353750835006	1.09285006946758	1.04328008172772	1.06485895473706	1.0936572007697	1.06485895473706	0.547700199190927	0.416242918876395	0.417493443449395	0.416242918876397	0.417882034324464	0.363514678650159	0.359106298448002	0.36351467865016	0.413859258770185	0.357562630956576	0.470393576663137	0.357562630956576	0.417882034324466	0.36351467865016	0.359106298448003	0.36351467865016
1	1.04300205739885	1.08478747928741	1.04300205739885	1.0432802917622	1.06485916240769	1.09365736765515	1.06485916240769	1.08327216943299	1.09285025047532	1.20353992161089	1.09285025047532	1.0432802917622	1.06485916240769	1.09365736765515	1.06485916240769	0.547707990087393	0.416243396185266	0.417494262708884	0.416243396185267	0.417882518894531	0.363515001968852	0.359106481766066	0.363515001968853	0.413860220367111	0.357562836515116	0.470395286753261	0.357562836515117	0.417882518894532	0.363515001968853	0.359106481766066	0.363515001968854
1	1.04300216283741	1.084787823716	1.04300216283741	1.04328040026301	1.06485927059112	1.09365744233087	1.06485927059112	1.08327257197407	1.09285033611572	1.20354127973248	1.09285033611572	1.04328040026301	1.06485927059112	1.09365744233087	1.06485927059112	0.547712715550142	0.416243642612207	0.417494705920926	0.416243642612208	0.417882766779247	0.363515170458184	0.359106563788655	0.363515170458185	0.413860755137786	0.35756293478	0.47039624877103	0.357562934780001	0.417882766779249	0.363515170458185	0.359106563788656	0.363515170458186
1	1.04300221710549	1.08478801062162	1.04300221710549	1.04328045574487	1.06485932658692	1.09365747324279	1.06485932658692	1.08327279642589	1.09285037518797	1.20354204513461	1.09285037518797	1.04328045574486	1.06485932658692	1.09365747324279	1.06485932658692	0.547715581715582	0.416243768711233	0.417494944689293	0.416243768711234	0.417882891992163	0.363515257670741	0.359106597724885	0.363515257670741	0.413861052725891	0.357562980263275	0.470396790723646	0.357562980263276	0.417882891992164	0.363515257670741	0.359106597724885	0.363515257670742
1	1.04300224477071	1.08478811163134	1.04300224477071	1.04328048375484	1.06485935534334	1.0936574842068	1.06485935534334	1.08327292167117	1.0928503920393	1.2035424771285	1.0928503920393	1.04328048375484	1.06485935534334	1.0936574842068	1.06485935534334	0.547717320149418	0.416243832527713	0.417495072690609	0.416243832527714	0.417882954217912	0.36351530244142	0.359106609741812	0.363515302441421	0.413861218439444	0.357563000318592	0.470397096479623	0.357563000318592	0.417882954217914	0.363515302441421	0.359106609741812	0.363515302441422
1	1.0430022587063	1.08478816596065	1.0430022587063	1.04328049766432	1.06485936996756	1.0936574866463	1.06485936996756	1.08327299161487	1.09285039862593	1.20354272131518	1.09285039862593	1.04328049766432	1.06485936996756	1.0936574866463	1.06485936996756	0.547718374572919	0.416243864373328	0.417495140916213	0.416243864373329	0.41788298447728	0.363515325189198	0.359106612393953	0.363515325189198	0.413861310785229	0.357563008472835	0.470397269239974	0.357563008472835	0.417882984477281	0.363515325189198	0.359106612393953	0.3635153251892
1	1.04300226561903	1.08478819501955	1.04300226561903	1.04328050442132	1.06485937731338	1.09365748585098	1.06485937731338	1.08327303070884	1.092850400697	1.20354285955751	1.092850400697	1.04328050442132	1.06485937731338	1.09365748585098	1.06485937731338	0.547719014119215	0.416243879975282	0.417495177032056	0.416243879975284	0.417882998753183	0.363515336597118	0.359106611495638	0.363515336597117	0.413861362286255	0.357563011288622	0.470397367005874	0.357563011288623	0.417882998753184	0.363515336597117	0.359106611495638	0.363515336597119
1	1.0430022689791	1.08478821045962	1.0430022689791	1.04328050760448	1.06485938094448	1.09365748414082	1.06485938094448	1.08327305257994	1.09285040093763	1.20354293794587	1.09285040093763	1.04328050760447	1.06485938094448	1.09365748414082	1.06485938094448	0.54771940202736	0.416243887430339	0.417495195992453	0.41624388743034	0.41788300519219	0.363515342221395	0.359106609596828	0.363515342221395	0.413861391032336	0.357563011867968	0.470397422420218	0.357563011867969	0.417883005192192	0.363515342221395	0.359106609596829	0.363515342221397
