1	2.72448874394783	1.05305986855773	2.72448874394794	2.72448874421793	1.09340883287714	1.07466192032438	1.09340883287973	1.05305986855609	1.07466192032427	3.52626521584581	1.07466192032427	2.72448874421804	1.09340883287973	1.07466192032437	1.09340883287716	7.49999999999999	0.842540433094603	0.0775882811032621	0.842540433094648	0.842540433188977	0.104722346711433	-0.0762913498024234	0.104722346712579	0.0775882811018381	-0.0762913498022993	-0.570514929778778	-0.0762913498022972	0.842540433189023	0.104722346712579	-0.0762913498024213	0.104722346711442
1	4.2199139905748	1.04912626259313	4.21991399057493	4.21991399076142	1.08534865160864	1.06854708010698	1.08534865160867	1.0491262625928	1.06854708010725	5.21881055697288	1.06854708010725	4.21991399076156	1.08534865160867	1.06854708010697	1.08534865160865	7.49999999999999	1.3882699279278	0.0759707356356834	1.38826992792786	1.38826992799502	0.101625923342858	-0.0742123172694595	0.101625923342877	0.075970735635541	-0.0742123172696513	-0.877796876472952	-0.0742123172696493	1.38826992799507	0.101625923342877	-0.0742123172694575	0.101625923342866
1	5.30598466193394	1.04714761923407	5.30598466193407	5.3059846620475	1.08007651151237	1.06436327932847	1.08007651151237	1.04714761923391	1.06436327932866	6.07535038998702	1.06436327932865	5.30598466204763	1.08007651151237	1.06436327932846	1.08007651151238	7.49999999999999	1.79691842567157	0.0757539240071099	1.79691842567163	1.79691842571411	0.100033048724536	-0.0730757377648065	0.10003304872454	0.075753924007093	-0.0730757377649534	-1.04404074500821	-0.0730757377649515	1.79691842571417	0.10003304872454	-0.0730757377648045	0.100033048724543
1	6.0364197089872	1.04619757948063	6.03641970898732	6.03641970904444	1.07626577072933	1.06124511189615	1.07626577072934	1.04619757948057	1.06124511189625	6.31105865222539	1.06124511189625	6.03641970904456	1.07626577072934	1.06124511189615	1.07626577072934	7.49999999999999	2.08447025752351	0.0761249943271102	2.08447025752356	2.08447025754603	0.0989888541574958	-0.0722799542219167	0.0989888541574997	0.0761249943271441	-0.0722799542220058	-1.10128839823889	-0.0722799542220038	2.08447025754609	0.0989888541574997	-0.0722799542219147	0.0989888541575035
1	6.48971829412402	1.04593633512666	6.48971829412414	6.48971829414866	1.07363541852358	1.05917260331936	1.07363541852358	1.04593633512665	1.05917260331941	6.16153683022262	1.05917260331941	6.48971829414878	1.07363541852358	1.05917260331936	1.07363541852359	7.49999999999999	2.27029026943695	0.0767507889110051	2.27029026943701	2.2702902694471	0.098267192641046	-0.0717811989500425	0.0982671926410496	0.0767507889110399	-0.0717811989500859	-1.08601154745819	-0.0717811989500841	2.27029026944716	0.0982671926410496	-0.0717811989500406	0.0982671926410535
1	6.75774280234308	1.04602178648761	6.75774280234319	6.75774280235261	1.07195111687123	1.05795433633843	1.07195111687123	1.04602178648761	1.05795433633845	5.82293686994108	1.05795433633844	6.75774280235272	1.07195111687123	1.05795433633842	1.07195111687124	7.49999999999999	2.38287850755206	0.0773624022265257	2.38287850755212	2.38287850755612	0.0977722327015889	-0.0715095358675347	0.0977722327015927	0.0773624022265462	-0.0715095358675525	-1.03172611257188	-0.0715095358675506	2.38287850755618	0.0977722327015927	-0.0715095358675328	0.0977722327015965
1	6.9150659926562	1.04622624739377	6.9150659926563	6.91506599265964	1.07093405571415	1.05731034815011	1.07093405571416	1.04622624739377	1.05731034815011	5.42199527811977	1.05731034815011	6.91506599265975	1.07093405571416	1.0573103481501	1.07093405571416	7.49999999999999	2.44922689588735	0.0778445298645668	2.4492268958874	2.44922689588885	0.0974392127176831	-0.0713816481649595	0.0974392127176869	0.0778445298645761	-0.0713816481649659	-0.96224509254526	-0.0713816481649641	2.4492268958889	0.0974392127176869	-0.0713816481649576	0.0974392127176907
1	7.00983882172936	1.0464456174952	7.00983882172946	7.00983882173056	1.07033676759663	1.05700190292626	1.07033676759663	1.0464456174952	1.05700190292626	5.03001545771313	1.05700190292626	7.00983882173066	1.07033676759663	1.05700190292626	1.07033676759664	7.49999999999999	2.48865824732604	0.0781950816645375	2.4886582473261	2.48865824732657	0.0972177298875884	-0.071333947636023	0.097217729887592	0.0781950816645412	-0.0713339476360253	-0.892021675654445	-0.0713339476360235	2.48865824732663	0.097217729887592	-0.0713339476360212	0.0972177298875959
1	7.06953826806863	1.04664346072159	7.06953826806873	7.06953826806903	1.06998486017125	1.0568707224076	1.06998486017125	1.04664346072159	1.0568707224076	4.68357283170389	1.0568707224076	7.06953826806914	1.06998486017125	1.0568707224076	1.06998486017126	7.49999999999999	2.51293909816756	0.0784478914146492	2.51293909816762	2.51293909816774	0.0970707506296645	-0.0713271454365842	0.0970707506296682	0.0784478914146504	-0.071327145436585	-0.82887398707932	-0.071327145436583	2.5129390981678	0.0970707506296682	-0.0713271454365823	0.097070750629672
1	7.10897385018903	1.04680982151269	7.10897385018913	7.10897385018916	1.06977152386841	1.05682519835774	1.06977152386841	1.04680982151269	1.05682519835774	4.39792800773092	1.05682519835774	7.10897385018926	1.06977152386841	1.05682519835774	1.06977152386842	7.49999999999999	2.52862674028893	0.07863391236908	2.52862674028898	2.52862674028898	0.0969729426180238	-0.071338983611113	0.0969729426180274	0.0786339123690805	-0.0713389836111134	-0.776284908863029	-0.0713389836111114	2.52862674028904	0.0969729426180274	-0.0713389836111111	0.0969729426180313
1	7.13602988295078	1.04694375498557	7.13602988295088	7.13602988295088	1.06963635701731	1.05681667777499	1.06963635701732	1.04694375498557	1.05681667777499	4.17480925063575	1.05681667777499	7.13602988295099	1.06963635701732	1.05681667777499	1.06963635701732	7.49999999999999	2.5392296725697	0.0787732662822297	2.53922967256975	2.53922967256974	0.0969075238885005	-0.0713572802846571	0.0969075238885042	0.0787732662822299	-0.0713572802846572	-0.734948116564677	-0.0713572802846553	2.53922967256979	0.0969075238885042	-0.0713572802846552	0.0969075238885079
1	8.43424015933313	1.0138023470847	8.43424015933318	8.43423981075158	1.01584053911067	1.01743168620345	1.01584053911067	1.01380234658484	1.01743168643768	1.2552310305244	1.01743168643768	8.43423981075162	1.01584053911067	1.01743168620345	1.01584053911067	7.49999999999999	3.89214036028847	0.0547881495177315	3.89214036028852	3.89214042137951	0.058420132751911	-0.0499720723716786	0.058420132751911	0.0547881516754317	-0.0499720736568613	-0.174488806196275	-0.0499720736568601	3.89214042137956	0.058420132751911	-0.0499720723716774	0.0584201327519152
1	7.71658420569406	1.00735339635794	7.71658420569409	7.71658493764254	1.00772903808736	1.00931868170331	1.00772903808736	1.00735339715092	1.00931868173457	1.11372423222158	1.00931868173457	7.71658493764258	1.00772903808736	1.00931868170331	1.00772903808736	7.49999999999999	4.00997208775007	0.0450230447332482	4.00997208775011	4.00997242020736	0.0459931360327638	-0.0412005154296821	0.0459931360327653	0.0450230465589282	-0.041200515314619	-0.127533399935311	-0.041200515314618	4.0099724202074	0.0459931360327653	-0.0412005154296811	0.045993136032767
1	7.58203552511372	1.00659787417362	7.58203552511375	7.58203960897253	1.00690451506086	1.00842332490544	1.00690451506086	1.00659787813985	1.00842332512557	1.10157878915492	1.00842332512557	7.58203960897256	1.00690451506086	1.00842332490544	1.00690451506086	7.49999999999999	4.02245895126505	0.0435445238990584	4.0224589512651	4.02246092873161	0.0443793199579975	-0.0399877563281676	0.044379319957999	0.0435445345676922	-0.0399877561066613	-0.122707711529972	-0.0399877561066603	4.02246092873166	0.044379319957999	-0.0399877563281667	0.0443793199580006
1	7.5590231015816	1.00647778896921	7.55902310158163	7.55989456828468	1.00677509113871	1.00828177995492	1.00677509113871	1.00647862573078	1.00828182926414	1.09971362246626	1.00828182926413	7.55989456828471	1.00677509113871	1.00828177995491	1.00677509113871	7.49999999999999	4.02425938272571	0.0432982021813432	4.02425938272576	4.02468384705134	0.0441148445392769	-0.0397884539136968	0.0441148445392784	0.0433004938965243	-0.0397884170924275	-0.121947754881071	-0.0397884170924266	4.02468384705138	0.0441148445392784	-0.0397884539136959	0.04411484453928
1	7.45742151698036	1.00636915504618	7.4574215169804	7.64048295091559	1.00675116139172	1.00825015064177	1.00675116139172	1.00654323307344	1.00826051973691	1.09936441158518	1.00826051973691	7.64048295091562	1.00675116139172	1.00825015064177	1.00675116139172	7.49999999999999	3.97568704417456	0.0430026251148775	3.9756870441746	4.06530507161679	0.0440558463924427	-0.0397449998848094	0.0440558463924443	0.043484027130946	-0.0397386798131712	-0.12177655889326	-0.0397386798131703	4.06530507161684	0.0440558463924443	-0.0397449998848085	0.0440558463924458
1	1.03372976840685	1.00444345992013	1.03372976840685	8.09075939457836	1.00590691883016	1.0069461242107	1.00590691883016	1.00716700700546	1.00752511770555	1.08555661130063	1.00752511770555	8.09075939457839	1.00590691883016	1.0069461242107	1.00590691883016	7.49999999999999	0.126416324205137	0.0322101240858752	0.12641632420514	4.25526483738241	0.0386770245836769	-0.0336908793694383	0.0386770245836782	0.0449495977813179	-0.0361670868761408	-0.105674992283919	-0.0361670868761399	4.25526483738245	0.0386770245836782	-0.0336908793694374	0.0386770245836796
1	1.03620304512302	1.00576216290556	1.03620304512302	7.50690330579053	1.00601932572143	1.00776859086494	1.00601932572143	1.00594068002832	1.00739545666251	1.09168769764315	1.00739545666251	7.50690330579055	1.00601932572143	1.00776859086494	1.00601932572143	7.49999999999999	0.121976572687111	0.0341515814883429	0.121976572687114	4.27643857458925	0.0387692914137996	-0.0345847033734094	0.0387692914138011	0.0443681621485188	-0.0365505848429047	-0.108900888733062	-0.0365505848429039	4.27643857458929	0.0387692914138009	-0.0345847033734086	0.0387692914138023
1	1.03615431662588	1.00577186790304	1.03615431662588	7.36415335575894	1.00583221206337	1.0076179721973	1.00583221206337	1.0055342414117	1.00712316515189	1.08908453289919	1.00712316515189	7.36415335575897	1.00583221206337	1.0076179721973	1.00583221206337	7.49999999999999	0.12144145277691	0.0340537930474435	0.121441452776913	4.28158615335406	0.0383673214082849	-0.0343122932932927	0.0383673214082863	0.04371721307623	-0.0362126701225782	-0.107857940130516	-0.0362126701225775	4.2815861533541	0.0383673214082862	-0.0343122932932918	0.0383673214082876
1	1.036136850871	1.00577363676715	1.036136850871	7.32645045611229	1.00578410143813	1.00757850468066	1.00578410143813	1.00542946099779	1.00705267783435	1.08839543546638	1.00705267783435	7.32645045611232	1.00578410143813	1.00757850468066	1.00578410143813	7.49999999999999	0.121300984632921	0.034027996782967	0.121300984632924	4.28293745617493	0.0382638721296763	-0.0342415696724461	0.0382638721296777	0.0435410383827061	-0.0361240717882866	-0.107578545093458	-0.0361240717882859	4.28293745617497	0.0382638721296776	-0.0342415696724452	0.038263872129679
1	1.03613213682105	1.00577410404155	1.03613213682105	7.31632163488487	1.0057713006575	1.00756799958432	1.0057713006575	1.00540151542623	1.00703388121192	1.0882118264856	1.00703388121192	7.31632163488489	1.0057713006575	1.00756799958432	1.0057713006575	7.49999999999999	0.121263596823155	0.0340211475186151	0.121263596823158	4.28329988175348	0.0382363339888507	-0.0342227757316778	0.0382363339888521	0.0434934848351117	-0.0361003825291593	-0.107504089654834	-0.0361003825291585	4.28329988175352	0.038236333988852	-0.034222775731677	0.0382363339888534
1	1.03613086708119	1.00577422996878	1.03613086708119	7.31358827228118	1.00576785549226	1.00756517231563	1.00576785549226	1.00539398894226	1.0070288191485	1.08816239863086	1.0070288191485	7.31358827228121	1.00576785549226	1.00756517231563	1.00576785549226	7.49999999999999	0.121253537403951	0.0340193056643141	0.121253537403954	4.28339764252449	0.0382289215201738	-0.0342177197743592	0.0382289215201752	0.0434806363191479	-0.0360939984191007	-0.107484047088117	-0.0360939984190998	4.28339764252453	0.0382289215201751	-0.0342177197743583	0.0382289215201765
1	1.03613052423325	1.00577426398354	1.03613052423325	7.3128497528048	1.00576692532989	1.0075644089846	1.00576692532989	1.00539195647113	1.00702745220395	1.08814905276453	1.00702745220395	7.31284975280482	1.00576692532989	1.0075644089846	1.00576692532989	7.49999999999999	0.121250821728787	0.0340188085010472	0.12125082172879	4.2834240530734	0.038226920157881	-0.0342163548797005	0.0382269201578824	0.0434771636744288	-0.0360922741540712	-0.107478635348783	-0.0360922741540704	4.28342405307345	0.0382269201578823	-0.0342163548796996	0.0382269201578837
1	1.03613043158537	1.00577427317646	1.03613043158537	7.31265014898399	1.00576667397914	1.00756420271589	1.00576667397915	1.00539140722325	1.0070270828077	1.08814544632859	1.0070270828077	7.31265014898401	1.00576667397915	1.00756420271589	1.00576667397915	7.49999999999999	0.121250087907212	0.0340186741586618	0.121250087907215	4.28343119097079	0.0382263793386554	-0.0342159860606476	0.0382263793386569	0.0434762250193894	-0.0360918081715985	-0.107477173218556	-0.0360918081715977	4.28343119097083	0.0382263793386568	-0.0342159860606468	0.0382263793386581
1	1.03613040654433	1.00577427566125	1.03613040654433	7.31259619618203	1.00576660604283	1.00756414696461	1.00576660604283	1.0053912587677	1.00702698296418	1.08814447157283	1.00702698296418	7.31259619618206	1.00576660604283	1.00756414696461	1.00576660604283	7.49999999999999	0.121249889570476	0.0340186378523115	0.121249889570479	4.2834331203236	0.0382262331638428	-0.0342158863786507	0.0382262331638443	0.0434759712959474	-0.0360916822215721	-0.107476777877783	-0.0360916822215714	4.28343312032365	0.0382262331638442	-0.0342158863786499	0.0382262331638455
1	1.03613039977543	1.0057742763329	1.03613039977543	7.3125816124088	1.00576658767947	1.00756413189489	1.00576658767947	1.00539121863966	1.00702695597615	1.08814420808669	1.00702695597615	7.31258161240883	1.00576658767947	1.00756413189489	1.00576658767947	7.49999999999999	0.121249835958333	0.0340186280368517	0.121249835958336	4.2834336418383	0.0382261936520031	-0.0342158594327888	0.0382261936520046	0.043475902712221	-0.036091648176095	-0.107476671087057	-0.0360916481760942	4.28343364183834	0.0382261936520044	-0.0342158594327878	0.0382261936520058
1	1.03613039794566	1.00577427651427	1.03613039794566	7.31257767028789	1.00576658271571	1.00756412782125	1.00576658271571	1.00539120779277	1.00702694868104	1.08814413690364	1.00702694868104	7.31257767028791	1.00576658271571	1.00756412782125	1.00576658271571	7.49999999999999	0.121249821474107	0.0340186253957512	0.12124982147411	4.28343378280806	0.0382261829743702	-0.0342158521597976	0.0382261829743716	0.0434758841749973	-0.0360916389776265	-0.107476641733648	-0.0360916389776257	4.2834337828081	0.0382261829743715	-0.0342158521597968	0.0382261829743729
1	1.03613039745039	1.00577427656343	1.0361303974504	7.31257660466971	1.00576658137388	1.00756412672013	1.00576658137388	1.00539120486061	1.00702694670904	1.08814411761131	1.00702694670904	7.31257660466974	1.00576658137388	1.00756412672013	1.00576658137388	7.49999999999999	0.121249817549077	0.0340186246674374	0.12124981754908	4.2834338209146	0.0382261800847364	-0.0342158501809287	0.0382261800847377	0.0434758791620954	-0.0360916364859711	-0.107476634371927	-0.0360916364859703	4.28343382091464	0.0382261800847376	-0.0342158501809278	0.0382261800847391
1	1.03613039731743	1.00577427657668	1.03613039731743	7.31257631665935	1.00576658101128	1.0075641264226	1.00576658101128	1.00539120406819	1.0070269461761	1.08814411243218	1.0070269461761	7.31257631665938	1.00576658101128	1.0075641264226	1.00576658101128	7.49999999999999	0.121249816495022	0.034018624479938	0.121249816495025	4.28343383121373	0.0382261793059256	-0.0342158496545537	0.0382261793059269	0.0434758778085911	-0.0360916358159224	-0.107476632013981	-0.0360916358159216	4.28343383121377	0.0382261793059268	-0.0342158496545529	0.0382261793059283
1	1.03613039728103	1.00577427658039	1.03613039728103	7.31257623880011	1.00576658091322	1.00756412634223	1.00576658091323	1.00539120385391	1.00702694603202	1.08814411098811	1.00702694603202	7.31257623880013	1.00576658091323	1.00756412634223	1.00576658091323	7.49999999999999	0.121249816201617	0.0340186244165474	0.12124981620162	4.28343383399808	0.0382261790924806	-0.0342158495009178	0.038226179092482	0.0434758774409498	-0.0360916356302314	-0.107476631883656	-0.0360916356302307	4.28343383399813	0.0382261790924818	-0.034215849500917	0.0382261790924834
