1	1.1376471252555	1.17891032175163	1.1376471252555	1.1376471252555	1.21421601153332	1.25127929303941	1.21421601153332	1.17891032175163	1.25127929303941	1.28072087253727	1.25127929303941	1.1376471252555	1.21421601153332	1.25127929303941	1.21421601153332	1.00507744089499	0.63864213776922	0.506496437427499	0.638642137769224	0.638642137769219	0.561205160809853	0.49082982879986	0.561205160809854	0.506496437427499	0.490829828799859	0.44852373198711	0.490829828799861	0.638642137769222	0.561205160809854	0.490829828799862	0.561205160809857
1	1.15932534116805	1.20097862619696	1.15932534116805	1.15932534116805	1.24252450649514	1.2784011311139	1.24252450649514	1.20097862619696	1.2784011311139	1.30872909496429	1.2784011311139	1.15932534116804	1.24252450649514	1.2784011311139	1.24252450649514	1.06268080610983	0.641478478691382	0.499431267632288	0.641478478691386	0.64147847869138	0.556758432668663	0.480895243907623	0.556758432668666	0.49943126763229	0.480895243907627	0.438476401929579	0.480895243907628	0.641478478691384	0.556758432668666	0.480895243907625	0.556758432668667
1	1.17406604860452	1.2136553589798	1.17406604860452	1.17406604860451	1.25953613727712	1.29239111869738	1.25953613727712	1.2136553589798	1.29239111869738	1.32264670366673	1.29239111869738	1.17406604860451	1.25953613727712	1.29239111869738	1.25953613727712	1.1098424526916	0.644894601669524	0.496751844680121	0.644894601669528	0.644894601669522	0.555920963603203	0.476979453595875	0.555920963603207	0.496751844680124	0.476979453595876	0.43496275275349	0.476979453595877	0.644894601669526	0.555920963603207	0.476979453595876	0.555920963603207
1	1.18421985184654	1.22120520527785	1.18421985184654	1.18421985184654	1.27014725179347	1.2999708634622	1.27014725179347	1.22120520527786	1.2999708634622	1.3301232945953	1.2999708634622	1.18421985184654	1.27014725179347	1.2999708634622	1.27014725179347	1.14845514311195	0.648367986053209	0.496174406339269	0.648367986053213	0.648367986053208	0.556726006793902	0.475785401984901	0.556726006793907	0.496174406339268	0.4757854019849	0.434139429640099	0.475785401984902	0.648367986053212	0.556726006793906	0.475785401984902	0.556726006793907
1	1.19135011477471	1.22592160743052	1.19135011477471	1.19135011477471	1.27708450273911	1.30437420471224	1.27708450273911	1.22592160743052	1.30437420471224	1.33454942854286	1.30437420471224	1.19135011477471	1.27708450273911	1.30437420471224	1.27708450273911	1.18006854021646	0.651600999337856	0.496524463658174	0.65160099933786	0.651600999337856	0.558158412477682	0.475759854196847	0.558158412477684	0.496524463658172	0.475759854196848	0.434358018283473	0.47575985419685	0.65160099933786	0.558158412477684	0.475759854196849	0.558158412477686
1	1.19646700783928	1.22902776164755	1.19646700783928	1.19646700783928	1.28184862508855	1.307149254999	1.28184862508855	1.22902776164755	1.307149254999	1.33744078250099	1.307149254999	1.19646700783928	1.28184862508855	1.307149254999	1.28184862508855	1.20595140062707	0.654457956567171	0.497224326262799	0.654457956567176	0.654457956567174	0.559725802541856	0.476191759930444	0.559725802541858	0.497224326262798	0.476191759930445	0.434929521925847	0.476191759930446	0.654457956567178	0.559725802541858	0.476191759930446	0.559725802541861
1	1.20021847457477	1.23118085563237	1.20021847457477	1.20021847457477	1.28527132930532	1.30904398895839	1.28527132930532	1.23118085563237	1.30904398895839	1.33949286794942	1.30904398895839	1.20021847457477	1.28527132930532	1.30904398895839	1.28527132930532	1.22714249441877	0.656901641074109	0.498002593589131	0.656901641074113	0.656901641074111	0.561207688519102	0.476763912024537	0.561207688519104	0.498002593589127	0.476763912024531	0.435573792190109	0.476763912024533	0.656901641074115	0.561207688519104	0.476763912024538	0.561207688519107
1	1.20302259338346	1.23274100592926	1.20302259338346	1.20302259338346	1.28782353173101	1.3104277781136	1.28782353173101	1.23274100592926	1.3104277781136	1.34103932114532	1.3104277781136	1.20302259338346	1.28782353173101	1.3104277781136	1.28782353173101	1.24449229457971	0.658947895074594	0.498740421400928	0.658947895074598	0.658947895074596	0.562519343877329	0.477340331111136	0.562519343877331	0.498740421400921	0.477340331111131	0.436182992266645	0.477340331111132	0.658947895074601	0.562519343877331	0.477340331111138	0.562519343877333
1	1.20515324273987	1.23391183228852	1.20515324273987	1.20515324273987	1.28978116063331	1.31148978271668	1.28978116063331	1.23391183228852	1.31148978271668	1.34225087707468	1.31148978271668	1.20515324273987	1.28978116063331	1.31148978271668	1.28978116063331	1.25869710951275	0.66063725110379	0.49939287590661	0.660637251103795	0.660637251103791	0.563640883431314	0.477867416376811	0.563640883431316	0.499392875906604	0.477867416376809	0.436721187325928	0.47786741637681	0.660637251103796	0.563640883431316	0.477867416376812	0.563640883431318
1	1.20679373614744	1.23481343269876	1.20679373614744	1.20679373614744	1.29131332149775	1.31233218290262	1.29131332149775	1.23481343269876	1.31233218290262	1.34322252966313	1.31233218290262	1.20679373614744	1.29131332149775	1.31233218290262	1.29131332149775	1.27032702835207	0.662018676125526	0.499949524831184	0.662018676125531	0.662018676125525	0.564581342912858	0.478328373702095	0.564581342912858	0.499949524831181	0.478328373702094	0.437181817629415	0.478328373702096	0.662018676125529	0.564581342912858	0.478328373702097	0.564581342912862
1	1.20806990174307	1.23552031770381	1.20806990174307	1.20806990174307	1.29252912920611	1.31301418536072	1.29252912920611	1.2355203177038	1.31301418536071	1.34401234811324	1.31301418536071	1.20806990174307	1.29252912920611	1.31301418536072	1.29252912920611	1.279848800558	0.663140980325556	0.500415032077468	0.663140980325561	0.663140980325557	0.565360978823187	0.478722304405284	0.565360978823186	0.500415032077465	0.478722304405282	0.43756968955322	0.478722304405283	0.663140980325561	0.565360978823186	0.478722304405286	0.565360978823192
1	1.20907041546522	1.23608129140829	1.20907041546522	1.20907041546522	1.29350277315939	1.31357299023229	1.29350277315939	1.23608129140829	1.31357299023229	1.34465919229986	1.31357299023229	1.20907041546522	1.29350277315939	1.31357299023229	1.2935027731594	1.2876445682918	0.664048750470948	0.500799802951539	0.664048750470953	0.66404875047095	0.566002861746612	0.479054667181001	0.566002861746612	0.500799802951538	0.479054667181002	0.437893383671161	0.479054667181003	0.664048750470955	0.566002861746612	0.479054667181003	0.566002861746616
1	1.20985936966087	1.23653002980263	1.20985936966087	1.20985936966087	1.29428715456578	1.31403392930829	1.29428715456578	1.23653002980262	1.31403392930829	1.34519107954236	1.31403392930829	1.20985936966087	1.29428715456578	1.31403392930829	1.29428715456578	1.29402720307868	0.664780806784764	0.501115622724597	0.664780806784769	0.664780806784765	0.566529123801055	0.479332984832324	0.566529123801056	0.501115622724593	0.479332984832324	0.438162114537431	0.479332984832325	0.664780806784769	0.566529123801056	0.479332984832326	0.56652912380106
1	1.2104841455088	1.23689084363028	1.2104841455088	1.2104841455088	1.29492150288513	1.31441548193108	1.29492150288513	1.23689084363027	1.31441548193108	1.34562932916896	1.31441548193108	1.2104841455088	1.29492150288513	1.31441548193108	1.29492150288513	1.29925286245994	0.665369983862531	0.501373744219145	0.665369983862536	0.665369983862532	0.566959487230157	0.479564967604464	0.566959487230159	0.501373744219143	0.479564967604463	0.43838449950605	0.479564967604464	0.665369983862537	0.566959487230159	0.479564967604466	0.566959487230161
1	1.21098044250758	1.2371819229072	1.21098044250758	1.21098044250758	1.29543578899532	1.31473184227443	1.29543578899532	1.2371819229072	1.31473184227443	1.34599074891482	1.31473184227443	1.21098044250758	1.29543578899532	1.31473184227443	1.29543578899532	1.30353127049275	0.66584354707713	0.50158415473117	0.665843547077134	0.66584354707713	0.567310874699001	0.479757747316458	0.567310874699004	0.50158415473117	0.479757747316456	0.438568145245869	0.479757747316458	0.665843547077134	0.567310874699004	0.479757747316459	0.567310874699006
1	1.21137557278713	1.2374172431557	1.21137557278713	1.21137557278713	1.29585340341927	1.31499429934249	1.29585340341927	1.2374172431557	1.31499429934249	1.34628888179791	1.31499429934249	1.21137557278713	1.29585340341927	1.31499429934249	1.29585340341927	1.30703413471236	0.666223866112979	0.501755393525558	0.666223866112983	0.666223866112979	0.567597503666897	0.47991761678968	0.567597503666899	0.501755393525556	0.47991761678968	0.43871957848265	0.479917616789681	0.666223866112984	0.567597503666899	0.479917616789681	0.567597503666902
1	1.21169068060226	1.23760774325081	1.21169068060225	1.21169068060225	1.29619286938118	1.31521202891706	1.29619286938118	1.23760774325081	1.31521202891705	1.34653478108341	1.31521202891706	1.21169068060225	1.29619286938118	1.31521202891706	1.29619286938118	1.309902037358	0.666529147482232	0.50189461153432	0.666529147482236	0.666529147482231	0.567831172742211	0.480049993521285	0.567831172742212	0.501894611534319	0.480049993521286	0.438844314434196	0.480049993521287	0.666529147482236	0.567831172742212	0.480049993521287	0.567831172742215
1	1.21194228202749	1.23776209357103	1.21194228202749	1.21194228202749	1.29646899870325	1.31539258500938	1.29646899870325	1.23776209357103	1.31539258500938	1.34673753366839	1.31539258500938	1.21194228202749	1.29646899870325	1.31539258500938	1.29646899870325	1.31225007743158	0.666774129921679	0.502007724804916	0.666774129921684	0.666774129921678	0.568021601274733	0.480159477147156	0.568021601274733	0.502007724804914	0.480159477147153	0.438946972783213	0.480159477147155	0.666774129921683	0.568021601274733	0.480159477147158	0.568021601274738
1	1.21214336368805	1.23788722366422	1.21214336368805	1.21214336368805	1.29669371186164	1.31554223091356	1.29669371186164	1.23788722366422	1.31554223091356	1.34690463898067	1.31554223091356	1.21214336368805	1.29669371186164	1.31554223091356	1.29669371186165	1.31417248993314	0.666970701756454	0.50209959225354	0.666970701756459	0.666970701756454	0.568176759305095	0.48024994048346	0.568176759305094	0.502099592253538	0.480249940483455	0.439031402581148	0.480249940483456	0.666970701756459	0.568176759305094	0.480249940483462	0.5681767593051
1	1.21230418539295	1.23798870220037	1.21230418539295	1.21230418539295	1.29687663774544	1.31566617757859	1.29687663774544	1.23798870220037	1.31566617757859	1.34704229908108	1.31566617757859	1.21230418539295	1.29687663774544	1.31566617757859	1.29687663774545	1.31574642820722	0.667128429829307	0.50217418626912	0.667128429829312	0.667128429829306	0.568303167129149	0.480324627826157	0.56830316712915	0.502174186269117	0.480324627826153	0.439100799004011	0.480324627826154	0.667128429829311	0.56830316712915	0.480324627826159	0.568303167129154
1	1.21243288224862	1.2380710193054	1.21243288224862	1.21243288224862	1.29702558020395	1.31576876846213	1.29702558020395	1.2380710193054	1.31576876846213	1.34715564591053	1.31576876846213	1.21243288224862	1.29702558020395	1.31576876846213	1.29702558020395	1.31703505990753	0.667254999779737	0.502234746080673	0.667254999779742	0.667254999779734	0.568406146703766	0.480386246853052	0.568406146703767	0.502234746080671	0.480386246853047	0.439157809200904	0.480386246853049	0.667254999779738	0.568406146703767	0.480386246853053	0.568406146703771
1	1.21253592051315	1.23813780383436	1.21253592051314	1.21253592051314	1.29714687235135	1.3158536248956	1.29714687235135	1.23813780383436	1.3158536248956	1.34724892712407	1.3158536248956	1.21253592051314	1.29714687235135	1.3158536248956	1.29714687235135	1.31809010233607	0.667356580041948	0.502283908184121	0.667356580041952	0.667356580041949	0.568490038857432	0.480437052021023	0.568490038857434	0.502283908184121	0.480437052021022	0.439204622015953	0.480437052021024	0.667356580041953	0.568490038857434	0.480437052021024	0.568490038857437
1	1.21261844945085	1.23819199275703	1.21261844945085	1.21261844945085	1.29724565959472	1.31592376533723	1.29724565959472	1.23819199275703	1.31592376533723	1.34732565745069	1.31592376533723	1.21261844945085	1.29724565959472	1.31592376533723	1.29724565959472	1.31895389803948	0.667438118243004	0.502323816155519	0.667438118243009	0.667438118243004	0.568558381906954	0.480478916959719	0.568558381906955	0.50232381615552	0.480478916959718	0.439243045026445	0.48047891695972	0.667438118243009	0.568558381906955	0.48047891695972	0.568558381906959
1	1.2126845751496	1.23823596524385	1.2126845751496	1.2126845751496	1.29732612551736	1.31598170415334	1.29732612551736	1.23823596524385	1.31598170415333	1.34738874374129	1.31598170415334	1.2126845751496	1.29732612551736	1.31598170415334	1.29732612551736	1.31966111416374	0.667503581400195	0.502356211602338	0.6675035814002	0.667503581400198	0.568614058923808	0.48051339653549	0.568614058923809	0.502356211602337	0.480513396535491	0.439274569420256	0.480513396535493	0.667503581400202	0.568614058923809	0.480513396535492	0.568614058923813
