1	1.12679551339638	1.22314982181385	1.12679551339638	1.12679551339638	1.22314982181814	1.26462529328668	1.22314982181814	1.22314982181385	1.26462529328668	1.65116089880016	1.26462529328668	1.12679551339638	1.22314982181814	1.26462529328668	1.22314982181814	0.849437642633988	0.612516066368965	0.580400062205987	0.612516066368967	0.612516066368966	0.580400062210405	0.511010273690212	0.580400062210406	0.580400062205984	0.511010273690207	0.767924299283431	0.511010273690208	0.612516066368968	0.580400062210406	0.511010273690213	0.580400062210407
1	1.15185435638917	1.26558874688535	1.15185435638917	1.15185435638918	1.26558874688971	1.3072604917214	1.26558874688971	1.26558874688535	1.30726049172139	1.81253336430517	1.30726049172139	1.15185435638917	1.26558874688971	1.3072604917214	1.26558874688971	0.898120922904187	0.626364331077578	0.594271453948835	0.626364331077581	0.62636433107758	0.594271453953014	0.51424210728226	0.594271453953016	0.594271453948834	0.514242107282255	0.825304697930383	0.514242107282256	0.626364331077582	0.594271453953016	0.514242107282261	0.594271453953016
1	1.16913833243742	1.29454498134846	1.16913833243742	1.16913833243743	1.29454498135271	1.33222808206463	1.29454498135271	1.29454498134846	1.33222808206463	1.93854181999178	1.33222808206463	1.16913833243743	1.29454498135271	1.33222808206463	1.29454498135271	0.937979421623281	0.636133237112187	0.606185340738567	0.636133237112189	0.636133237112187	0.606185340742448	0.517474368614441	0.606185340742452	0.606185340738564	0.517474368614439	0.874365110746198	0.517474368614441	0.63613323711219	0.606185340742452	0.517474368614442	0.606185340742451
1	1.18074682030503	1.31440928959347	1.18074682030503	1.18074682030503	1.31440928959751	1.34648747343636	1.31440928959751	1.31440928959347	1.34648747343636	2.03558254660559	1.34648747343636	1.18074682030503	1.31440928959751	1.34648747343636	1.31440928959751	0.970612800296726	0.643009301809083	0.615985591280191	0.643009301809086	0.643009301809084	0.615985591283748	0.520108686869808	0.615985591283752	0.615985591280186	0.520108686869806	0.913574820365582	0.520108686869807	0.643009301809087	0.615985591283752	0.520108686869809	0.615985591283751
1	1.18843264573384	1.32826143684323	1.18843264573384	1.18843264573384	1.32826143684699	1.35444250391668	1.32826143684699	1.32826143684323	1.35444250391668	2.10883256095518	1.35444250391668	1.18843264573384	1.32826143684699	1.35444250391668	1.32826143684699	0.997330750993557	0.647924251267536	0.623874096463672	0.647924251267539	0.647924251267536	0.623874096466895	0.522090609277776	0.623874096466901	0.623874096463667	0.522090609277775	0.943357722292888	0.522090609277776	0.64792425126754	0.623874096466901	0.522090609277777	0.623874096466899
1	1.19351184875117	1.3381647998257	1.19351184875116	1.19351184875117	1.33816479982914	1.35878872535554	1.33816479982915	1.33816479982569	1.35878872535554	2.16291421311682	1.35878872535554	1.19351184875117	1.33816479982915	1.35878872535554	1.33816479982914	1.01920555888801	0.65151263099085	0.630164242709966	0.651512630990853	0.651512630990852	0.630164242712869	0.523529686369788	0.630164242712874	0.630164242709962	0.523529686369787	0.965135444731164	0.523529686369788	0.651512630990855	0.630164242712874	0.52352968636979	0.630164242712872
1	1.19689716948939	1.34544937038772	1.19689716948939	1.19689716948939	1.34544937039085	1.36111596692075	1.34544937039085	1.34544937038772	1.36111596692075	2.201983844827	1.36111596692075	1.19689716948939	1.34544937039085	1.36111596692075	1.34544937039085	1.03711513682911	0.654183987386274	0.635165262163203	0.654183987386278	0.654183987386275	0.635165262165804	0.524556851541649	0.635165262165808	0.635165262163199	0.524556851541647	0.980618945118168	0.524556851541648	0.654183987386279	0.635165262165808	0.524556851541651	0.635165262165808
1	1.19919004504789	1.3509551049025	1.19919004504789	1.1991900450479	1.35095510490532	1.36233301092769	1.35095510490533	1.35095510490249	1.36233301092769	2.22964965258769	1.36233301092769	1.1991900450479	1.35095510490533	1.36233301092769	1.35095510490532	1.0517782590639	0.656203175507435	0.639142578963681	0.656203175507438	0.656203175507437	0.639142578966003	0.52528356153521	0.639142578966005	0.639142578963677	0.525283561535206	0.991404775433878	0.525283561535207	0.656203175507441	0.639142578966005	0.525283561535211	0.639142578966006
1	1.20077560302013	1.35521275146005	1.20077560302013	1.20077560302013	1.3552127514626	1.36294790682954	1.3552127514626	1.35521275146005	1.36294790682953	2.24889896430898	1.36294790682954	1.20077560302013	1.3552127514626	1.36294790682954	1.35521275146259	1.06378340817286	0.65774664424197	0.64231157257468	0.657746644241974	0.657746644241971	0.642311572576747	0.525795508878379	0.642311572576752	0.642311572574677	0.525795508878375	0.9988079929662	0.525795508878376	0.657746644241974	0.642311572576752	0.52579550887838	0.642311572576751
1	1.20189748172297	1.35856408144331	1.20189748172297	1.20189748172297	1.35856408144559	1.36324066613507	1.35856408144559	1.35856408144331	1.36324066613507	2.26209183062163	1.36324066613507	1.20189748172297	1.35856408144559	1.36324066613507	1.35856408144559	1.07361239294221	0.658936354446606	0.644842913633682	0.658936354446609	0.658936354446608	0.644842913635521	0.526155844389557	0.644842913635525	0.644842913633683	0.526155844389555	1.00383508881262	0.526155844389556	0.658936354446612	0.644842913635525	0.526155844389558	0.644842913635525
1	1.20270975467972	1.36123633154411	1.20270975467972	1.20270975467972	1.36123633154614	1.36336425173039	1.36123633154614	1.36123633154411	1.36336425173038	2.27101769567247	1.36336425173038	1.20270975467972	1.36123633154614	1.36336425173039	1.36123633154613	1.08165968504318	0.659859375630787	0.646870547284807	0.659859375630791	0.659859375630785	0.646870547286439	0.526410061215024	0.646870547286443	0.646870547284807	0.526410061215022	1.00722140543019	0.526410061215023	0.659859375630789	0.646870547286443	0.526410061215025	0.646870547286442
1	1.20331065934469	1.36338651381529	1.20331065934468	1.20331065934469	1.3633865138171	1.36340166005802	1.3633865138171	1.36338651381529	1.36340166005802	2.27698840826684	1.36340166005802	1.20331065934469	1.3633865138171	1.36340166005802	1.3633865138171	1.08824825056503	0.660579381623096	0.648499270164647	0.6605793816231	0.660579381623093	0.648499270166094	0.526590432929721	0.648499270166097	0.648499270164647	0.526590432929717	1.00948812383513	0.526590432929718	0.660579381623097	0.648499270166097	0.526590432929722	0.648499270166098
1	1.20376375486381	1.3651273981055	1.20376375486381	1.20376375486381	1.3651273981071	1.36339755831951	1.36512739810711	1.3651273981055	1.36339755831951	2.28094050799058	1.36339755831951	1.20376375486381	1.36512739810711	1.36339755831951	1.3651273981071	1.09364251177299	0.661143711404201	0.649811089258228	0.661143711404205	0.661143711404199	0.649811089259508	0.526719585282771	0.649811089259513	0.649811089258225	0.526719585282769	1.0109972789688	0.526719585282771	0.661143711404203	0.649811089259513	0.526719585282772	0.649811089259512
1	1.20411096931331	1.36654281272882	1.20411096931331	1.20411096931331	1.36654281273024	1.36337565614925	1.36654281273024	1.36654281272881	1.36337565614925	2.28352908502596	1.36337565614925	1.20411096931331	1.36654281273024	1.36337565614925	1.36654281273024	1.09805895930606	0.661587954070479	0.65087030750794	0.661587954070483	0.66158795407048	0.650870307509071	0.526813230844654	0.650870307509076	0.650870307507936	0.526813230844655	1.01199698959829	0.526813230844656	0.661587954070484	0.650870307509076	0.526813230844655	0.650870307509075
1	1.2043805961338	1.36769683549225	1.2043805961338	1.2043805961338	1.36769683549351	1.36334822048277	1.36769683549351	1.36769683549225	1.36334822048277	2.28520528602352	1.36334822048277	1.2043805961338	1.36769683549351	1.36334822048277	1.36769683549351	1.10167484072714	0.661939077735348	0.65172750181422	0.661939077735352	0.661939077735347	0.65172750181522	0.526882201334929	0.651727501815222	0.651727501814212	0.526882201334929	1.01265575308815	0.52688220133493	0.661939077735351	0.651727501815222	0.526882201334931	0.651727501815223
1	1.20459220062444	1.36863949787938	1.20459220062444	1.20459220062444	1.3686394978805	1.36332129240713	1.3686394978805	1.36863949787937	1.36332129240713	2.28627613404263	1.36332129240713	1.20459220062444	1.3686394978805	1.36332129240713	1.36863949788049	1.1046352740445	0.662217644638587	0.652422599160616	0.662217644638591	0.662217644638584	0.6524225991615	0.526933925892776	0.652422599161502	0.652422599160608	0.526933925892776	1.01308726791863	0.526933925892778	0.662217644638587	0.652422599161502	0.526933925892778	0.652422599161503
1	1.20475965119747	1.36941046778344	1.20475965119747	1.20475965119747	1.36941046778443	1.36329756028252	1.36941046778443	1.36941046778343	1.36329756028252	2.28694862517042	1.36329756028252	1.20475965119747	1.36941046778443	1.36329756028252	1.36941046778443	1.10705907184086	0.662439417123424	0.652987244200745	0.662439417123427	0.662439417123421	0.652987244201532	0.52697348466389	0.652987244201533	0.652987244200742	0.526973484663888	1.01336790086707	0.526973484663889	0.662439417123425	0.652987244201533	0.526973484663891	0.652987244201536
1	1.20489301293791	1.37004153744181	1.2048930129379	1.2048930129379	1.37004153744269	1.363277943003	1.37004153744269	1.37004153744181	1.363277943003	2.28736125702242	1.363277943003	1.2048930129379	1.37004153744269	1.36327794300301	1.37004153744269	1.10904350963289	0.662616538920944	0.653446617179455	0.662616538920947	0.662616538920939	0.653446617180151	0.527004350027746	0.653446617180151	0.653446617179452	0.527004350027743	1.01354875925759	0.527004350027745	0.662616538920943	0.653446617180152	0.527004350027747	0.653446617180155
1	1.20499974894776	1.37055837660695	1.20499974894776	1.20499974894776	1.37055837660773	1.36326246329906	1.37055837660773	1.37055837660695	1.36326246329906	2.28760607836598	1.36326246329906	1.20499974894776	1.37055837660773	1.36326246329906	1.37055837660773	1.11066822988313	0.662758411778645	0.653820831542284	0.662758411778648	0.662758411778636	0.6538208315429	0.527028900790291	0.6538208315429	0.653820831542281	0.527028900790288	1.01366394009501	0.52702890079029	0.662758411778639	0.6538208315429	0.527028900790293	0.653820831542903
1	1.20508549708657	1.37098181665936	1.20508549708657	1.20508549708657	1.37098181666005	1.36325072580116	1.37098181666004	1.37098181665935	1.36325072580116	2.28774387624689	1.36325072580116	1.20508549708657	1.37098181666004	1.36325072580116	1.37098181666004	1.11199843832149	0.66287234967185	0.654126010997025	0.662872349671854	0.662872349671843	0.65412601099757	0.527048775502646	0.654126010997571	0.654126010997022	0.527048775502642	1.01373612458292	0.527048775502644	0.662872349671847	0.654126010997571	0.527048775502647	0.654126010997573
1	1.20515458338828	1.37132882011559	1.20515458338828	1.20515458338828	1.3713288201162	1.36324217512914	1.3713288201162	1.37132882011559	1.36324217512914	2.28781452392611	1.36324217512914	1.20515458338828	1.3713288201162	1.36324217512914	1.3713288201162	1.11308752087953	0.662964069220437	0.65437512313996	0.662964069220441	0.662964069220433	0.654375123140443	0.527065112892208	0.654375123140442	0.654375123139956	0.527065112892201	1.01378035338765	0.527065112892203	0.662964069220437	0.654375123140443	0.527065112892209	0.654375123140446
1	1.20521036970115	1.37161323043994	1.20521036970115	1.20521036970115	1.37161323044048	1.36323623080063	1.37161323044048	1.37161323043994	1.36323623080063	2.28784397776531	1.36323623080063	1.20521036970115	1.37161323044048	1.36323623080063	1.37161323044048	1.11397918626287	0.663038058847261	0.654578627768428	0.663038058847264	0.663038058847259	0.654578627768855	0.527078714332815	0.654578627768857	0.654578627768422	0.527078714332811	1.01380656531668	0.527078714332812	0.663038058847262	0.654578627768857	0.527078714332817	0.654578627768859
1	1.2052554950418	1.37184636294255	1.2052554950418	1.2052554950418	1.37184636294303	1.36323235297071	1.37184636294303	1.37184636294254	1.3632323529707	2.28784897844004	1.3632323529707	1.2052554950418	1.37184636294303	1.36323235297071	1.37184636294303	1.11470922013344	0.663097857864393	0.65474498347716	0.663097857864396	0.663097857864389	0.65474498347754	0.52709015321605	0.654744983477542	0.654744983477153	0.527090153216044	1.01382130017454	0.527090153216045	0.663097857864393	0.654744983477542	0.527090153216051	0.654744983477543
1	1.20529204736656	1.37203747597839	1.20529204736656	1.20529204736656	1.37203747597882	1.36323007035523	1.37203747597882	1.37203747597839	1.36323007035522	2.28784019549974	1.36323007035522	1.20529204736656	1.37203747597882	1.36323007035523	1.37203747597882	1.11530692131336	0.663146268443101	0.654881045751945	0.663146268443104	0.663146268443096	0.654881045752281	0.527099848160439	0.654881045752284	0.654881045751939	0.527099848160433	1.01382883868776	0.527099848160434	0.663146268443099	0.654881045752284	0.52709984816044	0.654881045752285
1	1.20532168869188	1.37219415007	1.20532168869188	1.20532168869188	1.37219415007038	1.36322898780225	1.37219415007038	1.37219415007	1.36322898780225	2.28782432220391	1.36322898780225	1.20532168869188	1.37219415007038	1.36322898780225	1.37219415007038	1.11579627764937	0.66318551741041	0.654992381415607	0.663185517410414	0.663185517410408	0.654992381415906	0.527108111882634	0.654992381415909	0.654992381415602	0.527108111882631	1.01383196424599	0.527108111882632	0.663185517410411	0.654992381415909	0.527108111882635	0.65499238141591
