1	1.00572715927953	1.01037233416985	1.00572715927953	1.00580991352018	1.01066912326272	1.01518639834931	1.01066912326272	1.01046802224568	1.0152008548147	1.01940003675849	1.0152008548147	1.00580991352018	1.01066912326272	1.01518639834931	1.01066912326272	0.368585954077115	0.311257741788644	0.293368694820996	0.311257741788644	0.312135715265773	0.297539797208027	0.288777677607126	0.297539797207927	0.293280347852074	0.288381773810013	0.281359240947422	0.288381773810013	0.312135715265773	0.297539797207927	0.288777677607127	0.297539797208028
1	1.01936449214796	1.03224621883356	1.01936449214796	1.01958563669547	1.03399470479765	1.04893115343543	1.03399470479764	1.03252137309136	1.04903070570871	1.05932031489241	1.04903070570871	1.01958563669547	1.03399470479764	1.04893115343543	1.03399470479765	0.50418114878379	0.441043552477677	0.398467835618056	0.441043552477677	0.441484043567624	0.409878832142753	0.403808027873683	0.409878832142711	0.398469925121476	0.403737062223323	0.38262604052789	0.403737062223323	0.441484043567625	0.409878832142711	0.403808027873684	0.409878832142754
1	1.02751845654906	1.04360205102102	1.02751845654906	1.02580886164089	1.04816459427545	1.06702577293348	1.04816459428655	1.04076345665229	1.06504088279554	1.07745811097831	1.06504088279554	1.02580886164089	1.04816459428655	1.06702577293348	1.04816459427545	0.554063833184451	0.489817613901469	0.434142270677423	0.48981761390147	0.490268519736865	0.472367003834068	0.449477685177165	0.472367003913124	0.433534025433392	0.446818133986133	0.419373391618704	0.446818133986133	0.490268519736866	0.472367003913124	0.449477685177166	0.472367003834068
1	1.02914885311181	1.05299371191239	1.02914885311181	1.02946672552262	1.05438592699955	1.07283503365397	1.05438592709805	1.04773587967451	1.07205068014197	1.09073049409674	1.07205068014197	1.02946672552262	1.05438592709805	1.07283503365397	1.05438592699955	0.572414647386539	0.505233742625079	0.501749673001984	0.50523374262508	0.507772776489127	0.492588327904915	0.466122004816421	0.492588328545057	0.462831800998379	0.462979698239544	0.459540734147674	0.462979698239544	0.507772776489127	0.492588328545057	0.466122004816421	0.492588327904916
1	1.02976973141644	1.06089703682354	1.02976973141644	1.03038317667154	1.05626220558911	1.07499609118927	1.05626220566854	1.05015522784666	1.07386576417348	1.09882262348256	1.07386576417348	1.03038317667154	1.05626220566854	1.07499609118927	1.05626220558911	0.579165534652483	0.509368501714307	0.528692049305778	0.509368501714308	0.513735110597025	0.498342453714354	0.472107075028638	0.498342453964783	0.469943719085176	0.46737355563482	0.4757722913451	0.46737355563482	0.513735110597025	0.498342453964783	0.472107075028638	0.498342453714355
1	1.0298676172806	1.06440879443439	1.0298676172806	1.03071589718408	1.05676477943972	1.075731005593	1.05676477947593	1.05085500266615	1.07432962668847	1.1024483935171	1.07432962668847	1.03071589718408	1.05676477947593	1.075731005593	1.05676477943972	0.581649047279526	0.51045637020933	0.538656389991082	0.510456370209331	0.515779059426723	0.500006236310857	0.474252694709855	0.500006236409998	0.471635112207511	0.468597701388843	0.48216102130265	0.468597701388844	0.515779059426723	0.500006236409998	0.474252694709855	0.500006236310858
1	1.02984586027948	1.06572287719676	1.02984586027948	1.0308591976905	1.05689497952927	1.07597183665725	1.05689497954415	1.05105952511232	1.07446284007074	1.10394410123155	1.07446284007074	1.0308591976905	1.05689497954415	1.07597183665724	1.05689497952927	0.582562680526023	0.510726193683566	0.542228844056065	0.510726193683567	0.516485306996495	0.500499643512882	0.475003328725544	0.50049964355194	0.472006993077485	0.468963994073289	0.484646048788469	0.46896399407329	0.516485306996496	0.50049964355194	0.475003328725544	0.500499643512883
1	1.02982166176017	1.066191874929	1.02982166176017	1.03091696814116	1.05692738154999	1.07605061350677	1.05692738155592	1.05111364121532	1.07450313337262	1.10454178697481	1.07450313337262	1.03091696814116	1.05692738155592	1.07605061350677	1.05692738154999	0.582898787423924	0.510782761745007	0.543496092390803	0.510782761745007	0.516730030525935	0.500645001682937	0.475261568903653	0.500645001698309	0.472065026847794	0.469077061236902	0.485608939325391	0.469077061236903	0.516730030525935	0.500645001698309	0.475261568903653	0.500645001682938
1	1.02980862197764	1.06635770019516	1.02980862197764	1.03093866634184	1.05693453059455	1.07607642333749	1.0569345305969	1.05112453343097	1.0745151175143	1.10477760188992	1.0745151175143	1.03093866634184	1.0569345305969	1.07607642333749	1.05693453059455	0.583022434260016	0.510789016845128	0.543944564944028	0.510789016845129	0.516814716173457	0.500686182306737	0.475349367560498	0.500686182312786	0.472058976885365	0.469111653431766	0.485981947840522	0.469111653431766	0.516814716173457	0.500686182312786	0.475349367560498	0.500686182306738
1	1.02980272863406	1.06641641702456	1.02980272863406	1.0309464642574	1.056935558992	1.07608483899525	1.05693555899292	1.05112486972058	1.07451842605519	1.10487021745324	1.07451842605519	1.0309464642574	1.05693555899292	1.07608483899525	1.056935558992	0.583067921387334	0.510786279305435	0.544103412933695	0.510786279305436	0.516843898820657	0.500696928284806	0.475378908320212	0.500696928287185	0.472046745747742	0.469121790185772	0.486126621163944	0.469121790185773	0.516843898820658	0.500696928287185	0.475378908320213	0.500696928284807
