1	1.05638558626576	1.1034371173733	1.05638558626576	1.05638558626578	1.10343694813363	1.1370645040817	1.10343694813367	1.10343711737339	1.13706450408176	1.23704944863657	1.13706450408176	1.05638558626578	1.10343694813367	1.1370645040817	1.10343694813363	0.688028125768512	0.586574305083075	0.562616871373794	0.586574305083076	0.586574305083089	0.562616516779048	0.527335633685206	0.56261651677912	0.562616871373903	0.527335633685277	0.626024456187615	0.527335633685278	0.58657430508309	0.56261651677912	0.527335633685207	0.56261651677905
1	1.07046533083914	1.12740881093698	1.07046533083914	1.07046533083915	1.12740866539365	1.16494795166026	1.12740866539368	1.12740881093704	1.16494795166031	1.30468505631224	1.16494795166031	1.07046533083915	1.12740866539368	1.16494795166026	1.12740866539365	0.746510211201035	0.62242257439944	0.596202272769427	0.622422574399442	0.62242257439945	0.596202010302775	0.553617895599054	0.596202010302829	0.596202272769497	0.553617895599105	0.684843785322296	0.553617895599106	0.622422574399451	0.596202010302829	0.553617895599055	0.596202010302777
1	1.07789201066134	1.13988337728338	1.07789201066134	1.07789201066135	1.13988326533664	1.17806824446175	1.13988326533667	1.13988337728342	1.17806824446178	1.34489627855872	1.17806824446178	1.07789201066135	1.13988326533667	1.17806824446174	1.13988326533664	0.781981389077766	0.642614040826382	0.616246813978883	0.642614040826383	0.642614040826387	0.616246628879235	0.569084822885209	0.616246628879275	0.616246813978928	0.569084822885244	0.721263948470664	0.569084822885245	0.642614040826389	0.616246628879275	0.56908482288521	0.616246628879237
1	1.08180029785809	1.14657756663183	1.08180029785809	1.08180029785809	1.14657748565803	1.18457977495719	1.14657748565805	1.14657756663186	1.18457977495722	1.36815061214191	1.18457977495722	1.08180029785809	1.14657748565805	1.18457977495719	1.14657748565803	0.803495745989254	0.654144921236764	0.62812854789162	0.654144921236765	0.654144921236767	0.628128420812651	0.578281941664503	0.628128420812679	0.628128547891649	0.578281941664527	0.742280299318704	0.578281941664528	0.654144921236769	0.628128420812679	0.578281941664504	0.628128420812653
1	1.08391796790786	1.15032804649197	1.08391796790786	1.08391796790787	1.15032798996675	1.18810043444909	1.15032798996676	1.15032804649199	1.18810043444911	1.38113041687976	1.18810043444911	1.08391796790787	1.15032798996676	1.18810043444909	1.15032798996675	0.816544863074767	0.660897520468039	0.635209302241068	0.660897520468041	0.660897520468041	0.635209216386899	0.583898709332308	0.635209216386917	0.635209302241083	0.583898709332325	0.753834143172549	0.583898709332326	0.660897520468042	0.635209216386917	0.583898709332309	0.635209216386901
1	1.08511487958227	1.152511057354	1.08511487958227	1.08511487958227	1.15251101872265	1.19017737439559	1.15251101872266	1.15251105735401	1.1901773743956	1.38809683140641	1.1901773743956	1.08511487958227	1.15251101872266	1.19017737439559	1.15251101872265	0.824459552653337	0.664951922443438	0.639466861664334	0.66495192244344	0.664951922443439	0.639466804158986	0.587421606850237	0.639466804159	0.639466861664344	0.587421606850247	0.759975597928205	0.587421606850247	0.664951922443441	0.639466804159	0.587421606850237	0.639466804158988
1	1.0858204099658	1.15381697832153	1.0858204099658	1.0858204099658	1.15381695225301	1.19148786878402	1.15381695225302	1.15381697832154	1.19148786878403	1.39168528906165	1.19148786878403	1.0858204099658	1.15381695225302	1.19148786878402	1.15381695225301	0.829260054493279	0.667439693845107	0.642050809833847	0.667439693845109	0.667439693845107	0.642050771510443	0.589680652222757	0.642050771510453	0.642050809833853	0.589680652222764	0.763155537141609	0.589680652222765	0.667439693845109	0.642050771510453	0.589680652222758	0.642050771510445
1	1.08625155315094	1.15461260082211	1.08625155315094	1.08625155315094	1.15461258336518	1.19235193055785	1.15461258336519	1.15461260082211	1.19235193055786	1.39345079408102	1.19235193055786	1.08625155315094	1.15461258336519	1.19235193055785	1.15461258336518	0.832171706057223	0.668994913051239	0.643633175535371	0.668994913051241	0.668994913051237	0.643633150065243	0.591155155844349	0.643633150065249	0.643633175535373	0.591155155844354	0.764760966777051	0.591155155844355	0.668994913051239	0.643633150065249	0.59115515584435	0.643633150065245
1	1.08652273682824	1.15510336574548	1.08652273682824	1.08652273682824	1.15510335410895	1.19293686673041	1.15510335410895	1.15510336574549	1.19293686673041	1.39426869782162	1.19293686673041	1.08652273682824	1.15510335410895	1.19293686673041	1.15510335410895	0.833937712010989	0.669983098390471	0.644610607741515	0.669983098390473	0.66998309839047	0.64461059084151	0.592131379771859	0.644610590841516	0.644610607741516	0.592131379771861	0.765547095463175	0.592131379771862	0.669983098390472	0.644610590841516	0.59213137977186	0.644610590841512
1	1.08669718282285	1.15540882169926	1.08669718282285	1.08669718282285	1.15540881396403	1.19333893931809	1.15540881396403	1.15540882169927	1.19333893931809	1.39461247367054	1.19333893931809	1.08669718282285	1.15540881396403	1.19333893931809	1.15540881396403	0.835008848791398	0.670620040118767	0.645219447308659	0.670620040118769	0.670620040118768	0.645219436106095	0.592785162931695	0.645219436106101	0.64521944730866	0.592785162931696	0.765915426232618	0.592785162931697	0.67062004011877	0.645219436106101	0.592785162931696	0.645219436106097
1	1.08681136060407	1.15560030110719	1.08681136060407	1.08681136060407	1.15560029597405	1.19361774590008	1.15560029597405	1.15560030110719	1.19361774590008	1.39472973582302	1.19361774590008	1.08681136060407	1.15560029597405	1.19361774590008	1.15560029597404	0.835658526120688	0.671035756822402	0.645601773283033	0.671035756822404	0.671035756822402	0.64560176586202	0.593227042088107	0.645601765862024	0.645601773283034	0.593227042088109	0.766075736356173	0.59322704208811	0.671035756822403	0.645601765862023	0.593227042088108	0.645601765862022
1	1.08688709569432	1.15572106656767	1.08688709569432	1.08688709569432	1.1557210631649	1.1938120424532	1.1557210631649	1.15572106656767	1.1938120424532	1.39474591817739	1.1938120424532	1.08688709569432	1.1557210631649	1.1938120424532	1.1557210631649	0.836052575355315	0.671310031571019	0.645843731344999	0.671310031571021	0.671310031571019	0.645843726430962	0.59352787047655	0.645843726430966	0.645843731345001	0.59352787047655	0.766135871310862	0.593527870476551	0.671310031571021	0.645843726430966	0.593527870476551	0.645843726430964
1	1.08693785050261	1.15579765198404	1.0869378505026	1.08693785050261	1.15579764972983	1.19394781842407	1.15579764972983	1.15579765198404	1.19394781842407	1.39472229904619	1.19394781842407	1.0869378505026	1.15579764972983	1.19394781842407	1.15579764972983	0.836291578305031	0.671492653636702	0.645997994301806	0.671492653636703	0.671492653636699	0.645997991048683	0.59373382641145	0.645997991048686	0.645997994301809	0.593733826411449	0.766150234061592	0.593733826411449	0.671492653636701	0.645997991048686	0.593733826411451	0.645997991048685
1	1.08697213458189	1.15584646813396	1.08697213458189	1.08697213458189	1.15584646664125	1.19404283271895	1.15584646664125	1.15584646813396	1.19404283271895	1.39468735151523	1.19404283271895	1.08697213458189	1.15584646664125	1.19404283271895	1.15584646664125	0.836436540925602	0.671615182871617	0.646097036687514	0.671615182871619	0.671615182871617	0.64609703453427	0.59387543433996	0.646097034534272	0.646097036687515	0.593875434339961	0.766145569186144	0.593875434339962	0.671615182871619	0.646097034534272	0.59387543433996	0.646097034534272
1	1.08699543386304	1.15587773440316	1.08699543386304	1.08699543386304	1.15587773341497	1.19410935962805	1.15587773341497	1.15587773440316	1.19410935962805	1.39465325112078	1.19410935962805	1.08699543386304	1.15587773341497	1.19410935962805	1.15587773341497	0.836524465201779	0.671697910934462	0.646161044023598	0.671697910934464	0.671697910934464	0.646161042598538	0.593973110205995	0.64616104259854	0.646161044023598	0.593973110205996	0.766134522140433	0.593973110205997	0.671697910934465	0.64616104259854	0.593973110205996	0.64616104259854
1	1.08701134141746	1.15589785268187	1.08701134141746	1.08701134141746	1.1558978520278	1.19415594153	1.1558978520278	1.15589785268187	1.19415594153	1.39462437855319	1.19415594153	1.08701134141746	1.1558978520278	1.19415594153	1.1558978520278	0.836577793972616	0.671754051530296	0.646202663224245	0.671754051530298	0.6717540515303	0.646202662281174	0.594040640610706	0.646202662281174	0.646202663224246	0.594040640610707	0.76612269579887	0.594040640610708	0.671754051530302	0.646202662281175	0.594040640610707	0.646202662281176
1	1.08702224049642	1.15591085524697	1.08702224049642	1.08702224049642	1.1559108548141	1.19418854796628	1.1559108548141	1.15591085524698	1.19418854796628	1.39460159898841	1.19418854796628	1.08702224049642	1.1559108548141	1.19418854796628	1.1559108548141	0.836610139508372	0.671792305357353	0.646229878896417	0.671792305357355	0.671792305357356	0.646229878272352	0.594087406814348	0.646229878272354	0.646229878896419	0.594087406814349	0.766112278294741	0.59408740681435	0.671792305357358	0.646229878272354	0.594087406814349	0.646229878272354
1	1.0870297277573	1.15591929478138	1.0870297277573	1.0870297277573	1.15591929449491	1.19421135957197	1.15591929449491	1.15591929478138	1.19421135957197	1.39458435454072	1.19421135957197	1.0870297277573	1.15591929449491	1.19421135957197	1.15591929449491	0.836629758075677	0.67181845608314	0.646247769128165	0.671818456083142	0.67181845608314	0.646247768715209	0.59411983061187	0.64624776871521	0.646247769128166	0.594119830611871	0.766103878017535	0.594119830611872	0.671818456083142	0.64624776871521	0.594119830611871	0.646247768715211
1	1.08703488144225	1.15592479518304	1.08703488144225	1.08703488144225	1.15592479499347	1.19422730889424	1.15592479499347	1.15592479518304	1.19422730889424	1.39457163935192	1.19422730889424	1.08703488144225	1.15592479499347	1.19422730889424	1.15592479499347	0.836641657341941	0.671836378927289	0.646259585957771	0.671836378927291	0.67183637892729	0.646259585684514	0.594142327479034	0.646259585684517	0.646259585957772	0.594142327479035	0.76609743081512	0.594142327479036	0.671836378927292	0.646259585684517	0.594142327479035	0.646259585684516
1	1.08703843409528	1.15592839425628	1.08703843409528	1.08703843409528	1.15592839413084	1.19423845269726	1.15592839413084	1.15592839425628	1.19423845269726	1.39456242900139	1.19423845269726	1.08703843409528	1.15592839413084	1.19423845269726	1.15592839413084	0.836648874612548	0.671848687439029	0.646267425661277	0.671848687439031	0.671848687439029	0.646267425480462	0.594157943847415	0.646267425480464	0.646267425661278	0.594157943847416	0.766092632478533	0.594157943847417	0.671848687439031	0.646267425480465	0.594157943847416	0.646267425480464
1	1.0870408857472	1.15593075822254	1.0870408857472	1.0870408857472	1.15593075813954	1.19424623337571	1.15593075813954	1.15593075822254	1.19424623337571	1.39455583994668	1.19424623337571	1.0870408857472	1.15593075813954	1.19424623337571	1.15593075813954	0.836653252108041	0.67185715365358	0.646272647789898	0.671857153653582	0.671857153653578	0.646272647670251	0.594168786735715	0.646272647670254	0.646272647789898	0.594168786735717	0.766089133562137	0.594168786735718	0.671857153653579	0.646272647670254	0.594168786735716	0.646272647670253
1	1.08704257895228	1.15593231662436	1.08704257895228	1.08704257895228	1.15593231656944	1.19425166212666	1.15593231656944	1.15593231662436	1.19425166212667	1.39455116793446	1.19425166212667	1.08704257895228	1.15593231656944	1.19425166212666	1.15593231656944	0.836655907192267	0.671862984177663	0.646276139120644	0.671862984177665	0.671862984177661	0.646276139041475	0.594176315932007	0.646276139041477	0.646276139120646	0.59417631593201	0.766086618069904	0.594176315932011	0.671862984177663	0.646276139041477	0.594176315932008	0.646276139041477
1	1.08704374902456	1.15593334757149	1.08704374902455	1.08704374902456	1.15593334753516	1.1942554474509	1.15593334753515	1.1559333475715	1.1942554474509	1.39454787637224	1.1942554474509	1.08704374902455	1.15593334753516	1.1942554474509	1.15593334753515	0.836657517580763	0.671867003399571	0.646278481121483	0.671867003399573	0.67186700339957	0.646278481069097	0.594181543987123	0.646278481069098	0.646278481121486	0.594181543987125	0.766084827794398	0.594181543987126	0.671867003399572	0.646278481069098	0.594181543987124	0.646278481069099
1	1.08704455806844	1.15593403182852	1.08704455806844	1.08704455806844	1.15593403180449	1.19425808726698	1.15593403180449	1.15593403182853	1.19425808726698	1.39454556385314	1.19425808726698	1.08704455806844	1.15593403180449	1.19425808726698	1.15593403180449	0.836658494322228	0.671869776027741	0.646280056939344	0.671869776027743	0.67186977602774	0.646280056904676	0.594185173247226	0.646280056904676	0.646280056939345	0.594185173247226	0.766083563309618	0.594185173247227	0.671869776027742	0.646280056904676	0.594185173247227	0.646280056904677
1	1.0870451173723	1.15593448749219	1.08704511737229	1.0870451173723	1.15593448747629	1.19425992307411	1.15593448747629	1.15593448749219	1.19425992307411	1.39454395374587	1.19425992307411	1.0870451173723	1.15593448747629	1.19425992307411	1.15593448747629	0.836659086751537	0.671871689869264	0.646281120131147	0.671871689869265	0.671871689869263	0.646281120108204	0.594187693239323	0.646281120108205	0.646281120131147	0.594187693239324	0.766082674453181	0.594187693239325	0.671871689869265	0.646281120108205	0.594187693239323	0.646281120108206
1	1.08704550415749	1.15593479183113	1.08704550415749	1.08704550415749	1.15593479182061	1.19426120004457	1.1559347918206	1.15593479183113	1.19426120004458	1.39454283325197	1.19426120004458	1.08704550415749	1.1559347918206	1.19426120004457	1.1559347918206	0.836659446081512	0.671873011547024	0.646281839269073	0.671873011547025	0.671873011547022	0.64628183925389	0.594189442575121	0.64628183925389	0.646281839269072	0.59418944257512	0.76608205225025	0.594189442575121	0.671873011547024	0.64628183925389	0.594189442575122	0.646281839253892
1	1.08704577169456	1.15593499567752	1.08704577169456	1.08704577169456	1.15593499567056	1.19426208811027	1.15593499567056	1.15593499567752	1.19426208811027	1.3945420544546	1.19426208811027	1.08704577169456	1.15593499567056	1.19426208811027	1.15593499567056	0.836659664028242	0.671873924616467	0.646282326799144	0.671873924616469	0.671873924616464	0.646282326789094	0.594190656665472	0.646282326789095	0.646282326799143	0.594190656665471	0.766081618041155	0.594190656665472	0.671873924616466	0.646282326789095	0.594190656665473	0.646282326789096
1	1.08704595677299	1.15593513258105	1.08704595677299	1.08704595677299	1.15593513257645	1.19426270549216	1.15593513257644	1.15593513258105	1.19426270549216	1.39454151381785	1.19426270549216	1.08704595677299	1.15593513257645	1.19426270549216	1.15593513257644	0.83665979622088	0.671874555582442	0.646282657994193	0.671874555582444	0.67187455558244	0.646282657987541	0.594191499101115	0.646282657987542	0.646282657994192	0.594191499101114	0.766081315716355	0.594191499101114	0.671874555582442	0.646282657987543	0.594191499101116	0.646282657987543
1	1.0870460848182	1.15593522475791	1.0870460848182	1.0870460848182	1.15593522475486	1.19426313452528	1.15593522475486	1.15593522475791	1.19426313452528	1.39454113889268	1.19426313452528	1.0870460848182	1.15593522475486	1.19426313452528	1.15593522475486	0.836659876400534	0.671874991702129	0.646282883404213	0.671874991702131	0.671874991702127	0.646282883399812	0.594192083531841	0.646282883399813	0.646282883404213	0.594192083531841	0.766081105577623	0.594192083531842	0.671874991702128	0.646282883399813	0.594192083531842	0.646282883399813
1	1.0870461734098	1.15593528696695	1.0870461734098	1.0870461734098	1.15593528696493	1.19426343255458	1.15593528696493	1.15593528696695	1.19426343255458	1.39454087909134	1.19426343255458	1.0870461734098	1.15593528696493	1.19426343255458	1.15593528696493	0.836659925032417	0.671875293199103	0.646283037075003	0.671875293199105	0.6718752931991	0.646283037072089	0.594192488893743	0.646283037072091	0.646283037075004	0.594192488893743	0.766080959702358	0.594192488893743	0.671875293199102	0.646283037072091	0.594192488893743	0.646283037072091
1	1.0870462347061	1.15593532904342	1.0870462347061	1.0870462347061	1.15593532904208	1.19426363950605	1.15593532904208	1.15593532904342	1.19426363950605	1.39454069917029	1.19426363950605	1.0870462347061	1.15593532904208	1.19426363950605	1.15593532904208	0.836659954529428	0.671875501658887	0.646283141997143	0.671875501658889	0.671875501658885	0.646283141995213	0.594192769999738	0.646283141995214	0.646283141997143	0.594192769999737	0.766080858535052	0.594192769999738	0.671875501658886	0.646283141995214	0.594192769999739	0.646283141995215
1	1.08704627711754	1.15593535756087	1.08704627711754	1.08704627711754	1.15593535755998	1.1942637831648	1.15593535755998	1.15593535756087	1.1942637831648	1.39454057462274	1.1942637831648	1.08704627711754	1.15593535755998	1.1942637831648	1.15593535755998	0.83665997242044	0.671875645807925	0.646283213732986	0.671875645807927	0.671875645807925	0.646283213731708	0.594192964902914	0.646283213731711	0.646283213732985	0.594192964902914	0.766080788423842	0.594192964902915	0.671875645807926	0.646283213731711	0.594192964902915	0.64628321373171
