1	1.01035101054691	1.01983689534242	1.01035101054691	1.0103150083826	1.01947667714941	1.02766986324125	1.01865089848382	1.01913360210288	1.02774044264441	1.03499493000417	1.02774044264441	1.0103150083826	1.01865089848382	1.02766986324125	1.01947667714941	0.424037887638707	0.385854650106837	0.376563309641554	0.385854650106837	0.385076712133655	0.372433992861432	0.360905805306645	0.362822856051751	0.368474704896128	0.361470623146116	0.350058743806027	0.361470623146116	0.385076712133655	0.362822856051751	0.360905805306645	0.372433992861432
1	1.02064365887018	1.03962182249438	1.02064365887018	1.02051139090708	1.03911882658321	1.05572217160749	1.03798708933352	1.03858065924414	1.0557136186988	1.07922515874316	1.0557136186988	1.02051139090708	1.03798708933352	1.05572217160749	1.03911882658321	0.580032708667106	0.536809860354704	0.528208054702913	0.536809860354704	0.536349670276454	0.526196317852296	0.51469131427766	0.519994093653322	0.523746196516554	0.514880540612496	0.544738697141877	0.514880540612496	0.536349670276455	0.519994093653322	0.514691314277661	0.526196317852297
1	1.02057426314542	1.0391871495336	1.02057426314542	1.02051859389247	1.038966045845	1.05610259855338	1.03839142145647	1.0387043449387	1.05608857360659	1.08603960815171	1.05608857360659	1.02051859389247	1.03839142145647	1.05610259855338	1.038966045845	0.637419996270507	0.590272190751794	0.577352701281952	0.590272190751795	0.590074265343118	0.576489666722043	0.568456421679394	0.573689438974869	0.575360264899004	0.56844857980755	0.621720242631821	0.568448579807551	0.590074265343118	0.573689438974869	0.568456421679394	0.576489666722044
1	1.0203097661043	1.0383631520726	1.0203097661043	1.02029196818335	1.0382786756287	1.05558906973062	1.0380331093129	1.03817125806532	1.05557869631957	1.08798324792878	1.05557869631957	1.02029196818335	1.0380331093129	1.05558906973061	1.0382786756287	0.658531599561071	0.610382562440921	0.594883534208707	0.610382562440922	0.610302092195121	0.594540689728841	0.58829894764745	0.593399005415	0.594072406392478	0.588261673093038	0.64860915240147	0.588261673093039	0.610302092195122	0.593399005415	0.588298947647451	0.594540689728842
1	1.02035437613845	1.03833952156423	1.02035437613845	1.02034833962903	1.03830732215779	1.05594664706336	1.03820754791019	1.03826417551338	1.05593944427696	1.088920355958	1.05593944427696	1.02034833962903	1.03820754791019	1.05594664706336	1.03830732215779	0.666298124321829	0.618501428352296	0.602731067942243	0.618501428352297	0.618468895575542	0.60259715080818	0.597751137797457	0.602142151130275	0.60240713344537	0.597723181215095	0.657635882197685	0.597723181215095	0.618468895575542	0.602142151130275	0.597751137797457	0.60259715080818
1	1.02040610481057	1.03846111043003	1.02040610481057	1.02040388386903	1.03844873257507	1.05637175570941	1.03840896527495	1.03843143212834	1.05636741183974	1.08911395380904	1.05636741183974	1.02040388386903	1.03840896527495	1.05637175570941	1.03844873257507	0.669155269147323	0.621957576510925	0.606614149311509	0.621957576510926	0.621944451055519	0.606562112859108	0.602715749850213	0.606382380957638	0.606485572188898	0.602699387258379	0.660581357736421	0.60269938725838	0.62194445105552	0.606382380957639	0.602715749850213	0.606562112859109
1	1.0204259373285	1.03855364030075	1.0204259373285	1.02042507339104	1.03854885114924	1.05666147363824	1.03853314206264	1.0385419098126	1.05665909899447	1.08902778151624	1.05665909899447	1.02042507339104	1.03853314206264	1.05666147363824	1.03854885114924	0.670206354063972	0.623488502284334	0.608588540064316	0.623488502284334	0.623483212401608	0.608568337768032	0.605353420660365	0.608497669062208	0.60853759731814	0.60534476993704	0.661512952754365	0.605344769937041	0.623483212401609	0.608497669062208	0.605353420660365	0.608568337768033
1	1.02043009093835	1.03860779532566	1.02043009093835	1.02042974336899	1.03860593212746	1.05683228339984	1.03859975516178	1.03860314351623	1.05683106318896	1.08890427806736	1.05683106318896	1.02042974336899	1.03859975516178	1.05683228339984	1.03860593212746	0.670593026614097	0.624188919714557	0.609599233848326	0.624188919714558	0.624186788314276	0.609591376562723	0.606746348736856	0.609563658898288	0.609579037726832	0.606742018044483	0.66179390895786	0.606742018044483	0.624186788314276	0.609563658898288	0.606746348736856	0.609591376562723
1	1.0204294799895	1.03863734947104	1.0204294799895	1.0204293373867	1.0386366206101	1.05692756600043	1.03863419769538	1.03863549832903	1.05692696370449	1.08881167698292	1.05692696370449	1.02042933738669	1.03863419769538	1.05692756600043	1.0386366206101	0.670735275544066	0.624518293330798	0.610118011989725	0.624518293330798	0.624517434231472	0.61011494516489	0.607477460967399	0.610104087713362	0.610109988563828	0.607475364369116	0.661871299211248	0.607475364369116	0.624517434231472	0.610104087713362	0.607477460967399	0.61011494516489
1	1.02042810180824	1.03865309966769	1.02042810180824	1.02042804261635	1.03865281286014	1.05697932958866	1.03865186368344	1.03865236020618	1.0569790402953	1.08875393344577	1.0569790402953	1.02042804261635	1.03865186368344	1.05697932958866	1.03865281286014	0.670787606014663	0.62467679114408	0.610384836809069	0.62467679114408	0.624676444665252	0.610383633960795	0.607859661708584	0.610379383468553	0.610381639537721	0.607858669068884	0.661888371266946	0.607858669068884	0.624676444665253	0.610379383468553	0.607859661708584	0.610383633960796
1	1.02042700346739	1.03866141332819	1.02042700346739	1.02042696313592	1.03866128429009	1.05700702873021	1.03866091269377	1.03866108580473	1.05700687561364	1.0887207377696	1.05700687561364	1.02042696313592	1.03866091269377	1.05700702873021	1.03866128429009	0.670806857323917	0.624754504819064	0.610522328652754	0.624754504819065	0.624754368344024	0.610521846402099	0.608058988494972	0.610520182950387	0.610521034412984	0.608058506784594	0.661889441137973	0.608058506784595	0.624754368344025	0.610520182950387	0.608058988494972	0.610521846402099
1	1.02042629087368	1.03866576485641	1.02042629087368	1.02042627186978	1.03866571052275	1.05702171650581	1.03866556509581	1.03866562726803	1.05702164218809	1.08870247478386	1.05702164218809	1.02042627186978	1.03866556509581	1.05702171650581	1.03866571052275	0.670813939491264	0.624793168131546	0.610593266984439	0.624793168131546	0.624793113981106	0.610593071889181	0.608162762346214	0.610592420998169	0.610592740079394	0.608162532760346	0.661887364845703	0.608162532760346	0.624793113981107	0.610592420998169	0.608162762346215	0.610593071889182
