1	5.17635156858485	1.11393993300336	5.17635156858505	5.176351562005	1.13728173243034	1.03717823890498	1.13728173242539	1.11393993290089	1.0371782389125	3.41763682374145	1.03717823891249	5.1763515620052	1.13728173242539	1.03717823890498	1.13728173243035	9.24999999999998	1.54604421322118	0.105639584212581	1.54604421322125	1.54604421120708	0.116594924193254	-0.0483677264378461	0.116594924191019	0.105639584164386	-0.0483677264431108	-0.49741390236825	-0.048367726443109	1.54604421120715	0.116594924191019	-0.0483677264378443	0.116594924193262
1	10.8913864382357	1.11055992793255	10.8913864382358	10.8913864237731	1.11772745986595	1.03402567124185	1.1177274598659	1.11055992785717	1.03402567123888	5.17454144304795	1.03402567123888	10.8913864237732	1.11772745986591	1.03402567124185	1.11772745986597	9.24999999999998	3.38357848582475	0.10656489063481	3.38357848582482	3.38357848112656	0.110151482559533	-0.0473862522696066	0.110151482559509	0.106564890591321	-0.0473862522667213	-0.791968979801133	-0.0473862522667196	3.38357848112663	0.110151482559509	-0.0473862522696049	0.110151482559541
1	11.0009946954086	1.31074686397583	11.0009946954087	11.0009940257745	1.09896468008087	1.01874523078136	1.09896468008087	1.31074672084898	1.01874523056725	1.56829790478783	1.01874523056725	11.0009940257745	1.09896468008087	1.01874523078135	1.09896468008088	9.24999999999999	5.53748447263701	0.302863450986443	5.53748447263706	5.53748440972562	0.162895839410054	-0.0567685542049225	0.162895839410059	0.302863387007056	-0.0567685548241631	-0.305325474130783	-0.056768554824161	5.53748440972567	0.162895839410059	-0.0567685542049205	0.162895839410064
1	8.73837331695493	2.00264816664165	8.73837331695494	8.73837247148893	1.08138037606927	1.00831235455553	1.08138037606927	2.00264576558198	1.00831235379218	1.1517786697089	1.00831235379217	8.73837247148895	1.08138037606927	1.00831235455553	1.08138037606927	9.24999999999999	5.59174158676515	0.790297398842638	5.5917415867652	5.59174137517073	0.187456124494026	-0.0480502980508729	0.187456124494032	0.790296184166212	-0.0480502967995779	-0.184057377711616	-0.0480502967995762	5.59174137517078	0.187456124494032	-0.0480502980508712	0.187456124494038
1	7.51524294891695	2.54986637580899	7.51524294891696	7.51524163927975	1.0252927779883	1.00523594340666	1.0252927779883	2.54985325700548	1.00523594118021	1.09150036197092	1.00523594118021	7.51524163927976	1.0252927779883	1.00523594340666	1.0252927779883	9.24999999999999	5.61644542499401	1.25065017225593	5.61644542499406	5.6164442273929	0.120677104555978	-0.0446084664923072	0.120677104555982	1.25064252346222	-0.0446084564505173	-0.164933201432179	-0.0446084564505157	5.61644422739295	0.120677104555982	-0.0446084664923057	0.120677104555985
1	6.62292998209113	3.13844466715267	6.62292998209114	1.04195647956922	1.00748613019165	1.0027182212431	1.00748613019166	1.00531922912521	1.00219319104032	1.04187282481218	1.00219319104032	1.04195647956922	1.00748613019166	1.0027182212431	1.00748613019166	9.24999999999999	5.6923106085538	1.82893753926254	5.69231060855385	0.181184706607658	0.0618179267811574	-0.0321845388735694	0.061817926781159	0.0452063962138866	-0.0259073649265644	-0.104261735101978	-0.0259073649265635	0.181184706607662	0.0618179267811593	-0.0321845388735683	0.061817926781161
1	5.69236354892426	2.83543865312069	5.69236354892427	1.03075934359178	1.00656267722994	1.00261586806728	1.00656267722994	1.00802887137147	1.00287446054866	1.05066558743478	1.00287446054866	1.03075934359178	1.00656267722994	1.00261586806728	1.00656267722994	9.24999999999999	5.70116618381932	1.90871273409106	5.70116618381937	0.143143618894924	0.0572718365503219	-0.0324306543016599	0.057271836550323	0.0514222952826186	-0.0285498331910772	-0.113753086091399	-0.0285498331910762	0.143143618894928	0.0572718365503234	-0.0324306543016589	0.0572718365503253
1	5.01487371069272	2.58645552337385	5.01487371069273	1.0293504908603	1.00584324096059	1.00224558068793	1.00584324096059	1.00772725790727	1.00267620819826	1.0457389320278	1.00267620819826	1.0293504908603	1.00584324096059	1.00224558068793	1.00584324096059	9.24999999999999	5.70751668924126	1.95897848552005	5.7075166892413	0.14028463083595	0.0557732357544962	-0.0315771217954384	0.0557732357544976	0.0506260381285469	-0.0280858298275135	-0.111430368316338	-0.0280858298275124	0.140284630835954	0.0557732357544981	-0.0315771217954375	0.0557732357544994
1	4.40184843060388	2.34917264230381	4.40184843060389	1.02846606568359	1.00537606846494	1.0020030437495	1.00537606846494	1.0075312362334	1.00254691832229	1.04254388763514	1.00254691832229	1.0284660656836	1.00537606846494	1.0020030437495	1.00537606846494	9.24999999999999	5.71326619119257	2.00328765572567	5.71326619119262	0.138449945617694	0.0549124520205817	-0.0311289998523687	0.0549124520205834	0.050095012022933	-0.0278247256955824	-0.110237616489598	-0.0278247256955813	0.138449945617697	0.0549124520205839	-0.0311289998523678	0.0549124520205848
1	3.70671035788079	2.06935220273485	3.70671035788079	1.02773616578102	1.00500444196478	1.00181114864477	1.00500444196478	1.0073674858277	1.00244411649507	1.04005682679581	1.00244411649507	1.02773616578102	1.00500444196478	1.00181114864477	1.00500444196478	9.24999999999999	5.71983471173901	2.05292271027457	5.71983471173906	0.13691332584794	0.0544069401602605	-0.0309737714106327	0.0544069401602618	0.0496449277893734	-0.027675151965448	-0.109790107362653	-0.0276751519654469	0.136913325847943	0.0544069401602624	-0.0309737714106318	0.0544069401602636
1	2.58538431141866	1.60487702970178	2.58538431141867	1.02701655229065	1.00467619139919	1.00164663652699	1.00467619139919	1.00720410853212	1.00235317791783	1.03796790090008	1.00235317791783	1.02701655229065	1.00467619139919	1.00164663652699	1.00467619139919	9.24999999999999	5.7307681555352	2.13348633411476	5.73076815553525	0.135380698388794	0.0544570138408455	-0.0314414494076936	0.0544570138408469	0.0491908166864449	-0.027681908134583	-0.11063117701914	-0.0276819081345818	0.135380698388797	0.0544570138408475	-0.0314414494076927	0.0544570138408486
1	1.15908285957376	1.05082874318288	1.15908285957376	1.02618188873237	1.00413990969372	1.00135301865252	1.00413990969372	1.00701164012338	1.00220760768325	1.03426467292719	1.00220760768325	1.02618188873237	1.00413990969372	1.00135301865252	1.00413990969372	9.24999999999999	5.74742001564671	2.23888080207149	5.74742001564676	0.133562383103766	0.0527285678456826	-0.0300707989609697	0.0527285678456839	0.0486423131835599	-0.0272374009802472	-0.108068357195388	-0.0272374009802461	0.13356238310377	0.0527285678456847	-0.0300707989609689	0.0527285678456857
1	1.01057969865968	1.003249884795	1.01057969865968	1.02582061726494	1.00383360223561	1.00117937223629	1.00383360223561	1.00692707418823	1.00212365530388	1.03201035540657	1.00212365530388	1.02582061726494	1.00383360223561	1.00117937223629	1.00383360223561	9.24999999999999	5.74981696083094	2.249278709689	5.74981696083098	0.132762592075988	0.0508720452467439	-0.0281946197116289	0.050872045246745	0.0483969104450581	-0.0267633729504787	-0.104673815172556	-0.0267633729504777	0.132762592075991	0.0508720452467457	-0.0281946197116282	0.0508720452467469
1	1.00592946797992	1.00181896990944	1.00592946797992	1.0258039987643	1.00382946215296	1.00117756831854	1.00382946215296	1.00692305002274	1.00212203868707	1.03197875298395	1.00212203868707	1.0258039987643	1.00382946215296	1.00117756831854	1.00382946215296	9.24999999999999	5.74989718059342	2.24959607304447	5.74989718059347	0.132729716763451	0.0508509291442602	-0.0281779354112257	0.050850929144261	0.0483865931400577	-0.0267559088862165	-0.104634516146905	-0.0267559088862154	0.132729716763454	0.0508509291442616	-0.028177935411225	0.0508509291442631
1	1.00580878113607	1.00178188461411	1.00580878113607	1.02580371235332	1.00382939011826	1.00117753681247	1.00382939011826	1.0069229825032	1.00212201135968	1.03197821632995	1.00212201135968	1.02580371235332	1.00382939011826	1.00117753681247	1.00382939011826	9.24999999999999	5.74989926737611	2.24960430269425	5.74989926737616	0.132729146534343	0.0508505802112662	-0.0281776652634917	0.0508505802112671	0.0483864204793351	-0.0267557884191766	-0.104633892320933	-0.0267557884191753	0.132729146534347	0.0508505802112678	-0.0281776652634909	0.0508505802112691
1	1.00580566881237	1.00178092827696	1.00580566881237	1.02580370712225	1.00382938858068	1.00117753610112	1.00382938858068	1.00692298127278	1.00212201081293	1.03197820502247	1.00212201081293	1.02580370712225	1.00382938858068	1.00117753610112	1.00382938858068	9.24999999999999	5.74989932119421	2.2496045149194	5.74989932119426	0.132729136016534	0.0508505727957239	-0.0281776592047898	0.0508505727957248	0.0483864174210483	-0.0267557860694416	-0.104633879084048	-0.0267557860694406	0.132729136016537	0.0508505727957255	-0.028177659204789	0.0508505727957268
1	1.00580558856491	1.001780903619	1.00580558856491	1.02580370701062	1.00382938854439	1.00117753608381	1.00382938854439	1.00692298125107	1.00212201080146	1.03197820473789	1.00212201080146	1.02580370701062	1.00382938854439	1.00117753608381	1.00382938854439	9.24999999999999	5.74989932258185	2.24960452039137	5.7498993225819	0.132729135766587	0.0508505726121575	-0.0281776590527906	0.0508505726121583	0.0483864169862392	-0.0267557858724079	-0.104633879437769	-0.026755785872407	0.13272913576659	0.050850572612159	-0.0281776590527899	0.0508505726121604
1	1.00580558649594	1.00178090298326	1.00580558649594	1.02580370700828	1.00382938854353	1.00117753608339	1.00382938854353	1.00692298124721	1.00212201080048	1.03197820474542	1.00212201080048	1.02580370700829	1.00382938854353	1.00117753608339	1.00382938854353	9.24999999999999	5.74989932261763	2.24960452053245	5.74989932261768	0.132729135779068	0.0508505726143499	-0.0281776590526879	0.0508505726143506	0.0483864172513124	-0.0267557859749262	-0.104633878951694	-0.0267557859749252	0.132729135779071	0.0508505726143513	-0.0281776590526872	0.0508505726143528
