1	1.03219649870421	1.06205246787474	1.03219649870421	1.03219649870421	1.06205246787474	1.09305920125566	1.06205246787474	1.06205246787474	1.09305920125566	1.12227085505869	1.09305920125566	1.03219649870421	1.06205246787474	1.09305920125566	1.06205246787474	0.735510018525632	0.698267976863273	0.687061688917072	0.698267976863274	0.698267976863273	0.687061688917072	0.691119005787503	0.687061688917073	0.687061688917072	0.691119005787503	0.688788676429798	0.691119005787503	0.698267976863274	0.687061688917072	0.691119005787504	0.687061688917072
1	1.03745125926634	1.07173225032115	1.03745125926634	1.03745125926634	1.07173225032115	1.10756692861313	1.07173225032115	1.07173225032115	1.10756692861313	1.14097715786017	1.10756692861313	1.03745125926634	1.07173225032115	1.10756692861313	1.07173225032115	0.798036223872261	0.756857779309714	0.744811534912044	0.756857779309715	0.756857779309714	0.744811534912044	0.750461204742628	0.744811534912045	0.744811534912044	0.750461204742628	0.74887628057877	0.750461204742628	0.756857779309715	0.744811534912045	0.750461204742628	0.744811534912045
1	1.03862711438897	1.07378937117329	1.03862711438897	1.03862711438897	1.07378937117329	1.11055456376238	1.07378937117329	1.07378937117329	1.11055456376238	1.14476577885204	1.11055456376238	1.03862711438897	1.07378937117329	1.11055456376238	1.07378937117329	0.835960284573485	0.793499628228178	0.781538970513691	0.793499628228179	0.793499628228178	0.781538970513691	0.787488604089592	0.781538970513691	0.781538970513691	0.787488604089592	0.786483269710435	0.787488604089593	0.793499628228179	0.781538970513691	0.787488604089593	0.781538970513692
1	1.03842371048325	1.07338811054503	1.03842371048325	1.03842371048325	1.07338811054503	1.1098048245806	1.07338811054503	1.07338811054503	1.1098048245806	1.14378989074154	1.1098048245806	1.03842371048325	1.07338811054503	1.1098048245806	1.07338811054503	0.858962390160903	0.816330993638439	0.80478373995241	0.816330993638439	0.816330993638439	0.804783739952411	0.810263540254974	0.804783739952411	0.80478373995241	0.810263540254974	0.809549016124753	0.810263540254975	0.816330993638439	0.804783739952411	0.810263540254975	0.804783739952411
1	1.03789207694792	1.07244829862364	1.03789207694792	1.03789207694792	1.07244829862364	1.10821895428052	1.07244829862364	1.07244829862364	1.10821895428052	1.14175646596278	1.10821895428052	1.03789207694792	1.07244829862364	1.10821895428052	1.07244829862364	0.872913872447981	0.830547578964899	0.819490025879096	0.830547578964899	0.830547578964898	0.819490025879096	0.824202884453877	0.819490025879096	0.819490025879096	0.824202884453877	0.82358195699436	0.824202884453877	0.830547578964899	0.819490025879096	0.824202884453877	0.819490025879097
1	1.0373887719179	1.07158805492114	1.0373887719179	1.0373887719179	1.07158805492114	1.10674913802276	1.07158805492114	1.07158805492114	1.10674913802276	1.13986965312117	1.10674913802276	1.0373887719179	1.07158805492114	1.10674913802276	1.07158805492114	0.881375874206313	0.839401416991827	0.828795762541164	0.839401416991827	0.839401416991827	0.828795762541164	0.832727001694185	0.828795762541164	0.828795762541164	0.832727001694185	0.832098876412724	0.832727001694185	0.839401416991827	0.828795762541164	0.832727001694185	0.828795762541164
1	1.03700292668577	1.07094652039113	1.03700292668577	1.03700292668577	1.07094652039113	1.10562372361801	1.07094652039113	1.07094652039113	1.10562372361801	1.1384187205139	1.10562372361801	1.03700292668577	1.07094652039113	1.10562372361801	1.07094652039113	0.88650833772774	0.844917202878867	0.834683558736626	0.844917202878867	0.844917202878867	0.834683558736626	0.837943182888873	0.834683558736627	0.834683558736627	0.837943182888873	0.837268291923847	0.837943182888873	0.844917202878867	0.834683558736627	0.837943182888873	0.834683558736627
1	1.03673246845525	1.07050846163997	1.03673246845525	1.03673246845525	1.07050846163997	1.10482992174039	1.07050846163997	1.07050846163997	1.10482992174039	1.13738945571466	1.10482992174039	1.03673246845525	1.07050846163997	1.10482992174039	1.07050846163997	0.889621334224131	0.848354404792408	0.838407665824098	0.848354404792409	0.848354404792408	0.838407665824098	0.841138557906843	0.838407665824098	0.838407665824098	0.841138557906843	0.84040884664239	0.841138557906843	0.848354404792408	0.838407665824098	0.841138557906843	0.838407665824098
1	1.03655156588925	1.07022301712044	1.03655156588925	1.03655156588925	1.07022301712044	1.10429357527557	1.07022301712044	1.07022301712044	1.10429357527557	1.13668958470056	1.10429357527557	1.03655156588925	1.07022301712044	1.10429357527557	1.07022301712044	0.891509462043172	0.850496752986956	0.840762407316807	0.850496752986957	0.850496752986956	0.840762407316807	0.843097933559898	0.840762407316807	0.840762407316807	0.843097933559897	0.842318878384699	0.843097933559898	0.850496752986956	0.840762407316807	0.843097933559898	0.840762407316807
1	1.03643378764867	1.0700420805027	1.03643378764867	1.03643378764867	1.0700420805027	1.1039400306031	1.0700420805027	1.0700420805027	1.1039400306031	1.13622521787258	1.1039400306031	1.03643378764867	1.0700420805027	1.1039400306031	1.0700420805027	0.892654669456679	0.851832213722933	0.842250886607678	0.851832213722934	0.851832213722933	0.842250886607678	0.844300289566486	0.842250886607678	0.842250886607678	0.844300289566486	0.843481619927316	0.844300289566486	0.851832213722934	0.842250886607678	0.844300289566486	0.842250886607678
1	1.03635835148879	1.06992936397959	1.03635835148879	1.03635835148879	1.06992936397959	1.10371043717921	1.06992936397959	1.06992936397959	1.10371043717921	1.13592169792167	1.10371043717921	1.03635835148879	1.06992936397959	1.10371043717921	1.06992936397958	0.893349272861644	0.852664752565583	0.843191611795201	0.852664752565583	0.852664752565582	0.843191611795201	0.845038454999896	0.843191611795201	0.843191611795201	0.845038454999896	0.844189956668107	0.845038454999897	0.852664752565583	0.843191611795201	0.845038454999896	0.843191611795201
1	1.0363105239329	1.06985994750536	1.0363105239329	1.0363105239329	1.06985994750536	1.10356271051026	1.06985994750536	1.06985994750536	1.10356271051026	1.13572518674439	1.10356271051026	1.0363105239329	1.06985994750536	1.10356271051026	1.06985994750536	0.893770571133043	0.853183784155997	0.84378610223844	0.853183784155997	0.853183784155997	0.843786102238439	0.845491751865418	0.84378610223844	0.84378610223844	0.845491751865418	0.844621687196159	0.845491751865419	0.853183784155997	0.84378610223844	0.845491751865418	0.84378610223844
1	1.03628039341272	1.06981753580269	1.03628039341272	1.03628039341272	1.06981753580269	1.1034682074989	1.06981753580269	1.06981753580269	1.1034682074989	1.13559874148565	1.1034682074989	1.03628039341272	1.06981753580269	1.1034682074989	1.06981753580269	0.894026101456336	0.853507368915803	0.844161788351926	0.853507368915804	0.853507368915803	0.844161788351926	0.845770128018778	0.844161788351926	0.844161788351926	0.845770128018778	0.844884929682822	0.845770128018778	0.853507368915804	0.844161788351926	0.845770128018778	0.844161788351926
1	1.03626148718449	1.06979177263855	1.03626148718449	1.03626148718449	1.06979177263855	1.10340797083334	1.06979177263855	1.06979177263855	1.10340797083334	1.1355177128873	1.10340797083334	1.03626148718449	1.06979177263855	1.10340797083334	1.06979177263855	0.894181088430518	0.853709104114523	0.844399215495854	0.853709104114524	0.853709104114523	0.844399215495854	0.845941071242168	0.844399215495855	0.844399215495855	0.845941071242169	0.845045466680427	0.845941071242169	0.853709104114524	0.844399215495854	0.845941071242169	0.844399215495855
1	1.03624965289921	1.06977619216976	1.03624965289921	1.03624965289921	1.06977619216976	1.10336966155953	1.06977619216976	1.06977619216976	1.10336966155953	1.13546593191098	1.10336966155953	1.03624965289921	1.06977619216976	1.10336966155953	1.06977619216976	0.894275092779499	0.853834872133176	0.844549281266521	0.853834872133176	0.853834872133176	0.844549281266521	0.846046021961978	0.844549281266521	0.844549281266521	0.846046021961978	0.845143384560931	0.846046021961978	0.853834872133176	0.844549281266521	0.846046021961978	0.844549281266521
1	1.03624225588098	1.06976680401277	1.03624225588098	1.03624225588098	1.06976680401277	1.10334533025086	1.06976680401277	1.06976680401277	1.10334533025086	1.13543290522083	1.10334533025086	1.03624225588098	1.06976680401277	1.10334533025086	1.06976680401277	0.894332109302579	0.853913278656381	0.844644143520063	0.853913278656381	0.853913278656381	0.844644143520063	0.846110438388326	0.844644143520063	0.844644143520063	0.846110438388326	0.845203113768058	0.846110438388326	0.853913278656381	0.844644143520063	0.846110438388326	0.844644143520063
1	1.03623763590419	1.06976116499028	1.03623763590419	1.03623763590419	1.06976116499028	1.10332988830842	1.06976116499028	1.06976116499028	1.10332988830842	1.13541186904236	1.10332988830842	1.03623763590419	1.06976116499028	1.10332988830842	1.06976116499028	0.894366691586412	0.853962158295766	0.844704119301344	0.853962158295766	0.853962158295766	0.844704119301344	0.846149961893927	0.844704119301344	0.844704119301344	0.846149961893927	0.845239549926179	0.846149961893928	0.853962158295766	0.844704119301344	0.846149961893928	0.844704119301344
1	1.03623475148552	1.06975778824539	1.03623475148552	1.03623475148552	1.06975778824539	1.10332009225413	1.06975778824539	1.06975778824539	1.10332009225413	1.13539848451083	1.10332009225412	1.03623475148552	1.06975778824539	1.10332009225412	1.06975778824539	0.894387666802917	0.853992630125995	0.8447420451493	0.853992630125995	0.853992630125995	0.8447420451493	0.846174202045631	0.8447420451493	0.8447420451493	0.846174202045631	0.845261777400439	0.846174202045631	0.853992630125995	0.8447420451493	0.846174202045631	0.844742045149301
1	1.03623295081371	1.06975577231025	1.03623295081371	1.03623295081371	1.06975577231025	1.10331387897834	1.06975577231025	1.06975577231025	1.10331387897834	1.13538997551634	1.10331387897833	1.03623295081371	1.06975577231025	1.10331387897833	1.06975577231025	0.894400388909694	0.854011626267635	0.844766032140073	0.854011626267636	0.854011626267635	0.844766032140072	0.846189061827444	0.844766032140073	0.844766032140073	0.846189061827444	0.845275337350673	0.846189061827444	0.854011626267636	0.844766032140073	0.846189061827444	0.844766032140073
1	1.03623182663641	1.06975457264504	1.03623182663641	1.03623182663641	1.06975457264504	1.10330993836065	1.06975457264504	1.06975457264504	1.10330993836065	1.13538456993725	1.10330993836065	1.03623182663641	1.06975457264504	1.10330993836065	1.06975457264504	0.894408105247059	0.854023468418759	0.844781206119717	0.854023468418759	0.854023468418759	0.844781206119716	0.846198166498042	0.844781206119717	0.844781206119717	0.846198166498042	0.845283609869559	0.846198166498043	0.854023468418759	0.844781206119717	0.846198166498042	0.844781206119717
1	1.03623112502857	1.06975386211564	1.03623112502857	1.03623112502857	1.06975386211564	1.1033074404222	1.06975386211564	1.06975386211564	1.1033074404222	1.13538114020226	1.1033074404222	1.03623112502857	1.06975386211564	1.1033074404222	1.06975386211564	0.894412785398678	0.854030850755916	0.84479080682226	0.854030850755916	0.854030850755916	0.844790806822259	0.846203741716006	0.844790806822259	0.844790806822259	0.846203741716007	0.845288656792838	0.846203741716007	0.854030850755916	0.844790806822259	0.846203741716007	0.84479080682226
1	1.03623068637853	1.06975344114177	1.03623068637853	1.03623068637853	1.06975344114177	1.10330585401621	1.06975344114177	1.06975344114177	1.10330585401621	1.13537896089146	1.10330585401621	1.03623068637853	1.06975344114177	1.10330585401621	1.06975344114177	0.894415624081266	0.85403545296003	0.844796882626903	0.85403545296003	0.85403545296003	0.844796882626902	0.846207153697234	0.844796882626903	0.844796882626903	0.846207153697235	0.845291736234964	0.846207153697235	0.854035452960031	0.844796882626903	0.846207153697235	0.844796882626903
1	1.03623041210361	1.06975319287744	1.03623041210361	1.03623041210361	1.06975319287744	1.10330484670791	1.06975319287744	1.06975319287744	1.10330484670791	1.13537757743528	1.10330484670791	1.03623041210361	1.06975319287744	1.10330484670791	1.06975319287744	0.894417345845749	0.854038322070678	0.844800728477027	0.854038322070679	0.854038322070679	0.844800728477027	0.846209240401181	0.844800728477027	0.844800728477027	0.846209240401181	0.84529361537662	0.846209240401181	0.854038322070679	0.844800728477027	0.846209240401181	0.844800728477027
1	1.03623024057369	1.06975304718607	1.03623024057369	1.03623024057369	1.06975304718607	1.10330420710709	1.06975304718607	1.06975304718607	1.10330420710709	1.13537669980981	1.10330420710709	1.03623024057369	1.06975304718607	1.10330420710709	1.06975304718607	0.894418390158681	0.854040110781608	0.844803163302218	0.854040110781609	0.854040110781608	0.844803163302218	0.846210515662165	0.844803163302218	0.844803163302218	0.846210515662165	0.845294762220218	0.846210515662165	0.854040110781609	0.844803163302218	0.846210515662165	0.844803163302218
1	1.03623013327136	1.06975296215142	1.03623013327136	1.03623013327136	1.06975296215142	1.10330380094048	1.06975296215142	1.06975296215142	1.10330380094048	1.13537614337659	1.10330380094048	1.03623013327136	1.06975296215142	1.10330380094048	1.06975296215142	0.894419023572548	0.85404122596711	0.844804705106404	0.85404122596711	0.854041225967109	0.844804705106404	0.84621129440558	0.844804705106404	0.844804705106404	0.84621129440558	0.845295462259517	0.84621129440558	0.85404122596711	0.844804705106404	0.84621129440558	0.844804705106404
1	1.03623006612638	1.06975291282425	1.03623006612638	1.03623006612638	1.06975291282425	1.10330354296508	1.06975291282425	1.06975291282425	1.10330354296508	1.1353757907519	1.10330354296508	1.03623006612638	1.06975291282425	1.10330354296508	1.06975291282425	0.894419407761151	0.854041921265183	0.844805681614419	0.854041921265184	0.854041921265183	0.844805681614418	0.84621176954092	0.844805681614419	0.844805681614419	0.84621176954092	0.845295889658768	0.84621176954092	0.854041921265184	0.844805681614419	0.84621176954092	0.844805681614419
1	1.0362300240958	1.06975288441388	1.0362300240958	1.0362300240958	1.06975288441388	1.10330337907617	1.06975288441388	1.06975288441388	1.10330337907617	1.13537556737972	1.10330337907617	1.0362300240958	1.06975288441388	1.10330337907617	1.06975288441388	0.894419640785546	0.854042354791179	0.844806300209815	0.854042354791179	0.854042354791179	0.844806300209814	0.846212059165887	0.844806300209815	0.844806300209815	0.846212059165887	0.845296150669744	0.846212059165888	0.854042354791179	0.844806300209815	0.846212059165887	0.844806300209815
1	1.0362299977767	1.06975286818849	1.0362299977767	1.0362299977767	1.06975286818849	1.10330327493343	1.06975286818849	1.06975286818849	1.10330327493343	1.13537542593906	1.10330327493343	1.0362299977767	1.06975286818849	1.10330327493343	1.06975286818849	0.894419782123338	0.854042625114022	0.844806692151068	0.854042625114022	0.854042625114022	0.844806692151068	0.84621223553192	0.844806692151068	0.844806692151068	0.84621223553192	0.845296310118644	0.84621223553192	0.854042625114022	0.844806692151068	0.84621223553192	0.844806692151069
1	1.03622998129	1.06975285901636	1.03622998129	1.03622998129	1.06975285901636	1.1033032087387	1.06975285901636	1.06975285901636	1.1033032087387	1.1353753364118	1.1033032087387	1.03622998129	1.06975285901636	1.1033032087387	1.06975285901636	0.894419867849861	0.854042793682897	0.844806940531747	0.854042793682898	0.854042793682897	0.844806940531746	0.84621234281104	0.844806940531747	0.844806940531747	0.84621234281104	0.845296407560876	0.84621234281104	0.854042793682898	0.844806940531747	0.84621234281104	0.844806940531747
1	1.03622997095873	1.06975285389667	1.03622997095873	1.03622997095873	1.06975285389667	1.1033031666528	1.06975285389667	1.06975285389667	1.1033031666528	1.1353752797649	1.1033031666528	1.03622997095873	1.06975285389667	1.1033031666528	1.06975285389667	0.894419919846123	0.854042898807076	0.844807097964944	0.854042898807077	0.854042898807076	0.844807097964944	0.846212407987851	0.844807097964944	0.844807097964944	0.846212407987851	0.845296467135949	0.846212407987852	0.854042898807077	0.844807097964944	0.846212407987851	0.844807097964945
