1	1.02602757362168	1.04181661926635	1.02602757362168	1.02602757362168	1.04181661926635	1.05816721497135	1.04181661926635	1.04181661926635	1.05816721497135	1.07114433125238	1.05816721497135	1.02602757362168	1.04181661926635	1.05816721497136	1.04181661926635	0.581447166205017	0.384698831046344	0.342506202086873	0.384698831046346	0.384698831046343	0.342506202086875	0.328877251897807	0.342506202086877	0.342506202086873	0.328877251897804	0.314743150822319	0.328877251897805	0.384698831046344	0.342506202086877	0.328877251897808	0.342506202086878
1	1.03046696338101	1.04793188801928	1.03046696338101	1.03046696338101	1.04793188801928	1.06585540365408	1.04793188801928	1.04793188801928	1.06585540365408	1.08001428225423	1.06585540365408	1.03046696338101	1.04793188801928	1.06585540365408	1.04793188801928	0.630887703749389	0.391176896032296	0.345699285398402	0.391176896032298	0.391176896032294	0.345699285398402	0.330830556248261	0.345699285398404	0.345699285398402	0.33083055624826	0.316147934401577	0.330830556248261	0.391176896032296	0.345699285398404	0.330830556248262	0.345699285398404
1	1.0325492418985	1.05054607833241	1.0325492418985	1.0325492418985	1.05054607833241	1.06899127565183	1.05054607833241	1.05054607833241	1.06899127565183	1.08354284877913	1.06899127565183	1.0325492418985	1.05054607833241	1.06899127565183	1.05054607833241	0.660874905448295	0.394621754093234	0.34761753139203	0.394621754093236	0.394621754093233	0.347617531392029	0.332339516355787	0.347617531392031	0.347617531392032	0.332339516355787	0.317466156578758	0.332339516355787	0.394621754093235	0.347617531392031	0.332339516355788	0.347617531392032
1	1.03355658146722	1.05172956986975	1.03355658146722	1.03355658146722	1.05172956986975	1.07038799341018	1.05172956986975	1.05172956986975	1.07038799341018	1.08510057378958	1.07038799341018	1.03355658146722	1.05172956986975	1.07038799341018	1.05172956986975	0.679063062653184	0.396459979755065	0.348698790815486	0.396459979755068	0.396459979755066	0.348698790815487	0.333274442577934	0.348698790815486	0.348698790815486	0.333274442577932	0.318313373917904	0.333274442577933	0.396459979755068	0.348698790815486	0.333274442577935	0.348698790815489
1	1.03405686776756	1.05229133613338	1.03405686776756	1.03405686776756	1.05229133613338	1.07105434697132	1.05229133613338	1.05229133613338	1.07105434697132	1.08584314299272	1.07105434697132	1.03405686776756	1.05229133613338	1.07105434697132	1.05229133613338	0.690094737569885	0.397440745147608	0.349289125568879	0.39744074514761	0.397440745147608	0.349289125568878	0.333808963660237	0.349289125568879	0.349289125568879	0.333808963660235	0.318800953896614	0.333808963660235	0.397440745147611	0.349289125568879	0.333808963660238	0.349289125568881
1	1.03431043838109	1.05256750743815	1.03431043838109	1.03431043838109	1.05256750743815	1.0713872464101	1.05256750743815	1.05256750743815	1.0713872464101	1.08621459155273	1.0713872464101	1.03431043838109	1.05256750743815	1.0713872464101	1.05256750743815	0.696785786529832	0.397963316368125	0.349606019275176	0.397963316368128	0.397963316368125	0.349606019275175	0.334103704267005	0.349606019275177	0.349606019275176	0.334103704267003	0.319069404278397	0.334103704267004	0.397963316368127	0.349606019275177	0.334103704267006	0.349606019275178
1	1.03444087175454	1.05270659680313	1.03444087175454	1.03444087175454	1.05270659680313	1.07155825448578	1.05270659680313	1.05270659680313	1.07155825448578	1.08640553872968	1.07155825448578	1.03444087175454	1.05270659680313	1.07155825448578	1.05270659680313	0.700844112998488	0.398241325937356	0.349774579718896	0.398241325937359	0.398241325937356	0.349774579718891	0.33426334656489	0.349774579718893	0.349774579718896	0.334263346564888	0.319214293195707	0.334263346564889	0.398241325937358	0.349774579718893	0.334263346564891	0.349774579718894
1	1.03450865288446	1.052777770921	1.03450865288446	1.03450865288446	1.05277777092099	1.07164749204851	1.05277777092099	1.052777770921	1.07164749204851	1.08650514129907	1.07164749204851	1.03450865288446	1.05277777092099	1.07164749204851	1.05277777092099	0.703305612419938	0.398389028216171	0.349863801159602	0.398389028216173	0.398389028216169	0.349863801159599	0.334349011044866	0.3498638011596	0.3498638011596	0.334349011044866	0.319291756934616	0.334349011044866	0.398389028216171	0.3498638011596	0.334349011044867	0.349863801159602
1	1.03454411656596	1.05281456722443	1.03454411656596	1.03454411656596	1.05281456722443	1.07169445453509	1.05281456722443	1.05281456722443	1.07169445453509	1.08655749139582	1.07169445453508	1.03454411656596	1.05281456722443	1.07169445453509	1.05281456722443	0.704798587238103	0.398467415725019	0.349910908065704	0.398467415725021	0.398467415725019	0.349910908065702	0.334394745859848	0.349910908065703	0.349910908065702	0.334394745859845	0.319332980238225	0.334394745859846	0.398467415725021	0.349910908065703	0.334394745859849	0.349910908065705
1	1.03456275357884	1.05283371605571	1.03456275357884	1.03456275357884	1.05283371605571	1.07171927701459	1.05283371605571	1.05283371605571	1.07171927701459	1.08658511230961	1.07171927701459	1.03456275357884	1.05283371605571	1.07171927701459	1.05283371605571	0.705704122181557	0.398508982933984	0.349935749673883	0.398508982933986	0.398508982933982	0.349935749673881	0.334419092673106	0.349935749673883	0.349935749673882	0.334419092673104	0.319354866172221	0.334419092673105	0.398508982933984	0.349935749673883	0.334419092673107	0.349935749673884
1	1.03457257519691	1.05284372358695	1.03457257519691	1.03457257519691	1.05284372358695	1.0717324248557	1.05284372358695	1.05284372358695	1.0717324248557	1.08659971358257	1.0717324248557	1.03457257519691	1.05284372358695	1.0717324248557	1.05284372358695	0.706253357132729	0.398531011877803	0.349948843916984	0.398531011877806	0.398531011877801	0.34994884391698	0.334432031657988	0.349948843916984	0.349948843916982	0.334432031657987	0.319366471525538	0.334432031657988	0.398531011877804	0.349948843916984	0.334432031657988	0.349948843916983
1	1.0345777601792	1.05284896849025	1.0345777601792	1.0345777601792	1.05284896849025	1.07173939547583	1.05284896849025	1.05284896849025	1.07173939547583	1.08660743958878	1.07173939547583	1.0345777601792	1.05284896849025	1.07173939547583	1.05284896849025	0.706586484981965	0.398542681025607	0.349955745563568	0.398542681025609	0.398542681025604	0.349955745563567	0.334438900533334	0.349955745563569	0.349955745563567	0.334438900533333	0.319372621173764	0.334438900533334	0.398542681025607	0.349955745563569	0.334438900533335	0.34995574556357
1	1.03458050030531	1.05285172261267	1.03458050030531	1.03458050030531	1.05285172261267	1.07174309226146	1.05285172261267	1.05285172261267	1.07174309226146	1.08661152944041	1.07174309226146	1.03458050030531	1.05285172261267	1.07174309226146	1.05285172261267	0.706788537135507	0.39854886030771	0.349959383769473	0.398548860307712	0.398548860307709	0.349959383769469	0.334442544331961	0.349959383769471	0.349959383769472	0.33444254433196	0.319375878520703	0.334442544331961	0.398548860307711	0.349959383769471	0.334442544331962	0.349959383769471
1	1.03458194929938	1.0528531707948	1.03458194929939	1.03458194929938	1.0528531707948	1.07174505283276	1.0528531707948	1.0528531707948	1.07174505283276	1.08661369485532	1.07174505283276	1.03458194929938	1.0528531707948	1.07174505283276	1.0528531707948	0.706911087750983	0.398552131630523	0.349961302092028	0.398552131630525	0.398552131630524	0.349961302092027	0.334444476250822	0.349961302092028	0.349961302092029	0.334444476250821	0.3193776033806	0.334444476250822	0.398552131630526	0.349961302092028	0.334444476250823	0.34996130209203
1	1.03458271586212	1.05285393311976	1.03458271586212	1.03458271586212	1.05285393311976	1.07174609262841	1.05285393311976	1.05285393311976	1.07174609262841	1.08661484160413	1.07174609262841	1.03458271586212	1.05285393311976	1.07174609262841	1.05285393311976	0.706985417833545	0.398553862983266	0.349962313713531	0.398553862983269	0.398553862983266	0.349962313713528	0.334445499925393	0.349962313713529	0.349962313713529	0.334445499925393	0.319378516355149	0.334445499925393	0.398553862983268	0.349962313713529	0.334445499925394	0.349962313713531
1	1.03458312133724	1.05285433454324	1.03458312133724	1.03458312133724	1.05285433454324	1.07174664357609	1.05285433454324	1.05285433454324	1.07174664357609	1.08661544842018	1.07174664357609	1.03458312133724	1.05285433454324	1.07174664357609	1.05285433454324	0.70703050173857	0.398554779470125	0.349962847614317	0.398554779470127	0.398554779470121	0.349962847614315	0.334446042605773	0.349962847614317	0.349962847614316	0.33444604260577	0.319378999971989	0.334446042605771	0.398554779470124	0.349962847614317	0.334446042605773	0.349962847614318
1	1.03458333586182	1.05285454609343	1.03458333586182	1.03458333586182	1.05285454609343	1.07174693552813	1.05285454609343	1.05285454609343	1.07174693552813	1.08661576962021	1.07174693552813	1.03458333586182	1.05285454609343	1.07174693552813	1.05285454609343	0.707057846770652	0.398555264554702	0.349963129452615	0.398555264554704	0.398555264554699	0.349963129452615	0.334446330182766	0.349963129452616	0.349963129452616	0.334446330182765	0.3193792560711	0.334446330182766	0.398555264554701	0.349963129452616	0.334446330182767	0.349963129452617
1	1.03458344937359	1.0528546576484	1.03458344937359	1.03458344937359	1.0528546576484	1.07174709022759	1.0528546576484	1.0528546576484	1.07174709022759	1.08661593965657	1.07174709022759	1.03458344937359	1.0528546576484	1.07174709022759	1.0528546576484	0.707074432529564	0.398555521280137	0.349963278264185	0.39855552128014	0.398555521280137	0.34996327826418	0.334446482532056	0.349963278264181	0.349963278264182	0.334446482532056	0.319379391662427	0.334446482532057	0.398555521280139	0.349963278264181	0.334446482532057	0.349963278264183
1	1.03458350943946	1.05285471650195	1.03458350943946	1.03458350943946	1.05285471650194	1.07174717218988	1.05285471650194	1.05285471650195	1.07174717218988	1.08661602967177	1.07174717218988	1.03458350943945	1.05285471650194	1.07174717218988	1.05285471650194	0.707084492397033	0.398555657139113	0.349963356853944	0.398555657139115	0.398555657139115	0.349963356853943	0.334446563224485	0.349963356853945	0.349963356853944	0.334446563224485	0.319379463441989	0.334446563224486	0.398555657139117	0.349963356853945	0.334446563224486	0.349963356853946
1	1.03458354122435	1.0528547475636	1.03458354122435	1.03458354122435	1.0528547475636	1.07174721560861	1.0528547475636	1.0528547475636	1.07174721560861	1.08661607732353	1.07174721560861	1.03458354122435	1.0528547475636	1.07174721560861	1.0528547475636	0.707090594073419	0.398555729031341	0.349963398366638	0.398555729031343	0.398555729031343	0.349963398366634	0.334446605956233	0.349963398366636	0.349963398366636	0.334446605956232	0.31937950143729	0.334446605956233	0.398555729031346	0.349963398366636	0.334446605956233	0.349963398366636
1	1.03458355804375	1.05285476396252	1.03458355804375	1.03458355804375	1.05285476396252	1.07174723860589	1.05285476396252	1.05285476396252	1.07174723860589	1.08661610254805	1.07174723860589	1.03458355804375	1.05285476396252	1.07174723860589	1.05285476396252	0.707094294962604	0.398555767072569	0.349963420298396	0.398555767072571	0.398555767072571	0.349963420298392	0.33444662858221	0.349963420298395	0.349963420298393	0.334446628582211	0.319379521548033	0.334446628582212	0.398555767072573	0.349963420298395	0.334446628582211	0.349963420298395
1	1.03458356694379	1.05285477262262	1.03458356694379	1.03458356694379	1.05285477262262	1.071747250785	1.05285477262262	1.05285477262262	1.071747250785	1.0866161159	1.071747250785	1.03458356694379	1.05285477262262	1.071747250785	1.05285477262262	0.707096539686823	0.398555787201001	0.349963431887119	0.398555787201003	0.398555787201001	0.349963431887116	0.334446640561	0.349963431887119	0.349963431887116	0.334446640561	0.319379532191929	0.334446640561001	0.398555787201003	0.349963431887119	0.334446640561001	0.349963431887118
1	1.03458357165316	1.05285477719697	1.03458357165316	1.03458357165316	1.05285477719697	1.07174725723409	1.05285477719697	1.05285477719697	1.07174725723409	1.08661612296714	1.07174725723409	1.03458357165316	1.05285477719697	1.07174725723409	1.05285477719697	0.707097901193901	0.398555797851038	0.349963438011464	0.39855579785104	0.398555797851038	0.34996343801146	0.334446646902247	0.349963438011461	0.349963438011461	0.334446646902247	0.31937953782508	0.334446646902248	0.398555797851041	0.349963438011461	0.334446646902248	0.349963438011462
1	1.03458357414501	1.05285477961366	1.03458357414501	1.03458357414501	1.05285477961366	1.07174726064862	1.05285477961366	1.05285477961366	1.07174726064862	1.08661612670758	1.07174726064862	1.03458357414501	1.05285477961366	1.07174726064862	1.05285477961366	0.707098726997582	0.398555803485863	0.349963441248434	0.398555803485866	0.398555803485865	0.349963441248429	0.334446650258846	0.34996344124843	0.34996344124843	0.334446650258845	0.319379540806227	0.334446650258846	0.398555803485867	0.34996344124843	0.334446650258847	0.349963441248432
1	1.03458357546348	1.05285478089065	1.03458357546348	1.03458357546348	1.05285478089064	1.0717472624563	1.05285478089064	1.05285478089064	1.0717472624563	1.08661612868719	1.0717472624563	1.03458357546348	1.05285478089064	1.0717472624563	1.05285478089064	0.707099227877622	0.398555806467124	0.349963442959492	0.398555806467126	0.398555806467125	0.349963442959488	0.334446652035448	0.349963442959488	0.349963442959489	0.334446652035449	0.31937954238383	0.33444665203545	0.398555806467128	0.349963442959488	0.334446652035449	0.349963442959491
