1	1.03448494159753	1.06023219712609	1.03448494159753	1.03448318103409	1.06023309523605	1.08885256354171	1.06023064358929	1.06023017482724	1.0888589039337	1.13788939037742	1.0888589039337	1.03448318103409	1.06023064358929	1.08885256354171	1.06023309523605	0.5814471660727	0.526189586025918	0.486991714891661	0.526189586025918	0.526176893153125	0.486993910417067	0.487163212751924	0.486986404134349	0.486984274587322	0.487179974478457	0.53435501933485	0.487179974478458	0.526176893153126	0.486986404134349	0.487163212751925	0.486993910417068
1	1.04375482847946	1.07323602564998	1.04375482847946	1.04375282623475	1.07323670599795	1.11010135042889	1.07323458644296	1.07323405072861	1.11010893049531	1.17380946184889	1.11010893049531	1.04375282623475	1.07323458644296	1.11010135042889	1.07323670599794	0.630887703605479	0.567450479392607	0.51348651929825	0.567450479392607	0.567436865925966	0.51348745109824	0.522739785042193	0.513481824848315	0.513479433531142	0.522758082089086	0.579322821467006	0.522758082089087	0.567436865925967	0.513481824848315	0.522739785042193	0.513487451098242
1	1.04899174756935	1.07885457865165	1.04899174756935	1.04898965441394	1.07885500189033	1.12165046502707	1.07885336782105	1.07885283325157	1.12165871087002	1.19356764597272	1.12165871087002	1.04898965441394	1.07885336782105	1.12165046502706	1.07885500189033	0.660874905503032	0.593117829624603	0.527186945121419	0.593117829624604	0.593103944444254	0.527186904264764	0.546073763005654	0.527182922037588	0.527180490864056	0.546092515191431	0.607088349150068	0.546092515191431	0.593103944444254	0.527182922037588	0.546073763005655	0.527186904264765
1	1.05201666522313	1.08102647078186	1.05201666522313	1.05201457865911	1.08102667039161	1.12840457876038	1.0810254923145	1.08102499021517	1.1284130011362	1.2045509866519	1.1284130011362	1.0520145786591	1.0810254923145	1.12840457876038	1.08102667039161	0.679063062866066	0.608949153074452	0.533851659809936	0.608949153074452	0.608935571775991	0.533850958472148	0.561183525497542	0.533848245203373	0.533845896171675	0.561201818656346	0.623652854683343	0.561201818656347	0.608935571775992	0.533848245203373	0.561183525497543	0.533850958472149
1	1.05380811538576	1.08165857771832	1.05380811538576	1.05380610351707	1.08165861015987	1.13259785962535	1.08165779591326	1.08165733729021	1.13260607909379	1.21069127357648	1.13260607909379	1.05380610351707	1.08165779591326	1.13259785962535	1.08165861015987	0.690094737949917	0.618665944173918	0.536718471247034	0.618665944173919	0.618653077492886	0.53671737728947	0.570908422382547	0.536715572578366	0.536713372677046	0.570925646654714	0.633348269922538	0.570925646654714	0.618653077492887	0.536715572578366	0.570908422382547	0.536717377289472
1	1.05489382771628	1.08163019462803	1.05489382771628	1.05489193629249	1.08163011532401	1.13531023153939	1.08162956794116	1.08162915521249	1.13531799357344	1.21413836004019	1.13531799357344	1.05489193629249	1.08162956794116	1.13531023153939	1.08163011532401	0.696785787126083	0.624624632278578	0.53755763497219	0.624624632278578	0.624612720860002	0.537556345736127	0.577162351475037	0.537555164890621	0.537553146625221	0.577178182665455	0.638966658858775	0.577178182665456	0.624612720860003	0.537555164890621	0.577162351475038	0.537556345736128
1	1.0555663724323	1.08133685262735	1.0555663724323	1.05556462804259	1.08133670646434	1.13711390634785	1.08133634544228	1.0813359775579	1.13712106945854	1.21608712733695	1.13712106945854	1.05556462804259	1.08133634544228	1.13711390634785	1.08133670646434	0.700844113611241	0.6282892390946	0.537339177631364	0.6282892390946	0.628278386057506	0.537337825631839	0.581198168622378	0.537337062018764	0.537335235601618	0.581212493657609	0.642207361128851	0.581212493657609	0.628278386057507	0.537337062018764	0.581198168622378	0.537337825631841
1	1.0559925884911	1.0809543604331	1.0559925884911	1.05599100225712	1.08095418000297	1.13833884809179	1.080953945133	1.08095361945196	1.13834535604187	1.21720390429483	1.13834535604187	1.05599100225712	1.080953945133	1.13833884809179	1.08095418000297	0.703305613055387	0.630557489335745	0.536600037391729	0.630557489335746	0.630547705677935	0.536598705421618	0.583821729025081	0.536598215951412	0.53659657821591	0.583834564604514	0.644073900152052	0.583834564604514	0.630547705677936	0.536598215951412	0.583821729025081	0.53659870542162
1	1.05626964443426	1.08056010040088	1.05626964443426	1.05626821604637	1.08055990792867	1.13918671882968	1.08055975674352	1.08055947020962	1.13919257716599	1.21785883544159	1.13919257716599	1.05626821604636	1.08055975674352	1.13918671882968	1.08055990792867	0.704798587939842	0.631975517038177	0.535638905480087	0.631975517038177	0.631966738781817	0.535637637766305	0.585545979914091	0.535637326680918	0.53563586367972	0.585557438581094	0.645149560146491	0.585557438581094	0.631966738781818	0.535637326680918	0.585545979914091	0.535637637766307
1	1.05645495897124	1.0801872957026	1.05645495897124	1.05645367994122	1.08018710435271	1.13978496785885	1.08018700784912	1.08018675613854	1.13979021176379	1.21825635269318	1.13979021176379	1.05645367994122	1.08018700784912	1.13978496785885	1.08018710435271	0.705704122984617	0.632874182864792	0.534620592268434	0.632874182864793	0.632866340106479	0.534619414225688	0.586695587232913	0.534619217578894	0.534617915541798	0.586705783664008	0.645770652789428	0.586705783664009	0.63286634010648	0.534619217578894	0.586695587232914	0.53461941422569
1	1.05658282828124	1.07984910117556	1.05658282828124	1.05658168750515	1.07984891876866	1.14021561582245	1.07984885756449	1.07984863669289	1.14022029245434	1.21850884129471	1.14022029245434	1.05658168750515	1.07984885756449	1.14021561582245	1.07984891876866	0.706253357760413	0.633453692300515	0.533633407249128	0.633453692300516	0.633446705306498	0.533632329727256	0.587475558585729	0.533632205961528	0.533631050081976	0.587484614098051	0.646130379487613	0.587484614098051	0.633446705306499	0.533632205961528	0.58747555858573	0.533632329727258
1	1.05667394045204	1.07954938584579	1.05667394045204	1.0566729257147	1.07954921653473	1.14053202762857	1.07954917791425	1.07954898422568	1.14053618850714	1.21867796745271	1.14053618850714	1.0566729257147	1.07954917791425	1.14053202762857	1.07954921653473	0.706586485499786	0.633835315249952	0.532721562914813	0.633835315249953	0.633829102367615	0.532720587784019	0.588015425584834	0.5327205101643	0.532719485703463	0.588023458638739	0.646339599039128	0.588023458638739	0.633829102367616	0.5327205101643	0.588015425584834	0.532720587784021
1	1.05674091421198	1.07928766761431	1.05674091421198	1.0567400131843	1.07928751316988	1.14076923568209	1.07928748889871	1.07928731907199	1.14077293213461	1.21879764221172	1.14077293213461	1.0567400131843	1.07928748889871	1.14076923568209	1.07928751316987	0.70678853769734	0.634092742807386	0.531903903784718	0.634092742807387	0.634087225218803	0.531903027697251	0.588397296030083	0.531902979159677	0.531902072111577	0.588404417282393	0.646461942087719	0.588404417282394	0.634087225218804	0.531902979159677	0.588397296030083	0.531903027697253
1	1.0567915555895	1.07906145228932	1.0567915555895	1.0567907564398	1.07906131302802	1.14095046546412	1.07906129782513	1.0790611488916	1.14095374626431	1.21888666494304	1.14095374626431	1.0567907564398	1.07906129782513	1.14095046546412	1.07906131302802	0.706911088555537	0.634270997024666	0.531184906075006	0.634270997024667	0.634266100814622	0.531184122828318	0.588673522264611	0.531184092550933	0.531183289921464	0.588679833039616	0.646533977581754	0.588679833039617	0.634266100814622	0.531184092550933	0.588673522264612	0.53118412282832
1	1.05683078289339	1.07886739221865	1.05683078289339	1.0568300745897	1.07886726760734	1.14109130417714	1.07886725811061	1.07886712743477	1.14109421440591	1.21895563022879	1.14109421440591	1.0568300745897	1.07886725811061	1.14109130417714	1.07886726760734	0.70698541941144	0.634397801776197	0.530561193176766	0.634397801776198	0.634393459160585	0.530560495255391	0.588877772333779	0.530560476407295	0.530559766375884	0.588883363955974	0.646576763157897	0.588883363955974	0.634393459160586	0.530560476407296	0.588877772333779	0.530560495255393
1	1.05686176807825	1.07870188184044	1.05686176807825	1.05686114053802	1.0787017708963	1.1412023731959	1.07870176497748	1.07870165023956	1.14120495380702	1.21901067666557	1.14120495380702	1.05686114053802	1.07870176497748	1.1412023731959	1.0787017708963	0.707030503356262	0.634490412814091	0.530025400195268	0.634490412814092	0.634486562471692	0.530024779696237	0.589031947403572	0.530024767983054	0.530024139929778	0.589036901450822	0.646602455755964	0.589036901450823	0.634486562471693	0.530024767983054	0.589031947403573	0.530024779696239
1	1.05688661530624	1.07856137101727	1.05688661530624	1.05688605943487	1.0785612725601	1.14129104251006	1.07856126887818	1.07856116805202	1.14129333033789	1.21905551084195	1.14129333033789	1.05688605943487	1.07856126887818	1.14129104251006	1.0785612725601	0.707057848152142	0.634559720602006	0.52956844813509	0.634559720602007	0.634556307453968	0.529567897290852	0.589150500538347	0.529567890022034	0.529567334471013	0.589154889605234	0.646618096237085	0.589154889605234	0.634556307453969	0.529567890022035	0.589150500538348	0.529567897290853
1	1.05690676576111	1.07844252790254	1.05690676576111	1.05690627341904	1.0784424407016	1.14136253180918	1.07844243841479	1.07844234973661	1.1413645597787	1.21909249579622	1.1413645597787	1.05690627341904	1.07844243841479	1.14136253180918	1.0784424407016	0.707074433609942	0.634612718241917	0.529180855859665	0.634612718241918	0.634609693100449	0.529180367332471	0.58924313539667	0.529180362826996	0.529179871369536	0.589247023873164	0.646627778362778	0.589247023873164	0.63460969310045	0.529180362826996	0.58924313539667	0.529180367332472
1	1.05692324044053	1.07834231725253	1.05692324044053	1.05692280438101	1.0783422401128	1.14142061950683	1.07834223869435	1.07834216063437	1.14142241695355	1.21912323516312	1.14142241695355	1.05692280438101	1.07834223869435	1.14142061950683	1.0783422401128	0.707084493199103	0.634653990112212	0.528853468291629	0.634653990112213	0.634651309136658	0.528853035304238	0.589316496719081	0.528853032514325	0.528852597703498	0.589319941708857	0.646633893727318	0.589319941708857	0.634651309136659	0.528853032514325	0.589316496719081	0.52885303530424
1	1.05693678700566	1.07825802961829	1.05693678700566	1.05693640079327	1.07825796142162	1.14146810165753	1.07825796054276	1.07825789177319	1.14146969465872	1.21914888705317	1.14146969465872	1.05693640079327	1.07825796054276	1.14146810165753	1.07825796142162	0.707090594648715	0.634686613502696	0.528577831527981	0.634686613502697	0.634684237740073	0.528577447921483	0.589375233983667	0.528577446195285	0.528577061454222	0.589378286038597	0.646637847702734	0.589378286038598	0.634684237740074	0.528577446195285	0.589375233983668	0.528577447921485
1	1.05694796971372	1.07818728174726	1.05694796971371	1.05694762764562	1.07818722147407	1.14150709140113	1.07818722093002	1.07818716030027	1.14150850311809	1.21917033389551	1.14150850311809	1.05694762764562	1.07818722093002	1.14150709140113	1.07818722147407	0.707094295365241	0.634712708128813	0.5283463568396	0.634712708128814	0.634710602960954	0.528346017063994	0.589422674769083	0.528346015996663	0.52834567551494	0.589425378694498	0.646640472091353	0.589425378694499	0.634710602960955	0.528346015996663	0.589422674769083	0.528346017063996
1	1.05695722548661	1.07812800052971	1.05695722548661	1.05695692251112	1.07812794726162	1.14153921664328	1.07812794692509	1.07812789343506	1.1415404676269	1.2191882758967	1.1415404676269	1.05695692251112	1.07812794692509	1.14153921664328	1.07812794726162	0.707096539963477	0.634733773680857	0.528152361067942	0.634733773680858	0.634731908410968	0.528152060160704	0.589461254844183	0.528152059501118	0.52815175815413	0.589463650291257	0.646642263620334	0.589463650291258	0.634731908410969	0.528152059501118	0.589461254844183	0.528152060160705
1	1.05696489969212	1.07807839816237	1.05696489969212	1.05696463133863	1.07807835108177	1.14156575252386	1.07807835087373	1.07807830365492	1.14156686100822	1.21920328411123	1.14156686100822	1.05696463133863	1.07807835087373	1.14156575252386	1.07807835108177	0.707097901381276	0.634750899525183	0.527990037554295	0.634750899525184	0.6347492469017	0.527989771090086	0.589492795796873	0.527989770682662	0.527989503944298	0.5894949179148	0.64664352219312	0.5894949179148	0.6347492469017	0.527989770682662	0.589492795796873	0.527989771090088
1	1.05697126966612	1.07803694339982	1.05697126966612	1.05697103197655	1.07803690178102	1.14158771186246	1.07803690165248	1.07803685994755	1.14158869401675	1.21921583214161	1.14158869401675	1.05697103197655	1.07803690165248	1.14158771186246	1.07803690178102	0.707098727123026	0.634764896665969	0.527854390685936	0.63476489666597	0.634763432542832	0.527854154735017	0.589518686865225	0.527854154483443	0.527853918361339	0.589520566763404	0.646644431337734	0.589520566763404	0.634763432542833	0.527854154483443	0.589518686865226	0.527854154735018
1	1.05697656066671	1.07800233225485	1.05697656066671	1.05697635013843	1.07800229545752	1.14160590802314	1.07800229537813	1.07800225852705	1.14160677819005	1.21922631632332	1.14160677819005	1.05697635013843	1.07800229537813	1.14160590802314	1.07800229545752	0.707099227960872	0.634776382317361	0.527741154082014	0.634776382317362	0.634775085267046	0.527740945155319	0.589540005922701	0.527740945000024	0.527740735966213	0.589541671185106	0.646645105217777	0.589541671185106	0.634775085267047	0.527740945000024	0.589540005922702	0.52774094515532
1	1.05698095723536	1.07797345839186	1.05698095723536	1.05698077076691	1.07797342585065	1.14162100044668	1.07797342580163	1.07797339322681	1.14162177134179	1.21923507003163	1.14162177134178	1.05698077076691	1.07797342580163	1.14162100044668	1.07797342585065	0.707099531734489	0.634785835071795	0.527646704797271	0.634785835071796	0.634784686113305	0.527646519804892	0.589557601494323	0.527646519709052	0.527646334649463	0.58955907654006	0.646645616220386	0.589559076540061	0.634784686113306	0.527646519709052	0.589557601494324	0.527646519804894
1	1.05698461137977	1.07794938687964	1.05698461137977	1.05698444622625	1.07794935809721	1.14163352724023	1.07794935806695	1.07794932926345	1.14163421013948	1.21924237400139	1.14163421013948	1.05698444622625	1.07794935806695	1.14163352724022	1.07794935809721	0.707099715982552	0.634793631855845	0.527567979587347	0.634793631855846	0.63479261414757	0.527567815790284	0.589572149617429	0.527567815731148	0.527567651891765	0.589573456103022	0.64664601127956	0.589573456103023	0.634792614147571	0.527567815731148	0.58957214961743	0.527567815790286
1	1.05698764876337	1.07792933019888	1.05698764876337	1.0569875024935	1.07792930473661	1.14164392963956	1.07792930471794	1.07792927924242	1.14164453453931	1.21924846455325	1.1416445345393	1.0569875024935	1.07792930471794	1.14164392963956	1.07792930473661	0.707099827734674	0.634800073225489	0.527502397145736	0.63480007322549	0.634799171849003	0.527502252120381	0.589584194186473	0.527502252083898	0.527502107031779	0.589585351288213	0.646646321598551	0.589585351288214	0.634799171849004	0.527502252083898	0.589584194186473	0.527502252120383
1	1.05699017353552	1.07791262650197	1.05699017353552	1.05699004399664	1.07791260397395	1.14165257088755	1.07791260396243	1.07791258142605	1.14165310665262	1.21925354046716	1.14165310665262	1.05699004399664	1.07791260396243	1.14165257088755	1.07791260397395	0.707099895515774	0.634805401206525	0.527447788126109	0.634805401206526	0.634804602925517	0.527447659725034	0.589594176110844	0.527447659702528	0.527447531284435	0.58959520083794	0.646646568478907	0.58959520083794	0.634804602925518	0.527447659702528	0.589594176110845	0.527447659725036
1	1.05699227215393	1.07789872063128	1.05699227215393	1.05699215743871	1.07789870069696	1.14165975088084	1.07789870068985	1.07789868075023	1.14166022537015	1.21925776873794	1.14166022537015	1.05699215743871	1.07789870068985	1.14165975088083	1.07789870069696	0.707099936627094	0.634809812147149	0.527402333281318	0.63480981214715	0.634809105236117	0.527402219604484	0.589602454965195	0.527402219590603	0.527402105902876	0.589603362381861	0.646646766864693	0.589603362381861	0.634809105236118	0.527402219590602	0.589602454965195	0.527402219604486
1	1.05699401645791	1.07788714766874	1.05699401645791	1.05699391487706	1.07788713002821	1.1416657177256	1.07788713002382	1.0778871123799	1.14166613790838	1.21926128946367	1.14166613790838	1.05699391487706	1.07788713002382	1.14166571772559	1.07788713002821	0.707099961562374	0.634813466267645	0.52736450957548	0.634813466267646	0.634812840323499	0.527364408939306	0.589609325321599	0.527364408930744	0.527364308287545	0.58961012879072	0.646646927521227	0.589610128790721	0.634812840323499	0.527364408930744	0.5896093253216	0.527364408939308
1	1.05699546617337	1.07787751878924	1.05699546617337	1.05699537622975	1.07787750317755	1.14167067698605	1.07787750317484	1.07787748756097	1.14167104904064	1.21926422001901	1.14167104904063	1.05699537622975	1.07787750317484	1.14167067698605	1.07787750317755	0.707099976686387	0.634816494862268	0.527333043704165	0.634816494862269	0.634815940668698	0.527332954618693	0.589615029361635	0.527332954613413	0.527332865523369	0.589615740719873	0.646647058399384	0.589615740719874	0.634815940668698	0.527332954613413	0.589615029361635	0.527332954618695
1	1.05699667096838	1.07786950916476	1.05699667096838	1.0569965913357	1.07786949534829	1.14167479915628	1.07786949534662	1.07786948152873	1.1416751285613	1.21926665861898	1.1416751285613	1.0569965913357	1.07786949534662	1.14167479915628	1.07786949534829	0.707099985859566	0.634819005882375	0.527306872334248	0.634819005882376	0.634818515262938	0.527306793479042	0.589619766711137	0.527306793475786	0.527306714617575	0.58962039645846	0.646647165502486	0.589620396458461	0.634818515262939	0.527306793475786	0.589619766711137	0.527306793479044
1	1.05699767215194	1.07786284767919	1.05699767215194	1.05699760165462	1.07786283545138	1.14167822574953	1.07786283545035	1.07786282322161	1.14167851736175	1.21926868735623	1.14167851736175	1.05699760165462	1.07786283545035	1.14167822574953	1.07786283545138	0.707099991423382	0.634821088293879	0.527285108278182	0.63482108829388	0.634820654004169	0.527285038484288	0.589623702260864	0.52728503848228	0.527284968686387	0.589624259699437	0.646647253451584	0.589624259699438	0.63482065400417	0.52728503848228	0.589623702260865	0.527285038484289
1	1.05699850408065	1.07785730821518	1.05699850408065	1.05699844167708	1.07785729739369	1.14168107428522	1.07785729739305	1.07785728657095	1.14168133241098	1.21927037478292	1.14168133241098	1.05699844167708	1.07785729739305	1.14168107428522	1.07785729739369	0.707099994798008	0.634822815557284	0.527267011862544	0.634822815557285	0.634822431170901	0.527266950093853	0.589626972408315	0.527266950092615	0.527266888322577	0.589627465789371	0.646647325860427	0.589627465789371	0.634822431170902	0.527266950092615	0.589626972408315	0.527266950093854
1	1.05699919532785	1.07785270230053	1.05699919532785	1.05699914009476	1.07785269272404	1.14168344239469	1.07785269272365	1.07785268314675	1.14168367085125	1.21927177809837	1.14168367085125	1.05699914009476	1.07785269272365	1.14168344239469	1.07785269272404	0.707099996844823	0.634824248406487	0.527251966770468	0.634824248406488	0.634823908228893	0.527251912109424	0.589629690118492	0.527251912108661	0.527251857446698	0.589630126753151	0.646647385592362	0.589630126753152	0.634823908228894	0.527251912108661	0.589629690118493	0.527251912109426
1	1.0569997696552	1.0778488729162	1.0569997696552	1.05699972077453	1.07784886444221	1.14168541120931	1.07784886444197	1.0778488559677	1.14168561338069	1.21927294499821	1.14168561338069	1.05699972077453	1.07784886444197	1.14168541120931	1.07784886444221	0.70709999808628	0.634825437109445	0.527239459725844	0.634825437109446	0.634825136089757	0.527239411359086	0.589631949024108	0.527239411358616	0.527239362991221	0.589632335396882	0.646647434939319	0.589632335396882	0.634825136089758	0.527239411358616	0.589631949024108	0.527239411359088
1	1.05700024695132	1.07784568790625	1.05700024695132	1.05700020370041	1.07784568040993	1.14168704897401	1.07784568040978	1.07784567291327	1.14168722784715	1.21927391565033	1.14168722784715	1.05700020370041	1.07784568040978	1.14168704897401	1.07784568040993	0.707099998839259	0.634826423263817	0.527229063909959	0.634826423263818	0.634826156925487	0.527229021116596	0.589633826637957	0.527229021116305	0.527228978322495	0.589634168497286	0.646647475714464	0.589634168497286	0.634826156925488	0.527229021116305	0.589633826637957	0.527229021116597
1	1.05700064326785	1.07784304243613	1.05700064326785	1.0570006049999	1.07784303580373	1.1416884093766	1.07784303580363	1.0778430291711	1.14168856763234	1.21927472192872	1.14168856763234	1.0570006049999	1.07784303580363	1.1416884093766	1.07784303580373	0.707099999295968	0.634827241457297	0.527220422578857	0.634827241457298	0.634827005831246	0.527220384720798	0.589635387801022	0.52722038472062	0.527220346862243	0.589635690239877	0.64664750952197	0.589635690239878	0.634827005831247	0.52722038472062	0.589635387801022	0.5272203847208
1	1.05700097242275	1.07784084422722	1.05700097242275	1.05700093856649	1.07784083835914	1.14168954005341	1.07784083835909	1.07784083249092	1.14168968005615	1.21927539197323	1.14168968005615	1.05700093856649	1.07784083835909	1.14168954005341	1.07784083835914	0.707099999572979	0.63482792029054	0.527213240070384	0.634827920290541	0.634827711859833	0.527213206582178	0.589636685921496	0.527213206582068	0.527213173093633	0.589636953453657	0.646647537550828	0.589636953453657	0.634827711859834	0.527213206582068	0.589636685921496	0.52721320658218
1	1.05700124581703	1.07783901741266	1.05700124581703	1.05700121586694	1.07783901222115	1.14169048001575	1.07783901222112	1.07783900702955	1.14169060385789	1.21927594886606	1.14169060385789	1.05700121586694	1.07783901222112	1.14169048001575	1.07783901222115	0.707099999740996	0.634828483485083	0.527207270381053	0.634828483485084	0.634828299131265	0.527207240761393	0.589637765395861	0.527207240761325	0.527207211141496	0.589638002023983	0.64664756079418	0.589638002023984	0.634828299131266	0.527207240761325	0.589637765395861	0.527207240761394
1	1.05700147289743	1.07783749919151	1.05700147289743	1.05700144640564	1.07783749459895	1.14169126151165	1.07783749459893	1.07783749000632	1.14169137104685	1.21927641171738	1.14169137104685	1.05700144640564	1.07783749459893	1.14169126151165	1.07783749459895	0.707099999842905	0.634828950719534	0.527202308894477	0.634828950719534	0.634828787678875	0.527202282699142	0.589638663118303	0.527202282699101	0.527202256503643	0.589638872389812	0.646647580074652	0.589638872389813	0.634828787678876	0.527202282699101	0.589638663118303	0.527202282699144
1	1.05700166150484	1.07783623743823	1.05700166150484	1.05700163807446	1.07783623337597	1.1416919112922	1.07783623337595	1.07783622931365	1.141692008164	1.21927679639749	1.141692008164	1.05700163807446	1.07783623337595	1.1416919112922	1.07783623337597	0.707099999904716	0.63482933832354	0.527198185455431	0.634829338323541	0.634829194143696	0.527198162290356	0.589639409744812	0.52719816229033	0.527198139125164	0.589639594807471	0.646647596072143	0.589639594807472	0.634829194143697	0.52719816229033	0.589639409744812	0.527198162290358
1	1.05700181815194	1.07783518884425	1.05700181815194	1.05700179743102	1.0778351852514	1.14169245157838	1.07783518525139	1.07783518165851	1.14169253724393	1.21927711609879	1.14169253724393	1.05700179743102	1.07783518525139	1.14169245157838	1.0778351852514	0.707099999942207	0.634829659846836	0.527194758586098	0.634829659846837	0.63482953235449	0.527194738102093	0.589640030752266	0.527194738102077	0.527194717618004	0.589640194395664	0.646647609348628	0.589640194395664	0.634829532354491	0.527194738102077	0.589640030752267	0.527194738102095
1	1.05700194824909	1.07783431741359	1.05700194824909	1.05700192992572	1.07783431423606	1.1416929008377	1.07783431423605	1.0778343110585	1.14169297658676	1.21927738178901	1.14169297658676	1.05700192992572	1.07783431423605	1.1416929008377	1.07783431423606	0.707099999964946	0.634829926531473	0.527191910665867	0.634829926531474	0.634829813806408	0.527191892554356	0.589640547318492	0.527191892554346	0.527191874442784	0.589640692007313	0.646647620369221	0.589640692007313	0.634829813806409	0.527191892554346	0.589640547318492	0.527191892554358
1	1.05700205629142	1.07783359322547	1.05700205629142	1.05700204008962	1.07783359041548	1.14169327442067	1.07783359041547	1.07783358760546	1.14169334139522	1.21927760258765	1.14169334139522	1.05700204008962	1.07783359041547	1.14169327442067	1.07783359041548	0.707099999978739	0.634830147710934	0.527189543918085	0.634830147710935	0.634830048051161	0.527189527905605	0.589640977041051	0.527189527905599	0.52718951189308	0.589641104959909	0.646647629518512	0.58964110495991	0.634830048051161	0.527189527905599	0.589640977041052	0.527189527905607
1	1.05700214601363	1.077832991409	1.05700214601363	1.05700213168902	1.07783298892419	1.14169358508732	1.07783298892419	1.07783298643938	1.14169364429814	1.21927778607559	1.14169364429814	1.05700213168902	1.07783298892419	1.14169358508732	1.07783298892419	0.707099999987104	0.634830331130082	0.52718757706707	0.634830331130083	0.634830243030434	0.527187562911771	0.589641334550089	0.527187562911768	0.527187548756439	0.589641447630944	0.646647637115282	0.589641447630945	0.634830243030435	0.527187562911768	0.58964133455009	0.527187562911773
1	1.05700222051871	1.07783249129171	1.05700222051871	1.05700220785498	1.0778324890947	1.14169384344476	1.0778324890947	1.07783248689769	1.14169389578732	1.21927793855526	1.14169389578732	1.05700220785498	1.0778324890947	1.14169384344476	1.0778324890947	0.707099999992178	0.634830483219546	0.527185942558022	0.634830483219546	0.634830405344631	0.527185930045387	0.589641632003774	0.527185930045386	0.527185917532728	0.58964173196069	0.646647643423433	0.589641731960691	0.634830405344631	0.527185930045386	0.589641632003774	0.527185930045389
1	1.05700228238453	1.07783207569148	1.05700228238453	1.05700227119003	1.07783207374907	1.14169405831058	1.07783207374907	1.07783207180665	1.14169410457758	1.21927806526483	1.14169410457758	1.05700227119003	1.07783207374907	1.14169405831058	1.07783207374907	0.707099999995256	0.63483060931428	0.527184584242445	0.634830609314281	0.634830540483836	0.527184573182855	0.589641879513122	0.527184573182854	0.527184562123246	0.589641967861013	0.646647648662057	0.589641967861013	0.634830540483837	0.527184573182854	0.589641879513122	0.527184573182857
1	1.05700233375269	1.0778317303278	1.05700233375269	1.05700232385783	1.07783172861066	1.1416942370151	1.07783172861066	1.07783172689351	1.14169427790849	1.21927817055857	1.14169427790849	1.05700232385783	1.07783172861066	1.1416942370151	1.07783172861066	0.707099999997122	0.634830713844002	0.527183455454797	0.634830713844002	0.634830653011736	0.527183445680182	0.58964208548163	0.527183445680182	0.527183435905552	0.589642163563468	0.646647653012656	0.589642163563469	0.634830653011737	0.527183445680182	0.589642085481631	0.527183445680183
1	1.05700237640226	1.07783144333219	1.05700237640226	1.05700236765681	1.0778314418143	1.14169438565205	1.0778314418143	1.07783144029639	1.14169442179314	1.21927825805513	1.14169442179314	1.05700236765681	1.0778314418143	1.14169438565205	1.0778314418143	0.707099999998254	0.634830800483853	0.527182517411597	0.634830800483854	0.634830746724683	0.527182508773343	0.589642256898211	0.527182508773344	0.52718250013508	0.589642325901377	0.646647656625985	0.589642325901377	0.634830746724684	0.527182508773344	0.589642256898212	0.527182508773345
1	1.0570024118111	1.07783120484109	1.0570024118111	1.05700240408215	1.07783120349944	1.14169450928751	1.07783120349944	1.07783120215778	1.14169454122628	1.21927833076219	1.14169454122628	1.05700240408215	1.07783120349944	1.14169450928751	1.07783120349944	0.707099999998941	0.634830872284818	0.527181737881286	0.634830872284818	0.634830824779343	0.527181730247772	0.589642399572697	0.527181730247773	0.527181722614251	0.589642460548927	0.64664765962704	0.589642460548927	0.634830824779344	0.527181730247773	0.589642399572698	0.527181730247774
1	1.05700244120682	1.07783100665734	1.05700244120682	1.05700243437668	1.07783100547155	1.14169461213311	1.07783100547155	1.07783100428576	1.14169464035626	1.21927839117918	1.14169464035626	1.05700243437668	1.07783100547155	1.14169461213311	1.07783100547155	0.707099999999358	0.634830931778222	0.527181090077699	0.634830931778223	0.634830889801826	0.527181083332519	0.589642518337093	0.52718108333252	0.527181076587335	0.58964257221646	0.646647662119659	0.58964257221646	0.634830889801827	0.52718108333252	0.589642518337093	0.527181083332521
1	1.05700246560909	1.07783084196884	1.05700246560909	1.05700245957365	1.0778308409209	1.14169469769035	1.0778308409209	1.07783083987295	1.14169472262856	1.21927844138336	1.14169472262856	1.05700245957365	1.0778308409209	1.14169469769035	1.0778308409209	0.70709999999961	0.634830981065054	0.527180551740604	0.634830981065055	0.634830943976322	0.527180545780724	0.589642617208986	0.527180545780724	0.527180539820839	0.589642664814776	0.646647664189993	0.589642664814776	0.634830943976323	0.527180545780725	0.589642617208986	0.527180545780725
1	1.05700248586487	1.0778307051146	1.05700248586487	1.057002480532	1.07783070418853	1.14169476887034	1.07783070418853	1.07783070326246	1.14169479090464	1.21927848310089	1.14169479090464	1.057002480532	1.07783070418853	1.14169476887034	1.07783070418853	0.707099999999764	0.634831021888393	0.527180104371136	0.634831021888394	0.634830989120091	0.527180099105431	0.589642699529947	0.527180099105431	0.527180093839723	0.589642741590225	0.646647665909611	0.589642741590225	0.634830989120092	0.527180099105431	0.589642699529947	0.527180099105432
1	1.05700250267762	1.07783059139026	1.05700250267762	1.05700249796581	1.07783059057195	1.14169482809344	1.07783059057195	1.07783058975364	1.14169484756091	1.2192785177663	1.14169484756091	1.05700249796581	1.07783059057195	1.14169482809344	1.07783059057195	0.707099999999857	0.634831055694676	0.527179732596442	0.634831055694677	0.634831026744955	0.527179727944292	0.589642768078832	0.527179727944293	0.527179723292141	0.589642805237746	0.646647667337921	0.589642805237746	0.634831026744955	0.527179727944293	0.589642768078833	0.527179727944294
1	1.05700251663159	1.07783049688651	1.05700251663159	1.05700251246872	1.07783049616346	1.14169487737203	1.07783049616346	1.07783049544041	1.14169489457083	1.21927854657163	1.14169489457083	1.05700251246872	1.07783049616346	1.14169487737203	1.07783049616346	0.707099999999913	0.63483108368383	0.527179423641511	0.634831083683831	0.63483105810892	0.527179419531625	0.589642825167085	0.527179419531626	0.527179415421739	0.589642857994231	0.646647668524275	0.589642857994231	0.634831058108921	0.527179419531626	0.589642825167085	0.527179419531627
