1	1.04112264443584	1.07740201442621	1.04112264443584	1.04112264443588	1.07740290466043	1.11417162717006	1.07740290466046	1.07740201442645	1.11417162717095	1.17563410404652	1.11417162717095	1.04112264443588	1.07740290466046	1.11417162717006	1.07740290466043	0.68801213310508	0.627459504775958	0.609307677770385	0.627459504775958	0.627459504775752	0.609310086660564	0.606533600358734	0.609310086660633	0.609307677770675	0.606533600360482	0.670584642259864	0.606533600360482	0.627459504775753	0.609310086660633	0.606533600358734	0.609310086660565
1	1.04794295267969	1.08864623949241	1.04794295267969	1.04794295267972	1.0886469017316	1.12947932650281	1.08864690173162	1.0886462394926	1.12947932650354	1.21105838855959	1.12947932650354	1.04794295267972	1.08864690173162	1.12947932650281	1.0886469017316	0.746500511165925	0.66907287814338	0.64416909410206	0.669072878143381	0.669072878143261	0.644170693219172	0.638728418422589	0.644170693219219	0.644169094102333	0.638728418423909	0.735794139077632	0.638728418423909	0.669072878143262	0.64417069321922	0.638728418422589	0.644170693219173
1	1.05013924191088	1.09113379083611	1.05013924191088	1.0501392419109	1.09113423273243	1.13178512930837	1.09113423273244	1.09113379083625	1.1317851293089	1.22645080155673	1.1317851293089	1.0501392419109	1.09113423273244	1.13178512930837	1.09113423273243	0.78197550571287	0.693118630690314	0.662286385147302	0.693118630690314	0.693118630690245	0.662287393619897	0.653637006531211	0.662287393619928	0.662286385147529	0.653637006532131	0.773735740390633	0.653637006532131	0.693118630690246	0.662287393619928	0.653637006531212	0.662287393619898
1	1.05110431230687	1.0916378584837	1.05110431230687	1.05110431230688	1.09163814039445	1.13140926521123	1.09163814039445	1.0916378584838	1.13140926521159	1.23459202072695	1.13140926521159	1.05110431230688	1.09163814039445	1.13140926521123	1.09163814039444	0.803492177548233	0.707741972321849	0.673001762351501	0.70774197232185	0.70774197232181	0.673002388231232	0.662006252992667	0.673002388231252	0.673001762351678	0.662006252993293	0.794899332229333	0.662006252993294	0.707741972321812	0.673002388231252	0.662006252992668	0.673002388231233
1	1.05173935760669	1.09195212226866	1.05173935760669	1.0517393576067	1.09195229879711	1.13111059071077	1.09195229879711	1.09195212226873	1.13111059071102	1.2392647708659	1.13111059071102	1.0517393576067	1.09195229879711	1.13111059071077	1.09195229879711	0.816542698699088	0.716979986123643	0.680162316486548	0.716979986123644	0.716979986123622	0.680162703780378	0.667900198802002	0.680162703780391	0.680162316486679	0.667900198802427	0.806452955934529	0.667900198802428	0.716979986123624	0.680162703780391	0.667900198802002	0.680162703780379
1	1.052228416985	1.09237304662309	1.052228416985	1.05222841698501	1.0923731563911	1.13130514069347	1.0923731563911	1.09237304662314	1.13130514069364	1.24185231779759	1.13130514069364	1.05222841698501	1.0923731563911	1.13130514069347	1.0923731563911	0.824458239884387	0.723047050093106	0.685416249160184	0.723047050093108	0.723047050093096	0.685416489111824	0.672716638161223	0.685416489111833	0.685416249160281	0.672716638161514	0.812654804990067	0.672716638161514	0.723047050093097	0.685416489111833	0.672716638161224	0.685416489111825
1	1.05260840649938	1.09287113490631	1.05260840649938	1.05260840649938	1.09287120304657	1.13187331579158	1.09287120304657	1.09287113490635	1.1318733157917	1.24312992557952	1.1318733157917	1.05260840649938	1.09287120304657	1.13187331579158	1.09287120304657	0.829259258322985	0.727207190817024	0.689535701124788	0.727207190817025	0.72720719081702	0.689535850143858	0.67694009155455	0.689535850143864	0.689535701124859	0.676940091554749	0.815918240412165	0.67694009155475	0.727207190817021	0.689535850143863	0.676940091554551	0.68953585014386
1	1.05289875682199	1.09338751782908	1.05289875682199	1.052898756822	1.09338756015893	1.13264768993011	1.09338756015893	1.09338751782911	1.13264768993019	1.24361530972454	1.13264768993019	1.052898756822	1.09338756015893	1.13264768993011	1.09338756015893	0.832171223219775	0.730197314942737	0.692919588229499	0.730197314942739	0.730197314942735	0.692919681012886	0.68075144826393	0.69291968101289	0.69291958822955	0.680751448264067	0.817581579192087	0.680751448264067	0.730197314942737	0.69291968101289	0.68075144826393	0.692919681012888
1	1.05311928002796	1.09388590989824	1.05311928002796	1.05311928002797	1.0938859362402	1.13350921782052	1.0938859362402	1.09388590989826	1.13350921782058	1.2436473766899	1.13350921782058	1.05311928002797	1.0938859362402	1.13350921782052	1.0938859362402	0.833937419222726	0.732453967627592	0.695793538558761	0.732453967627593	0.732453967627592	0.69579359646834	0.684230319169072	0.695793596468343	0.695793538558799	0.684230319169168	0.818378209908854	0.684230319169168	0.732453967627593	0.695793596468343	0.684230319169073	0.695793596468342
1	1.05328828676366	1.094350240418	1.05328828676366	1.05328828676366	1.094350256845	1.13438691132548	1.094350256845	1.09435024041801	1.13438691132552	1.24343487513289	1.13438691132552	1.05328828676366	1.094350256845	1.13438691132548	1.094350256845	0.83500867126409	0.734239125691593	0.698294661566488	0.734239125691594	0.734239125691593	0.698294697789621	0.687421131787385	0.698294697789623	0.698294661566515	0.687421131787451	0.818707394739536	0.687421131787452	0.734239125691594	0.698294697789623	0.687421131787386	0.698294697789623
1	1.05342048253395	1.09477590407887	1.05342048253395	1.05342048253395	1.09477591434455	1.13524205872322	1.09477591434455	1.09477590407888	1.13524205872324	1.24309951076383	1.13524205872324	1.05342048253395	1.09477591434455	1.13524205872322	1.09477591434455	0.835658418479557	0.735711742616275	0.700510775574229	0.735711742616276	0.735711742616276	0.700510798276756	0.6903547324176	0.700510798276758	0.700510775574249	0.690354732417647	0.818785786657724	0.690354732417647	0.735711742616277	0.700510798276757	0.690354732417601	0.700510798276758
1	1.05352666168532	1.0951636620419	1.05352666168531	1.05352666168532	1.09516366847001	1.13605516583848	1.09516366847001	1.09516366204191	1.1360551658385	1.2427092396552	1.1360551658385	1.05352666168532	1.09516366847001	1.13605516583848	1.09516366847001	0.836052510091448	0.736969283687264	0.702500390317858	0.736969283687266	0.736969283687266	0.702500404571185	0.693055609969578	0.702500404571188	0.702500390317872	0.693055609969611	0.818730825453086	0.693055609969612	0.736969283687267	0.702500404571187	0.693055609969579	0.702500404571186
1	1.05361433924289	1.09551636130184	1.05361433924289	1.05361433924289	1.09551636533427	1.13681758727138	1.09551636533427	1.09551636130185	1.13681758727139	1.24230070633578	1.13681758727139	1.05361433924289	1.09551636533427	1.13681758727138	1.09551636533426	0.836291538739657	0.738072206888814	0.704303776459478	0.738072206888815	0.738072206888815	0.704303785421807	0.695544471897226	0.70430378542181	0.704303776459488	0.69554447189725	0.818606213707312	0.69554447189725	0.738072206888816	0.70430378542181	0.695544471897227	0.704303785421809
1	1.05368859766699	1.09583738256419	1.05368859766699	1.05368859766699	1.09583738509787	1.13752660851785	1.09583738509787	1.09583738256419	1.13752660851786	1.24189305930393	1.13752660851786	1.05368859766699	1.09583738509787	1.13752660851785	1.09583738509787	0.836436516945172	0.739058545385977	0.705949491752605	0.739058545385978	0.739058545385978	0.705949497395547	0.69783930304338	0.705949497395549	0.705949491752612	0.697839303043397	0.818446588246628	0.697839303043397	0.739058545385979	0.705949497395549	0.697839303043381	0.705949497395549
1	1.05375283150143	1.09612998632691	1.05375283150143	1.05375283150143	1.09612998792116	1.13818265903698	1.09612998792116	1.09612998632691	1.13818265903699	1.24149597065769	1.13818265903699	1.05375283150143	1.09612998792116	1.13818265903698	1.09612998792116	0.836524450672994	0.739952660979118	0.707458397554518	0.739952660979119	0.739952660979118	0.707458401111619	0.699955916990976	0.70745840111162	0.707458397554522	0.699955916990987	0.818270868469483	0.699955916990988	0.739952660979119	0.70745840111162	0.699955916990976	0.70745840111162
1	1.05380930843318	1.09639708589973	1.05380930843318	1.05380930843318	1.09639708690413	1.13878776143003	1.09639708690413	1.09639708589973	1.13878776143004	1.24111410877931	1.13878776143004	1.05380930843318	1.09639708690413	1.13878776143003	1.09639708690413	0.836577785175721	0.74077053149335	0.708846205947009	0.740770531493351	0.74077053149335	0.708846208191545	0.701908325604843	0.708846208191546	0.70884620594701	0.701908325604851	0.818089467811571	0.701908325604851	0.740770531493351	0.708846208191546	0.701908325604843	0.708846208191547
1	1.05385956065168	1.09664120807881	1.05385956065168	1.05385956065168	1.09664120871227	1.13934468021117	1.09664120871227	1.09664120807881	1.13934468021117	1.2407495604301	1.13934468021117	1.05385956065168	1.09664120871227	1.13934468021116	1.09664120871227	0.836610134187361	0.741522962933184	0.710125130982325	0.741522962933185	0.741522962933183	0.710125132399876	0.703709030535816	0.710125132399877	0.710125130982326	0.703709030535821	0.817908186072061	0.703709030535822	0.741522962933185	0.710125132399877	0.703709030535817	0.710125132399877
1	1.05390464624077	1.09686452733564	1.05390464624077	1.05390464624077	1.09686452773554	1.13985646239029	1.09686452773554	1.09686452733564	1.13985646239029	1.24040311033861	1.13985646239029	1.05390464624077	1.09686452773554	1.13985646239029	1.09686452773554	0.836629754855074	0.742217551771267	0.711304977816868	0.742217551771269	0.742217551771267	0.711304978712812	0.705369268270038	0.711304978712812	0.711304977816869	0.705369268270041	0.817730308357704	0.705369268270042	0.742217551771268	0.711304978712812	0.705369268270038	0.711304978712813
1	1.05394531924621	1.09706892179051	1.05394531924621	1.05394531924621	1.09706892204318	1.14032619589405	1.09706892204318	1.09706892179051	1.14032619589406	1.24007490057482	1.14032619589405	1.05394531924621	1.09706892204318	1.14032619589405	1.09706892204317	0.836641655391833	0.742859890326161	0.712393870743017	0.742859890326162	0.74285989032616	0.712393871309658	0.706899218062746	0.712393871309659	0.712393870743019	0.706899218062748	0.817557735671973	0.706899218062749	0.742859890326161	0.712393871309659	0.706899218062747	0.712393871309659
1	1.0539821385058	1.09725602920545	1.0539821385058	1.0539821385058	1.09725602936519	1.14075688797109	1.09725602936519	1.09725602920545	1.14075688797109	1.23976476044162	1.14075688797109	1.0539821385058	1.09725602936519	1.14075688797109	1.09725602936519	0.836648873432397	0.743454310814166	0.71339874486633	0.743454310814167	0.743454310814165	0.713398745224905	0.708308175840751	0.713398745224905	0.713398744866331	0.708308175840753	0.817391593092394	0.708308175840753	0.743454310814166	0.713398745224905	0.708308175840752	0.713398745224906
1	1.05401553651497	1.09742729505318	1.05401553651497	1.05401553651497	1.09742729515425	1.14115140861423	1.09742729515424	1.09742729505318	1.14115140861423	1.23947236507649	1.14115140861423	1.05401553651497	1.09742729515424	1.14115140861423	1.09742729515424	0.836653251395404	0.744004346390742	0.71432568024958	0.744004346390743	0.744004346390742	0.714325680476599	0.709604696500045	0.714325680476599	0.714325680249581	0.709604696500048	0.817232556609491	0.709604696500048	0.744004346390743	0.714325680476599	0.709604696500046	0.7143256804766
1	1.05404586265933	1.09758401085973	1.05404586265933	1.05404586265933	1.0975840109237	1.14151246830928	1.0975840109237	1.09758401085973	1.14151246830928	1.23919730745919	1.14151246830928	1.05404586265933	1.0975840109237	1.14151246830928	1.0975840109237	0.836655906764262	0.74451301727952	0.715180129503422	0.744513017279521	0.74451301727952	0.71518012964721	0.71079670756208	0.715180129647211	0.715180129503422	0.710796707562082	0.817081028952981	0.710796707562082	0.744513017279521	0.715180129647211	0.710796707562081	0.715180129647212
1	1.05407341019944	1.09772734353165	1.05407341019944	1.05407341019944	1.09772734357216	1.14184261315503	1.09772734357216	1.09772734353165	1.14184261315503	1.23893912846239	1.14184261315503	1.05407341019944	1.09772734357216	1.14184261315503	1.09772734357216	0.836657517326933	0.744983007978223	0.715967072480099	0.744983007978225	0.744983007978224	0.715967072571204	0.711891597787909	0.715967072571204	0.7159670724801	0.71189159778791	0.816937234821979	0.71189159778791	0.744983007978225	0.715967072571204	0.711891597787909	0.715967072571205
1	1.05409843305032	1.09785835722451	1.05409843305032	1.05409843305032	1.09785835725017	1.14214422817024	1.09785835725017	1.09785835722451	1.14214422817024	1.2386973280201	1.14214422817024	1.05409843305032	1.09785835725017	1.14214422817024	1.09785835725017	0.836658494182604	0.745416776164576	0.716691120746793	0.745416776164578	0.745416776164576	0.716691120804534	0.712896284699229	0.716691120804535	0.716691120746793	0.71289628469923	0.816801273493081	0.71289628469923	0.745416776164578	0.716691120804535	0.71289628469923	0.716691120804535
1	1.05412115620177	1.09797802939415	1.05412115620177	1.05412115620177	1.09797802941041	1.14241954397727	1.09797802941041	1.09797802939415	1.14241954397727	1.23847136896849	1.14241954397727	1.05412115620177	1.09797802941041	1.14241954397727	1.09797802941041	0.836659086675538	0.745816618619794	0.71735658726564	0.745816618619795	0.745816618619793	0.717356587302245	0.713817265078076	0.717356587302247	0.717356587265641	0.713817265078077	0.816673149197534	0.713817265078077	0.745816618619794	0.717356587302247	0.713817265078077	0.717356587302247
1	1.05414178221891	1.09808726249832	1.05414178221891	1.05414178221891	1.09808726250863	1.14267064442106	1.09808726250863	1.09808726249832	1.14267064442106	1.23826067921562	1.14267064442106	1.05414178221891	1.09808726250863	1.14267064442106	1.09808726250863	0.836659446040685	0.74618471001074	0.717967532211951	0.746184710010741	0.74618471001074	0.717967532235162	0.714660652151626	0.717967532235163	0.717967532211951	0.714660652151627	0.816552790106131	0.714660652151627	0.746184710010741	0.717967532235163	0.714660652151627	0.717967532235164
1	1.05416049533663	1.0981868926108	1.05416049533663	1.05416049533663	1.09818689261733	1.14289947433404	1.09818689261733	1.0981868926108	1.14289947433404	1.23806465411415	1.14289947433404	1.05416049533663	1.09818689261733	1.14289947433404	1.09818689261733	0.836659664006675	0.746523124681655	0.718527792444097	0.746523124681656	0.746523124681655	0.718527792458818	0.715432202817979	0.718527792458819	0.718527792444098	0.715432202817979	0.816440061619639	0.71543220281798	0.746523124681656	0.718527792458819	0.715432202817979	0.71852779245882
1	1.05417746411284	1.09827769582999	1.05417746411284	1.05417746411284	1.09827769583414	1.14310784681209	1.09827769583413	1.09827769582999	1.14310784681209	1.23788266025639	1.14310784681209	1.05417746411284	1.09827769583413	1.14310784681209	1.09827769583413	0.836659796209738	0.746833847899072	0.719041000155855	0.746833847899074	0.746833847899073	0.719041000165192	0.716137337717346	0.719041000165192	0.719041000155855	0.716137337717345	0.816334776834977	0.716137337717346	0.746833847899074	0.719041000165192	0.716137337717346	0.719041000165194
1	1.05419284322704	1.09836039310049	1.05419284322704	1.05419284322704	1.09836039310312	1.1432974497161	1.09836039310312	1.09836039310049	1.1432974497161	1.23771404099639	1.1432974497161	1.05419284322704	1.09836039310312	1.1432974497161	1.09836039310312	0.836659876394952	0.747118780808274	0.719510594466615	0.747118780808275	0.747118780808274	0.719510594472538	0.716781156597262	0.719510594472539	0.719510594466615	0.716781156597262	0.816236705570115	0.716781156597262	0.747118780808275	0.719510594472539	0.716781156597263	0.71951059447254
1	1.05420677476976	1.09843565410066	1.05420677476976	1.05420677476976	1.09843565410233	1.14346985202113	1.09843565410233	1.09843565410066	1.14346985202113	1.23755812251679	1.14346985202113	1.05420677476976	1.09843565410233	1.14346985202113	1.09843565410233	0.836659925029745	0.747379741786881	0.719939828762859	0.747379741786882	0.747379741786881	0.719939828766617	0.717368450584478	0.719939828766617	0.719939828762859	0.717368450584478	0.816145582585386	0.717368450584479	0.747379741786882	0.719939828766618	0.717368450584478	0.719939828766619
1	1.05421938924359	1.098504100463	1.05421938924359	1.05421938924359	1.09850410046405	1.14362650982223	1.09850410046405	1.098504100463	1.14362650982223	1.23741422048504	1.14362650982223	1.05421938924359	1.09850410046405	1.14362650982223	1.09850410046405	0.83665995452824	0.747618466010331	0.720331775556965	0.747618466010332	0.747618466010331	0.72033177555935	0.717903712837184	0.72033177555935	0.720331775556965	0.717903712837184	0.816061115210963	0.717903712837185	0.747618466010332	0.72033177555935	0.717903712837184	0.720331775559351
1	1.05423080640405	1.09856630858932	1.05423080640405	1.05423080640405	1.09856630858999	1.14376877213282	1.09856630858999	1.09856630858932	1.14376877213282	1.23728164685925	1.14376877213282	1.05423080640405	1.09856630858999	1.14376877213282	1.09856630858999	0.836659972419982	0.747836604298188	0.720689330294071	0.747836604298189	0.747836604298189	0.720689330295584	0.718391148418211	0.720689330295585	0.720689330294071	0.718391148418212	0.815982990410912	0.718391148418212	0.74783660429819	0.720689330295585	0.718391148418211	0.720689330295585
1	1.05424113600555	1.09862281220725	1.05424113600555	1.05424113600555	1.09862281220767	1.14389788654487	1.09862281220767	1.09862281220725	1.14389788654487	1.23715971645587	1.14389788654487	1.05424113600555	1.09862281220767	1.14389788654487	1.09862281220767	0.836659983271872	0.748035721988042	0.72101521481904	0.748035721988043	0.748035721988042	0.72101521482	0.7188346841073	0.721015214820001	0.721015214819039	0.7188346841073	0.815910881252109	0.7188346841073	0.748035721988043	0.721015214820001	0.7188346841073	0.721015214820001
1	1.05425047849371	1.09867410477084	1.05425047849371	1.05425047849371	1.09867410477111	1.14401500480576	1.09867410477111	1.09867410477084	1.14401500480576	1.23704775302719	1.14401500480576	1.05425047849371	1.09867410477111	1.14401500480576	1.09867410477111	0.836659989853877	0.748217298216809	0.72131198108145	0.74821729821681	0.748217298216809	0.72131198108206	0.719237978483938	0.72131198108206	0.72131198108145	0.719237978483937	0.815844452724265	0.719237978483938	0.74821729821681	0.72131198108206	0.719237978483938	0.721311981082061
1	1.05425892524857	1.09872064207413	1.05425892524857	1.05425892524857	1.0987206420743	1.14412118685697	1.0987206420743	1.09872064207413	1.14412118685697	1.23694509357569	1.14412118685697	1.05425892524857	1.0987206420743	1.14412118685697	1.0987206420743	0.836659993846065	0.748382723057674	0.721582022245395	0.748382723057675	0.748382723057674	0.721582022245782	0.719604427668237	0.721582022245783	0.721582022245396	0.719604427668237	0.815783366960192	0.719604427668237	0.748382723057675	0.721582022245783	0.719604427668238	0.721582022245783
1	1.05426656091336	1.09876284391172	1.05426656091336	1.05426656091336	1.09876284391183	1.14421741208364	1.09876284391183	1.09876284391172	1.14421741208364	1.23685109798751	1.14421741208364	1.05426656091336	1.09876284391183	1.14421741208364	1.09876284391183	0.836659996267449	0.748533310373295	0.721827547553096	0.748533310373296	0.748533310373296	0.721827547553342	0.719937197253871	0.721827547553343	0.721827547553096	0.719937197253871	0.815727287266038	0.719937197253871	0.748533310373297	0.721827547553343	0.719937197253871	0.721827547553343
1	1.05427346108247	1.09880109563546	1.05427346108247	1.05427346108247	1.09880109563553	1.14430457516109	1.09880109563553	1.09880109563546	1.14430457516109	1.23676514302552	1.14430457516109	1.05427346108247	1.09880109563553	1.14430457516109	1.09880109563553	0.836659997736093	0.748670276179707	0.722050643001542	0.748670276179708	0.748670276179707	0.722050643001698	0.720239195545019	0.722050643001699	0.722050643001543	0.720239195545019	0.815675882619339	0.720239195545019	0.748670276179708	0.722050643001699	0.720239195545019	0.722050643001699
1	1.05427969591143	1.09883575270495	1.05427969591143	1.05427969591143	1.09883575270499	1.14438350068989	1.09883575270499	1.09883575270495	1.14438350068989	1.23668663697468	1.14438350068989	1.05427969591143	1.09883575270499	1.14438350068989	1.09883575270499	0.836659998626871	0.748794766567083	0.722253215879558	0.748794766567084	0.748794766567083	0.722253215879657	0.720513128139581	0.722253215879658	0.722253215879559	0.720513128139582	0.815628829824751	0.720513128139582	0.748794766567084	0.722253215879658	0.720513128139581	0.722253215879659
1	1.05428532795369	1.09886713999735	1.05428532795369	1.05428532795369	1.09886713999738	1.14445494000538	1.09886713999738	1.09886713999735	1.14445494000538	1.2366150109436	1.14445494000538	1.05428532795369	1.09886713999738	1.14445494000538	1.09886713999738	0.836659999167155	0.748907836500852	0.722437057258885	0.748907836500853	0.748907836500852	0.722437057258949	0.720761471383777	0.722437057258949	0.722437057258886	0.720761471383778	0.815585816811682	0.720761471383778	0.748907836500853	0.722437057258949	0.720761471383777	0.72243705725895
1	1.05429041472369	1.0988955562814	1.05429041472369	1.05429041472369	1.09889555628142	1.14451958230986	1.09889555628142	1.0988955562814	1.14451958230986	1.23654972902724	1.14451958230986	1.05429041472369	1.09889555628142	1.14451958230986	1.09889555628142	0.836659999494854	0.749010471706305	0.722603803966006	0.749010471706306	0.749010471706305	0.722603803966045	0.720986515922979	0.722603803966046	0.722603803966006	0.720986515922979	0.815546543859663	0.720986515922979	0.749010471706306	0.722603803966046	0.720986515922979	0.722603803966047
1	1.05429500858737	1.09892127418222	1.05429500858737	1.05429500858737	1.09892127418223	1.14457805771013	1.09892127418223	1.09892127418222	1.14457805771013	1.23649028542916	1.14457805771013	1.05429500858737	1.09892127418223	1.14457805771013	1.09892127418223	0.836659999693613	0.749103582807833	0.722754969102763	0.749103582807834	0.749103582807832	0.722754969102788	0.721190362558076	0.722754969102789	0.722754969102762	0.721190362558077	0.815510725096073	0.721190362558078	0.749103582807833	0.722754969102789	0.721190362558077	0.722754969102789
1	1.05429915678712	1.09894454261914	1.05429915678712	1.05429915678712	1.09894454261915	1.14463094028781	1.09894454261915	1.09894454261914	1.14463094028781	1.23643620407991	1.14463094028781	1.05429915678712	1.09894454261915	1.14463094028781	1.09894454261915	0.836659999814167	0.749188009296808	0.722891946370339	0.749188009296809	0.749188009296807	0.722891946370354	0.721374936827822	0.722891946370355	0.722891946370338	0.721374936827822	0.815478089646576	0.721374936827822	0.749188009296808	0.722891946370355	0.721374936827822	0.722891946370356
1	1.05430290213426	1.09896558898236	1.05430290213426	1.05430290213426	1.09896558898236	1.14467875322402	1.09896558898236	1.09896558898236	1.14467875322402	1.23638703976867	1.14467875322402	1.05430290213426	1.09896558898236	1.14467875322402	1.09896558898236	0.836659999887287	0.749264524556092	0.723016015619355	0.749264524556093	0.749264524556092	0.723016015619365	0.721542002000342	0.723016015619365	0.723016015619356	0.721542002000342	0.815448382015768	0.721542002000343	0.749264524556093	0.723016015619366	0.721542002000342	0.723016015619366
1	1.05430628340362	1.09898462062988	1.05430628340362	1.05430628340362	1.09898462062988	1.14472197286206	1.09898462062988	1.09898462062988	1.14472197286206	1.23634237744231	1.14472197286206	1.05430628340362	1.09898462062988	1.14472197286206	1.09898462062988	0.836659999931636	0.749333839561394	0.723128350414889	0.749333839561395	0.749333839561394	0.723128350414895	0.721693170449148	0.723128350414895	0.723128350414889	0.721693170449147	0.815421362322443	0.721693170449148	0.749333839561395	0.723128350414896	0.721693170449148	0.723128350414896
1	1.05430933570814	1.09900182644991	1.05430933570814	1.05430933570814	1.09900182644992	1.14476103255195	1.09900182644992	1.09900182644991	1.14476103255195	1.23630183141059	1.14476103255195	1.05430933570814	1.09900182644992	1.14476103255195	1.09900182644992	0.836659999958535	0.749396606809289	0.723230025201524	0.74939660680929	0.749396606809289	0.723230025201527	0.721829914758839	0.723230025201528	0.723230025201524	0.721829914758838	0.815396806253825	0.721829914758839	0.74939660680929	0.723230025201528	0.721829914758839	0.723230025201529
1	1.05431209083141	1.09901737833521	1.05431209083141	1.05431209083141	1.09901737833521	1.14479632621195	1.09901737833521	1.09901737833521	1.14479632621195	1.23626504428415	1.14479632621195	1.05431209083141	1.09901737833521	1.14479632621195	1.09901737833521	0.83665999997485	0.749453424170449	0.723322022337447	0.74945342417045	0.749453424170449	0.723322022337449	0.721953578298583	0.72332202233745	0.723322022337447	0.721953578298583	0.815374504816628	0.721953578298584	0.74945342417045	0.72332202233745	0.721953578298583	0.723322022337451
1	1.05431457753044	1.09903143258238	1.05431457753043	1.05431457753044	1.09903143258238	1.1448282116495	1.09903143258238	1.09903143258238	1.1448282116495	1.23623168575631	1.1448282116495	1.05431457753044	1.09903143258238	1.1448282116495	1.09903143258238	0.836659999984746	0.749504838625684	0.723405238890936	0.749504838625685	0.749504838625684	0.723405238890939	0.722065385264114	0.723405238890938	0.723405238890936	0.722065385264115	0.81535426392448	0.722065385264115	0.749504838625685	0.723405238890938	0.722065385264115	0.72340523889094
1	1.05431682181665	1.09904413117745	1.05431682181665	1.05431682181665	1.09904413117745	1.14485701356753	1.09904413117745	1.09904413117745	1.14485701356753	1.23620145140886	1.14485701356753	1.05431682181665	1.09904413117745	1.14485701356753	1.09904413117745	0.836659999990748	0.749551349960255	0.723480493099427	0.749551349960256	0.749551349960256	0.723480493099428	0.722166450207758	0.723480493099428	0.723480493099427	0.722166450207758	0.815335903852421	0.722166450207758	0.749551349960257	0.723480493099428	0.722166450207758	0.723480493099429
1	1.05431884721012	1.09905560304101	1.05431884721012	1.05431884721012	1.09905560304101	1.14488302652715	1.09905560304101	1.09905560304101	1.14488302652715	1.23617406115657	1.14488302652715	1.05431884721012	1.09905560304101	1.14488302652715	1.09905560304101	0.836659999994388	0.749593414257514	0.72354853052909	0.749593414257515	0.749593414257514	0.723548530529089	0.722257786964146	0.723548530529091	0.723548530529089	0.722257786964146	0.815319258612597	0.722257786964146	0.749593414257515	0.723548530529091	0.722257786964146	0.723548530529091
1	1.05432067496521	1.09906596522046	1.05432067496521	1.05432067496521	1.09906596522046	1.14490651782307	1.09906596522046	1.09906596522046	1.14490651782307	1.23614925740989	1.14490651782307	1.05432067496521	1.09906596522046	1.14490651782307	1.09906596522046	0.836659999996596	0.74963144726562	0.723610029883148	0.749631447265621	0.74963144726562	0.723610029883146	0.722340316958715	0.723610029883148	0.723610029883147	0.722340316958715	0.815304175281428	0.722340316958716	0.74963144726562	0.723610029883147	0.722340316958716	0.723610029883148
1	1.05432232429673	1.09907532384876	1.05432232429673	1.05432232429673	1.09907532384876	1.14492772958886	1.09907532384876	1.09907532384876	1.14492772958886	1.23612680423439	1.14492772958886	1.05432232429673	1.09907532384876	1.14492772958886	1.09907532384875	0.836659999997935	0.749665827589462	0.723665608443697	0.749665827589463	0.749665827589462	0.723665608443696	0.722414877092617	0.723665608443697	0.723665608443696	0.722414877092617	0.815290513247404	0.722414877092617	0.749665827589463	0.723665608443697	0.722414877092617	0.723665608443697
1	1.05432381256151	1.09908377511617	1.05432381256151	1.05432381256151	1.09908377511617	1.14494688110435	1.09908377511617	1.09908377511617	1.14494688110435	1.23610648571795	1.14494688110435	1.05432381256151	1.09908377511617	1.14494688110435	1.09908377511617	0.836659999998748	0.749696899674627	0.72371582723909	0.749696899674628	0.749696899674627	0.723715827239089	0.722482226963643	0.723715827239091	0.72371582723909	0.722482226963643	0.815278143471595	0.722482226963644	0.749696899674628	0.723715827239091	0.722482226963644	0.72371582723909
1	1.05432515544411	1.09909140617969	1.05432515544411	1.05432515544411	1.09909140617969	1.14496417091708	1.09909140617969	1.09909140617969	1.14496417091708	1.23608810455793	1.14496417091707	1.05432515544411	1.09909140617969	1.14496417091707	1.09909140617969	0.83665999999924	0.749724976664599	0.723761195748139	0.7497249766646	0.7497249766646	0.72376119574814	0.722543055633094	0.723761195748141	0.72376119574814	0.722543055633094	0.815266947732402	0.722543055633094	0.749724976664601	0.723761195748141	0.722543055633095	0.723761195748141
1	1.05432636710569	1.09909829596607	1.05432636710569	1.05432636710569	1.09909829596607	1.14497977871518	1.09909829596607	1.09909829596607	1.14497977871518	1.23607148063812	1.14497977871518	1.05432636710569	1.09909829596607	1.14497977871518	1.09909829596607	0.836659999999539	0.749750342993258	0.723802176403118	0.749750342993259	0.749750342993259	0.723802176403118	0.722597987797648	0.723802176403119	0.723802176403119	0.722597987797649	0.815256817890868	0.722597987797649	0.74975034299326	0.723802176403119	0.722597987797648	0.723802176403119
1	1.05432746034026	1.09910451593687	1.05432746034026	1.05432746034026	1.09910451593687	1.1449938670944	1.09910451593687	1.09910451593687	1.1449938670944	1.23605644976151	1.1449938670944	1.05432746034026	1.09910451593687	1.1449938670944	1.09910451593687	0.83665999999972	0.749773256886147	0.723839188619536	0.749773256886148	0.749773256886147	0.723839188619537	0.722647589566788	0.723839188619537	0.723839188619538	0.722647589566789	0.815247655161394	0.722647589566789	0.749773256886148	0.723839188619537	0.722647589566788	0.723839188619538
1	1.05432844669544	1.0991101307582	1.05432844669544	1.05432844669544	1.09911013075821	1.1450065831135	1.0991101307582	1.0991101307582	1.1450065831135	1.23604286235793	1.1450065831135	1.05432844669544	1.0991101307582	1.1450065831135	1.0991101307582	0.83665999999983	0.749793952586731	0.7238726126633	0.749793952586732	0.749793952586732	0.7238726126633	0.722692373688829	0.7238726126633	0.7238726126633	0.72269237368883	0.815239369420845	0.72269237368883	0.749793952586733	0.7238726126633	0.72269237368883	0.723872612663301
1	1.05432933660211	1.09911519894225	1.05432933660211	1.05432933660211	1.09911519894226	1.14501805976873	1.09911519894225	1.09911519894225	1.14501805976873	1.23603058234858	1.14501805976873	1.05432933660211	1.09911519894225	1.14501805976873	1.09911519894225	0.836659999999897	0.749812642510826	0.723902793072969	0.749812642510827	0.749812642510827	0.723902793072969	0.722732804434602	0.72390279307297	0.72390279307297	0.722732804434604	0.815231878535285	0.722732804434604	0.749812642510828	0.72390279307297	0.722732804434603	0.72390279307297
1	1.05433013947289	1.09911977340515	1.05433013947289	1.05433013947289	1.09911977340515	1.14502841728561	1.09911977340515	1.09911977340515	1.14502841728561	1.23601948599808	1.14502841728561	1.05433013947289	1.09911977340515	1.14502841728561	1.09911977340515	0.836659999999937	0.749829519141382	0.723930041941534	0.749829519141383	0.749829519141381	0.723930041941534	0.722769301991231	0.723930041941535	0.723930041941534	0.722769301991231	0.815225107732564	0.722769301991232	0.749829519141383	0.723930041941535	0.722769301991231	0.723930041941535
1	1.05433086380855	1.09912390200138	1.05433086380855	1.05433086380855	1.09912390200138	1.14503776434267	1.09912390200138	1.09912390200138	1.14503776434267	1.23600946091412	1.14503776434267	1.05433086380855	1.09912390200138	1.14503776434267	1.09912390200138	0.836659999999962	0.749844756859372	0.723954641803919	0.749844756859373	0.749844756859372	0.723954641803919	0.722802246557096	0.723954641803921	0.72395464180392	0.722802246557097	0.815218988999472	0.722802246557097	0.749844756859373	0.72395464180392	0.722802246557097	0.72395464180392
1	1.05433151727887	1.0991276279875	1.05433151727887	1.05433151727887	1.0991276279875	1.14504619914197	1.0991276279875	1.0991276279875	1.14504619914197	1.23600040504897	1.14504619914197	1.05433151727887	1.0991276279875	1.14504619914197	1.0991276279875	0.836659999999977	0.749858513545705	0.723976848395041	0.749858513545706	0.749858513545705	0.723976848395041	0.722831982015358	0.723976848395043	0.723976848395043	0.722831982015358	0.815213460525776	0.722831982015358	0.749858513545706	0.723976848395042	0.722831982015358	0.723976848395043
1	1.05433210680947	1.09913099046474	1.05433210680947	1.05433210680947	1.09913099046474	1.14505381041982	1.09913099046474	1.09913099046474	1.14505381041982	1.23599222583104	1.14505381041982	1.05433210680947	1.09913099046474	1.14505381041982	1.09913099046474	0.836659999999986	0.749870932121264	0.723996893072677	0.749870932121265	0.749870932121265	0.723996893072677	0.722858819345823	0.723996893072678	0.723996893072679	0.722858819345823	0.815208466176125	0.722858819345824	0.749870932121266	0.723996893072678	0.722858819345824	0.723996893072679
1	1.05433263864832	1.09913402476345	1.05433263864832	1.05433263864832	1.09913402476345	1.14506067833183	1.09913402476345	1.09913402476345	1.14506067833183	1.23598483930987	1.14506067833183	1.05433263864832	1.09913402476345	1.14506067833183	1.09913402476345	0.836659999999992	0.749882141893328	0.724014985118273	0.749882141893329	0.749882141893328	0.724014985118272	0.722883039682035	0.724014985118274	0.724014985118274	0.722883039682035	0.815203955006271	0.722883039682036	0.749882141893329	0.724014985118274	0.722883039682036	0.724014985118274
1	1.05433311843627	1.09913676280811	1.05433311843627	1.05433311843627	1.09913676280811	1.14506687528454	1.09913676280811	1.09913676280811	1.14506687528454	1.2359781694111	1.14506687528454	1.05433311843627	1.09913676280811	1.14506687528454	1.09913676280811	0.836659999999995	0.749892259840896	0.72403131376025	0.749892259840897	0.749892259840896	0.72403131376025	0.722904897139876	0.724031313760251	0.724031313760251	0.722904897139876	0.815199880807906	0.722904897139877	0.749892259840897	0.724031313760251	0.722904897139877	0.724031313760251
1	1.05433355126196	1.09913923343529	1.05433355126196	1.05433355126196	1.09913923343529	1.14507246666557	1.09913923343529	1.09913923343529	1.14507246666557	1.23597214721271	1.14507246666557	1.05433355126196	1.09913923343529	1.14507246666557	1.09913923343528	0.836659999999997	0.749901391740638	0.724046050082572	0.749901391740639	0.749901391740639	0.724046050082572	0.722924621351786	0.724046050082574	0.724046050082573	0.722924621351787	0.815196201693479	0.722924621351788	0.74990139174064	0.724046050082574	0.722924621351786	0.724046050082573
1	1.05433394171888	1.09914146269356	1.05433394171888	1.05433394171888	1.09914146269356	1.14507751152598	1.09914146269356	1.09914146269356	1.14507751152598	1.23596671031206	1.14507751152598	1.05433394171888	1.09914146269356	1.14507751152598	1.09914146269356	0.836659999999998	0.749909633233374	0.724059348707349	0.749909633233375	0.749909633233375	0.724059348707349	0.722942419802727	0.72405934870735	0.724059348707349	0.722942419802729	0.81519287970866	0.72294241980273	0.749909633233376	0.72405934870735	0.722942419802728	0.72405934870735
1	1.05433429395071	1.09914347410601	1.05433429395071	1.05433429395071	1.09914347410601	1.14508206318137	1.09914347410601	1.09914347410601	1.14508206318138	1.23596180221855	1.14508206318137	1.05433429395071	1.09914347410601	1.14508206318137	1.09914347410601	0.836659999999999	0.749917070761487	0.724071349371264	0.749917070761488	0.749917070761488	0.724071349371264	0.722958479924127	0.724071349371265	0.724071349371265	0.722958479924129	0.815189880479847	0.722958479924129	0.749917070761489	0.724071349371265	0.722958479924128	0.724071349371265
1	1.05433461169744	1.099145288916	1.05433461169744	1.05433461169744	1.099145288916	1.14508616977066	1.099145288916	1.099145288916	1.14508616977066	1.23595737182001	1.14508616977066	1.05433461169744	1.099145288916	1.14508616977066	1.099145288916	0.836659999999999	0.749923782449926	0.724082178319783	0.749923782449927	0.749923782449927	0.724082178319783	0.722972971017148	0.724082178319784	0.724082178319784	0.722972971017149	0.815187172887283	0.72297297101715	0.749923782449928	0.724082178319784	0.722972971017149	0.724082178319784
1	1.05433489833275	1.09914692630342	1.05433489833275	1.05433489833275	1.09914692630342	1.14508987475009	1.09914692630342	1.09914692630342	1.14508987475009	1.23595337287645	1.14508987475009	1.05433489833275	1.09914692630342	1.14508987475009	1.09914692630342	0.83666	0.749929838883679	0.724091949605026	0.74992983888368	0.749929838883679	0.724091949605026	0.722986045978139	0.724091949605027	0.724091949605026	0.722986045978139	0.815184728768304	0.722986045978139	0.74992983888368	0.724091949605027	0.722986045978139	0.724091949605027
1	1.05433515690131	1.09914840358581	1.0543351569013	1.05433515690131	1.09914840358581	1.14509321735009	1.09914840358581	1.09914840358581	1.14509321735009	1.23594976357306	1.14509321735009	1.0543351569013	1.09914840358581	1.14509321735009	1.09914840358581	0.83666	0.74993530383313	0.724100766237411	0.749935303833131	0.749935303833131	0.724100766237411	0.722997842878357	0.724100766237412	0.724100766237411	0.722997842878357	0.81518252264362	0.722997842878357	0.749935303833132	0.724100766237412	0.722997842878357	0.724100766237412
1	1.05433539014954	1.09914973639605	1.05433539014954	1.05433539014954	1.09914973639605	1.14509623298067	1.09914973639605	1.09914973639605	1.14509623298067	1.23594650610021	1.14509623298067	1.05433539014954	1.09914973639605	1.14509623298067	1.09914973639605	0.83666	0.749940234896772	0.72410872125155	0.749940234896773	0.749940234896772	0.72410872125155	0.723008486382541	0.724108721251551	0.724108721251551	0.72300848638254	0.815180531469159	0.723008486382541	0.749940234896773	0.724108721251551	0.723008486382541	0.724108721251551
1	1.05433560052284	1.09915093937979	1.05433560052284	1.05433560052284	1.09915093937979	1.14509895560218	1.09915093937979	1.09915093937979	1.14509895560218	1.23594356296467	1.14509895560218	1.05433560052284	1.09915093937979	1.14509895560218	1.09915093937979	0.83666	0.74994468409848	0.724115898538326	0.749944684098481	0.749944684098481	0.724115898538326	0.723018088694423	0.724115898538326	0.724115898538326	0.723018088694422	0.815178734528628	0.723018088694423	0.749944684098482	0.724115898538326	0.723018088694423	0.724115898538327
1	1.05433579033514	1.09915202421724	1.05433579033514	1.05433579033514	1.09915202421724	1.14510141000933	1.09915202421724	1.09915202421724	1.14510141000933	1.23594091013809	1.14510141000933	1.05433579033514	1.09915202421724	1.14510141000933	1.09915202421724	0.83666	0.749948698368709	0.724122374104484	0.74994869836871	0.74994869836871	0.724122374104484	0.72302675198275	0.724122374104485	0.724122374104484	0.72302675198275	0.81517711276878	0.723026751982751	0.749948698368711	0.724122374104485	0.723026751982751	0.724122374104485
1	1.05433596156127	1.09915300273837	1.05433596156127	1.05433596156127	1.09915300273837	1.14510362363128	1.09915300273837	1.09915300273837	1.14510362363128	1.23593851715263	1.14510362363128	1.05433596156127	1.09915300273837	1.14510362363128	1.09915300273837	0.83666	0.749952320168538	0.724128216440022	0.749952320168539	0.749952320168539	0.724128216440021	0.72303456788827	0.724128216440022	0.724128216440021	0.72303456788827	0.815175649219746	0.723034567888271	0.74995232016854	0.724128216440022	0.72303456788827	0.724128216440023
1	1.05433611601431	1.09915388543956	1.05433611601431	1.05433611601431	1.09915388543956	1.14510562040226	1.09915388543956	1.09915388543956	1.14510562040226	1.23593635809574	1.14510562040226	1.05433611601431	1.09915388543956	1.14510562040226	1.09915388543956	0.83666	0.749955587809774	0.724133487369744	0.749955587809776	0.749955587809774	0.724133487369743	0.723041619165358	0.724133487369743	0.724133487369743	0.723041619165359	0.815174328516391	0.723041619165359	0.749955587809776	0.724133487369743	0.723041619165359	0.724133487369744
1	1.05433625533713	1.09915468172777	1.05433625533713	1.05433625533713	1.09915468172777	1.14510742165698	1.09915468172777	1.09915468172777	1.14510742165698	1.2359344100158	1.14510742165698	1.05433625533713	1.09915468172777	1.14510742165698	1.09915468172777	0.83666	0.74995853587137	0.724138242697868	0.749958535871371	0.74995853587137	0.724138242697867	0.723047980519285	0.724138242697867	0.724138242697867	0.723047980519284	0.815173136766871	0.723047980519285	0.749958535871371	0.724138242697868	0.723047980519285	0.724138242697868
1	1.05433638101248	1.09915540006733	1.05433638101248	1.05433638101248	1.09915540006733	1.14510904656081	1.09915540006733	1.09915540006733	1.14510904656081	1.23593265230909	1.14510904656081	1.05433638101248	1.09915540006733	1.14510904656081	1.09915540006733	0.83666	0.749961195563259	0.724142532794358	0.74996119556326	0.749961195563259	0.724142532794357	0.723053719376754	0.724142532794358	0.724142532794357	0.723053719376754	0.815172061419161	0.723053719376754	0.749961195563261	0.724142532794358	0.723053719376754	0.724142532794359
1	1.05433649437772	1.09915604808737	1.05433649437772	1.05433649437772	1.09915604808737	1.14511051237953	1.09915604808737	1.09915604808737	1.14511051237954	1.23593106640439	1.14511051237953	1.05433649437772	1.09915604808737	1.14511051237953	1.09915604808737	0.83666	0.749963595055581	0.72414640311972	0.749963595055582	0.749963595055582	0.724146403119719	0.723058896590726	0.72414640311972	0.724146403119719	0.723058896590725	0.81517109113505	0.723058896590726	0.749963595055583	0.72414640311972	0.723058896590726	0.724146403119721
1	1.05433659663881	1.09915663266839	1.05433659663881	1.05433659663881	1.09915663266839	1.14511183468257	1.09915663266839	1.09915663266839	1.14511183468257	1.23592963554157	1.14511183468257	1.05433659663881	1.09915663266839	1.14511183468257	1.09915663266839	0.83666	0.749965759772732	0.724149894702922	0.749965759772734	0.749965759772733	0.724149894702922	0.723063567076941	0.724149894702922	0.724149894702922	0.723063567076941	0.815170215674778	0.723063567076942	0.749965759772734	0.724149894702923	0.723063567076942	0.724149894702924
1	1.05433668888346	1.09915716001762	1.05433668888346	1.05433668888346	1.09915716001762	1.14511302751499	1.09915716001762	1.09915716001762	1.14511302751499	1.23592834459136	1.14511302751499	1.05433668888346	1.09915716001762	1.14511302751499	1.09915716001762	0.83666	0.749967712660778	0.724153044570343	0.749967712660779	0.749967712660779	0.724153044570343	0.723067780391533	0.724153044570344	0.724153044570344	0.723067780391533	0.815169425791771	0.723067780391534	0.749967712660779	0.724153044570344	0.723067780391533	0.724153044570345
1	1.05433677209272	1.09915763573514	1.05433677209272	1.05433677209272	1.09915763573514	1.14511410354774	1.09915763573514	1.09915763573514	1.14511410354774	1.23592717989573	1.14511410354774	1.05433677209272	1.09915763573514	1.14511410354774	1.09915763573514	0.83666	0.74996947442745	0.724155886135752	0.749969474427451	0.749969474427451	0.724155886135752	0.723071581251625	0.724155886135752	0.724155886135753	0.723071581251626	0.815168713137329	0.723071581251626	0.749969474427452	0.724155886135753	0.723071581251625	0.724155886135753
1	1.05433684715156	1.09915806487361	1.05433684715156	1.05433684715156	1.09915806487361	1.14511507421276	1.09915806487361	1.09915806487361	1.14511507421276	1.23592612912594	1.14511507421276	1.05433684715156	1.09915806487361	1.14511507421276	1.09915806487361	0.83666	0.749971063760183	0.724158449550752	0.749971063760184	0.749971063760184	0.724158449550752	0.723075010006887	0.724158449550752	0.724158449550752	0.723075010006888	0.815168070174103	0.723075010006888	0.749971063760185	0.724158449550752	0.723075010006888	0.724158449550753
1	1.05433691485821	1.09915845199158	1.05433691485821	1.05433691485821	1.09915845199158	1.1451159498238	1.09915845199158	1.09915845199158	1.1451159498238	1.23592518115349	1.1451159498238	1.05433691485821	1.09915845199158	1.1451159498238	1.09915845199158	0.83666	0.749972497522135	0.724160762022915	0.749972497522136	0.749972497522136	0.724160762022915	0.723078103064505	0.724160762022916	0.724160762022916	0.723078103064506	0.815167490097887	0.723078103064506	0.749972497522137	0.724160762022916	0.723078103064506	0.724160762022916
1	1.0543369759328	1.09915880120189	1.0543369759328	1.0543369759328	1.0991588012019	1.14511673968591	1.09915880120189	1.09915880120189	1.14511673968591	1.2359243259342	1.14511673968591	1.0543369759328	1.09915880120189	1.14511673968591	1.09915880120189	0.83666	0.74997379093003	0.724162848101881	0.749973790930031	0.749973790930031	0.724162848101881	0.723080893273786	0.724162848101882	0.724162848101882	0.723080893273786	0.815166966766726	0.723080893273786	0.749973790930032	0.724162848101882	0.723080893273786	0.724162848101882
1	1.05433703102487	1.09915911621513	1.05433703102487	1.05433703102487	1.09915911621513	1.14511745219379	1.09915911621513	1.09915911621513	1.14511745219379	1.23592355440286	1.14511745219379	1.05433703102487	1.09915911621513	1.14511745219379	1.09915911621513	0.83666	0.749974957714183	0.724164729938785	0.749974957714184	0.749974957714184	0.724164729938785	0.723083410272794	0.724164729938786	0.724164729938785	0.723083410272794	0.815166494636889	0.723083410272795	0.749974957714184	0.724164729938786	0.723083410272795	0.724164729938786
1	1.05433708072039	1.09915940037896	1.05433708072039	1.05433708072039	1.09915940037896	1.14511809492086	1.09915940037896	1.09915940037896	1.14511809492086	1.23592285837846	1.14511809492086	1.05433708072039	1.09915940037896	1.14511809492086	1.09915940037896	0.83666	0.749976010263519	0.724166427519664	0.74997601026352	0.749976010263518	0.724166427519665	0.723085680801894	0.724166427519665	0.724166427519664	0.723085680801895	0.815166068704872	0.723085680801896	0.749976010263519	0.724166427519665	0.723085680801895	0.724166427519666
1	1.05433712554794	1.0991596567135	1.05433712554793	1.05433712554794	1.0991596567135	1.14511867469944	1.0991596567135	1.0991596567135	1.14511867469944	1.2359222304781	1.14511867469944	1.05433712554793	1.0991596567135	1.14511867469944	1.0991596567135	0.83666	0.749976959756138	0.724167958876955	0.749976959756139	0.749976959756138	0.724167958876957	0.723087728986343	0.724167958876957	0.724167958876955	0.723087728986345	0.815165684455038	0.723087728986345	0.749976959756139	0.724167958876957	0.723087728986344	0.724167958876958
1	1.05433716598431	1.09915988794342	1.05433716598431	1.05433716598431	1.09915988794342	1.14511919769326	1.09915988794342	1.09915988794342	1.14511919769326	1.23592166403959	1.14511919769326	1.05433716598431	1.09915988794342	1.14511919769325	1.09915988794342	0.83666	0.749977816277541	0.724169340279811	0.749977816277542	0.74997781627754	0.724169340279812	0.723089576591812	0.724169340279813	0.724169340279812	0.723089576591813	0.815165337812227	0.723089576591813	0.749977816277541	0.724169340279813	0.723089576591812	0.724169340279813
1	1.05433720245963	1.09916009652675	1.05433720245963	1.05433720245963	1.09916009652675	1.14511966946273	1.09916009652675	1.09916009652675	1.14511966946273	1.23592115305117	1.14511966946273	1.05433720245963	1.09916009652675	1.14511966946273	1.09916009652675	0.83666	0.749978588927092	0.724170586406465	0.749978588927093	0.749978588927092	0.724170586406464	0.723091243254666	0.724170586406465	0.724170586406464	0.723091243254667	0.815165025098981	0.723091243254667	0.749978588927093	0.724170586406465	0.723091243254666	0.724170586406466
1	1.0543372353619	1.09916028468097	1.05433723536189	1.0543372353619	1.09916028468097	1.14512009502407	1.09916028468097	1.09916028468097	1.14512009502407	1.23592069208836	1.14512009502407	1.05433723536189	1.09916028468097	1.14512009502407	1.09916028468097	0.83666	0.749979285914378	0.72417171049934	0.749979285914379	0.749979285914378	0.72417171049934	0.723092746690152	0.724171710499341	0.72417171049934	0.723092746690153	0.815164742996842	0.723092746690154	0.749979285914379	0.724171710499341	0.723092746690152	0.724171710499342
1	1.05433726504108	1.09916045440654	1.05433726504108	1.05433726504108	1.09916045440654	1.1451204789024	1.09916045440654	1.09916045440654	1.1451204789024	1.23592027625659	1.1451204789024	1.05433726504108	1.09916045440654	1.1451204789024	1.09916045440654	0.83666	0.749979914645977	0.724172724505502	0.749979914645978	0.749979914645977	0.724172724505502	0.723094102879995	0.724172724505503	0.724172724505502	0.723094102879996	0.815164488511441	0.723094102879997	0.749979914645978	0.724172724505502	0.723094102879996	0.724172724505503
1	1.0543372918129	1.0991606075081	1.0543372918129	1.0543372918129	1.0991606075081	1.14512082517989	1.0991606075081	1.0991606075081	1.14512082517989	1.23591990113968	1.14512082517989	1.0543372918129	1.0991606075081	1.14512082517989	1.0991606075081	0.83666	0.749980481803976	0.724173639203025	0.749980481803977	0.749980481803976	0.724173639203025	0.723095326241974	0.724173639203026	0.724173639203025	0.723095326241975	0.815164258940913	0.723095326241975	0.749980481803977	0.724173639203026	0.723095326241975	0.724173639203026
1	1.05433731596216	1.09916074561362	1.05433731596216	1.05433731596216	1.09916074561362	1.145121137539	1.09916074561362	1.09916074561362	1.145121137539	1.2359195627531	1.145121137539	1.05433731596216	1.09916074561362	1.145121137539	1.09916074561362	0.83666	0.749980993416672	0.724174464315404	0.749980993416673	0.749980993416672	0.724174464315404	0.723096429782713	0.724174464315405	0.724174464315404	0.723096429782713	0.815164051847418	0.723096429782714	0.749980993416673	0.724174464315405	0.723096429782714	0.724174464315405
1	1.05433733774573	1.09916087019173	1.05433733774573	1.05433733774573	1.09916087019173	1.14512141930168	1.09916087019173	1.09916087019173	1.14512141930168	1.23591925750194	1.14512141930168	1.05433733774573	1.09916087019173	1.14512141930168	1.09916087019173	0.83666	0.74998145492253	0.724175208614492	0.749981454922531	0.74998145492253	0.724175208614491	0.723097425235779	0.724175208614492	0.72417520861449	0.723097425235778	0.815163865031386	0.723097425235778	0.749981454922531	0.724175208614492	0.723097425235779	0.724175208614492
1	1.05433735739537	1.09916098256724	1.05433735739537	1.05433735739537	1.09916098256724	1.14512167346459	1.09916098256724	1.09916098256724	1.14512167346459	1.23591898214279	1.14512167346459	1.05433735739537	1.09916098256724	1.14512167346459	1.09916098256724	0.83666	0.749981871227773	0.724175880013675	0.749981871227774	0.749981871227773	0.724175880013675	0.723098323186097	0.724175880013676	0.724175880013676	0.723098323186097	0.815163696508284	0.723098323186097	0.749981871227774	0.724175880013676	0.723098323186097	0.724175880013677
1	1.0543373751201	1.09916108393526	1.0543373751201	1.0543373751201	1.09916108393526	1.14512190273096	1.09916108393526	1.09916108393526	1.14512190273096	1.23591873374952	1.14512190273096	1.0543373751201	1.09916108393526	1.14512190273096	1.09916108393526	0.83666	0.749982246758477	0.724176485651706	0.749982246758478	0.749982246758478	0.724176485651705	0.723099133182406	0.724176485651707	0.724176485651706	0.723099133182405	0.815163544487628	0.723099133182406	0.749982246758479	0.724176485651707	0.723099133182406	0.724176485651706
1	1.05433739110848	1.09916117537388	1.05433739110848	1.05433739110848	1.09916117537388	1.1451221095393	1.09916117537388	1.09916117537388	1.1451221095393	1.2359185096822	1.1451221095393	1.05433739110848	1.09916117537388	1.1451221095393	1.09916117537388	0.83666	0.749982585507465	0.72417703196857	0.749982585507466	0.749982585507466	0.72417703196857	0.723099863838546	0.724177031968571	0.724177031968571	0.723099863838545	0.815163407354048	0.723099863838546	0.749982585507467	0.724177031968571	0.723099863838547	0.724177031968571
1	1.0543374055306	1.09916125785564	1.0543374055306	1.0543374055306	1.09916125785564	1.14512229608935	1.09916125785564	1.09916125785564	1.14512229608935	1.23591830755924	1.14512229608935	1.0543374055306	1.09916125785564	1.14512229608935	1.09916125785563	0.83666	0.749982891076736	0.724177524773747	0.749982891076737	0.749982891076736	0.724177524773747	0.723100522925016	0.724177524773748	0.724177524773748	0.723100522925015	0.815163283650179	0.723100522925016	0.749982891076737	0.724177524773748	0.723100522925016	0.724177524773748
1	1.0543374185399	1.0991613322578	1.0543374185399	1.0543374185399	1.0991613322578	1.14512246436537	1.0991613322578	1.0991613322578	1.14512246436537	1.23591812523203	1.14512246436537	1.0543374185399	1.0991613322578	1.14512246436537	1.0991613322578	0.83666	0.74998316671564	0.724177969307992	0.749983166715641	0.74998316671564	0.724177969307991	0.723101117451432	0.724177969307992	0.724177969307992	0.723101117451431	0.815163172061234	0.723101117451432	0.749983166715642	0.724177969307992	0.723101117451432	0.724177969307993
1	1.05433743027478	1.09916139937177	1.05433743027478	1.05433743027478	1.09916139937177	1.14512261615734	1.09916139937177	1.09916139937177	1.14512261615734	1.23591796076227	1.14512261615734	1.05433743027478	1.09916139937177	1.14512261615734	1.09916139937177	0.83666	0.749983415355436	0.724178370298891	0.749983415355437	0.749983415355436	0.724178370298891	0.723101653741059	0.724178370298891	0.724178370298891	0.723101653741059	0.815163071401069	0.723101653741059	0.749983415355437	0.724178370298891	0.72310165374106	0.724178370298892
1	1.05433744086007	1.09916145991141	1.05433744086007	1.05433744086007	1.09916145991141	1.1451227530799	1.09916145991141	1.09916145991141	1.1451227530799	1.23591781240133	1.1451227530799	1.05433744086007	1.09916145991141	1.1451227530799	1.0991614599114	0.83666	0.74998363964036	0.724178732011168	0.749983639640361	0.749983639640361	0.724178732011167	0.723102137497934	0.724178732011168	0.724178732011167	0.723102137497933	0.815162980599613	0.723102137497934	0.749983639640362	0.724178732011168	0.723102137497934	0.724178732011169
1	1.05433745040839	1.09916151452068	1.05433745040839	1.05433745040839	1.09916151452068	1.14512287658958	1.09916151452068	1.09916151452068	1.14512287658958	1.23591767857177	1.14512287658958	1.05433745040839	1.09916151452068	1.14512287658958	1.09916151452067	0.83666	0.749983841955764	0.724179058291904	0.749983841955765	0.749983841955764	0.724179058291904	0.723102573867529	0.724179058291905	0.724179058291904	0.723102573867528	0.815162898691515	0.723102573867528	0.749983841955765	0.724179058291905	0.723102573867529	0.724179058291905
1	1.05433745902133	1.09916156378047	1.05433745902133	1.05433745902133	1.09916156378047	1.14512298800022	1.09916156378047	1.09916156378047	1.14512298800022	1.23591755785053	1.14512298800022	1.05433745902133	1.09916156378047	1.14512298800022	1.09916156378047	0.83666	0.749984024453405	0.724179352611494	0.749984024453407	0.749984024453405	0.724179352611493	0.723102967491387	0.724179352611494	0.724179352611493	0.723102967491387	0.815162824805913	0.723102967491387	0.749984024453407	0.724179352611494	0.723102967491388	0.724179352611494
1	1.05433746679052	1.0991616082148	1.05433746679052	1.05433746679052	1.0991616082148	1.14512308849701	1.0991616082148	1.0991616082148	1.14512308849701	1.2359174489539	1.14512308849701	1.05433746679052	1.0991616082148	1.14512308849701	1.0991616082148	0.83666	0.749984189074353	0.724179618100445	0.749984189074354	0.749984189074353	0.724179618100444	0.723103322556504	0.724179618100446	0.724179618100444	0.723103322556505	0.815162758157186	0.723103322556505	0.749984189074354	0.724179618100445	0.723103322556504	0.724179618100445
1	1.05433747379861	1.09916164829633	1.0543374737986	1.05433747379861	1.09916164829633	1.14512317914902	1.09916164829633	1.09916164829633	1.14512317914902	1.23591735072381	1.14512317914901	1.0543374737986	1.09916164829633	1.14512317914901	1.09916164829633	0.83666	0.749984337569575	0.724179857582718	0.749984337569577	0.749984337569575	0.724179857582718	0.723103642839787	0.724179857582718	0.724179857582717	0.723103642839787	0.815162698036623	0.723103642839788	0.749984337569577	0.724179857582718	0.723103642839788	0.724179857582719
1	1.05433748012015	1.09916168445144	1.05433748012015	1.05433748012015	1.09916168445144	1.14512326092062	1.09916168445144	1.09916168445144	1.14512326092062	1.2359172621156	1.14512326092062	1.05433748012015	1.09916168445144	1.14512326092062	1.09916168445144	0.83666	0.74998447151858	0.724180073605682	0.749984471518581	0.749984471518579	0.724180073605682	0.723103931748251	0.724180073605682	0.724180073605681	0.723103931748251	0.815162643804892	0.723103931748251	0.74998447151858	0.724180073605682	0.723103931748251	0.724180073605683
