1	1.02474693812577	1.03632674472986	1.02474693812577	1.02519525708811	1.03922993670537	1.05563414257694	1.03922993670537	1.04630342008033	1.05476530405452	1.06278327094629	1.05476530405452	1.02519525708811	1.03922993670537	1.05563414257693	1.03922993670537	0.450339441504875	0.352383840308226	0.29729776498414	0.352383840308227	0.35658098274085	0.310516644218252	0.301444730321778	0.310516644218252	0.341206532416212	0.298661142929762	0.275315795282433	0.298661142929763	0.356580982740851	0.310516644218252	0.301444730321778	0.310516644218253
1	1.03119656327634	1.04388445092751	1.03119656327634	1.03189509173395	1.04784635361237	1.06717684490229	1.04784635361237	1.05782142986966	1.06591225667684	1.07429167118432	1.06591225667684	1.03189509173395	1.04784635361237	1.06717684490229	1.04784635361237	0.488655705483142	0.369601378943102	0.305931854764853	0.369601378943103	0.374796735873755	0.321052408759353	0.310785477190705	0.321052408759354	0.35703472555794	0.307555883286548	0.281511479879789	0.307555883286549	0.374796735873756	0.321052408759354	0.310785477190705	0.321052408759355
1	1.03492497347484	1.04764486260801	1.03492497347484	1.0358048915825	1.05229571767907	1.07298893765607	1.05229571767907	1.06430178471835	1.07148399196115	1.07965498074627	1.07148399196115	1.0358048915825	1.05229571767907	1.07298893765607	1.05229571767907	0.511895694317875	0.378803832577812	0.310213104147405	0.378803832577813	0.384559027053267	0.326394102222883	0.315638560498189	0.326394102222884	0.365531162730398	0.312226130487402	0.284731435301993	0.312226130487403	0.384559027053268	0.326394102222884	0.31563856049819	0.326394102222885
1	1.03702798266052	1.04951073921807	1.03702798266052	1.03802441823433	1.0545774898275	1.07593568236438	1.0545774898275	1.06788878659963	1.07430287478034	1.08221268390327	1.07430287478034	1.03802441823433	1.0545774898275	1.07593568236438	1.0545774898275	0.52599146009445	0.383713866576875	0.312338112093233	0.383713866576876	0.389781581882678	0.329101818203499	0.318145319257154	0.329101818203499	0.370077979979618	0.314660316750798	0.286376159080122	0.314660316750798	0.389781581882679	0.329101818203499	0.318145319257155	0.3291018182035
1	1.03819334505364	1.05043541720145	1.03819334505364	1.03926017395199	1.05574227165684	1.0774361845361	1.05574227165684	1.0698510012003	1.07574031034649	1.08345211185031	1.07574031034649	1.03926017395199	1.05574227165684	1.0774361845361	1.05574227165684	0.534540974189501	0.386331158906557	0.313394261243365	0.386331158906559	0.392573006750539	0.330474591305551	0.319435904741875	0.330474591305551	0.37250775654794	0.315924016283765	0.287208680094846	0.315924016283766	0.39257300675054	0.330474591305551	0.319435904741876	0.330474591305552
1	1.03883120118064	1.05089355377195	1.03883120118064	1.03993913516729	1.05633510731719	1.07820222141498	1.05633510731719	1.07091584126979	1.07647691667037	1.08405905829234	1.07647691667037	1.03993913516729	1.05633510731719	1.07820222141498	1.05633510731719	0.539726516560083	0.387725658053328	0.313919925399246	0.38772565805333	0.394064498930405	0.331170749119683	0.320099067077745	0.331170749119684	0.373805566822704	0.316578647567562	0.287628103201006	0.316578647567562	0.394064498930406	0.331170749119684	0.320099067077746	0.331170749119685
1	1.03917738950768	1.05112062828872	1.03917738950768	1.04030886002004	1.05663628022004	1.07859385671655	1.05663628022004	1.07149067348415	1.07685551902382	1.08435828245566	1.07685551902382	1.04030886002003	1.05663628022004	1.07859385671655	1.05663628022004	0.54287170700565	0.388468489504643	0.314181938016887	0.388468489504645	0.3948613762953	0.331523871669702	0.320439409540375	0.331523871669703	0.374498734230418	0.316917370513969	0.287838923836182	0.316917370513969	0.394861376295302	0.331523871669703	0.320439409540376	0.331523871669704
1	1.03936420025767	1.05123326444736	1.03936420025767	1.04050899418998	1.05678910360498	1.07879421871504	1.05678910360498	1.071799943899	1.07705046528096	1.08450643667692	1.07705046528096	1.04050899418998	1.05678910360498	1.07879421871504	1.05678910360498	0.544779361447953	0.388864142252375	0.314312727093836	0.388864142252377	0.395287161256654	0.331703028821806	0.320613925866595	0.331703028821809	0.374869016555739	0.317092527949983	0.287944794311063	0.317092527949983	0.395287161256656	0.331703028821809	0.320613925866596	0.331703028821808
1	1.03946461346905	1.05128919217126	1.03946461346905	1.04061689925796	1.05686659306002	1.07889674846663	1.05686659306002	1.0719659878221	1.07715095418012	1.08458000039163	1.07715095418012	1.04061689925796	1.05686659306002	1.07889674846663	1.05686659306002	0.545936412289124	0.389074861650865	0.314378109498727	0.389074861650867	0.395514688745603	0.331793939651564	0.320703351709409	0.331793939651565	0.375066862319811	0.317183077228237	0.28799795441828	0.317183077228238	0.395514688745605	0.331793939651565	0.320703351709409	0.331793939651566
1	1.03951844288809	1.05131699466565	1.03951844288809	1.04067492519172	1.05690586559922	1.07894921211691	1.05690586559922	1.07205502086095	1.07720278731722	1.08461659929861	1.07720278731722	1.04067492519172	1.05690586559922	1.07894921211691	1.05690586559922	0.546638199046661	0.389187079658946	0.314410843354936	0.389187079658948	0.395636285623142	0.331840077342704	0.320749148914317	0.331840077342705	0.375172599036674	0.317229882247464	0.288024657057254	0.317229882247464	0.395636285623143	0.331840077342705	0.320749148914317	0.331840077342706
1	1.03954724677377	1.05133083336158	1.03954724677377	1.04070607456299	1.05692576316257	1.07897605068976	1.05692576316257	1.0721027244751	1.0772295342639	1.08463483462526	1.0772295342639	1.04070607456299	1.05692576316257	1.07897605068976	1.05692576316257	0.547063854419926	0.389246836291953	0.314427256415642	0.389246836291954	0.395701276318763	0.331863495160732	0.320772590343241	0.331863495160733	0.37522912237045	0.3172540757452	0.288038078781275	0.317254075745201	0.395701276318764	0.331863495160733	0.320772590343241	0.331863495160734
1	1.03956263995374	1.05133773086923	1.03956263995374	1.04072277699632	1.05693584213056	1.07898977523329	1.05693584213056	1.07212827324258	1.07724333992015	1.08464393114583	1.07724333992015	1.04072277699632	1.05693584213056	1.07898977523329	1.05693584213056	0.547322027462782	0.389278654009744	0.314435498614723	0.389278654009745	0.395736014820355	0.331875382316419	0.320784582565577	0.331875382316421	0.375259344348668	0.317266581978234	0.288044830726778	0.317266581978234	0.395736014820356	0.331875382316421	0.320784582565578	0.331875382316421
1	1.03957085884237	1.0513411735809	1.03957085884237	1.04073172615417	1.05694094673917	1.07899679034145	1.05694094673917	1.07214195360084	1.07725046712879	1.08464847361959	1.07725046712879	1.04073172615417	1.05694094673917	1.07899679034145	1.05694094673917	0.547478617249993	0.389295593807286	0.314439644004803	0.389295593807287	0.395754584125637	0.331881416889765	0.320790714295291	0.331881416889765	0.375275506672143	0.317273047337683	0.28804823066627	0.317273047337683	0.395754584125638	0.331881416889765	0.320790714295292	0.331881416889766
1	1.03957524428896	1.05134289441921	1.03957524428896	1.04073651871506	1.05694353169099	1.07900037409816	1.05694353169099	1.07214927832001	1.07725414708098	1.08465074418426	1.07725414708098	1.04073651871506	1.05694353169099	1.07900037409816	1.05694353169099	0.547573593592466	0.389304611608427	0.31444173215582	0.389304611608429	0.395764510681974	0.331884480608482	0.320793847758562	0.331884480608482	0.375284151616507	0.317276390099126	0.288049944526871	0.317276390099127	0.395764510681976	0.331884480608482	0.320793847758563	0.331884480608484
1	1.03957758316703	1.05134375583234	1.03957758316703	1.04073908444346	1.05694484051316	1.0790022038078	1.05694484051316	1.07215320022563	1.07725604738883	1.0846518800984	1.07725604738883	1.04073908444346	1.05694484051316	1.0790022038078	1.05694484051316	0.547631199176097	0.389309411515454	0.314442785632325	0.389309411515456	0.39576981714001	0.331886036112557	0.320795448037106	0.331886036112557	0.37528877623865	0.317278118514043	0.288050809458581	0.317278118514043	0.395769817140011	0.331886036112557	0.320795448037107	0.331886036112559
1	1.03957883001985	1.05134418777151	1.03957883001985	1.04074045768491	1.05694550322222	1.0790031373909	1.05694550322222	1.07215529995954	1.07725702868208	1.08465244920983	1.07725702868208	1.04074045768491	1.05694550322222	1.0790031373909	1.05694550322222	0.547666139062773	0.389311966409866	0.314443318025027	0.389311966409868	0.39577265421217	0.331886826036822	0.320796264964427	0.331886826036824	0.375291250954739	0.317279012551299	0.288051246446444	0.3172790125513	0.395772654212171	0.331886826036824	0.320796264964428	0.331886826036824
1	1.03957949454297	1.05134440469801	1.03957949454297	1.0407411925885	1.0569458387515	1.07900361343373	1.0569458387515	1.07215642428104	1.07725753549974	1.0846527346073	1.07725753549974	1.0407411925885	1.0569458387515	1.07900361343373	1.0569458387515	0.547687331377891	0.38931332619077	0.314443587505386	0.389313326190772	0.395774171079067	0.3318872272113	0.320796681725089	0.331887227211302	0.375292575408579	0.317279475060198	0.288051467506093	0.317279475060199	0.395774171079068	0.331887227211302	0.320796681725089	0.331887227211302
1	1.03957984862969	1.05134451381515	1.03957984862969	1.04074158584632	1.05694600861582	1.0790038560008	1.05694600861582	1.07215702638489	1.07725779729878	1.08465287787198	1.07725779729878	1.04074158584631	1.05694600861582	1.0790038560008	1.05694600861582	0.547700185289648	0.389314049831241	0.314443724124082	0.389314049831243	0.395774982105625	0.331887430969573	0.320796894191614	0.331887430969574	0.375293284347525	0.317279714363704	0.288051579478847	0.317279714363704	0.395774982105627	0.331887430969574	0.320796894191615	0.331887430969574
1	1.0395800372665	1.05134456879112	1.0395800372665	1.04074179627197	1.05694609460353	1.07900397950545	1.05694609460353	1.07215734886552	1.07725793254966	1.08465294986553	1.07725793254966	1.04074179627197	1.05694609460353	1.07900397950545	1.05694609460353	0.54770798165576	0.389314434898702	0.314443793495369	0.389314434898704	0.395775415748815	0.331887534467572	0.320797002428952	0.331887534467572	0.375293663871646	0.317279838200028	0.288051636271212	0.317279838200029	0.395775415748817	0.331887534467572	0.320797002428953	0.331887534467573
1	1.03958013774429	1.05134459653451	1.03958013774429	1.04074190886244	1.05694613812775	1.07900404233643	1.05694613812775	1.07215752160218	1.07725800243152	1.08465298608475	1.07725800243152	1.04074190886244	1.05694613812775	1.07900404233643	1.05694613812775	0.54771271043605	0.38931463978503	0.314443828775726	0.389314639785031	0.395775647616042	0.33188758704315	0.32079705752574	0.331887587043151	0.375293867072876	0.317279902294615	0.288051665115148	0.317279902294615	0.395775647616044	0.331887587043151	0.32079705752574	0.331887587043152
1	1.03958019125588	1.05134461055807	1.03958019125588	1.04074196910328	1.05694616015616	1.07900407427209	1.05694616015616	1.07215761413843	1.07725803854257	1.08465300432788	1.07725803854257	1.04074196910328	1.05694616015616	1.07900407427209	1.05694616015616	0.547715578613699	0.389314748791784	0.314443846746427	0.389314748791785	0.395775771597075	0.331887613753044	0.320797085548795	0.331887613753045	0.375293975882554	0.317279935474319	0.288051679784733	0.31727993547432	0.395775771597076	0.331887613753045	0.320797085548796	0.331887613753046
1	1.03958021975068	1.05134461765828	1.03958021975068	1.04074200133403	1.05694617130398	1.07900409048872	1.05694617130398	1.07215766371581	1.07725805720496	1.08465301352808	1.07725805720496	1.04074200133403	1.05694617130398	1.07900409048872	1.05694617130398	0.547717318268012	0.389314806782718	0.314443855914321	0.38931480678272	0.395775837891944	0.331887627323575	0.320797099789111	0.331887627323577	0.375294034154679	0.317279952653591	0.288051687255944	0.317279952653591	0.395775837891946	0.331887627323577	0.320797099789112	0.331887627323577
1	1.03958023492217	1.05134462125909	1.03958023492217	1.04074201857819	1.05694617694487	1.07900409871486	1.05694617694487	1.07215769028009	1.07725806685096	1.08465301817379	1.07725806685096	1.04074201857819	1.05694617694487	1.07900409871486	1.05694617694487	0.547718373431778	0.389314837631285	0.314443860598556	0.389314837631286	0.395775873341693	0.331887634218961	0.320797107018657	0.331887634218962	0.375294065365433	0.317279961550124	0.288051691066456	0.317279961550125	0.395775873341694	0.331887634218962	0.320797107018658	0.331887634218963
1	1.03958024299897	1.05134462308822	1.03958024299898	1.04074202780406	1.05694617979887	1.07900410288306	1.05694617979887	1.07215770451495	1.0772580718373	1.0846530205228	1.0772580718373	1.04074202780406	1.05694617979887	1.07900410288306	1.05694617979887	0.547719013427071	0.389314854040201	0.314443862995528	0.389314854040202	0.395775892298047	0.33188763772291	0.320797110685219	0.331887637722911	0.375294082083871	0.317279966158242	0.288051693012726	0.317279966158242	0.395775892298049	0.331887637722911	0.320797110685219	0.331887637722912
1	1.03958024729834	1.05134462401891	1.03958024729834	1.04074203273998	1.05694618124265	1.07900410499256	1.05694618124265	1.0721577121436	1.07725807441524	1.08465302171216	1.07725807441524	1.04074203273998	1.05694618124265	1.07900410499256	1.05694618124265	0.54771940160755	0.389314862767835	0.314443864223902	0.389314862767837	0.395775902434937	0.331887639503626	0.320797112542721	0.331887639503628	0.375294091040266	0.317279968545587	0.288051694008261	0.317279968545588	0.395775902434938	0.331887639503628	0.320797112542721	0.331887639503628
