1	1.01624860212898	1.0027433154696	1.01624860212898	1.01625226081353	1.00274518593013	1.00353254042689	1.00274518593013	1.00274332657144	1.00353235932396	1.04023629432277	1.00353235932396	1.01625226081353	1.00274518593013	1.00353254042689	1.00274518593013	3.74999999999983	0.0589083631459075	0.0170052729172217	0.0589083631459089	0.0589085812518121	0.0170053054272436	-0.0157481838836411	0.0170053054271479	0.0170052731949879	-0.0157481810070238	-0.0463394113390587	-0.0157481810070235	0.0589085812518134	0.0170053054271479	-0.0157481838836407	0.0170053054272448
1	1.01625047089597	1.00274274236631	1.01625047089597	1.01625398851621	1.00274453968964	1.00353156214807	1.00274453968963	1.00274275303572	1.00353138812179	1.04021561301584	1.00353138812179	1.01625398851621	1.00274453968963	1.00353156214807	1.00274453968964	3.74999999999984	0.0591145126724386	0.0170338614472206	0.05911451267244	0.0591147231246361	0.0170338927404271	-0.0157694543500032	0.0170338927403876	0.0170338617147539	-0.0157694515818535	-0.0463547425491332	-0.0157694515818531	0.0591147231246374	0.0170338927403876	-0.0157694543500028	0.0170338927404283
1	1.01625540238453	1.00274243095741	1.01625540238453	1.0162587844013	1.00274415800419	1.00353086208569	1.00274415800418	1.00274244121123	1.00353069485945	1.04019642059518	1.00353069485945	1.0162587844013	1.00274415800418	1.00353086208569	1.00274415800419	3.74999999999984	0.059210329293591	0.0170457592099808	0.0592103292935924	0.0592105319778271	0.0170457893019291	-0.0157776990163458	0.0170457893019131	0.017045759467574	-0.0157776963549421	-0.0463599509957907	-0.0157776963549418	0.0592105319778285	0.0170457893019131	-0.0157776990163454	0.0170457893019302
1	1.0162615997574	1.00274223142748	1.0162615997574	1.0162648514076	1.00274389094595	1.0035302825694	1.00274389094595	1.00274224128191	1.00353012187746	1.04017821749252	1.00353012187746	1.0162648514076	1.00274389094595	1.0035302825694	1.00274389094595	3.74999999999984	0.0592549830229488	0.0170507125009302	0.0592549830229501	0.0592551780518311	0.0170507414254588	-0.0157808953947798	0.0170507414254526	0.0170507127488069	-0.0157808928368687	-0.0463614084173183	-0.0157808928368683	0.0592551780518325	0.0170507414254526	-0.0157808953947794	0.01705074142546
1	1.01626823378209	1.00274208124384	1.01626823378209	1.01627136009478	1.00274367587455	1.0035297619144	1.00274367587455	1.00274209071444	1.00352960750141	1.04016080080479	1.00352960750141	1.01627136009478	1.00274367587455	1.0035297619144	1.00274367587455	3.74999999999984	0.0592759083348421	0.0170527751369027	0.0592759083348434	0.0592760959181285	0.0170528029342659	-0.0157821334144117	0.0170528029342636	0.0170527753753178	-0.0157821309562802	-0.0463614807985262	-0.0157821309562799	0.0592760959181299	0.0170528029342636	-0.0157821334144114	0.0170528029342671
1	1.01627492536025	1.00274195424996	1.01627492536025	1.01627793116796	1.00274348653013	1.00352927569606	1.00274348653013	1.00274196335169	1.00352912731668	1.04014407871646	1.00352912731668	1.01627793116796	1.00274348653013	1.00352927569606	1.00274348653013	3.74999999999984	0.0592858249325095	0.017053633956628	0.0592858249325109	0.0592860053182026	0.0170536606686806	-0.0157826109627433	0.0170536606686799	0.0170536341858734	-0.0157826086006115	-0.0463610499347765	-0.0157826086006112	0.0592860053182039	0.0170536606686799	-0.015782610962743	0.0170536606686818
1	1.01628150423773	1.00274183944451	1.01628150423773	1.01628439418557	1.00274331181208	1.00352881396833	1.00274331181208	1.00274184819174	1.00352867138679	1.04012800155657	1.00352867138679	1.01628439418557	1.00274331181208	1.00352881396833	1.00274331181208	3.74999999999985	0.0592906299613302	0.0170539911835705	0.0592906299613315	0.0592908034090251	0.0170540168518355	-0.0157827928967986	0.0170540168518357	0.0170539914039606	-0.015782790626956	-0.0463604456964801	-0.0157827906269557	0.0592908034090265	0.0170540168518357	-0.0157827928967982	0.0170540168518367
1	1.01628789684414	1.00274173214284	1.01628789684414	1.01629067539769	1.00274314694043	1.00352837242625	1.00274314694043	1.00274174054936	1.003528235416	1.04011253607204	1.003528235416	1.01629067539769	1.00274314694043	1.00352837242625	1.00274314694043	3.74999999999985	0.0592930574880549	0.017054139299128	0.0592930574880563	0.0592932242570087	0.017054163964041	-0.0157828598278171	0.0170541639640415	0.0170541395109844	-0.0157828576466718	-0.0463597918298901	-0.0157828576466714	0.0592932242570101	0.0170541639640415	-0.0157828598278167	0.0170541639640422
1	1.0162940742391	1.00274163029628	1.0162940742391	1.01629674569166	1.00274298977491	1.00352794897552	1.00274298977491	1.00274163837538	1.00352781731886	1.04009765576881	1.00352781731886	1.01629674569166	1.00274298977491	1.00352794897552	1.00274298977491	3.74999999999985	0.059294375182947	0.0170542001921439	0.0592943751829484	0.0592945355268385	0.0170542238927807	-0.0157828820261218	0.0170542238927814	0.017054200395787	-0.0157828799302125	-0.0463591347070759	-0.0157828799302122	0.0592945355268399	0.0170542238927814	-0.0157828820261214	0.0170542238927819
1	1.01630002796628	1.0027415329583	1.01630002796628	1.01630259644561	1.00274283928097	1.00352754239861	1.00274283928096	1.00274154072273	1.00352741588635	1.04008333725035	1.00352741588635	1.01630259644561	1.00274283928096	1.00352754239861	1.00274283928097	3.74999999999986	0.0592951712166975	0.017054224727508	0.0592951712166988	0.0592953253814512	0.0170542475015068	-0.0157828869005993	0.0170542475015074	0.0170542249232506	-0.0157828848865964	-0.0463584915063267	-0.015782884886596	0.0592953253814526	0.0170542475015074	-0.0157828869005989	0.017054247501508
1	1.01630575888883	1.0027414396468	1.01630575888883	1.0163082283636	1.00274269489191	1.00352715183663	1.00274269489191	1.00274144710881	1.00352703026777	1.04006955881318	1.00352703026777	1.0163082283636	1.00274269489191	1.00352715183663	1.00274269489191	3.74999999999986	0.0592957182751854	0.0170542340971577	0.0592957182751868	0.0592958664981673	0.0170542559807231	-0.0157828851251429	0.0170542559807237	0.0170542342853035	-0.0157828831898463	-0.0463578682738067	-0.015782883189846	0.0592958664981688	0.0170542559807237	-0.0157828851251426	0.0170542559807243
1	1.01631127199798	1.00274135007638	1.01631127199798	1.01631364628392	1.0027425562411	1.00352677658542	1.0027425562411	1.00274135724776	1.00352665976678	1.04005629988601	1.00352665976678	1.01631364628392	1.0027425562411	1.00352677658542	1.0027425562411	3.74999999999986	0.0592961430502467	0.0170542371548501	0.0592961430502481	0.0592962855601016	0.0170542581827866	-0.0157828808759419	0.0170542581827871	0.0170542373356925	-0.0157828790162754	-0.0463572668262354	-0.0157828790162751	0.0592962855601031	0.0170542581827871	-0.0157828808759415	0.0170542581827878
1	1.01631657402187	1.00274126404719	1.01631657402187	1.01631885678769	1.00274242305057	1.0035264160158	1.00274242305057	1.00274127093925	1.00352630376177	1.04004354079705	1.00352630376177	1.01631885678769	1.00274242305057	1.0035264160158	1.00274242305057	3.74999999999987	0.0592965045391467	0.0170542376020402	0.0592965045391481	0.0592966415559032	0.0170542578077982	-0.0157828757880255	0.0170542578077989	0.0170542377758625	-0.0157828740010336	-0.0463566873588684	-0.0157828740010332	0.0592966415559046	0.0170542578077989	-0.0157828757880251	0.0170542578077994
1	1.01632167232373	1.00274118139829	1.01632167232373	1.01632386709676	1.00274229508436	1.00352606954191	1.00274229508436	1.00274118802191	1.00352596167413	1.04003126266585	1.00352596167413	1.01632386709676	1.00274229508436	1.00352606954191	1.00274229508436	3.74999999999987	0.0592968303460693	0.0170542369869248	0.0592968303460707	0.0592969620813661	0.0170542564026494	-0.0157828705003331	0.01705425640265	0.0170542371539992	-0.0157828687831756	-0.0463561294502881	-0.0157828687831753	0.0592969620813674	0.01705425640265	-0.0157828705003328	0.0170542564026505
1	1.01632657439767	1.00274110198807	1.01632657439767	1.01632868456932	1.00274217212875	1.00352573660813	1.00274217212875	1.00274110835371	1.00352563295521	1.04001944734414	1.00352563295521	1.01632868456932	1.00274217212875	1.00352573660813	1.00274217212875	3.74999999999987	0.0592971335120431	0.0170542359570312	0.0592971335120445	0.0592972601694021	0.0170542546136112	-0.0157828652603782	0.0170542546136118	0.0170542361176192	-0.0157828636103264	-0.0463555924530316	-0.015782863610326	0.0592972601694035	0.0170542546136118	-0.0157828652603778	0.0170542546136124
1	1.0163312876412	1.00274102568593	1.0163312876412	1.01633331647222	1.00274205398386	1.00352541668349	1.00274205398386	1.00274103180364	1.00352531708074	1.04000807737642	1.00352531708074	1.01633331647222	1.00274205398386	1.00352541668349	1.00274205398386	3.74999999999987	0.059297420317548	0.0170542347828088	0.0592974203175493	0.0592975420926694	0.0170542527099264	-0.0157828601614764	0.0170542527099272	0.0170542349371626	-0.0157828585759076	-0.0463550756467455	-0.0157828585759072	0.0592975420926708	0.0170542527099272	-0.015782860161476	0.0170542527099276
1	1.01633581925588	1.00274095236866	1.01633581925588	1.01633776988134	1.00274194045991	1.00352510925895	1.00274194045991	1.0027409582481	1.00352501354811	1.03999713596907	1.00352501354811	1.01633776988134	1.00274194045991	1.00352510925895	1.00274194045991	3.74999999999988	0.0592976939000274	0.0170542335766968	0.0592976939000288	0.0592978109810803	0.0170542508028734	-0.0157828552360876	0.0170542508028741	0.0170542337250583	-0.0157828537124818	-0.0463545782985846	-0.0157828537124815	0.0592978109810816	0.0170542508028741	-0.0157828552360873	0.0170542508028746
1	1.01634017620701	1.00274088191884	1.01634017620701	1.01634205164121	1.0027418313755	1.00352481384578	1.0027418313755	1.00274088756928	1.00352472187478	1.03998660696339	1.00352472187478	1.01634205164121	1.0027418313755	1.00352481384578	1.0027418313755	3.74999999999988	0.0592979559312264	0.0170542323848662	0.0592979559312277	0.0592980684991289	0.0170542489375083	-0.0157828504926607	0.017054248937509	0.0170542325274676	-0.0157828490285962	-0.0463540996869571	-0.0157828490285959	0.0592980684991303	0.0170542489375091	-0.0157828504926603	0.0170542489375095
1	1.01634436521065	1.00274081422404	1.01634436521065	1.0163461683517	1.00274172655674	1.00352452997458	1.00274172655674	1.00274081965441	1.00352444159728	1.03997647481081	1.00352444159728	1.0163461683517	1.00274172655674	1.00352452997458	1.00274172655674	3.74999999999988	0.0592982073950761	0.0170542312256863	0.0592982073950775	0.0592983156237783	0.0170542471311285	-0.0157828459302295	0.0170542471311289	0.0170542313627509	-0.0157828445233798	-0.0463536391106204	-0.0157828445233794	0.0592983156237797	0.0170542471311289	-0.0157828459302291	0.0170542471311297
1	1.01634839273289	1.00274074917641	1.01634839273289	1.01635012636723	1.0027416258367	1.00352425719433	1.0027416258367	1.00274075439528	1.00352417227031	1.03996672454952	1.00352417227031	1.01635012636723	1.0027416258367	1.00352425719433	1.0027416258367	3.74999999999988	0.0592984489486194	0.0170542301058685	0.0592984489486208	0.0592985530053693	0.0170542453894165	-0.0157828415442183	0.0170542453894168	0.0170542302376116	-0.0157828401923472	-0.0463531958918704	-0.0157828401923468	0.0592985530053707	0.0170542453894168	-0.015782841544218	0.0170542453894177
1	1.01635226499474	1.00274068667239	1.01635226499474	1.01635393180143	1.00274152905507	1.00352399507169	1.00274152905507	1.00274069168799	1.00352391346601	1.03995734178217	1.00352391346601	1.01635393180143	1.00274152905507	1.00352399507169	1.00274152905507	3.74999999999989	0.0592986810896249	0.0170542290272531	0.0592986810896263	0.0592987811352266	0.0170542437132221	-0.0157828373287563	0.0170542437132224	0.0170542291538817	-0.0157828360297155	-0.0463527693773098	-0.0157828360297151	0.059298781135228	0.0170542437132224	-0.0157828373287559	0.0170542437132233
1	1.01635598797936	1.00274062661247	1.01635598797936	1.01635759053423	1.00274143605782	1.00352374319024	1.00274143605782	1.00274063143272	1.00352366477324	1.03994831265448	1.00352366477324	1.01635759053423	1.00274143605782	1.00352374319024	1.00274143605782	3.74999999999989	0.0592989042345868	0.0170542279896617	0.0592989042345881	0.0592990004236457	0.017054242101417	-0.0157828332776026	0.0170542421014176	0.0170542281113742	-0.0157828320293277	-0.0463523589376458	-0.0157828320293274	0.0592990004236472	0.0170542421014176	-0.0157828332776022	0.0170542421014182
1	1.01635956744022	1.00274056890109	1.01635956744022	1.01636110821982	1.00274134669695	1.00352350114985	1.00274134669695	1.0027405735336	1.00352342579693	1.03993962383471	1.00352342579693	1.01636110821982	1.00274134669695	1.00352350114985	1.00274134669695	3.74999999999989	0.0592991187551632	0.0170542269921002	0.0592991187551646	0.0592992112363277	0.0170542405520936	-0.015782829384515	0.0170542405520941	0.0170542271090876	-0.015782828185022	-0.0463519639670783	-0.0157828281850216	0.0592992112363291	0.0170542405520941	-0.0157828293845146	0.0170542405520948
1	1.01636300890945	1.00274051344639	1.01636300890945	1.01636449029489	1.00274126083028	1.00352326856602	1.00274126083028	1.00274051789848	1.00352319615746	1.03993126249396	1.00352319615746	1.01636449029489	1.00274126083028	1.00352326856602	1.00274126083028	3.74999999999989	0.0592993249953478	0.017054226033265	0.0592993249953492	0.0592994139115384	0.0170542390630698	-0.0157828256433942	0.0170542390630705	0.0170542261457104	-0.0157828244907762	-0.0463515838825474	-0.0157828244907759	0.0592994139115398	0.0170542390630705	-0.0157828256433938	0.017054239063071
1	1.01636631770615	1.00274046016014	1.01636631770616	1.01636774198679	1.00274117832117	1.00352304506928	1.00274117832117	1.00274046443883	1.00352297549003	1.03992321628713	1.00352297549003	1.01636774198679	1.00274117832117	1.00352304506928	1.00274117832117	3.74999999999989	0.059299523279691	0.0170542251117548	0.0592995232796923	0.0592996087683189	0.0170542376321011	-0.0157828220483359	0.017054237632102	0.0170542252198347	-0.0157828209407614	-0.046351218122937	-0.015782820940761	0.0592996087683203	0.017054237632102	-0.0157828220483355	0.0170542376321023
1	1.01636949894452	1.00274040895754	1.01636949894452	1.01637086832146	1.00274109903833	1.00352283030459	1.00274109903833	1.00274041306958	1.0035227634441	1.0399154733347	1.0035227634441	1.01637086832146	1.00274109903833	1.00352283030459	1.00274109903833	3.74999999999989	0.0592997139173651	0.01705422422616	0.0592997139173665	0.0592997961105471	0.0170542362569674	-0.0157828185936493	0.0170542362569682	0.0170542243300437	-0.0157828175293579	-0.0463508661482685	-0.0157828175293575	0.0592997961105485	0.0170542362569682	-0.0157828185936489	0.0170542362569686
1	1.01637255754166	1.00274035975711	1.01637255754166	1.0163738741312	1.0027410228556	1.00352262393079	1.0027410228556	1.002740363709	1.00352255968282	1.03990802220514	1.00352255968282	1.0163738741312	1.0027410228556	1.00352262393079	1.0027410228556	3.7499999999999	0.0592998972043024	0.0170542233750995	0.0592998972043038	0.0592999762290627	0.0170542349355086	-0.0157828152738586	0.0170542349355095	0.0170542234749496	-0.015782814251159	-0.0463505274389182	-0.0157828142511586	0.0592999762290641	0.0170542349355095	-0.0157828152738583	0.0170542349355098
1	1.0163754982252	1.00274031248055	1.0163754982252	1.01637676406207	1.00274094965177	1.00352242562003	1.00274094965177	1.00274031627853	1.0035223638825	1.03990085189798	1.0035223638825	1.01637676406207	1.00274094965177	1.00352242562003	1.00274094965177	3.7499999999999	0.059300073424408	0.0170542225572341	0.0593000734244094	0.0593001494028755	0.017054233665638	-0.0157828120836992	0.0170542336656387	0.017054222653208	-0.0157828111009656	-0.0463502014948548	-0.0157828111009652	0.0593001494028769	0.0170542336656387	-0.0157828120836988	0.0170542336656392
1	1.01637832554054	1.00274026705265	1.01637832554055	1.01637954258106	1.00274087931035	1.0035222350573	1.00274087931035	1.0027402707027	1.00352217573212	1.0398939518276	1.00352217573212	1.01637954258106	1.00274087931035	1.0035222350573	1.00274087931035	3.7499999999999	0.0593002428503595	0.0170542217712726	0.0593002428503609	0.059300315899957	0.0170542324453442	-0.0157828090181091	0.0170542324453449	0.0170542218635208	-0.0157828080737803	-0.0463498878348944	-0.0157828080737799	0.0593003158999584	0.0170542324453449	-0.0157828090181088	0.0170542324453453
1	1.01638104385793	1.0027402234011	1.01638104385793	1.01638221398299	1.00274081171941	1.00352205193987	1.00274081171941	1.00274022690899	1.00352199493277	1.03988731180752	1.00352199493277	1.01638221398299	1.00274081171941	1.00352205193987	1.00274081171941	3.7499999999999	0.0593004057441927	0.0170542210159719	0.0593004057441941	0.0593004759778174	0.0170542312726931	-0.0157828060722246	0.0170542312726939	0.0170542211046388	-0.0157828051647993	-0.0463495859960009	-0.015782805164799	0.0593004759778188	0.0170542312726939	-0.0157828060722242	0.0170542312726943
1	1.01638365737911	1.00274018145646	1.01638365737912	1.01638478239715	1.00274074677141	1.00352187597685	1.00274074677141	1.00274018482772	1.00352182119726	1.03988092203537	1.00352182119726	1.01638478239715	1.00274074677141	1.00352187597685	1.00274074677141	3.74999999999991	0.0593005623577822	0.0170542202901365	0.0593005623577836	0.0593006298839794	0.0170542301458254	-0.0157828032413714	0.017054230145826	0.017054220375361	-0.0157828023694078	-0.0463492955325962	-0.0157828023694075	0.0593006298839808	0.0170542301458261	-0.015782803241371	0.0170542301458265
1	1.01638617014394	1.00274014115196	1.01638617014394	1.01638725179367	1.00274068436299	1.00352170688871	1.00274068436299	1.00274014439192	1.00352165424959	1.03987477307838	1.00352165424959	1.01638725179367	1.00274068436299	1.00352170688871	1.00274068436299	3.74999999999991	0.0593007129332634	0.0170542195926166	0.0593007129332648	0.0593007778563943	0.0170542290629533	-0.0157828005210577	0.0170542290629542	0.0170542196745321	-0.0157827996831697	-0.0463490160159028	-0.0157827996831693	0.0593007778563957	0.0170542290629542	-0.0157828005210574	0.0170542290629545
1	1.01638858603651	1.00274010242348	1.01638858603651	1.01638962598964	1.00274062439486	1.00352154440686	1.00274062439486	1.00274010553725	1.00352149382457	1.03986885585947	1.00352149382457	1.01638962598964	1.00274062439486	1.00352154440686	1.00274062439486	3.74999999999991	0.0593008577034267	0.0170542189223075	0.0593008577034281	0.0593009201238314	0.0170542280223594	-0.015782797906967	0.0170542280223602	0.0170542190010431	-0.0157827971018233	-0.0463487470333101	-0.0157827971018229	0.0593009201238328	0.0170542280223602	-0.0157827979069667	0.0170542280223606
1	1.01639090879123	1.00274006520939	1.01639090879123	1.01639190865503	1.0027405667716	1.00352138827318	1.00274056677159	1.00274006820189	1.00352133966735	1.03986316164375	1.00352133966735	1.01639190865503	1.00274056677159	1.00352138827318	1.0027405667716	3.74999999999991	0.0593009968920831	0.0170542182781477	0.0593009968920845	0.0593010569062331	0.0170542270223928	-0.0157827953949513	0.0170542270223935	0.0170542183538266	-0.015782794621272	-0.0463484881877638	-0.0157827946212716	0.0593010569062345	0.0170542270223935	-0.0157827953949509	0.017054227022394
1	1.01639314199855	1.00274002945047	1.01639314199855	1.01639410331835	1.0027405114015	1.00352123823964	1.0027405114015	1.00274003232642	1.00352119153305	1.03985768202573	1.00352119153305	1.01639410331835	1.0027405114015	1.00352123823964	1.0027405114015	3.74999999999991	0.0593011307144115	0.0170542176591169	0.0593011307144129	0.0593011884150618	0.017054226061467	-0.0157827929810249	0.0170542260614677	0.0170542177318578	-0.0157827922375802	-0.0463482390971802	-0.0157827922375798	0.0593011884150632	0.0170542260614677	-0.0157827929810245	0.0170542260614682
1	1.01639528911054	1.00273999508982	1.01639528911054	1.0163962133721	1.00274045819648	1.00352109406792	1.00274045819648	1.00273999785376	1.00352104918635	1.03985240891678	1.00352104918635	1.0163962133721	1.00274045819648	1.00352109406792	1.00274045819648	3.74999999999992	0.0593012593772981	0.0170542170642349	0.0593012593772995	0.0593013148536281	0.0170542251380583	-0.0157827906613572	0.0170542251380589	0.0170542171341521	-0.0157827899469659	-0.0463479993938809	-0.0157827899469655	0.0593013148536295	0.0170542251380589	-0.0157827906613569	0.0170542251380595
1	1.01639735344618	1.00273996207276	1.01639735344619	1.01639824207801	1.00274040707187	1.00352095552898	1.00274040707187	1.00273996472905	1.00352091240112	1.03984733453325	1.00352091240112	1.01639824207801	1.00274040707187	1.00352095552898	1.00274040707188	3.74999999999992	0.0593013830796512	0.0170542164925593	0.0593013830796525	0.0593014364174005	0.0170542242507008	-0.0157827884322674	0.0170542242507014	0.017054216559762	-0.0157827877457941	-0.0463477687240485	-0.0157827877457937	0.0593014364174019	0.0170542242507014	-0.015782788432267	0.017054224250702
1	1.01639933819656	1.00273993034676	1.01639933819656	1.01640019257208	1.00274035794633	1.00352082240276	1.00274035794633	1.0027399328996	1.00352078096008	1.03984245138493	1.00352078096008	1.01640019257208	1.00274035794633	1.00352082240276	1.00274035794633	3.74999999999992	0.0593015020127101	0.0170542159431851	0.0593015020127115	0.059301553294317	0.0170542233979875	-0.0157827862902187	0.0170542233979882	0.0170542160077787	-0.0157827856305723	-0.046347546747206	-0.0157827856305719	0.0593015532943184	0.0170542233979882	-0.0157827862902183	0.0170542233979886
1	1.01640124642971	1.00273989986132	1.01640124642971	1.01640206786943	1.00274031074168	1.00352069447777	1.00274031074168	1.00273990231474	1.00352065465443	1.039837752264	1.00352065465443	1.01640206786943	1.00274031074168	1.00352069447777	1.00274031074168	3.74999999999992	0.0593016163603453	0.0170542154152416	0.0593016163603467	0.0593016656650691	0.0170542225785655	-0.0157827842318121	0.0170542225785663	0.0170542154773276	-0.015782783597944	-0.0463473331357125	-0.0157827835979436	0.0593016656650705	0.0170542225785663	-0.0157827842318117	0.0170542225785667
1	1.01640308109543	1.00273987056794	1.01640308109543	1.01640387086897	1.00274026538281	1.00352057155081	1.00274026538281	1.00273987292581	1.00352053328354	1.03983323023437	1.00352053328353	1.01640387086897	1.00274026538281	1.00352057155081	1.00274026538281	3.74999999999992	0.0593017262993376	0.0170542149078929	0.0593017262993389	0.059301773703383	0.0170542217911353	-0.0157827822537817	0.017054221791136	0.0170542149675684	-0.0157827816446845	-0.0463471275742769	-0.0157827816446841	0.0593017737033844	0.017054221791136	-0.0157827822537813	0.0170542217911365
1	1.01640484502982	1.00273984242001	1.01640484502982	1.01640560435783	1.00274022179755	1.00352045342659	1.00274022179755	1.00273984468604	1.00352041665458	1.03982887862143	1.00352041665458	1.01640560435783	1.00274022179755	1.00352045342659	1.00274022179755	3.74999999999992	0.0593018319996523	0.0170542144203356	0.0593018319996537	0.0593018775762867	0.0170542210344472	-0.0157827803529883	0.0170542210344478	0.0170542144776944	-0.0157827797676944	-0.0463469297594956	-0.0157827797676941	0.0593018775762881	0.0170542210344478	-0.0157827803529879	0.0170542210344484
1	1.01640654095964	1.00273981537274	1.01640654095964	1.01640727101573	1.00274017991655	1.00352033991748	1.00274017991655	1.00273981755051	1.00352030458231	1.03982469100219	1.00352030458231	1.01640727101573	1.00274017991655	1.00352033991748	1.00274017991655	3.74999999999992	0.0593019336247047	0.0170542139517977	0.0593019336247061	0.0593019774443703	0.0170542203073013	-0.0157827785264165	0.0170542203073019	0.0170542140069298	-0.0157827779639951	-0.0463467393994034	-0.0157827779639947	0.0593019774443717	0.0170542203073019	-0.0157827785264161	0.0170542203073025
1	1.01640817150653	1.00273978938308	1.01640817150653	1.0164088734191	1.00274013967317	1.00352023084316	1.00274013967317	1.00273979147604	1.00352019688869	1.03982066119581	1.00352019688869	1.0164088734191	1.00274013967317	1.00352023084316	1.00274013967317	3.74999999999993	0.0593020313316078	0.0170542135015366	0.0593020313316092	0.0593020734620335	0.0170542196085439	-0.0157827767711675	0.0170542196085446	0.0170542135545284	-0.0157827762307254	-0.0463465562130379	-0.015782776230725	0.0593020734620349	0.0170542196085446	-0.0157827767711671	0.0170542196085451
1	1.01640973919109	1.00273976440968	1.01640973919109	1.01641041404502	1.00274010100337	1.00352012603037	1.00274010100337	1.00273976642112	1.00352009340263	1.03981678325443	1.00352009340263	1.01641041404502	1.00274010100337	1.00352012603037	1.00274010100337	3.74999999999993	0.0593021252714185	0.0170542130688398	0.0593021252714199	0.0593021657777221	0.0170542189370664	-0.0157827750844565	0.0170542189370671	0.0170542131197743	-0.0157827745651345	-0.0463463799300328	-0.0157827745651341	0.0593021657777235	0.0170542189370671	-0.0157827750844561	0.0170542189370676
1	1.01641124643676	1.0027397404128	1.01641124643676	1.01641189527512	1.00274006384562	1.0035200253126	1.00274006384562	1.0027397423459	1.00351999395977	1.0398130514544	1.00351999395977	1.01641189527512	1.00274006384562	1.0035200253126	1.00274006384562	3.74999999999993	0.0593022155893708	0.0170542126530217	0.0593022155893722	0.0593022545341598	0.0170542182918041	-0.0157827734636067	0.0170542182918047	0.0170542127019785	-0.0157827729645796	-0.0463462102902106	-0.0157827729645793	0.0593022545341612	0.0170542182918047	-0.0157827734636063	0.0170542182918053
1	1.01641269557354	1.00273971735426	1.01641269557354	1.01641331939918	1.0027400281408	1.00351992852986	1.0027400281408	1.00273971921207	1.00351989840211	1.03980946028785	1.00351989840211	1.01641331939919	1.0027400281408	1.00351992852986	1.0027400281408	3.74999999999993	0.0593023024251013	0.0170542122534237	0.0593023024251027	0.0593023398685702	0.0170542176717328	-0.0157827719060469	0.0170542176717334	0.0170542123004799	-0.0157827714265215	-0.0463460470432003	-0.0157827714265211	0.0593023398685716	0.0170542176717334	-0.0157827719060466	0.017054217671734
1	1.01641408884162	1.00273969519736	1.01641408884162	1.01641468861876	1.0027399938321	1.00351983552841	1.0027399938321	1.00273969698282	1.00351980657788	1.03980600445452	1.00351980657788	1.01641468861876	1.0027399938321	1.00351983552841	1.0027399938321	3.74999999999993	0.0593023859128631	0.0170542118694131	0.0593023859128645	0.0593024219128855	0.0170542170758696	-0.0157827704093058	0.0170542170758703	0.0170542119146427	-0.0157827699485199	-0.046345889948071	-0.0157827699485196	0.0593024219128869	0.0170542170758703	-0.0157827704093054	0.0170542170758708
1	1.01641542839484	1.00273967390684	1.01641542839484	1.01641600505052	1.00273996086493	1.00351974616052	1.00273996086492	1.00273967562277	1.00351971834121	1.03980267885393	1.00351971834121	1.01641600505052	1.00273996086492	1.00351974616052	1.00273996086493	3.74999999999993	0.0593024661817338	0.0170542115003817	0.0593024661817352	0.0593025007939502	0.0170542165032689	-0.015782768971008	0.0170542165032696	0.0170542115438554	-0.0157827685282292	-0.0463457387729723	-0.0157827685282289	0.0593025007939516	0.0170542165032696	-0.0157827689710077	0.0170542165032701
1	1.016416716304	1.00273965344884	1.016416716304	1.01641727072952	1.00273992918682	1.00351966028421	1.00273992918682	1.00273965509794	1.00351963355192	1.03979947857788	1.00351963355192	1.01641727072953	1.00273992918682	1.00351966028421	1.00273992918682	3.74999999999993	0.0593025433558104	0.0170542111457455	0.0593025433558117	0.0593025766337212	0.0170542159530227	-0.0157827675888717	0.0170542159530235	0.0170542111875314	-0.0157827671633962	-0.0463455932947942	-0.0157827671633958	0.0593025766337226	0.0170542159530235	-0.0157827675888713	0.0170542159530239
1	1.01641795456008	1.00273963379079	1.01641795456008	1.0164184876124	1.00273989874737	1.00351957776308	1.00273989874737	1.00273963537566	1.00351955207533	1.03979639890318	1.00351955207533	1.0164184876124	1.00273989874737	1.00351957776308	1.00273989874737	3.74999999999993	0.059302617554411	0.0170542108049424	0.0593026175544123	0.0593026495494533	0.0170542154242582	-0.0157827662607038	0.0170542154242588	0.0170542108451062	-0.0157827658518556	-0.0463454532988348	-0.0157827658518552	0.0593026495494547	0.0170542154242588	-0.0157827662607034	0.0170542154242593
1	1.01641914507731	1.00273961490142	1.01641914507731	1.01641965758034	1.00273986949816	1.00351949846604	1.00273986949816	1.00273961642457	1.00351947378201	1.03979343528465	1.00351947378201	1.01641965758034	1.00273986949816	1.00351949846604	1.00273986949816	3.74999999999993	0.0593026888922546	0.017054210477433	0.059302688892256	0.0593027196538799	0.0170542149161365	-0.0157827649843965	0.0170542149161372	0.0170542105160376	-0.0157827645915259	-0.0463453185784872	-0.0157827645915255	0.0593027196538813	0.0170542149161372	-0.0157827649843961	0.0170542149161377
1	1.01642028969612	1.00273959675066	1.01642028969612	1.01642078244201	1.00273984139263	1.00351942226711	1.00273984139263	1.00273959821449	1.00351939854759	1.03979058334845	1.00351939854759	1.01642078244202	1.00273984139263	1.00351942226711	1.00273984139263	3.74999999999993	0.0593027574796333	0.0170542101626991	0.0593027574796347	0.0593027870553906	0.0170542144278516	-0.0157827637579257	0.0170542144278523	0.0170542101998051	-0.0157827633804081	-0.0463451889349298	-0.0157827633804077	0.059302787055392	0.0170542144278523	-0.0157827637579253	0.0170542144278528
1	1.01642139018599	1.00273957930964	1.01642139018599	1.01642186393638	1.00273981438607	1.00351934904527	1.00273981438607	1.00273958071646	1.00351932625257	1.03978783888561	1.00351932625257	1.01642186393638	1.00273981438607	1.00351934904527	1.00273981438607	3.74999999999993	0.0593028234225895	0.0170542098602415	0.0593028234225909	0.0593028518581932	0.0170542139586292	-0.0157827625793443	0.0170542139586299	0.0170542098959072	-0.0157827622165798	-0.0463450641768365	-0.0157827622165794	0.0593028518581946	0.0170542139586299	-0.0157827625793439	0.0170542139586304
1	1.0164224482482	1.00273956255061	1.0164224482482	1.01642290373534	1.00273978843551	1.00351927868418	1.00273978843551	1.00273956390263	1.00351925678209	1.03978519784577	1.00351925678209	1.01642290373535	1.00273978843551	1.00351927868418	1.00273978843551	3.74999999999994	0.0593028868230766	0.0170542095695817	0.059302886823078	0.0593029141624795	0.0170542135077248	-0.0157827614467827	0.0170542135077255	0.0170542096038628	-0.0157827610981949	-0.046344944120091	-0.0157827610981945	0.0593029141624809	0.0170542135077255	-0.0157827614467823	0.017054213507726
1	1.01642346551843	1.00273954644688	1.01642346551843	1.01642390344637	1.00273976349965	1.00351921107209	1.00273976349965	1.00273954774625	1.0035191900258	1.03978265633128	1.0035191900258	1.01642390344637	1.00273976349965	1.00351921107209	1.00273976349965	3.74999999999994	0.0593029477791213	0.0170542092902595	0.0593029477791226	0.0593029740645791	0.0170542130744234	-0.0157827603584444	0.0170542130744241	0.0170542093232096	-0.0157827600234789	-0.0463448285875177	-0.0157827600234785	0.0593029740645805	0.0170542130744241	-0.015782760358444	0.0170542130744246
1	1.01642444356932	1.00273953097285	1.01642444356932	1.01642486461495	1.00273973953882	1.00351914610159	1.00273973953882	1.00273953222161	1.00351912587767	1.03978021059137	1.00351912587767	1.01642486461495	1.00273973953882	1.00351914610159	1.00273973953882	3.74999999999994	0.0593030063849648	0.0170542090218324	0.0593030063849662	0.0593030316571075	0.0170542126580379	-0.0157827593126017	0.0170542126580384	0.0170542090535033	-0.0157827589907266	-0.0463447174086191	-0.0157827589907262	0.0593030316571089	0.0170542126580384	-0.0157827593126013	0.0170542126580391
1	1.01642538391287	1.00273951610388	1.01642538391287	1.01642578872699	1.0027397165149	1.00351908366947	1.0027397165149	1.00273951730401	1.00351906423578	1.03977785701665	1.00351906423578	1.01642578872699	1.0027397165149	1.00351908366947	1.0027397165149	3.74999999999994	0.0593030627312198	0.0170542087638752	0.0593030627312211	0.0593030870291103	0.0170542122579074	-0.0157827583075956	0.0170542122579079	0.0170542087943169	-0.0157827579982991	-0.046344610419324	-0.0157827579982988	0.0593030870291117	0.0170542122579079	-0.0157827583075952	0.0170542122579086
1	1.01642628800279	1.00273950181633	1.01642628800279	1.01642667721113	1.00273969439124	1.00351902367656	1.00273969439124	1.00273950296972	1.00351900500222	1.03977559213376	1.00351900500222	1.01642667721113	1.00273969439124	1.00351902367656	1.00273969439124	3.74999999999994	0.0593031169050024	0.0170542085159798	0.0593031169050037	0.0593031402661986	0.0170542118733977	-0.015782757341832	0.0170542118733982	0.0170542085452398	-0.0157827570446227	-0.0463445074617446	-0.0157827570446223	0.0593031402662	0.0170542118733982	-0.0157827573418317	0.0170542118733989
1	1.01642715723677	1.00273948808744	1.01642715723677	1.01642753144092	1.00273967313265	1.00351896602755	1.00273967313265	1.00273948919591	1.0035189480829	1.03977341260027	1.0035189480829	1.01642753144092	1.00273967313265	1.00351896602755	1.00273967313265	3.74999999999994	0.0593031689900739	0.0170542082777539	0.0593031689900753	0.0593031914506828	0.0170542115038984	-0.015782756413778	0.0170542115038988	0.0170542083058778	-0.0157827561281832	-0.0463444083839438	-0.0157827561281829	0.0593031914506842	0.0170542115038988	-0.0157827564137776	0.0170542115038996
1	1.01642799295858	1.00273947489539	1.01642799295858	1.01642835273695	1.0027396527053	1.00351891063088	1.0027396527053	1.00273947596069	1.0035188933874	1.03977131519972	1.0035188933874	1.01642835273695	1.0027396527053	1.00351891063088	1.0027396527053	3.74999999999994	0.0593032190669623	0.0170542080488198	0.0593032190669636	0.0593032406617018	0.0170542111488239	-0.015782755521961	0.0170542111488244	0.0170542080758519	-0.0157827552475274	-0.0463443130397102	-0.015782755247527	0.0593032406617032	0.0170542111488244	-0.0157827555219607	0.0170542111488251
1	1.01642879646023	1.00273946221917	1.01642879646023	1.01642914236893	1.00273963307669	1.00351885739854	1.00273963307669	1.00273946324298	1.00351884082883	1.03976929683686	1.00351884082883	1.01642914236893	1.00273963307669	1.00351885739854	1.00273963307669	3.74999999999994	0.059303267213094	0.0170542078288149	0.0593032672130954	0.0593032879753435	0.0170542108076107	-0.0157827546649662	0.0170542108076114	0.0170542078547975	-0.0157827544012574	-0.0463442212883442	-0.015782754401257	0.0593032879753449	0.0170542108076114	-0.0157827546649659	0.0170542108076119
1	1.01642956898389	1.00273945003861	1.01642956898389	1.01642990155759	1.00273961421558	1.00351880624597	1.00273961421558	1.00273945102255	1.00351879032371	1.03976735453312	1.00351879032371	1.01642990155759	1.00273961421558	1.00351880624597	1.00273961421558	3.74999999999994	0.0593033135029086	0.0170542076173911	0.05930331350291	0.0593033334647596	0.0170542104797178	-0.0157827538414341	0.0170542104797186	0.017054207642365	-0.0157827535880305	-0.046344132994449	-0.0157827535880302	0.059303333464761	0.0170542104797186	-0.0157827538414337	0.017054210479719
1	1.01643031172384	1.00273943833434	1.01643031172385	1.01643063147662	1.00273959609197	1.00351875709192	1.00273959609197	1.00273943927996	1.00351874179181	1.03976548542218	1.00351874179181	1.01643063147662	1.00273959609197	1.00351875709192	1.00273959609197	3.74999999999994	0.0593033580079766	0.0170542074142141	0.0593033580079779	0.0593033772002855	0.0170542101646255	-0.015782753050058	0.0170542101646262	0.0170542074382184	-0.0157827528065571	-0.0463440480277297	-0.0157827528065568	0.0593033772002869	0.0170542101646262	-0.0157827530500576	0.0170542101646267
1	1.01643102582836	1.00273942708773	1.01643102582836	1.01643133325445	1.00273957867701	1.0035187098583	1.00273957867701	1.00273942799652	1.00351869515603	1.03976368674576	1.00351869515603	1.01643133325445	1.00273957867701	1.0035187098583	1.00273957867701	3.74999999999994	0.0593034007971084	0.0170542072189613	0.0593034007971098	0.0593034192495411	0.0170542098618333	-0.0157827522895819	0.0170542098618342	0.0170542072420338	-0.0157827520555969	-0.0463439662628036	-0.0157827520555965	0.0593034192495425	0.0170542098618342	-0.0157827522895815	0.0170542098618345
1	1.01643171240141	1.00273941628088	1.01643171240141	1.01643200797601	1.002739561943	1.00351866447008	1.002739561943	1.00273941715428	1.00351865034229	1.03976195584952	1.00351865034229	1.01643200797601	1.002739561943	1.00351866447008	1.002739561943	3.74999999999994	0.0593034419364637	0.0170542070313243	0.059303441936465	0.0593034596775422	0.0170542095708616	-0.0157827515587996	0.0170542095708624	0.0170542070535009	-0.0157827513339584	-0.0463438875790114	-0.015782751333958	0.0593034596775436	0.0170542095708624	-0.0157827515587992	0.0170542095708628
1	1.01643237250442	1.00273940589661	1.01643237250442	1.01643265668441	1.00273954586331	1.00351862085517	1.00273954586331	1.00273940673599	1.00351860727941	1.03976029017916	1.00351860727941	1.01643265668441	1.00273954586331	1.00351862085517	1.00273954586331	3.74999999999995	0.0593034814896492	0.0170542068510059	0.0593034814896506	0.0593034985467959	0.017054209291249	-0.0157827508565517	0.0170542092912498	0.0170542068723216	-0.0157827506404971	-0.0463438118602435	-0.0157827506404968	0.0593034985467973	0.0170542092912498	-0.0157827508565514	0.0170542092912502
1	1.0164330071579	1.00273939591837	1.0164330071579	1.01643328038253	1.00273953041236	1.00351857894428	1.00273953041236	1.00273939672507	1.00351856589898	1.03975868727666	1.00351856589898	1.01643328038253	1.00273953041236	1.00351857894427	1.00273953041236	3.74999999999995	0.0593035195178202	0.0170542066777203	0.0593035195178216	0.0593035359174017	0.0170542090225517	-0.0157827501817237	0.0170542090225524	0.0170542066982085	-0.0157827499741124	-0.0463437389947647	-0.015782749974112	0.0593035359174031	0.0170542090225524	-0.0157827501817233	0.0170542090225529
1	1.016433617343	1.0027393863303	1.016433617343	1.01643388003461	1.00273951556556	1.00351853867083	1.00273951556556	1.00273938710558	1.00351852613527	1.03975714477663	1.00351852613527	1.01643388003461	1.00273951556556	1.00351853867083	1.00273951556556	3.74999999999995	0.0593035560797735	0.0170542065111935	0.0593035560797749	0.0593035718471386	0.0170542087643433	-0.015782749533245	0.0170542087643441	0.0170542065308864	-0.0157827493337472	-0.04634366887505	-0.0157827493337468	0.05930357184714	0.0170542087643441	-0.0157827495332446	0.0170542087643445
1	1.01643420400307	1.00273937711715	1.01643420400307	1.01643445656771	1.00273950129929	1.00351849997085	1.00273950129929	1.00273937786223	1.0035184879251	1.03975566040282	1.0035184879251	1.01643445656771	1.00273950129929	1.00351849997085	1.00273950129929	3.74999999999995	0.059303591232041	0.0170542063511615	0.0593035912320423	0.0593036063915613	0.0170542085162145	-0.0157827489100869	0.0170542085162154	0.0170542063700902	-0.0157827487183854	-0.0463436013976285	-0.015782748718385	0.0593036063915627	0.0170542085162154	-0.0157827489100865	0.0170542085162157
1	1.01643476804506	1.00273936826425	1.01643476804506	1.01643501087313	1.00273948759085	1.00351846278286	1.00273948759085	1.00273936898031	1.00351845120779	1.03975423196477	1.00351845120779	1.01643501087313	1.00273948759085	1.00351846278286	1.00273948759085	3.74999999999995	0.0593036250289731	0.0170542061973712	0.0593036250289744	0.059303639604081	0.0170542082777721	-0.0157827483112604	0.0170542082777728	0.0170542062155651	-0.0157827481270504	-0.0463435364629264	-0.01578274812705	0.0593036396040824	0.0170542082777728	-0.01578274831126	0.0170542082777733
1	1.01643531034099	1.0027393597575	1.01643531034099	1.01643554380783	1.00273947441842	1.0035184270478	1.00273947441842	1.00273936044568	1.00351841592502	1.03975285735458	1.00351841592502	1.01643554380784	1.00273947441842	1.0035184270478	1.00273947441842	3.74999999999995	0.0593036575228242	0.0170542060495789	0.0593036575228256	0.0593036715360498	0.0170542080486374	-0.0157827477358154	0.0170542080486381	0.0170542060670664	-0.0157827475588042	-0.0463434739751262	-0.0157827475588038	0.0593036715360512	0.0170542080486381	-0.015782747735815	0.0170542080486386
1	1.01643583172924	1.00273935158339	1.01643583172924	1.01643605619573	1.00273946176105	1.00351839270889	1.00273946176105	1.00273935224477	1.00351838202072	1.03975153454378	1.00351838202072	1.01643605619573	1.00273946176105	1.00351839270889	1.00273946176105	3.74999999999995	0.0593036887638377	0.0170542059075511	0.059303688763839	0.0593037022368419	0.0170542078284477	-0.0157827471828395	0.0170542078284483	0.0170542059243597	-0.0157827470127459	-0.0463434138420201	-0.0157827470127455	0.0593037022368433	0.0170542078284483	-0.0157827471828391	0.0170542078284489
1	1.01643633301586	1.0027393437289	1.01643633301586	1.01643654882898	1.0027394495986	1.00351835971159	1.0027394495986	1.00273934436452	1.00351834944105	1.03975026158035	1.00351834944105	1.01643654882898	1.0027394495986	1.00351835971159	1.0027394495986	3.74999999999995	0.0593037188003144	0.0170542057710626	0.0593037188003158	0.0593037317539236	0.0170542076168533	-0.0157827466514548	0.0170542076168539	0.0170542057872188	-0.0157827464880082	-0.0463433559748727	-0.0157827464880078	0.059303731753925	0.0170542076168539	-0.0157827466514544	0.0170542076168545
1	1.01643681497586	1.00273933618154	1.01643681497586	1.01643702246919	1.00273943791172	1.00351832800348	1.00273943791172	1.0027393367924	1.00351831813425	1.03974903658583	1.00351831813425	1.01643702246919	1.00273943791172	1.00351832800348	1.00273943791172	3.74999999999995	0.0593037476786983	0.0170542056398972	0.0593037476786997	0.0593037601329336	0.0170542074135186	-0.0157827461408181	0.0170542074135192	0.0170542056554262	-0.0157827459837588	-0.0463433002882952	-0.0157827459837584	0.059303760132935	0.0170542074135192	-0.0157827461408177	0.0170542074135198
1	1.01643727835433	1.00273932892928	1.01643727835433	1.0164374778486	1.0027394266818	1.00351829753419	1.0027394266818	1.00273932951636	1.0035182880506	1.03974785775257	1.0035182880506	1.0164374778486	1.0027394266818	1.00351829753419	1.0027394266818	3.74999999999995	0.0593037754436407	0.0170542055138474	0.0593037754436421	0.0593037874177534	0.0170542072181215	-0.0157827456501198	0.0170542072181221	0.0170542055287734	-0.0157827454991982	-0.0463432467001161	-0.0157827454991978	0.0593037874177548	0.0170542072181221	-0.0157827456501194	0.0170542072181227
1	1.01643772386766	1.00273932196061	1.01643772386766	1.01643791567124	1.00273941589099	1.00351826825533	1.00273941589099	1.00273932252482	1.0035182591423	1.03974672334102	1.0035182591423	1.01643791567125	1.00273941589099	1.00351826825533	1.00273941589099	3.74999999999995	0.0593038021380707	0.0170542053927138	0.059303802138072	0.0593038136505689	0.017054207030352	-0.0157827451785811	0.0170542070303526	0.0170542054070603	-0.0157827450335576	-0.0463431951312607	-0.0157827450335572	0.0593038136505703	0.0170542070303526	-0.0157827451785807	0.0170542070303532
1	1.01643815220462	1.00273931526442	1.01643815220462	1.016438336614	1.00273940552211	1.00351824012037	1.00273940552211	1.00273931580666	1.00351823136343	1.0397456316772	1.00351823136343	1.016438336614	1.00273940552211	1.00351824012037	1.00273940552211	3.74999999999995	0.0593038278032613	0.0170542052763047	0.0593038278032626	0.0593038388719423	0.0170542068499122	-0.0157827447254541	0.0170542068499127	0.0170542052900942	-0.0157827445860978	-0.046343145505635	-0.0157827445860974	0.0593038388719437	0.0170542068499127	-0.0157827447254537	0.0170542068499134
1	1.01643856402742	1.00273930883006	1.01643856402742	1.01643874132764	1.00273939555866	1.00351821308464	1.00273939555866	1.00273930935118	1.00351820466987	1.03974458115022	1.00351820466987	1.01643874132764	1.00273939555866	1.00351821308464	1.00273939555866	3.74999999999995	0.0593038524788958	0.0170542051644353	0.0593038524788972	0.0593038631208687	0.0170542066765157	-0.015782744290019	0.0170542066765163	0.0170542051776896	-0.015782744156109	-0.0463430977500089	-0.0157827441561086	0.0593038631208701	0.0170542066765163	-0.0157827442900186	0.0170542066765169
1	1.01643895997274	1.00273930264729	1.01643895997274	1.01643913043786	1.0027393859848	1.00351818710518	1.0027393859848	1.00273930314812	1.00351817901921	1.0397435702099	1.00351817901921	1.01643913043786	1.0027393859848	1.00351818710518	1.0027393859848	3.74999999999995	0.0593038762031289	0.0170542050569293	0.0593038762031303	0.0593038864348427	0.0170542065098878	-0.0157827438715862	0.0170542065098885	0.0170542050696688	-0.0157827437429094	-0.0463430517939176	-0.015782743742909	0.0593038864348441	0.0170542065098885	-0.0157827438715858	0.017054206509889
1	1.01643934065272	1.00273929670628	1.01643934065272	1.01643950454624	1.00273937678528	1.00351816214073	1.00273937678528	1.00273929718761	1.00351815437071	1.03974259736445	1.00351815437071	1.01643950454624	1.00273937678528	1.00351816214073	1.00273937678528	3.74999999999995	0.0593038990126409	0.0170542049536157	0.0593038990126422	0.0593039088499117	0.0170542063497644	-0.015782743469491	0.0170542063497651	0.0170542049658607	-0.0157827433458428	-0.0463430075695475	-0.0157827433458424	0.0593039088499131	0.0170542063497652	-0.0157827434694906	0.0170542063497656
1	1.01643970665588	1.00273929099758	1.01643970665588	1.01643986423115	1.00273936794547	1.00351813815163	1.00273936794547	1.00273929146016	1.00351813068522	1.03974166117833	1.00351813068522	1.01643986423115	1.00273936794547	1.00351813815163	1.00273936794547	3.74999999999995	0.0593039209427014	0.0170542048543313	0.0593039209427028	0.0593039304007357	0.0170542061958917	-0.015782743083096	0.0170542061958923	0.0170542048661011	-0.0157827429642797	-0.0463429650116433	-0.0157827429642793	0.0593039304007371	0.0170542061958923	-0.0157827430830956	0.0170542061958929
1	1.01644005854809	1.00273928551209	1.01644005854809	1.01644021004867	1.00273935945131	1.00351811509977	1.00273935945131	1.00273928595665	1.0035181079251	1.03974076027009	1.0035181079251	1.01644021004867	1.00273935945131	1.00351811509977	1.00273935945131	3.74999999999995	0.0593039420272173	0.0170542047589188	0.0593039420272187	0.0593039511206348	0.0170542060480252	-0.0157827427117877	0.017054206048026	0.0170542047702318	-0.0157827425976145	-0.0463429240574073	-0.0157827425976141	0.0593039511206362	0.017054206048026	-0.0157827427117873	0.0170542060480264
1	1.01644039687336	1.00273928024109	1.01644039687336	1.01644054253344	1.00273935128928	1.00351809294854	1.00273935128928	1.00273928066834	1.00351808605421	1.03973989331033	1.00351808605421	1.01644054253344	1.00273935128928	1.00351809294854	1.00273935128928	3.74999999999995	0.0593039622987893	0.0170542046672276	0.0593039622987907	0.0593039710416467	0.0170542059059306	-0.015782742354977	0.0170542059059313	0.0170542046781014	-0.0157827422452658	-0.0463428846464084	-0.0157827422452654	0.0593039710416481	0.0170542059059313	-0.0157827423549766	0.0170542059059318
1	1.01644072215477	1.0027392751762	1.01644072215477	1.01644086219949	1.00273934344639	1.00351807166274	1.00273934344639	1.00273927558681	1.0035180650378	1.03973905901977	1.0035180650378	1.01644086219949	1.00273934344639	1.00351807166274	1.00273934344639	3.74999999999996	0.0593039817887621	0.0170542045791124	0.0593039817887635	0.059303990194574	0.0170542057693827	-0.0157827420120983	0.0170542057693835	0.017054204589564	-0.0157827419066745	-0.0463428467204931	-0.0157827419066741	0.0593039901945754	0.0170542057693835	-0.0157827420120979	0.0170542057693839
1	1.01644103489518	1.00273927030935	1.01644103489519	1.01644116954104	1.00273933591017	1.00351805120857	1.00273933591017	1.00273927070397	1.0035180448425	1.03973825616733	1.0035180448425	1.01644116954104	1.00273933591017	1.00351805120857	1.00273933591017	3.74999999999996	0.0593040005272702	0.0170542044944335	0.0593040005272716	0.0593040086090295	0.017054205638165	-0.0157827416826074	0.0170542056381658	0.0170542045044793	-0.0157827415813033	-0.0463428102237012	-0.0157827415813029	0.0593040086090309	0.0170542056381658	-0.0157827416826071	0.0170542056381662
1	1.01644133557813	1.0027392656328	1.01644133557813	1.01644146503324	1.00273932866862	1.00351803155353	1.00273932866862	1.00273926601205	1.00351802543621	1.0397374835683	1.00351802543621	1.01644146503324	1.00273932866862	1.00351803155353	1.00273932866862	3.74999999999996	0.059304018543289	0.0170542044130569	0.0593040185432904	0.0593040263134866	0.0170542055120694	-0.0157827413659813	0.0170542055120702	0.0170542044227129	-0.0157827412686361	-0.046342775102176	-0.0157827412686357	0.059304026313488	0.0170542055120702	-0.0157827413659809	0.0170542055120706
1	1.01644162466845	1.00273926113911	1.01644162466845	1.01644174913293	1.00273932171022	1.00351801266641	1.00273932171022	1.00273926150359	1.00351800678811	1.03973674008265	1.00351800678811	1.01644174913293	1.00273932171022	1.0035180126664	1.00273932171022	3.74999999999996	0.0593040358646721	0.0170542043348539	0.0593040358646735	0.0593040433353204	0.0170542053908957	-0.0157827410617177	0.0170542053908964	0.017054204344135	-0.0157827409681769	-0.0463427413040965	-0.0157827409681766	0.0593040433353218	0.0170542053908964	-0.0157827410617173	0.0170542053908969
