1	1.00539259103191	1.00979552676353	1.00539259103191	1.00546622164419	1.01006787965866	1.01432035475833	1.01006787965867	1.00987771732246	1.01433087631838	1.01831533044912	1.01433087631838	1.00546622164419	1.01006787965867	1.01432035475833	1.01006787965866	0.368585954081172	0.3072937413429	0.290149024358911	0.307293741342901	0.308192457178428	0.294218310124378	0.285395742335619	0.294218310124559	0.290084083913761	0.285021981410575	0.27828205637965	0.285021981410575	0.308192457178429	0.294218310124559	0.28539574233562	0.294218310124379
1	1.01897676074091	1.03174692715978	1.01897676074091	1.01909497875737	1.03330404210435	1.04773542793955	1.03330404210437	1.0318269010203	1.04768219652291	1.05810017832632	1.04768219652291	1.01909497875737	1.03330404210437	1.04773542793955	1.03330404210435	0.504181148790449	0.436364834420047	0.395271060345548	0.436364834420047	0.437047943336282	0.406081912830156	0.39871127749479	0.406081912830224	0.395267559649323	0.398328842984335	0.37896247389732	0.398328842984335	0.437047943336283	0.406081912830224	0.39871127749479	0.406081912830157
1	1.02617253008124	1.04908559321505	1.02617253008124	1.0265199454426	1.04732939454186	1.06488065692756	1.04732939512695	1.04420380836819	1.06489294578135	1.08274226932693	1.06489294578135	1.0265199454426	1.04732939512695	1.06488065692756	1.04732939454186	0.554063833260777	0.48569208054263	0.485621054302374	0.485692080542631	0.486684118453191	0.466523579074757	0.443645828599482	0.466523583252653	0.447282642504134	0.442878899171219	0.440014428487625	0.442878899171219	0.486684118453192	0.466523583252653	0.443645828599482	0.466523579074758
1	1.02905819159241	1.06012673095799	1.02905819159241	1.02919824765682	1.05356313703562	1.0717500185861	1.05356313751756	1.04853340198609	1.07100873875705	1.09509601457477	1.07100873875705	1.02919824765682	1.05356313751756	1.0717500185861	1.05356313703562	0.572414647339543	0.501538524764833	0.521799569575084	0.501538524764834	0.504068491690905	0.486487253429094	0.460140221839515	0.486487254875946	0.460862663851941	0.457250476374297	0.46421018965424	0.457250476374297	0.504068491690906	0.486487254875946	0.460140221839515	0.486487253429095
1	1.02977980031368	1.06446111580362	1.02977980031368	1.03037851828338	1.05579880444256	1.07408622851641	1.05579880466108	1.05013405997718	1.07321030318252	1.10031129618992	1.07321030318252	1.03037851828338	1.05579880466108	1.07408622851641	1.05579880444256	0.579165534568552	0.506573186217943	0.534988643684117	0.506573186217944	0.510128773986418	0.493246888132735	0.466017223477234	0.4932468887453	0.464988981784104	0.46216971832473	0.473579032789612	0.462169718324731	0.510128773986419	0.4932468887453	0.466017223477234	0.493246888132736
1	1.02989636357705	1.06590648130926	1.02989636357705	1.0308961488527	1.05657335467385	1.07483430202063	1.05657335476642	1.05078548404417	1.07405450759805	1.10239775277808	1.07405450759805	1.0308961488527	1.05657335476642	1.07483430202063	1.05657335467385	0.581649047184874	0.508164116590555	0.5396224595383	0.508164116590556	0.512249667501905	0.495590798641315	0.468040448876495	0.495590798888301	0.466361510920704	0.463971514640349	0.477153846067929	0.463971514640349	0.512249667501905	0.495590798888301	0.468040448876495	0.495590798641316
1	1.02989556828115	1.06636748122218	1.02989556828115	1.03110616159562	1.0568424447363	1.07506647763046	1.05684244477414	1.05104557098681	1.07438651910582	1.10321139823506	1.07438651910582	1.03110616159562	1.05684244477414	1.07506647763046	1.0568424447363	0.58256268044491	0.508660122589865	0.541227787612038	0.508660122589866	0.512995318960773	0.496413741726815	0.468718665911384	0.49641374182613	0.466839474175452	0.464655100613688	0.478509204166646	0.464655100613689	0.512995318960774	0.49641374182613	0.468718665911384	0.496413741726816
1	1.02988269677275	1.06651218394499	1.02988269677275	1.03118747018177	1.0569367033113	1.0751354133441	1.05693670332658	1.05114708475393	1.07451848488702	1.10352488026066	1.07451848488702	1.03118747018177	1.05693670332658	1.0751354133441	1.0569367033113	0.582898787355659	0.508811238770706	0.541781296288627	0.508811238770707	0.513258613913513	0.496704755497639	0.468940029274941	0.496704755537487	0.467009640290042	0.464919175299551	0.479022245958322	0.464919175299551	0.513258613913514	0.496704755537487	0.468940029274941	0.49670475549764
1	1.02987394545621	1.06655673783581	1.02987394545621	1.03121840947005	1.05696997829835	1.07515417247686	1.05696997830449	1.0511864539365	1.0745713586381	1.10364506364414	1.0745713586381	1.03121840947005	1.05696997830449	1.07515417247686	1.05696997829835	0.583022434189318	0.508855635163232	0.54197190441183	0.508855635163233	0.513352012320588	0.496808260792512	0.469009799868179	0.496808260808491	0.467071003667387	0.465022423576402	0.479216542259105	0.465022423576403	0.513352012320589	0.496808260808491	0.46900979986818	0.496808260792513
1	1.02986929258903	1.06656997669477	1.02986929258903	1.03123017968284	1.05698181044341	1.07515833716973	1.05698181044587	1.0512017995649	1.07459271755307	1.10369107110653	1.07459271755307	1.03123017968284	1.05698181044587	1.07515833716973	1.05698181044341	0.583067921296844	0.508867916606227	0.542037554915535	0.508867916606228	0.513385320867603	0.496845291416735	0.469030637215651	0.496845291423142	0.467093351307049	0.465063208932983	0.47929021971319	0.465063208932983	0.513385320867603	0.496845291423142	0.469030637215651	0.496845291416736
