1	1.00815856092568	1.0146328771732	1.00815856092568	1.00811558098549	1.01475554766166	1.02105640118502	1.01475554765951	1.01522271049925	1.02052147464034	1.02641553343579	1.02052147464034	1.00811558098549	1.01475554765951	1.02105640118502	1.01475554766166	0.424037887649717	0.370648122142211	0.347460859743709	0.370648122142211	0.377816715129367	0.353089271159801	0.341739533881227	0.353089271128708	0.363864394852566	0.338984713137189	0.330996121382038	0.33898471313719	0.377816715129367	0.353089271128708	0.341739533881227	0.353089271159802
1	1.02548179919047	1.04243311979065	1.02548179919047	1.02549318211892	1.04805580664901	1.06423413980204	1.04805580664461	1.04833869220742	1.06348119142054	1.07753769252808	1.06348119142054	1.02549318211892	1.04805580664461	1.06423413980204	1.04805580664901	0.580032708632236	0.520428858063452	0.471441463782146	0.520428858063452	0.52266930403705	0.512225039501231	0.480060281167455	0.512225039482525	0.512362685005947	0.478881982512648	0.455832281116467	0.478881982512648	0.522669304037051	0.512225039482525	0.480060281167456	0.512225039501232
1	1.03403588621462	1.05518423231304	1.03403588621462	1.03025179830908	1.06262427355445	1.08297023162128	1.06262427355158	1.05827473375006	1.07941078009241	1.09769862523521	1.07941078009241	1.03025179830908	1.06262427355158	1.08297023162128	1.06262427355445	0.637419996196139	0.580300495404286	0.523243302729925	0.580300495404286	0.576141648118642	0.577634861176437	0.538513678484849	0.577634861166851	0.570692151075588	0.536329281884451	0.512221281231079	0.536329281884451	0.576141648118643	0.577634861166851	0.53851367848485	0.577634861176438
1	1.03388371185076	1.06215017253576	1.03388371185076	1.03463507428457	1.06596373536513	1.08853440303014	1.06596373536319	1.06487186351504	1.08729059372551	1.11214891511202	1.08729059372551	1.03463507428457	1.06596373536319	1.08853440303014	1.06596373536513	0.658531599637822	0.596577910880791	0.593602848070661	0.596577910880792	0.602192090427532	0.589835231483292	0.566833073271175	0.589835231475485	0.582248500421872	0.559674750436783	0.561426780500642	0.559674750436784	0.602192090427533	0.589835231475485	0.566833073271175	0.589835231483293
1	1.03417858134795	1.06909653643877	1.03417858134795	1.03487468000894	1.06478616180272	1.09117454607697	1.06478616180168	1.06422740701983	1.08804237408027	1.12431188591885	1.08804237408027	1.03487468000894	1.06478616180168	1.09117454607697	1.06478616180272	0.666298124542842	0.601495362001132	0.618812886114628	0.601495362001132	0.610557495776719	0.58824370676525	0.578030303142845	0.588243706762105	0.589022125386076	0.566439429899754	0.597904168410619	0.566439429899755	0.610557495776719	0.588243706762105	0.578030303142845	0.58824370676525
1	1.03399548436701	1.07087007519876	1.03399548436701	1.03456741069222	1.06279104684617	1.0912255943735	1.06279104684574	1.06433971790216	1.08741477726338	1.1339923625622	1.08741477726338	1.03456741069222	1.06279104684574	1.0912255943735	1.06279104684617	0.669155269399621	0.601692359323408	0.62187610735084	0.601692359323409	0.610103011980553	0.581172381581256	0.578468593685567	0.581172381580063	0.594887105166562	0.56647027939444	0.622397050752016	0.566470279394441	0.610103011980554	0.581172381580063	0.578468593685567	0.581172381581257
1	1.03371903928161	1.07035092156507	1.03371903928161	1.03416058984798	1.06113303699377	1.09015758907401	1.06113303699361	1.06476234286133	1.08659071224826	1.13992566595756	1.08659071224826	1.03416058984798	1.06113303699361	1.09015758907401	1.06113303699377	0.670206354255166	0.600558694810697	0.618373576827015	0.600558694810698	0.607300843190627	0.575297028592353	0.575215139718979	0.575297028591911	0.597962182182208	0.564708102735642	0.63437282459442	0.564708102735642	0.607300843190628	0.575297028591911	0.575215139718979	0.575297028592354
1	1.03355034834196	1.06957016990468	1.03355034834196	1.03387127116608	1.06017234116617	1.0891704147678	1.06017234116611	1.0651054641125	1.0860498160791	1.14296065391632	1.0860498160791	1.03387127116608	1.06017234116611	1.0891704147678	1.06017234116617	0.670593026763609	0.599607015459429	0.615108499147533	0.59960701545943	0.605142997747788	0.571941572738762	0.572333129450084	0.571941572738598	0.599242721957266	0.56328806616804	0.639442924494505	0.56328806616804	0.605142997747789	0.571941572738598	0.572333129450084	0.571941572738763
1	1.03346414343985	1.06902529743155	1.03346414343985	1.03371084910095	1.05969416550744	1.08851689191057	1.05969416550742	1.06531575182044	1.08576585835865	1.14437248357288	1.08576585835865	1.03371084910094	1.05969416550742	1.08851689191057	1.05969416550744	0.670735275630396	0.599016998396222	0.613045010028308	0.599016998396223	0.603862191037574	0.570213445514813	0.570453246202157	0.570213445514754	0.599751057794778	0.562436568311271	0.641520986128536	0.562436568311271	0.603862191037575	0.570213445514754	0.570453246202158	0.570213445514814
1	1.03342050571884	1.06870572058377	1.03342050571884	1.03362993784035	1.05946718741175	1.08812846783286	1.05946718741175	1.06543217092564	1.08562787333985	1.14500810994303	1.08562787333985	1.03362993784035	1.05946718741175	1.08812846783286	1.05946718741175	0.670787606067993	0.598684404067954	0.61187869816079	0.598684404067955	0.603164733154235	0.569351477503643	0.569344160126413	0.569351477503621	0.599954274858428	0.561974978271883	0.642382094232666	0.561974978271883	0.603164733154236	0.569351477503621	0.569344160126414	0.569351477503644
1	1.03339797621665	1.06853002213063	1.03339797621665	1.033590611802	1.05936044315809	1.08790807769066	1.05936044315809	1.06549433327727	1.08556294049574	1.14529523534807	1.08556294049574	1.033590611802	1.05936044315809	1.08790807769066	1.05936044315809	0.67080685736225	0.598504304272579	0.611249441911292	0.598504304272579	0.602798784099878	0.568925668006074	0.568719367852951	0.568925668006067	0.600038054149832	0.561736020591521	0.642749197548554	0.561736020591521	0.602798784099879	0.568925668006067	0.568719367852952	0.568925668006075
1	1.03338615185369	1.06843620914066	1.03338615185369	1.03357177653516	1.05931003731248	1.08778611990797	1.05931003731248	1.0655271718405	1.08553291376812	1.14542744411782	1.08553291376812	1.03357177653516	1.05931003731248	1.08778611990797	1.05931003731248	0.670813939520331	0.598408699896327	0.610917683013773	0.598408699896328	0.602610249972154	0.568715575163842	0.568376358955462	0.568715575163841	0.60007414867739	0.561615324041604	0.642911147319913	0.561615324041604	0.602610249972155	0.568715575163841	0.568376358955463	0.568715575163843
1	1.03337988660804	1.06838685610517	1.03337988660804	1.03356280181168	1.0592860271723	1.08771968973388	1.0592860271723	1.06554448629203	1.08551919627995	1.145489743763	1.08551919627994	1.03356280181168	1.0592860271723	1.08771968973388	1.0592860271723	0.670816544901412	0.59835849232118	0.610744933882005	0.598358492321181	0.602514025624825	0.568611674976556	0.568191064337098	0.568611674976555	0.600090482666868	0.561555221438047	0.642985041644667	0.561555221438047	0.602514025624826	0.568611674976555	0.568191064337099	0.568611674976557
