1	1.02639985545176	1.03804737308828	1.02639985545176	1.02639985545176	1.03804737308827	1.06009593732044	1.03804737308827	1.03804737308827	1.06009593732043	1.06732454877156	1.06009593732043	1.02639985545176	1.03804737308827	1.06009593732044	1.03804737308827	0.45038925433601	0.36165139181904	0.302313771027689	0.361651391819041	0.361651391819035	0.302313771027694	0.311385552110296	0.302313771027695	0.302313771027685	0.311385552110287	0.283798560831751	0.311385552110287	0.361651391819036	0.302313771027694	0.311385552110296	0.302313771027695
1	1.03341141403622	1.04608608461065	1.03341141403622	1.03341141403622	1.04608608461065	1.07287483793398	1.04608608461065	1.04608608461064	1.07287483793397	1.08020237368403	1.07287483793397	1.03341141403622	1.04608608461065	1.07287483793398	1.04608608461065	0.48868591848229	0.380537280179762	0.311685392302093	0.380537280179763	0.380537280179757	0.311685392302098	0.322200597869642	0.311685392302098	0.311685392302085	0.322200597869634	0.291256205241431	0.322200597869634	0.380537280179758	0.311685392302098	0.322200597869642	0.311685392302099
1	1.03756279550899	1.05013865446888	1.03756279550899	1.03756279550899	1.05013865446888	1.07954968781448	1.05013865446888	1.05013865446887	1.07954968781448	1.0863973489416	1.07954968781448	1.03756279550899	1.05013865446888	1.07954968781448	1.05013865446888	0.511914019425878	0.391114007033243	0.316497102597105	0.391114007033244	0.391114007033236	0.316497102597108	0.328249839256204	0.316497102597108	0.316497102597094	0.328249839256199	0.295263119232029	0.328249839256199	0.391114007033238	0.316497102597108	0.328249839256205	0.31649710259711
1	1.03997994453285	1.05218697736416	1.03997994453285	1.03997994453285	1.05218697736416	1.08311078267819	1.05218697736416	1.05218697736415	1.08311078267818	1.08945597542722	1.08311078267818	1.03997994453285	1.05218697736416	1.08311078267819	1.05218697736416	0.526002574843763	0.397016506749562	0.318967043647633	0.397016506749563	0.397016506749553	0.318967043647634	0.331598448569448	0.318967043647635	0.318967043647622	0.331598448569444	0.297380760598519	0.331598448569445	0.397016506749555	0.318967043647635	0.331598448569448	0.318967043647636
1	1.04136831556805	1.05322473257912	1.04136831556805	1.04136831556805	1.05322473257912	1.08503429900368	1.05322473257912	1.05322473257912	1.08503429900368	1.0909927560044	1.08503429900368	1.04136831556805	1.05322473257912	1.08503429900368	1.05322473257912	0.534547715664686	0.400302636958794	0.320236115352426	0.400302636958795	0.400302636958784	0.320236115352429	0.333442059347698	0.32023611535243	0.320236115352416	0.333442059347693	0.298491561125358	0.333442059347694	0.400302636958786	0.32023611535243	0.333442059347699	0.320236115352431
1	1.04215767112811	1.05375169912866	1.04215767112811	1.04215767112811	1.05375169912866	1.08608036662516	1.05375169912866	1.05375169912866	1.08608036662516	1.09177375577795	1.08608036662516	1.04215767112811	1.05375169912866	1.08608036662516	1.05375169912866	0.539730605538737	0.402129300304553	0.320889180520408	0.402129300304555	0.402129300304544	0.320889180520412	0.334454187936471	0.320889180520413	0.320889180520396	0.334454187936467	0.29907249460475	0.334454187936468	0.402129300304546	0.320889180520412	0.334454187936471	0.320889180520414
1	1.04260315267783	1.05401988834243	1.04260315267783	1.04260315267783	1.05401988834243	1.08665129806506	1.05401988834243	1.05401988834243	1.08665129806506	1.09217366380251	1.08665129806506	1.04260315267783	1.05401988834243	1.08665129806506	1.05401988834243	0.542874187113807	0.403143641330825	0.321225879061956	0.403143641330827	0.403143641330817	0.32122587906196	0.335009016103507	0.321225879061962	0.321225879061945	0.335009016103502	0.299376132488325	0.335009016103503	0.403143641330818	0.321225879061961	0.335009016103508	0.321225879061961
1	1.04285324531123	1.05415667909689	1.04285324531123	1.04285324531123	1.05415667909689	1.0869634812831	1.05415667909689	1.05415667909689	1.08696348128309	1.09237950506206	1.08696348128309	1.04285324531123	1.05415667909689	1.0869634812831	1.05415667909689	0.54478086577087	0.40370649417885	0.321399831103246	0.403706494178851	0.403706494178842	0.321399831103248	0.335312934062946	0.321399831103251	0.321399831103236	0.335312934062941	0.299534944245024	0.335312934062941	0.403706494178843	0.321399831103251	0.335312934062947	0.32139983110325
1	1.04299312413644	1.05422660289473	1.04299312413644	1.04299312413644	1.05422660289473	1.08713434007048	1.05422660289473	1.05422660289472	1.08713434007048	1.09248586735539	1.08713434007048	1.04299312413644	1.05422660289473	1.08713434007048	1.05422660289473	0.545937324817125	0.404018647606575	0.321489901511645	0.404018647606577	0.404018647606567	0.321489901511646	0.335479352097471	0.321489901511648	0.321489901511634	0.335479352097467	0.299618123023063	0.335479352097467	0.404018647606569	0.321489901511647	0.335479352097471	0.321489901511647
1	1.04307115206104	1.05426242495715	1.04307115206104	1.04307115206104	1.05426242495716	1.08722789406945	1.05426242495716	1.05426242495715	1.08722789406945	1.09254099897103	1.08722789406945	1.04307115206104	1.05426242495716	1.08722789406945	1.05426242495716	0.546638752638336	0.404191688576055	0.321536647410176	0.404191688576057	0.404191688576048	0.321536647410177	0.335570465728294	0.321536647410179	0.321536647410166	0.335570465728289	0.299661766054603	0.33557046572829	0.40419168857605	0.321536647410179	0.335570465728294	0.321536647410179
1	1.04311459487269	1.05428081767674	1.04311459487269	1.04311459487269	1.05428081767674	1.08727913080756	1.05428081767674	1.05428081767674	1.08727913080756	1.09256965353293	1.08727913080756	1.04311459487269	1.05428081767674	1.08727913080756	1.05428081767674	0.547064190160261	0.404287576902812	0.321560966504336	0.404287576902813	0.404287576902804	0.321560966504337	0.3356203492268	0.321560966504338	0.321560966504325	0.335620349226797	0.299684710796117	0.335620349226797	0.404287576902806	0.321560966504338	0.3356203492268	0.321560966504339
1	1.0431387482489	1.0542902828608	1.0431387482489	1.0431387482489	1.05429028286081	1.0873071946584	1.05429028286081	1.0542902828608	1.0873071946584	1.09258458397949	1.0873071946584	1.0431387482489	1.05429028286081	1.0873071946584	1.05429028286081	0.547322231134122	0.404340694355882	0.321573649386061	0.404340694355883	0.404340694355874	0.321573649386067	0.33564766091882	0.321573649386068	0.321573649386051	0.335647660918819	0.299696799107705	0.335647660918819	0.404340694355876	0.321573649386068	0.335647660918821	0.321573649386069
1	1.04315216303035	1.05429516510851	1.04315216303035	1.04315216303035	1.05429516510851	1.08732256716999	1.05429516510851	1.05429516510851	1.08732256716999	1.09259238209258	1.08732256716999	1.04315216303035	1.05429516510851	1.08732256716999	1.05429516510851	0.547478740835938	0.404370109812023	0.321580280246498	0.404370109812024	0.404370109812015	0.321580280246502	0.33566261533212	0.321580280246503	0.321580280246489	0.335662615332119	0.299703181475766	0.33566261533212	0.404370109812016	0.321580280246503	0.335662615332121	0.321580280246503
1	1.04315960762486	1.05429768939603	1.04315960762486	1.04315960762486	1.05429768939603	1.08733098832181	1.05429768939603	1.05429768939603	1.08733098832181	1.09259646452331	1.08733098832181	1.04315960762486	1.05429768939603	1.08733098832181	1.05429768939603	0.5475736685846	0.404386394904715	0.321583755702636	0.404386394904716	0.404386394904706	0.321583755702639	0.335670804194288	0.321583755702641	0.321583755702626	0.335670804194286	0.299706558513091	0.335670804194286	0.404386394904708	0.321583755702641	0.335670804194288	0.321583755702641
1	1.04316373654083	1.05429899765711	1.04316373654083	1.04316373654083	1.05429899765711	1.08733560235614	1.05429899765711	1.05429899765711	1.08733560235614	1.09259860667471	1.08733560235614	1.04316373654083	1.05429899765711	1.08733560235614	1.05429899765711	0.547631244661561	0.404395408109868	0.3215855818668	0.40439540810987	0.404395408109861	0.321585581866804	0.335675288355264	0.321585581866806	0.32158558186679	0.335675288355263	0.299708349153244	0.335675288355264	0.404395408109862	0.321585581866806	0.335675288355265	0.321585581866806
1	1.04316602499742	1.05429967745054	1.04316602499742	1.04316602499742	1.05429967745054	1.08733812907521	1.05429967745054	1.05429967745054	1.08733812907521	1.09259973322095	1.08733812907521	1.04316602499742	1.05429967745054	1.08733812907521	1.05429967745054	0.547666166651365	0.404400395917583	0.32158654390815	0.404400395917585	0.404400395917575	0.321586543908153	0.335677744931626	0.321586543908155	0.321586543908139	0.335677744931623	0.299709300791488	0.335677744931624	0.404400395917577	0.321586543908155	0.335677744931626	0.321586543908155
1	1.04316729289472	1.05430003156821	1.04316729289472	1.04316729289472	1.05430003156821	1.08733951311998	1.05430003156821	1.05430003156821	1.08733951311998	1.09260032703917	1.08733951311998	1.04316729289472	1.05430003156821	1.08733951311998	1.05430003156821	0.547687348111379	0.404403155506694	0.321587051986967	0.404403155506695	0.404403155506686	0.321587051986971	0.335679090825545	0.321587051986973	0.321587051986956	0.335679090825543	0.299709807589396	0.335679090825543	0.404403155506687	0.321587051986973	0.335679090825545	0.321587051986973
1	1.04316799512367	1.05430021650391	1.04316799512367	1.04316799512367	1.05430021650392	1.08734027138658	1.05430021650392	1.05430021650391	1.08734027138658	1.09260064076098	1.08734027138658	1.04316799512367	1.05430021650392	1.08734027138658	1.05430021650392	0.547700195439118	0.404404681985759	0.321587320976846	0.404404681985761	0.404404681985752	0.32158732097685	0.335679828276177	0.321587320976852	0.321587320976835	0.335679828276174	0.299710078033347	0.335679828276175	0.404404681985753	0.321587320976852	0.335679828276178	0.321587320976852
1	1.04316838393758	1.05430031333282	1.04316838393758	1.04316838393758	1.05430031333282	1.08734068686854	1.05430031333282	1.05430031333282	1.08734068686854	1.09260080687443	1.08734068686855	1.04316838393758	1.05430031333282	1.08734068686855	1.05430031333282	0.547707987811784	0.40440552620595	0.321587463730686	0.404405526205951	0.404405526205944	0.321587463730689	0.335680232388746	0.321587463730691	0.321587463730674	0.335680232388744	0.299710222635601	0.335680232388745	0.404405526205945	0.321587463730691	0.335680232388747	0.321587463730691
1	1.04316859915925	1.05430036416083	1.04316859915925	1.04316859915926	1.05430036416083	1.08734091455166	1.05430036416083	1.05430036416083	1.08734091455166	1.09260089502296	1.08734091455166	1.04316859915925	1.05430036416083	1.08734091455166	1.05430036416083	0.547712714169902	0.404405993021373	0.32158753966914	0.404405993021375	0.404405993021368	0.321587539669143	0.335680453862516	0.321587539669144	0.321587539669128	0.335680453862514	0.299710300099725	0.335680453862515	0.404405993021369	0.321587539669144	0.335680453862516	0.321587539669145
1	1.04316871826211	1.05430039091013	1.04316871826211	1.04316871826211	1.05430039091013	1.08734103933402	1.05430039091013	1.05430039091013	1.08734103933402	1.09260094189944	1.08734103933402	1.04316871826211	1.05430039091013	1.08734103933402	1.05430039091013	0.547715580878417	0.404406251107594	0.321587580157379	0.404406251107596	0.404406251107589	0.321587580157381	0.335680575255779	0.321587580157382	0.321587580157366	0.335680575255777	0.299710341673921	0.335680575255778	0.404406251107591	0.321587580157382	0.33568057525578	0.321587580157383
1	1.04316878415821	1.05430040502329	1.04316878415821	1.04316878415821	1.05430040502329	1.08734110772794	1.05430040502329	1.05430040502329	1.08734110772794	1.09260096687999	1.08734110772794	1.04316878415821	1.05430040502329	1.08734110772794	1.05430040502329	0.547717319641646	0.404406393773332	0.321587601792368	0.404406393773333	0.404406393773327	0.321587601792369	0.335680641801511	0.321587601792371	0.321587601792356	0.335680641801509	0.299710364025735	0.335680641801509	0.404406393773328	0.321587601792371	0.335680641801512	0.321587601792371
1	1.04316882060899	1.05430041248821	1.04316882060899	1.04316882060899	1.05430041248821	1.08734114521863	1.05430041248821	1.05430041248821	1.08734114521863	1.0926009802192	1.08734114521863	1.04316882060899	1.05430041248821	1.08734114521863	1.05430041248821	0.547718374264937	0.404406472625645	0.321587613377727	0.404406472625647	0.40440647262564	0.321587613377728	0.335680678285271	0.32158761337773	0.321587613377716	0.335680678285269	0.29971037606317	0.335680678285269	0.404406472625641	0.32158761337773	0.335680678285272	0.32158761337773
1	1.04316884076808	1.0543004164464	1.04316884076808	1.04316884076809	1.0543004164464	1.08734116577146	1.0543004164464	1.0543004164464	1.08734116577146	1.09260098735614	1.08734116577146	1.04316884076809	1.0543004164464	1.08734116577146	1.0543004164464	0.547719013932412	0.404406516202243	0.321587619594278	0.404406516202244	0.404406516202237	0.321587619594279	0.335680698290011	0.321587619594281	0.321587619594266	0.335680698290009	0.299710382556288	0.33568069829001	0.404406516202239	0.321587619594281	0.335680698290011	0.32158761959428
1	1.0431688519151	1.05430041855024	1.0431688519151	1.0431688519151	1.05430041855025	1.08734117703986	1.05430041855025	1.05430041855024	1.08734117703986	1.09260099118191	1.08734117703986	1.0431688519151	1.05430041855025	1.08734117703986	1.05430041855025	0.547719401914058	0.40440654028134	0.321587622936508	0.404406540281341	0.404406540281334	0.32158762293651	0.33568070926035	0.321587622936512	0.321587622936497	0.335680709260348	0.299710386064095	0.335680709260349	0.404406540281335	0.321587622936512	0.335680709260351	0.321587622936512
