1	1.00617494655171	1.011251193373	1.00617494655171	1.00617494656683	1.01125119338547	1.01637854699054	1.01125119338586	1.01125119339838	1.0163785470037	1.02099889239029	1.0163785470037	1.00617494656683	1.01125119338586	1.01637854699054	1.01125119338547	0.351949480051137	0.303600252043411	0.287189445418136	0.303600252043412	0.303600252071619	0.287189445411654	0.282268367761696	0.287189445417641	0.287189445411984	0.28226836776869	0.275887624851743	0.28226836776869	0.30360025207162	0.287189445417641	0.282268367761696	0.287189445411655
1	1.01816989567311	1.03457193619626	1.01816989567311	1.01816989620006	1.03457193737825	1.04635634312956	1.03457193737908	1.03457193856463	1.04635634376793	1.0632070047869	1.04635634376793	1.01816989620006	1.03457193737908	1.04635634312956	1.03457193737825	0.481424457980555	0.424832073062779	0.418921908322105	0.42483207306278	0.424832073038029	0.418921913820314	0.391859478718916	0.41892191382459	0.418921919351197	0.391859479811584	0.401464361997448	0.391859479811585	0.42483207303803	0.41892191382459	0.391859478718916	0.418921913820314
1	1.02376963302181	1.0442341304516	1.02376963302181	1.02376963302786	1.04423413098496	1.0599900424882	1.04423413098545	1.04423413152135	1.05999004265802	1.09449818101859	1.05999004265802	1.02376963302786	1.04423413098545	1.0599900424882	1.04423413098496	0.529055640556138	0.465373928544403	0.44757583012081	0.465373928544404	0.465373928469995	0.447575831591543	0.429752061826861	0.447575831593074	0.447575833070196	0.429752062205416	0.483849037487711	0.429752062205416	0.465373928469996	0.447575831593074	0.429752061826861	0.447575831591543
1	1.02508534335636	1.043774926004	1.02508534335636	1.02508534337754	1.04377492621171	1.06316540677162	1.0437749262119	1.04377492642046	1.06316540686393	1.11258771194983	1.06316540686393	1.02508534337754	1.0437749262119	1.06316540677162	1.04377492621171	0.546578173411749	0.470156091526522	0.43496757216138	0.470156091526523	0.470156091560233	0.434967572649266	0.434668539607675	0.43496757264976	0.434967573139626	0.434668539778799	0.519256789528648	0.4346685397788	0.470156091560234	0.43496757264976	0.434668539607675	0.434967572649267
1	1.02508981670053	1.04206370044728	1.02508981670053	1.02508981671285	1.04206370051832	1.06320792455195	1.04206370051839	1.04206370058969	1.06320792459251	1.12080387884889	1.06320792459251	1.02508981671285	1.04206370051839	1.06320792455195	1.04206370051832	0.553024352984904	0.468488958327686	0.428188146090949	0.468488958327687	0.468488958360837	0.428188146249251	0.433442565444256	0.428188146249409	0.428188146408319	0.433442565517368	0.531781598587485	0.433442565517368	0.468488958360838	0.428188146249409	0.433442565444256	0.428188146249252
1	1.02491648143495	1.04116588580816	1.02491648143495	1.02491648144106	1.04116588583184	1.06282432305812	1.04116588583187	1.04116588585563	1.06282432307517	1.12401507516038	1.06282432307517	1.02491648144106	1.04116588583187	1.06282432305812	1.04116588583184	0.555395769905962	0.466902962420633	0.42525867237804	0.466902962420634	0.46690296243989	0.425258672429678	0.432119826645954	0.425258672429729	0.425258672481551	0.432119826676722	0.536058214942746	0.432119826676722	0.466902962439891	0.425258672429729	0.432119826645955	0.425258672429679
1	1.02479148759513	1.04077796957264	1.02479148759513	1.02479148759793	1.04077796958053	1.06254204880441	1.04077796958053	1.04077796958845	1.06254204881147	1.12518425380199	1.06254204881147	1.02479148759793	1.04077796958053	1.06254204880441	1.04077796958053	0.556268165456345	0.465979211926896	0.42402668888612	0.465979211926897	0.465979211936384	0.424026688903063	0.431320964162728	0.424026688903079	0.424026688920078	0.431320964175563	0.537512675021118	0.431320964175563	0.465979211936385	0.424026688903079	0.431320964162729	0.424026688903065
1	1.02472240685514	1.04061660871467	1.02472240685514	1.02472240685637	1.04061660871731	1.062383497661	1.04061660871732	1.04061660871997	1.0623834976639	1.12560001611833	1.0623834976639	1.02472240685637	1.04061660871732	1.062383497661	1.04061660871731	0.556589101853316	0.465504702649052	0.423506419197303	0.465504702649053	0.465504702653369	0.423506419202897	0.430900870926778	0.423506419202903	0.423506419208513	0.430900870932096	0.538011948184816	0.430900870932096	0.465504702653371	0.423506419202903	0.430900870926779	0.423506419202899
1	1.02468769830384	1.04054943252254	1.02468769830384	1.02468769830437	1.04054943252343	1.06230259048856	1.04054943252343	1.04054943252433	1.06230259048975	1.12574823129154	1.06230259048975	1.02468769830437	1.04054943252343	1.06230259048856	1.04054943252343	0.556707167783664	0.46527397433845	0.423284448053324	0.465273974338451	0.465273974340328	0.423284448055183	0.430692892696066	0.423284448055186	0.423284448057049	0.430692892698257	0.538186129795934	0.430692892698258	0.465273974340329	0.423284448055186	0.430692892696067	0.423284448055185
1	1.0246710394142	1.04052116100379	1.0246710394142	1.02467103941442	1.04052116100409	1.06226320037068	1.0405211610041	1.0405211610044	1.06226320037117	1.12580192348044	1.06226320037117	1.02467103941442	1.04052116100409	1.06226320037068	1.04052116100409	0.556750601816393	0.465165098383965	0.423188778499877	0.465165098383966	0.465165098384757	0.423188778500498	0.430593319336852	0.423188778500499	0.423188778501124	0.43059331933775	0.538248167442817	0.430593319337751	0.465165098384758	0.423188778500499	0.430593319336853	0.423188778500499
