1	3.96739594812555	1.16318728739534	3.9673959481257	3.72868255756479	1.15013021813607	1.00185306355217	1.15013021813783	1.11978678578917	1.00208583690373	1.34963638625774	1.00208583690373	3.72868255756491	1.15013021813783	1.00185306355217	1.15013021813609	7.24999999999999	1.08781270793558	0.119035695505432	1.08781270793563	1.20404685569029	0.12294135247677	-0.0104741128711093	0.122941352477541	0.119435202076522	-0.0117480924667915	-0.138683627025823	-0.0117480924667899	1.20404685569034	0.12294135247754	-0.0104741128711079	0.122941352476777
1	7.45690713562943	1.14149634788149	7.45690713562956	6.90126172312621	1.13722437505262	1.0015474023461	1.13722437505266	1.12348625809073	1.00170310477459	1.27012451242062	1.00170310477459	6.9012617231263	1.13722437505266	1.0015474023461	1.13722437505264	7.24999999999999	2.1446908648967	0.112969950225432	2.14469086489675	2.35586794291076	0.120277657540697	-0.00981596710370096	0.120277657540712	0.124924990657298	-0.0109037894258084	-0.122980457991113	-0.0109037894258069	2.35586794291081	0.120277657540712	-0.00981596710369963	0.120277657540703
1	10.349758542179	1.11606681417466	10.3497585421791	8.43132314714996	1.11262595565491	1.00127275488617	1.11262595565492	1.10626046015283	1.00136747417853	1.19431745495373	1.00136747417853	8.43132314715003	1.11262595565492	1.00127275488617	1.11262595565492	7.24999999999999	3.13077983504386	0.10650322074528	3.13077983504391	3.04330416580412	0.113735269320027	-0.00933650943394028	0.113735269320031	0.121605399882363	-0.0102674039132562	-0.107660216128161	-0.0102674039132548	3.04330416580417	0.113735269320031	-0.00933650943393901	0.113735269320033
1	11.0772382538477	1.05558441143553	11.0772382538478	1.73779518243193	1.04473382416649	1.00058108467904	1.04473382416649	1.03507947532854	1.00054885261439	1.07631241450512	1.00054885261439	1.73779518243197	1.04473382416649	1.00058108467904	1.04473382416649	7.24999999999999	4.34424026761642	0.09412140949192	4.34424026761646	0.546867270742996	0.0832337996788341	-0.00769123270112756	0.0832337996788363	0.0726968814785355	-0.00741741485754951	-0.0774626353304536	-0.00741741485754851	0.546867270743017	0.0832337996788363	-0.00769123270112653	0.0832337996788381
1	8.96313565052435	1.0222558165875	8.96313565052437	1.06256639962101	1.01904100878656	1.00027514173291	1.01904100878656	1.01793382460132	1.00027821165504	1.04046808687201	1.00027821165504	1.06256639962102	1.01904100878656	1.00027514173291	1.01904100878656	7.24999999999999	4.4892574040421	0.0756065192377907	4.48925740404213	0.148295986533482	0.0626181983085036	-0.00632860378148706	0.0626181983085049	0.0555302677109893	-0.00595883038798983	-0.0648917167893662	-0.00595883038798902	0.148295986533485	0.0626181983085051	-0.00632860378148622	0.0626181983085065
1	8.4535610716122	1.01740104188548	8.45356107161221	1.05329270505056	1.01622825945616	1.00023649898904	1.01622825945616	1.01673946916136	1.00025072157298	1.03600156364796	1.00025072157298	1.05329270505056	1.01622825945616	1.00023649898904	1.01622825945616	7.24999999999999	4.50811777350136	0.0711515520478622	4.5081177735014	0.137109740126686	0.0593535663798818	-0.00608996214232481	0.0593535663798831	0.0538504993779	-0.00576135324859328	-0.062816789928757	-0.0057613532485925	0.137109740126689	0.0593535663798832	-0.006089962142324	0.0593535663798845
1	8.32575712187881	1.01636292742622	8.32575712187882	1.05204459720335	1.01567702758766	1.00022813894294	1.01567702758766	1.01655078779577	1.00024528174158	1.03506000193071	1.00024528174158	1.05204459720335	1.01567702758766	1.00022813894294	1.01567702758766	7.24999999999999	4.51265330793705	0.0701234891704681	4.51265330793708	0.135454609711757	0.058684913693717	-0.0060347211485858	0.0586849136937184	0.0535440830356488	-0.0057198295239238	-0.0623539130914005	-0.00571982952392303	0.13545460971176	0.0586849136937186	-0.00603472114858501	0.0586849136937197
1	8.29175909683105	1.01609676483032	8.29175909683106	1.05173872833775	1.01553725159045	1.00022599448175	1.01553725159045	1.01650455601385	1.00024390671186	1.03481996465422	1.00024390671186	1.05173872833775	1.01553725159045	1.00022599448175	1.01553725159045	7.24999999999999	4.5138493066588	0.0698541025619233	4.51384930665884	0.13504201119392	0.0585137672503972	-0.0060204005358169	0.0585137672503985	0.0534670869481765	-0.00570926358532631	-0.0622354317515413	-0.00570926358532553	0.135042011193923	0.0585137672503987	-0.0060204005358161	0.0585137672503998
1	8.28256272726329	1.01602544434848	8.2825627272633	1.05165722002685	1.01549985837046	1.00022541962832	1.01549985837046	1.01649223852985	1.00024353904171	1.03475569316407	1.00024353904171	1.05165722002685	1.01549985837046	1.00022541962832	1.01549985837046	7.24999999999999	4.51417209566892	0.0697814670107618	4.51417209566895	0.134931693209525	0.0584678658909951	-0.00601655142741253	0.0584678658909963	0.0534464835654344	-0.00570643475775348	-0.0622036845540918	-0.0057064347577527	0.134931693209528	0.0584678658909965	-0.00601655142741173	0.0584678658909977
1	8.2800637566271	1.01600611332574	8.28006375662711	1.05163515309443	1.01548972684541	1.00022526379571	1.01548972684541	1.01648890391544	1.00024343943423	1.03473827529316	1.00024343943423	1.05163515309443	1.01548972684541	1.00022526379571	1.01548972684541	7.24999999999999	4.51425975591988	0.0697617460932413	4.51425975591992	0.134901801490656	0.058455420626155	-0.00601550724856198	0.0584554206261562	0.0534408999411303	-0.00570566814265068	-0.0621950789775313	-0.00570566814264991	0.134901801490659	0.0584554206261564	-0.00601550724856117	0.0584554206261577
1	8.27938385536015	1.01600085755616	8.27938385536016	1.05162915578077	1.01548697261079	1.00022522142632	1.01548697261079	1.01648799769282	1.00024341235697	1.03473353993088	1.00024341235697	1.05162915578077	1.01548697261079	1.00022522142632	1.01548697261079	7.24999999999999	4.5142836018799	0.0697563818859444	4.51428360187994	0.13489367553638	0.0584520367966246	-0.00601522329166556	0.0584520367966257	0.0534393820160712	-0.00570545972646451	-0.0621927393813623	-0.00570545972646373	0.134893675536383	0.058452036796626	-0.00601522329166476	0.0584520367966273
1	8.27919881055292	1.0159994273947	8.27919881055293	1.05162752399808	1.01548622317268	1.00022520989698	1.01548622317268	1.01648775112521	1.0002434049892	1.03473225141078	1.0002434049892	1.05162752399808	1.01548622317268	1.00022520989698	1.01548622317268	7.24999999999999	4.51429009160463	0.0697549220369562	4.51429009160467	0.134891464437091	0.0584511159990636	-0.00601514601901539	0.0584511159990649	0.0534389689821284	-0.0057054030151282	-0.0621921024654202	-0.00570540301512742	0.134891464437094	0.0584511159990651	-0.00601514601901459	0.0584511159990663
1	8.27914844333436	1.01599903814011	8.27914844333436	1.05162707987904	1.01548601919593	1.00022520675898	1.01548601919593	1.01648768401761	1.0002434029839	1.03473190070102	1.0002434029839	1.05162707987904	1.01548601919593	1.00022520675898	1.01548601919593	7.24999999999999	4.51429185801663	0.0697545246884658	4.51429185801667	0.134890862634727	0.0584508653789031	-0.00601512498686281	0.0584508653789043	0.053438856563731	-0.00570538757951549	-0.0621919292473211	-0.00570538757951472	0.13489086263473	0.0584508653789046	-0.006015124986862	0.0584508653789057
1	8.27913473357997	1.01599893218812	8.27913473357998	1.05162695899474	1.01548596367528	1.00022520590484	1.01548596367528	1.01648766575169	1.00024340243807	1.03473180524544	1.00024340243807	1.05162695899474	1.01548596367528	1.00022520590484	1.01548596367528	7.24999999999999	4.51429233882519	0.0697544165326434	4.51429233882523	0.134890698830461	0.0584507971624949	-0.00601511926212416	0.0584507971624963	0.0534388259653916	-0.00570538337822627	-0.062191882014848	-0.00570538337822549	0.134890698830464	0.0584507971624965	-0.00601511926212336	0.0584507971624976
1	8.27913100181031	1.01599890334828	8.27913100181032	1.0516269260903	1.01548594856271	1.00022520567234	1.01548594856271	1.01648766077975	1.0002434022895	1.03473177925983	1.0002434022895	1.0516269260903	1.01548594856271	1.00022520567234	1.01548594856271	7.24999999999999	4.51429246970029	0.0697543870927198	4.51429246970033	0.134890654242877	0.0584507785939072	-0.00601511770382235	0.0584507785939085	0.0534388176360364	-0.00570538223455294	-0.0621918692093624	-0.00570538223455217	0.13489065424288	0.0584507785939087	-0.00601511770382155	0.0584507785939099
1	8.27912998604105	1.01599889549817	8.27912998604106	1.05162691713399	1.01548594444915	1.00022520560906	1.01548594444915	1.01648765942652	1.00024340224906	1.0347317721711	1.00024340224906	1.05162691713399	1.01548594444915	1.00022520560906	1.01548594444916	7.24999999999999	4.5142925053239	0.0697543790785581	4.51429250532394	0.134890642103867	0.0584507735381804	-0.00601511727941653	0.0584507735381815	0.0534388153655528	-0.00570538192273118	-0.0621918660254662	-0.0057053819227304	0.13489064210387	0.0584507735381817	-0.00601511727941573	0.0584507735381831
1	8.27912970956395	1.01599889336156	8.27912970956395	1.05162691469652	1.01548594332955	1.00022520559183	1.01548594332955	1.01648765905815	1.00024340223805	1.03473177026144	1.00024340223805	1.05162691469652	1.01548594332955	1.00022520559183	1.01548594332955	7.24999999999999	4.51429251502004	0.0697543768981709	4.51429251502008	0.134890638803179	0.0584507721638897	-0.00601511716419811	0.058450772163891	0.0534388147515799	-0.00570538183851279	-0.0621918647931274	-0.00570538183851201	0.134890638803182	0.0584507721638912	-0.0060151171641973	0.0584507721638924
1	8.27912963428423	1.0159988927798	8.27912963428424	1.05162691403245	1.01548594302465	1.00022520558714	1.01548594302465	1.01648765895777	1.00024340223505	1.03473176974055	1.00024340223505	1.05162691403245	1.01548594302465	1.00022520558714	1.01548594302465	7.24999999999999	4.51429251766011	0.0697543763044739	4.51429251766015	0.134890637904154	0.0584507717896599	-0.00601511713282337	0.0584507717896611	0.0534388145843578	-0.00570538181555587	-0.0621918644584155	-0.0057053818155551	0.134890637904157	0.0584507717896613	-0.00601511713282257	0.0584507717896626
