1	1.16798587923913	1.85853146477843	1.16798587923913	1.16798571491497	1.84432060231832	1.29665331192912	1.84432060225675	1.85853132772411	1.29665352923367	4.59918274009502	1.29665352923367	1.16798571491497	1.84432060225675	1.29665331192913	1.84432060231832	1.87079898380044	0.492370726423441	0.903677435082073	0.492370726423447	0.492368073231964	0.848846427258284	0.386315760829609	0.848846427018088	0.903676046587557	0.386316835296021	1.79373184262108	0.386316835296022	0.492368073231969	0.848846427018088	0.386315760829611	0.848846427258291
1	1.17047344567583	1.8740819378352	1.17047344567583	1.17047283029589	1.82721693154781	1.29990710041754	1.82721693141509	1.87408112857545	1.29990777723394	4.61354154430554	1.29990777723394	1.17047283029589	1.82721693141509	1.29990710041755	1.82721693154781	1.87079908050461	0.501840856430412	0.920655860505882	0.501840856430418	0.50183621871626	0.820441360547366	0.390761468901911	0.820441360370225	0.920653343566526	0.390763278455217	1.79318464453632	0.390763278455219	0.501836218716265	0.820441360370225	0.390761468901914	0.820441360547373
1	1.17395248252169	1.89381892906119	1.17395248252169	1.17395125513225	1.80509722955673	1.30416937484992	1.80509722939808	1.89381718128424	1.30417062516512	4.62730024474298	1.30417062516512	1.17395125513225	1.80509722939808	1.30416937484993	1.80509722955673	1.87079916800617	0.510398971757736	0.935021740413705	0.510398971757741	0.510392793426207	0.795854255091539	0.394530919783996	0.795854254955302	0.935018288200448	0.394533277670379	1.79261500119224	0.394533277670381	0.510392793426212	0.795854254955302	0.394530919783999	0.795854255091546
1	1.17808548286664	1.91521703895691	1.17808548286664	1.17808356292271	1.78077914769471	1.30898065161997	1.78077914753296	1.915214255102	1.30898252097522	4.6390695771096	1.30898252097522	1.17808356292271	1.78077914753296	1.30898065161998	1.78077914769472	1.87079924718085	0.518223364601137	0.947609905238694	0.518223364601142	0.518215948190814	0.774106058147699	0.397907576336605	0.774106058039085	0.947605671768757	0.397910375773925	1.79208262983069	0.397910375773927	0.518215948190819	0.774106058039085	0.397907576336608	0.774106058147706
1	1.18262952442817	1.93684634432985	1.18262952442817	1.18262688204359	1.75587975113317	1.31406674206631	1.75587975097918	1.93684253147347	1.31406924008915	4.64883645307494	1.31406924008915	1.18262688204359	1.75587975097918	1.31406674206632	1.75587975113318	1.87079931882106	0.52545391195455	0.958892913880996	0.525453911954556	0.525445468476941	0.754560974894233	0.401038578541233	0.75456097480515	0.958888028766948	0.40104175565482	1.79160455655171	0.401041755654822	0.525445468476946	0.75456097480515	0.401038578541236	0.75456097489424
1	1.1874108030113	1.95791570091353	1.1874108030113	1.18740743945802	1.73131066673595	1.31926098137628	1.73131066659437	1.95791092949549	1.31926409947244	4.65692898371492	1.31926409947244	1.18740743945802	1.73131066659437	1.31926098137628	1.73131066673595	1.87079938364381	0.532195230343074	0.969143597835352	0.532195230343079	0.532185910319694	0.736798495366221	0.403999659596657	0.736798495291592	0.969138174237923	0.404003174052662	1.7911816042053	0.404003174052664	0.532185910319699	0.736798495291592	0.40399965959666	0.736798495366228
1	1.19230537910675	1.97800482086676	1.19230537910676	1.19230131408396	1.70757130971783	1.32445989415344	1.70757130959012	1.9779991979202	1.32446361507997	4.66369000420315	1.32446361507997	1.19230131408396	1.70757130959012	1.32445989415345	1.70757130971784	1.87079944229786	0.538523179143521	0.978525133127864	0.538523179143526	0.538513092417943	0.72053321204557	0.406829029858141	0.720533211982096	0.978519271974824	0.406832854578825	1.79080909909616	0.406832854578827	0.538513092417948	0.720533211982096	0.406829029858143	0.720533212045577
1	1.19722498949953	1.99690757915589	1.19722498949953	1.1972202528847	1.68492112975763	1.32959773933752	1.68492112964366	1.99690123076724	1.32960204232087	4.66939653049061	1.32960204232087	1.1972202528847	1.68492112964366	1.32959773933752	1.68492112975763	1.87079949537023	0.544491733059375	0.987140979804138	0.544491733059381	0.544480961707272	0.705564818939048	0.40954526936516	0.705564818884492	0.987134771954525	0.409549384964963	1.79048107303024	0.409549384964965	0.544480961707278	0.705564818884492	0.409545269365162	0.705564818939055
1	1.20210677673793	2.01454072863974	1.20210677673793	1.20210148807278	1.66348047668001	1.33463180378292	1.66348047657894	2.01453424516628	1.33463671009757	4.67425691504612	1.33463671009757	1.20210148807278	1.66348047657894	1.33463180378292	1.66348047668001	1.8707995433921	0.550139014348813	0.995062440831947	0.550139014348818	0.550127708316629	0.691746936343983	0.412156908403644	0.691746936296756	0.995055932063043	0.41216130058969	1.79019176520779	0.412161300589692	0.550127708316635	0.691746936296756	0.412156908403646	0.69174693634399
1	1.20690603953579	2.03089144766023	1.20690603953579	1.20690023653173	1.64328929388962	1.33953374174872	1.64328929380031	2.03088483705682	1.33953922374169	4.67842390974825	1.33953922374169	1.20690023653173	1.64328929380031	1.33953374174872	1.64328929388962	1.87079958684409	0.555492025276893	1.00234357343805	0.555492025276898	0.555480223908178	0.678967697677554	0.414667332313402	0.678967697636468	1.00233687065043	0.414671990314482	1.78993618022249	0.414671990314484	0.555480223908184	0.678967697636468	0.414667332313405	0.678967697677561
1	1.21159101826007	2.04598645837509	1.21159101826007	1.21158473570694	1.62434171268562	1.34428452814227	1.62434171260686	2.04597977037506	1.34429056038307	4.6820131349928	1.34429056038308	1.21158473570694	1.62434171260686	1.34428452814227	1.62434171268562	1.87079962616107	0.560570318725694	1.00902934890928	0.5605703187257	0.560558054296194	0.667137557486408	0.417077701154678	0.667137557450546	1.00902253645848	0.417082615342812	1.78971002150614	0.417082615342814	0.5605580542962	0.667137557450546	0.41707770115468	0.667137557486415
1	1.21613930780836	2.0598746128958	1.21613930780836	1.21613257747116	1.60660602265254	1.34887141061508	1.60660602258316	2.05986791664546	1.34887796977896	4.68511379041999	1.34887796977896	1.21613257747116	1.60660602258316	1.34887141061508	1.60660602265254	1.87079966173655	0.565388579052071	1.01515980770079	0.565388579052077	0.565375878611813	0.656181709461767	0.419388309857436	0.65618170943039	1.0151529534449	0.419393471375232	1.78950965148853	0.419393471375233	0.565375878611819	0.65618170943039	0.419388309857438	0.656181709461774
1	1.22053533062521	2.07261669162529	1.22053533062521	1.22052818129149	1.59003636550446	1.3532860396111	1.59003636544337	2.07261006222371	1.35329310424669	4.68779688578416	1.35329310424669	1.22052818129149	1.59003636544337	1.3532860396111	1.59003636550446	1.87079969392657	0.5699584385953	1.02077216777366	0.569958438595306	0.56994532527653	0.646035340100072	0.421599331969316	0.646035340072579	1.02076532681003	0.421604732528509	1.78933197500312	0.421604732528511	0.569945325276536	0.646035340072579	0.421599331969318	0.646035340100079
1	1.22476856474903	2.08427942083283	1.22476856474903	1.22476102237827	1.57457955715681	1.35752328898901	1.57457955710304	2.0842729314268	1.35753083925872	4.69012058027297	1.35753083925872	1.22476102237828	1.57457955710304	1.35752328898902	1.57457955715681	1.87079972305331	0.574289706166709	1.02590181018623	0.574289706166715	0.57427620014881	0.636640668440132	0.423711184121219	0.636640668416014	1.02589502727339	0.423716815869059	1.78917433359333	0.423716815869061	0.574276200148816	0.636640668416013	0.423711184121221	0.636640668440139
1	1.22883229256043	2.09493189810542	1.22883229256043	1.22882438049681	1.56017907358841	1.3615804831881	1.56017907354109	2.0949256154514	1.36158850061836	4.6921335976151	1.36158850061836	1.22882438049681	1.56017907354109	1.3615804831881	1.56017907358842	1.87079974940827	0.578391170772891	1.03058267993082	0.578391170772897	0.578377289993119	0.62794510465371	0.425724683883065	0.62794510463253	1.03057599116593	0.425730539307653	1.78903442067885	0.425730539307655	0.578377289993125	0.62794510463253	0.425724683883066	0.627945104653717
1	1.23272270654404	2.10464340171816	1.23272270654404	1.23271444576253	1.5467773872031	1.36545686667131	1.54677738716143	2.10463738391457	1.36546533392933	4.69387742513986	1.36546533392933	1.23271444576253	1.54677738716143	1.36545686667132	1.5467773872031	1.87079977325523	0.582271106809589	1.03484739625478	0.582271106809595	0.582256867485456	0.619900107433961	0.427641095825978	0.619900107415351	1.03484083032911	0.427647167686782	1.78891021703241	0.427647167686784	0.582256867485462	0.619900107415351	0.42764109582598	0.619900107433968
1	1.23643825909398	2.11348200888777	1.23643825909398	1.23642966845794	1.53431734479841	1.36915321995292	1.53431734476173	2.11347630446561	1.36916212065539	4.69538776965234	1.3691621206554	1.23642966845794	1.53431734476173	1.36915321995292	1.53431734479842	1.87079979483285	0.585937574743553	1.03872723131416	0.585937574743559	0.585922991757349	0.61246047429961	0.429462118872856	0.612460474283253	1.03872081052492	0.42946840014854	1.78879994265138	0.429468400148542	0.585922991757355	0.612460474283253	0.429462118872857	0.612460474299617
1	1.23997917951716	2.12151370204892	1.23997917951716	1.23997027603209	1.52274298683628	1.37267156720985	1.52274298680398	2.12150834990488	1.37268088576412	4.69669556099353	1.37268088576412	1.23997027603209	1.52274298680398	1.37267156720985	1.52274298683628	1.87079981435708	0.589398585058873	1.04225204077615	0.589398585058879	0.589383672239749	0.605583897504913	0.43118984406442	0.605583897490525	1.04224578188982	0.431196327914411	1.78870202084723	0.431196327914413	0.589383672239755	0.605583897490525	0.431189844064422	0.60558389750492
1	1.2433471062942	2.12880178289062	1.2433471062942	1.24333790534777	1.51200003915734	1.37601494325107	1.51200003912889	2.12879681273176	1.37602466472619	4.6978276822015	1.37602466472619	1.24333790534777	1.51200003912889	1.37601494325107	1.51200003915734	1.87079983202334	0.592662173408641	1.04545018889912	0.592662173408647	0.592646943740938	0.599230679848113	0.432826699327716	0.599230679835453	1.04544410391534	0.432833379063843	1.78861505095578	0.432833379063845	0.592646943740944	0.599230679835453	0.432826699327718	0.599230679848119
1	1.24654479983318	2.13540649155175	1.24654479983318	1.24653531541557	1.50203620981561	1.37918720113426	1.50203620979055	2.13540192463524	1.37919731115852	4.69880753119295	1.37919731115852	1.24653531541558	1.50203620979055	1.37918720113426	1.50203620981561	1.87079984800844	0.595736420160303	1.04834848812226	0.595736420160309	0.595720885936363	0.593363544339593	0.434375390434842	0.593363544328451	1.04834258496166	0.43438225950178	1.78853778696691	0.434382259501781	0.595720885936369	0.593363544328451	0.434375390434844	0.5933635443396
1	1.24957591255656	2.1413847705267	1.24957591255656	1.24956615745823	1.49280136699314	1.38219284942196	1.49280136697106	2.14138062055309	1.38220333410301	4.69965547490018	1.38220333410301	1.24956615745823	1.49280136697106	1.38219284942196	1.49280136699314	1.87079986247234	0.59862943688928	1.05097216112762	0.598629436889286	0.598613609822893	0.587947496926826	0.435838843195488	0.587947496917018	1.05096644425473	0.435845895157437	1.78846912016951	0.435845895157439	0.598613609822899	0.587947496917018	0.435838843195489	0.587947496926832
1	1.25244480092033	2.14679013562668	1.25244480092033	1.25243478690617	1.48424764148773	1.38503691246486	1.48424764146827	2.1467864096925	1.38504775832867	4.70038923086343	1.38504775832867	1.25243478690617	1.48424764146827	1.38503691246486	1.48424764148773	1.87079987555983	0.601349334852203	1.0533448270051	0.601349334852209	0.601333226162001	0.582949717548675	0.437220149540404	0.582949717540041	1.05333929799075	0.43722737807332	1.78840806453572	0.437227378073322	0.601333226162007	0.582949717540041	0.437220149540406	0.582949717548682
1	1.25515636909161	2.15167262873859	1.25515636909161	1.25514610705209	1.47632947886242	1.38772480958644	1.47632947884526	2.15166932828736	1.3877360035318	4.7010241963156	1.38773600353181	1.25514610705209	1.47632947884526	1.38772480958645	1.47632947886242	1.87079988740188	0.603904185223339	1.05548850997504	0.603904185223346	0.603887805695132	0.578339464981963	0.43852251876864	0.578339464974359	1.05548316800096	0.438529917656172	1.78835374402435	0.438529917656174	0.603887805695138	0.578339464974359	0.438522518768642	0.578339464981969
1	1.25771593736139	2.1560788340456	1.2577159373614	1.25770543744202	1.46900365604408	1.39026225042789	1.46900365602896	2.15607595577763	1.39027377969323	4.70157373641117	1.39027377969323	1.25770543744203	1.46900365602896	1.39026225042789	1.46900365604409	1.87079989811701	0.606301977278072	1.05742366768161	0.606301977278078	0.606285337310929	0.574087987329297	0.439749234428686	0.574087987322598	1.05741850998899	0.439756797561286	1.78830538129465	0.439756797561288	0.606285337310935	0.574087987322598	0.439749234428688	0.574087987329304
1	1.26012913053673	2.16005194347455	1.26012913053673	1.26011840224766	1.46222927145652	1.39265514447754	1.46222927144319	2.16004948019187	1.39266699661762	4.70204943864114	1.39266699661762	1.26011840224766	1.46222927144319	1.39265514447754	1.46222927145653	1.87079990781246	0.608550578267032	1.05916923556826	0.608550578267039	0.608533687907957	0.570168433938102	0.440903616842243	0.570168433932198	1.05916425785244	0.440911338218271	1.78826228752406	0.440911338218273	0.608533687907964	0.570168433932198	0.440903616842245	0.570168433938108
1	1.26240178294874	2.1636318598079	1.26240178294874	1.26239083525664	1.45596771464694	1.39490952323195	1.45596771463519	2.1636298011809	1.39492168610212	4.7024613380153	1.39492168610212	1.26239083525664	1.45596771463518	1.39490952323196	1.45596771464695	1.87079991658526	0.610657697099529	1.06074268384562	0.610657697099536	0.610640566069418	0.566555766910736	0.441988991018219	0.566555766905533	1.06073788059993	0.441996864746582	1.78822385314872	0.441996864746584	0.610640566069424	0.566555766905533	0.441988991018221	0.566555766910743
1	1.26453985760228	2.16685532784378	1.26453985760228	1.26452869900662	1.45018261965024	1.39703147367317	1.45018261963987	2.16685366109398	1.3970439354194	4.70281811630889	1.3970439354194	1.26452869900662	1.45018261963987	1.39703147367317	1.45018261965024	1.87079992452322	0.612630852889765	1.06216008381641	0.612630852889771	0.612613490603122	0.563226671735851	0.443008659566551	0.563226671731261	1.06215544862839	0.443016679870231	1.78818953941873	0.443016679870233	0.612613490603128	0.563226671731261	0.443008659566553	0.563226671735857
1	1.26654937756273	2.16975608555007	1.26654937756273	1.2665380161586	1.44483980537409	1.39902708188959	1.44483980536495	2.16975479604817	1.39903983094277	4.70312727801205	1.39903983094277	1.26653801615861	1.44483980536495	1.39902708188959	1.4448398053741	1.87079993170579	0.614477348738841	1.06343618069259	0.614477348738847	0.61445976431881	0.560159467312797	0.44396588015648	0.56015946730875	1.06343170649649	0.443974041376568	1.78815887070005	0.44397404137657	0.614459764318817	0.56015946730875	0.443965880156482	0.560159467312804
1	1.26843636804465	2.1723650284924	1.26843636804466	1.26842481157406	1.4399072057154	1.40090238576509	1.43990720570733	2.17236410027473	1.40091541083839	4.70339530527359	1.40091541083839	1.26842481157406	1.43990720570733	1.40090238576509	1.4399072057154	1.87079993820484	0.616204250703744	1.06458447045077	0.61620425070375	0.616186452993793	0.557334015995145	0.444863847044115	0.55733401599158	1.06458014974039	0.444872143643986	1.78813142747465	0.444872143643988	0.616186452993799	0.55733401599158	0.444863847044116	0.557334015995152
1	1.27020680791266	2.17471038198982	1.27020680791266	1.27019506380604	1.43535479173793	1.40266333573806	1.43535479173081	2.17470979819801	1.40267662582637	4.70362779392874	1.40267662582637	1.27019506380604	1.43535479173081	1.40266333573807	1.43535479173794	1.87079994408543	0.617818371656424	1.06561727867869	0.61781837165643	0.617800369229457	0.554731634401996	0.445705676200981	0.554731634398852	1.0656131036847	0.445714102770461	1.78810683999827	0.445714102770463	0.617800369229463	0.554731634398852	0.445705676200983	0.554731634402002
1	1.27186658947605	2.17681787648938	1.27186658947605	1.27185466488573	1.43115448795189	1.40431576270231	1.4311544879456	2.17681761973967	1.40432930708294	4.70382957255681	1.40432930708294	1.27185466488573	1.4311544879456	1.40431576270231	1.43115448795189	1.8707999494064	0.619326259601527	1.06654583974633	0.619326259601533	0.61930806076736	0.552335005735963	0.4464943935982	0.55233500573319	1.06654180258225	0.446502944857373	1.78808478257773	0.446502944857375	0.619308060767366	0.55233500573319	0.446494393598201	0.552335005735969
1	1.2734214855858	2.17871092256364	1.2734214855858	1.27340938741261	1.42728008448768	1.40586535218979	1.42728008448214	2.17871097525277	1.40587914042399	4.70400480638769	1.405879140424	1.27340938741261	1.42728008448214	1.40586535218979	1.42728008448769	1.87079995422102	0.620734189961353	1.06738037497811	0.62073418996136	0.620715802772755	0.550128094267206	0.447232926231906	0.550128094264762	1.06737646775876	0.447241597034667	1.78806496842858	0.447241597034669	0.620715802772761	0.550128094264762	0.447232926231908	0.550128094267212
1	1.27487712314278	2.18041078272818	1.27487712314279	1.27486485805727	1.42370714672951	1.4073176240442	1.42370714672462	2.18041112728309	1.4073316459789	4.70415708775061	1.4073316459789	1.27486485805727	1.42370714672462	1.4073176240442	1.42370714672951	1.87079995857747	0.622048161322313	1.06813016880276	0.622048161322319	0.622029593580356	0.548096062531938	0.447924095511487	0.548096062529783	1.06812638373895	0.447932880848492	1.78804714507302	0.447932880848494	0.622029593580362	0.548096062529783	0.447924095511489	0.548096062531944
1	1.27623896221224	2.18193673795531	1.27623896221225	1.27622653667133	1.42041292375933	1.40867791686233	1.42041292375501	2.18193735703348	1.40869216263182	4.7042895146268	1.40869216263182	1.27622653667133	1.42041292375501	1.40867791686233	1.42041292375933	1.87079996251934	0.623273894152455	1.06880364211599	0.623273894152461	0.623255153411064	0.546225191674636	0.448570612668469	0.546225191672735	1.06879997158878	0.448579507669681	1.78803109023669	0.448579507669683	0.62325515341107	0.546225191672735	0.448570612668471	0.546225191674643
1	1.27751228001497	2.18330624733305	1.27751228001497	1.27749970027503	1.41737625676001	1.40995137654797	1.4173762567562	2.18330712398028	1.40996583657529	4.70440475873441	1.40996583657529	1.27749970027504	1.4173762567562	1.40995137654797	1.41737625676001	1.8707999660861	0.624416832029962	1.06940842230755	0.624416832029968	0.624397925600239	0.544502805248489	0.449175075880591	0.544502805246812	1.06940485892518	0.449184075817215	1.7880166082029	0.449184075817217	0.624397925600245	0.544502805246812	0.449175075880593	0.544502805248495
1	1.2787021591361	2.1845350997946	1.2787021591361	1.27868943126319	1.41457748833745	1.41114294838849	1.41457748833409	2.18453621756627	1.41115761338637	4.70450512443946	1.41115761338637	1.27868943126319	1.41457748833409	1.4111429483885	1.41457748833746	1.87079996931343	0.625482144962708	1.06995140958522	0.625482144962714	0.625463079916867	0.542917196685243	0.44973996883978	0.542917196683763	1.06994794622544	0.44974906912571	1.78800352658314	0.449749069125712	0.625463079916874	0.542917196683763	0.449739968839782	0.542917196685249
1	1.27981347935746	2.18563755723222	1.27981347935746	1.27980060923526	1.41199837354789	1.41225737212716	1.41199837354492	2.18563890028359	1.41227223309832	4.70459259965459	1.41227223309832	1.27980060923527	1.41199837354492	1.41225737212716	1.41199837354789	1.87079997223365	0.626474734421378	1.07043883937428	0.626474734421384	0.626455517596714	0.541457560556304	0.450267660525504	0.541457560554998	1.07043546921444	0.450276856718173	1.78799169346405	0.450276856718175	0.626455517596721	0.541457560554998	0.450267660525506	0.54145756055631
1	1.28085091258072	2.1866264886224	1.28085091258072	1.28083790591681	1.40962199325977	1.41329917956296	1.40962199325715	2.186628041773	1.41331422779986	4.70466889976215	1.41331422779986	1.28083790591681	1.40962199325715	1.41329917956296	1.40962199325977	1.87079997487596	0.627399239752336	1.07087634068914	0.627399239752342	0.627379877754997	0.540113927672528	0.450760405974353	0.540113927671376	1.07087305722627	0.450769693775147	1.78798097489296	0.450769693775149	0.627379877755004	0.540113927671376	0.450760405974355	0.540113927672534
1	1.28181892036596	2.18751349503609	1.28181892036596	1.28180578269669	1.40743267034018	1.41427269426506	1.40743267033787	2.18751524381261	1.41428792134891	4.70473550547982	1.41428792134891	1.28180578269669	1.40743267033787	1.41427269426507	1.40743267034019	1.87079997726683	0.628260045677509	1.07126899046611	0.628260045677516	0.628240544886481	0.538877104009576	0.451220347864168	0.538877104008558	1.07126578752871	0.451229723118249	1.78797125266615	0.451229723118251	0.628240544886488	0.538877104008558	0.45122034786417	0.538877104009582
1	1.28272175366376	2.18830902559887	1.28272175366376	1.28270849035825	1.40541588903355	1.4151820330392	1.40541588903151	2.18831095626036	1.41519743083825	4.70479369547743	1.41519743083825	1.28270849035825	1.40541588903151	1.4151820330392	1.40541588903355	1.87079997943018	0.629061290627839	1.07162136391769	0.629061290627845	0.629041657198958	0.537738613397895	0.451649518755063	0.537738613396997	1.07161823567091	0.45165897745074	1.78796242238692	0.451658977450742	0.629041657198964	0.537738613396997	0.451649518755065	0.537738613397902
1	1.28356345435768	2.189022484593	1.28356345435768	1.28355007062109	1.40355821784873	1.41603110878289	1.40355821784693	2.18902458414184	1.4160466694501	4.70484457470556	1.4160466694501	1.28355007062109	1.40355821784693	1.4160311087829	1.40355821784874	1.87079998138766	0.629806875704362	1.07193758102749	0.629806875704368	0.629787115574919	0.536690643826999	0.452049843898492	0.536690643826206	1.07193452197296	0.452059382165968	1.78795439175821	0.45205938216597	0.629787115574925	0.536690643826206	0.452049843898494	0.536690643827005
1	1.28434785833584	2.18966233009293	1.28434785833584	1.2843343592122	1.40184723589822	1.41682363465593	1.40184723589663	2.18966458627416	1.41683935062586	4.70488909796649	1.41683935062587	1.2843343592122	1.40184723589663	1.41682363465593	1.40184723589822	1.87079998315885	0.630500474033828	1.07222134931587	0.630500474033834	0.630480592926723	0.535725997455448	0.452423144302888	0.535725997454752	1.07221835428733	0.452432758412867	1.78794707910173	0.452432758412869	0.630480592926729	0.535725997454752	0.45242314430289	0.535725997455455
1	1.28507859973872	2.19023616439925	1.28507859973872	1.28506499011316	1.40027146313268	1.41756312901892	1.40027146313128	2.1902385656904	1.41757899300434	4.70492809097659	1.41757899300434	1.28506499011316	1.40027146313128	1.41756312901892	1.40027146313269	1.8707999847615	0.631145540423648	1.0724760030908	0.631145540423654	0.631125543849854	0.534838043869185	0.452771140245068	0.534838043868572	1.07247306724633	0.452780826607964	1.78794041204846	0.452780826607966	0.63112554384986	0.534838043868572	0.45277114024507	0.534838043869192
1	1.28575911617021	2.19075081678508	1.28575911617022	1.28574540077094	1.39882029431957	1.41825292110935	1.39882029431833	2.19075335237948	1.41826892609733	4.70496226837746	1.41826892609733	1.28574540077095	1.39882029431833	1.41825292110935	1.39882029431957	1.87079998621164	0.631745321156661	1.0727045393601	0.631745321156667	0.631725214419873	0.53402067658846	0.45309545499205	0.534020676587918	1.07270165817201	0.453105210155711	1.78793432639526	0.453105210155713	0.631725214419879	0.534020676587918	0.453095454992052	0.534020676588466
1	1.28639265466385	2.19121241902338	1.28639265466385	1.28637883806427	1.39748393672674	1.41889615729859	1.39748393672564	2.19121507880833	1.41891229654598	4.70499224904398	1.41891229654598	1.28637883806427	1.39748393672564	1.41889615729859	1.39748393672674	1.87079998752377	0.632302863810329	1.07290965061057	0.632302863810335	0.63228265201235	0.533268272683838	0.453397618640308	0.533268272683358	1.07290681985366	0.453407439287201	1.78792876510871	0.453407439287203	0.632282652012356	0.533268272683358	0.45339761864031	0.533268272683844
1	1.28698227821289	2.19162647415879	1.28698227821289	1.28696836483374	1.39625335149739	1.41949580774142	1.39625335149643	2.19162924868968	1.41951207476971	4.70501856926986	1.41951207476971	1.28696836483374	1.39625335149643	1.41949580774142	1.3962533514974	1.87079998871104	0.632821027015167	1.07309375466823	0.632821027015173	0.632800715060703	0.532575655296592	0.453679072047804	0.532575655296171	1.07309097040671	0.453688954992372	1.7879236774545	0.453688954992374	0.632800715060709	0.532575655296171	0.453679072047806	0.532575655296599
1	1.28753087270785	2.19199791900521	1.28753087270786	1.28751686681936	1.39512019862787	1.42005467329389	1.39512019862702	2.19200079947678	1.42007106188375	4.70504169411443	1.42007106188375	1.28751686681936	1.39512019862702	1.42005467329389	1.39512019862788	1.87079998978533	0.633302490078057	1.07325902184794	0.633302490078063	0.633282082679162	0.53193805889468	0.453941170808493	0.531938058894308	1.0732562804215	0.453951112994531	1.78791901823691	0.453951112994533	0.633282082679168	0.531938058894308	0.453941170808495	0.531938058894687
1	1.28804115414867	2.19233118084181	1.28804115414867	1.28802705987277	1.39407678543566	1.4205753925948	1.39407678543491	2.19233415905779	1.42059189678028	4.70506202716378	1.42059189678028	1.28802705987277	1.39407678543491	1.4205753925948	1.39407678543566	1.87079999075738	0.633749762410731	1.07340739959653	0.633749762410737	0.633729264091904	0.531351097097148	0.454185189227723	0.531351097096818	1.07340469760606	0.454195187725253	1.78791474713448	0.454195187725255	0.633729264091911	0.531351097096818	0.454185189227725	0.531351097097154
1	1.28851567601986	2.19263022876517	1.28851567601986	1.28850149733252	1.39311601838741	1.42106044922298	1.39311601838675	2.19263329710686	1.4210770632854	4.70507991892708	1.42107706328541	1.28850149733252	1.39311601838675	1.42106044922298	1.39311601838742	1.87079999163693	0.634165192717598	1.07354063482718	0.634165192717604	0.634144607820417	0.530810732903736	0.454412324263999	0.530810732903444	1.07353796912017	0.454422376266296	1.7879108281196	0.454422376266298	0.634144607820424	0.530810732903443	0.454412324264001	0.530810732903742
1	1.28895683673543	2.19289862013564	1.28895683673543	1.28894257746911	1.39223135814405	1.4215121788574	1.39223135814346	2.19290177153015	1.42152889731908	4.70509567406035	1.42152889731908	1.28894257746911	1.39223135814346	1.4215121788574	1.39223135814405	1.87079999243279	0.634550977905572	1.07366029413309	0.634550977905579	0.634530310593868	0.530313251171502	0.454623699410266	0.530313251171244	1.07365766178929	0.454633802230476	1.78790722895151	0.454633802230478	0.634530310593875	0.530313251171244	0.454623699410268	0.530313251171508
1	1.28936688707622	2.19313954253329	1.28936688707622	1.28935255092243	1.39141677767182	1.42193277638023	1.3914167776713	2.19314277042189	1.42194959399789	4.70510955758258	1.42194959399789	1.28935255092243	1.3914167776713	1.42193277638023	1.39141677767182	1.8707999931529	0.634909171689608	1.07376778205967	0.634909171689614	0.63488842595431	0.529855233186573	0.454820368492294	0.529855233186347	1.07376518037678	0.454830519560177	1.78790392073297	0.454830519560179	0.634888425954316	0.529855233186347	0.454820368492296	0.529855233186579
1	1.28974793755633	2.19335585161449	1.28974793755633	1.28973352806831	1.39066672326347	1.42232430287398	1.39066672326301	2.19335914992146	1.4223412146321	4.70512180022707	1.4223412146321	1.28973352806832	1.39066672326301	1.42232430287398	1.39066672326348	1.87079999380449	0.635241692873575	1.07386435760278	0.635241692873582	0.635220872537865	0.529433533185945	0.455003319367402	0.529433533185746	1.07386178408266	0.45501351622584	1.78790087752272	0.455013516225842	0.635220872537871	0.529433533185745	0.455003319367404	0.529433533185951
1	1.29010196566728	2.19355010523462	1.29010196566728	1.29008748626284	1.38997607831189	1.42268869247365	1.38997607831148	2.19355346833688	1.42270569357766	4.70513260304947	1.42270569357766	1.29008748626285	1.38997607831148	1.42268869247365	1.38997607831189	1.87079999439407	0.635550333293903	1.07395114909046	0.63555033329391	0.635529442018192	0.529045256691558	0.455173477510057	0.529045256691381	1.07394860142573	0.455183717811603	1.78789807599622	0.455183717811605	0.635529442018198	0.529045256691381	0.455173477510059	0.529045256691564
1	1.29043082295891	2.19372459417673	1.29043082295891	1.29041627692336	1.38934012967895	1.42302775904297	1.3893401296786	2.19372801687447	1.42304484491236	4.7051421413984	1.42304484491236	1.29041627692336	1.38934012967859	1.42302775904297	1.38934012967896	1.87079999492754	0.635836765417715	1.07402916759403	0.635836765417721	0.635815806704773	0.528687740526324	0.455331709474672	0.528687740526167	1.0740266436552	0.455341990978019	1.78789549514865	0.455341990978021	0.635815806704779	0.528687740526167	0.455331709474674	0.52868774052633
1	1.29073624192495	2.19388136980073	1.29073624192495	1.2907216324141	1.38875453650483	1.42334320265086	1.38875453650452	2.19388484728922	1.42336036891227	4.70515056833755	1.42336036891227	1.2907216324141	1.38875453650452	1.42334320265087	1.38875453650484	1.87079999541025	0.636102549592607	1.07409931900389	0.636102549592613	0.636081526792563	0.528358534389422	0.455478826228577	0.528358534389283	1.07409681682711	0.455489146795024	1.7878931160346	0.455489146795026	0.636081526792569	0.528358534389282	0.455478826228579	0.528358534389428
1	1.29101984266856	2.19402226890303	1.29101984266856	1.29100517271189	1.38821530130644	1.42363661583026	1.38821530130616	2.19402579674568	1.42365385831049	4.7051580175975	1.42365385831049	1.29100517271189	1.38821530130616	1.42363661583026	1.38821530130644	1.87079999584702	0.636349140948015	1.07416241489476	0.636349140948022	0.63632805726342	0.528055383875487	0.455615586350548	0.528055383875362	1.07415993267015	0.455625943940467	1.78789092153969	0.455625943940469	0.636328057263426	0.528055383875361	0.45561558635055	0.528055383875493
1	1.29128313932983	2.19414893605286	1.29128313932983	1.29126841183369	1.38771874321868	1.42390948960639	1.38771874321843	2.19415251015556	1.4239268043255	4.70516460612269	1.4239268043255	1.29126841183369	1.38771874321843	1.42390948960639	1.38771874321868	1.87079999624223	0.636577895951875	1.07421918229494	0.636577895951881	0.636556754442687	0.527776214829762	0.455742699092325	0.527776214829652	1.07421671835557	0.45575309176162	1.7878888961801	0.455753091761622	0.636556754442693	0.527776214829652	0.455742699092327	0.527776214829768
1	1.29152754626243	2.19426284364914	1.29152754626243	1.29151276401332	1.38726147323771	1.42416321928595	1.38726147323749	2.19426646023606	1.42418060245038	4.70517043627094	1.42418060245038	1.29151276401332	1.38726147323749	1.42416321928595	1.38726147323771	1.87079999659983	0.636790078628166	1.07427027246481	0.636790078628173	0.63676888221669	0.527519118938306	0.455860827302049	0.52751911893821	1.07426782527627	0.455871253198678	1.78788702592628	0.45587125319868	0.636768882216696	0.52751911893821	0.455860827302051	0.527519118938312
1	1.29175438395116	2.19436530992059	1.29175438395117	1.29173954961906	1.3868403713313	1.42439911000214	1.38684037133111	2.19436896551121	1.42441655799782	4.70517559771369	1.42441655799782	1.29173954961906	1.38684037133111	1.42439911000214	1.3868403713313	1.8707999969234	0.636986866443123	1.07431626878038	0.63698686644313	0.636965617918916	0.527282340459135	0.45597059021009	0.527282340459052	1.074313836931	0.455981047570579	1.78788529804784	0.455981047570581	0.636965617918923	0.527282340459052	0.455970590210092	0.527282340459141
1	1.2919648846661	2.19445751507182	1.2919648846661	1.29195000080783	1.38645256528808	1.42461838201337	1.38645256528791	2.19446120645945	1.42463589139898	4.70518016907924	1.42463589139899	1.29195000080783	1.38645256528791	1.42461838201338	1.38645256528809	1.87079999721618	0.637169355869368	1.07435769380966	0.637169355869375	0.637148057894046	0.527064264006741	0.456072566078646	0.527064264006665	1.07435527600137	0.456083053224694	1.78788370097689	0.456083053224696	0.637148057894052	0.527064264006665	0.456072566078648	0.527064264006747
1	1.29216019785198	2.19454051576004	1.29216019785198	1.29214526691464	1.38609541118394	1.42482217575605	1.38609541118379	2.19454423999155	1.42483974325636	4.70518421937441	1.42483974325636	1.29214526691464	1.38609541118379	1.42482217575605	1.38609541118395	1.87079999748109	0.637338567638242	1.07439501566152	0.637338567638248	0.637317222750244	0.526863403308545	0.456167294717541	0.526863403308483	1.0743926107012	0.456177810052644	1.78788222418742	0.456177810052646	0.63731722275025	0.526863403308483	0.456167294717543	0.526863403308551
1	1.29234139525413	2.19461525806954	1.29234139525413	1.29232641957848	1.38576647535051	1.42501155665365	1.38576647535038	2.19461901242651	1.42502917915296	4.70518780921564	1.42502917915297	1.29232641957849	1.38576647535038	1.42501155665365	1.38576647535051	1.8707999977208	0.637495451691636	1.0744286536793	0.637495451691642	0.637474062310872	0.526678390857762	0.456255279869197	0.526678390857707	1.07442626047082	0.456265821875357	1.78788085808872	0.456265821875359	0.637474062310878	0.526678390857707	0.456255279869199	0.526678390857769
1	1.29250947578439	2.1946825891358	1.29250947578439	1.29249445760831	1.38546351773743	1.42518751968613	1.38546351773732	2.19468637111675	1.42520519422186	4.70519099189575	1.42520519422186	1.29249445760831	1.38546351773732	1.42518751968613	1.38546351773744	1.87079999793769	0.637640891845012	1.07445898354502	0.637640891845018	0.637619460277462	0.52650796839258	0.456336991466492	0.526507968392529	1.07445660108175	0.456347558700988	1.78787959393117	0.45634755870099	0.637619460277468	0.526507968392529	0.456336991466494	0.526507968392586
1	1.29266537013184	2.19474326755612	1.29266537013184	1.2926503115937	1.38518447656729	1.42535099372406	1.38518447656719	2.1947470748601	1.42536871748042	4.70519381431404	1.42536871748042	1.2926503115937	1.38518447656719	1.42535099372406	1.3851844765673	1.87079999813395	0.637775710174042	1.07448634185358	0.637775710174048	0.637754238616199	0.526350978136089	0.456412867768132	0.526350978136046	1.07448396921145	0.456423458860357	1.78787842372254	0.456423458860359	0.637754238616205	0.526350978136045	0.456412867768134	0.526350978136095
1	1.29280994512494	2.19479797271104	1.29280994512494	1.29279484826701	1.38492745418693	1.42550284563457	1.38492745418684	2.19480180322222	1.42552061593645	4.7051963177828	1.42552061593645	1.29279484826701	1.38492745418684	1.42550284563457	1.38492745418693	1.87079999831153	0.637900671136991	1.07451103021064	0.637900671136997	0.637879161680264	0.526206354737766	0.456483317375146	0.526206354737728	1.07450866654167	0.456493931023545	1.7878773401538	0.456493931023546	0.637879161680271	0.526206354737728	0.456483317375148	0.526206354737772
1	1.29294400785343	2.19484731310854	1.29294400785343	1.29292887462525	1.38469070402154	1.42564388417073	1.38469070402146	2.19485116488195	1.4256616984777	4.70519853869793	1.4256616984777	1.29292887462526	1.38469070402146	1.42564388417074	1.38469070402154	1.87079999847221	0.638016485444227	1.07453331890272	0.638016485444233	0.637994940079196	0.526073117865248	0.456548721128519	0.526073117865215	1.07453096342904	0.456559356097577	1.78787633653371	0.456559356097579	0.637994940079202	0.526073117865215	0.456548721128521	0.526073117865254
1	1.29306830955565	2.19489183385061	1.29306830955565	1.29305314181738	1.38447261855967	1.4257748636396	1.3844726185596	2.19489570509889	1.42579271954006	4.70520050916838	1.42579271954006	1.29305314181738	1.38447261855959	1.4257748636396	1.38447261855967	1.87079999861759	0.638123813689537	1.07455345018371	0.638123813689543	0.638102234310117	0.525950365384483	0.456609433904136	0.525950365384455	1.074551102192	0.456620089021483	1.78787540672971	0.456620089021485	0.638102234310123	0.525950365384455	0.456609433904138	0.525950365384489
1	1.29318354928221	2.19493202331455	1.29318354928221	1.29316834880789	1.3842717182814	1.425896487368	1.38427171828133	2.19493591239563	1.42591438257355	4.70520225754185	1.42591438257355	1.29316834880789	1.38427171828133	1.42589648736801	1.3842717182814	1.87079999874915	0.638223269753644	1.07457164121678	0.63822326975365	0.63820165816113	0.525837267089928	0.456665786299773	0.525837267089903	1.07456930005314	0.456676460453355	1.78787454511564	0.456676460453357	0.638201658161137	0.525837267089903	0.456665786299775	0.525837267089934
1	1.29329037734433	2.19496831912975	1.29329037734433	1.29327514582511	1.38408664146058	1.42600941097068	1.38408664146052	2.19497222453545	1.4260273433106	4.70520380886341	1.4260273433106	1.29327514582511	1.38408664146052	1.42600941097068	1.38408664146058	1.87079999886818	0.638315423992371	1.07458808670766	0.638315423992377	0.638293781899366	0.52573305893846	0.456718086222094	0.525733058938439	1.07458575177286	0.456728778357455	1.78787374652501	0.456728778357457	0.638293781899372	0.525733058938439	0.456718086222096	0.525733058938467
1	1.29338939866769	2.19500111354825	1.29338939866769	1.293374137715	1.38391613425776	1.42611424599317	1.38391613425771	2.1950050338938	1.42613221340935	4.70520518122554	1.42613221340935	1.293374137715	1.38391613425771	1.42611424599317	1.38391613425776	1.87079999897589	0.638400806094655	1.07460296125193	0.638400806094661	0.638379135128939	0.525637038265834	0.456766619823172	0.525637038265819	1.07460063199696	0.456777328940568	1.78787300628054	0.45677732894057	0.638379135128945	0.52563703826582	0.456766619823174	0.52563703826584
1	1.29348117541674	2.19503075810189	1.29348117541674	1.2934658865655	1.38375904402209	1.42621156063716	1.38375904402205	2.19503469211603	1.42622956117827	4.70520640185446	1.42622956117827	1.29346588656551	1.38375904402205	1.42621156063716	1.38375904402209	1.87079999907335	0.638479908296305	1.0746164214796	0.638479908296311	0.638458210004426	0.525548557023748	0.456811654965092	0.525548557023734	1.07461409740169	0.456822380117536	1.78787231988339	0.456822380117538	0.638458210004432	0.525548557023734	0.456811654965094	0.525548557023754
1	1.29356623039521	2.19505756809898	1.29356623039521	1.2935509151068	1.38361430881355	1.42630188538058	1.38361430881351	2.195061514615	1.42631991719763	4.70520748599581	1.42631991719764	1.2935509151068	1.38361430881351	1.42630188538058	1.38361430881355	1.87079999916153	0.63855318753081	1.07462860788963	0.638553187530816	0.638531463381716	0.525467019627817	0.456853439899573	0.525467019627805	1.07462628852845	0.456864180189945	1.7878716833441	0.456864180189947	0.638531463381723	0.525467019627805	0.456853439899575	0.525467019627823
1	1.29364504948519	2.19508182629292	1.29364504948519	1.29362970915042	1.38348095122901	1.42638571413875	1.38348095122898	2.19508578424033	1.42640377548024	4.70520844817712	1.42640377548025	1.29362970915042	1.38348095122898	1.42638571413875	1.38348095122901	1.87079999924132	0.638621068025198	1.0746396465677	0.638621068025204	0.638599319413709	0.525391877825148	0.456892205710972	0.525391877825133	1.07463733150194	0.456902960289677	1.78787109297095	0.456902960289679	0.638599319413715	0.525391877825133	0.456892205710974	0.525391877825154
1	1.29371808416239	2.19510378632169	1.29371808416239	1.29370272010444	1.38335807163448	1.4264635067245	1.38335807163446	2.1951077547185	1.42648159593181	4.70520930169125	1.42648159593181	1.29370272010445	1.38335807163446	1.4264635067245	1.38335807163449	1.87079999931352	0.638683943582834	1.07464965069197	0.63868394358284	0.638662171832974	0.525322626918756	0.456928167434253	0.525322626918746	1.0746473395361	0.456938935496942	1.78787054535356	0.456938935496944	0.638662171832981	0.525322626918746	0.456928167434255	0.525322626918762
1	1.29378575385076	2.19512367577174	1.29378575385076	1.293770367328	1.38324484194374	1.42653569113485	1.38324484194371	2.19512765371737	1.42655380663771	4.705210058498	1.42655380663772	1.293770367328	1.38324484194371	1.42653569113485	1.38324484194374	1.87079999937885	0.638742179712243	1.07465872188187	0.638742179712249	0.638720386080479	0.525258802291248	0.456961525118084	0.52525880229124	1.07465641428327	0.456972305903478	1.78787003734272	0.45697230590348	0.638720386080485	0.52525880229124	0.456961525118086	0.525258802291254
1	1.29384844812553	2.19514169891285	1.29384844812553	1.29383304033423	1.38314049989803	1.42660266568411	1.38314049989801	2.19514568558157	1.42662080599638	4.7052107292808	1.42662080599638	1.29383304033423	1.38314049989801	1.42660266568411	1.38314049989803	1.87079999943796	0.638796115612421	1.07466695140543	0.638796115612427	0.638774301290756	0.525199976205093	0.456992464828693	0.525199976205086	1.07466464704163	0.45700325761647	1.78786956603004	0.457003257616472	0.638774301290762	0.525199976205086	0.456992464828695	0.5251999762051
1	1.29390652877337	2.19515803914169	1.29390652877337	1.29389110085044	1.38304434380578	1.42666480099754	1.38304434380576	2.19516203377655	1.42668296471305	4.705211323555	1.42668296471305	1.29389110085044	1.38304434380576	1.42666480099754	1.38304434380578	1.87079999949144	0.638846066023919	1.07467442125918	0.638846066023925	0.638824232142902	0.525145754858188	0.457021159593686	0.525145754858182	1.0746721198354	0.457031963702457	1.78786912872859	0.457031963702459	0.638824232142908	0.525145754858182	0.457021159593687	0.525145754858194
1	1.29396033171788	2.19517286116578	1.29396033171788	1.29394488474341	1.38295572770464	1.42672244187603	1.38295572770462	2.19517686307308	1.42674062766467	4.70521184978639	1.42674062766467	1.29394488474341	1.38295572770462	1.42672244187603	1.38295572770464	1.87079999953984	0.638892322954455	1.07468120513419	0.638892322954462	0.638870470586058	0.525095775674913	0.457047770287303	0.525095775674907	1.07467890638103	0.457058585072683	1.78786872295496	0.457058585072685	0.638870470586064	0.525095775674907	0.457047770287305	0.525095775674919
1	1.29401016881825	2.19518631295601	1.29401016881826	1.29399470381805	1.38287405691158	1.42677590904062	1.38287405691156	2.19519032150012	1.42679411564451	4.70521231550492	1.42679411564451	1.29399470381805	1.38287405691156	1.42677590904062	1.38287405691158	1.87079999958363	0.638935157287069	1.07468736928006	0.638935157287075	0.638913287447461	0.525049704814139	0.457072446459471	0.525049704814134	1.07468507295143	0.457083271312219	1.78786834641287	0.457083271312221	0.638913287447467	0.525049704814134	0.457072446459473	0.525049704814145
1	1.29405632954873	2.19519852749217	1.29405632954873	1.29404084749672	1.38279878392981	1.42682550076445	1.3827987839298	2.19520254209084	1.42684372699434	4.70521272740884	1.42684372699435	1.29404084749673	1.3827987839298	1.42682550076445	1.38279878392982	1.87079999962325	0.638974820278342	1.07469297327782	0.638974820278348	0.638952933930549	0.525007234876966	0.457095327111359	0.525007234876963	1.07469067914896	0.457106161455588	1.78786799697818	0.457106161455589	0.638952933930555	0.525007234876963	0.457095327111361	0.525007234876972
1	1.29409908256595	2.19520962432381	1.29409908256595	1.29408358438653	1.3827294046837	1.42687149439915	1.38272940468369	2.19521364444378	1.42688973913096	4.70521309145786	1.42688973913096	1.29408358438653	1.38272940468369	1.42687149439915	1.3827294046837	1.8707999996591	0.639011544953771	1.07469807073114	0.639011544953777	0.638989643010229	0.524968082798262	0.45711654142034	0.524968082798261	1.07469577859685	0.457127384711828	1.78786767268518	0.45712738471183	0.638989643010235	0.524968082798261	0.457116541420342	0.524968082798267
1	1.29413867717111	2.19521971096587	1.29413867717111	1.29412316374143	1.38266545505532	1.426914147802	1.38266545505532	2.1952237361189	1.42693240997346	4.70521341295604	1.42693240997346	1.29412316374143	1.38266545505532	1.426914147802	1.38266545505533	1.87079999969154	0.639045547406979	1.07470270988469	0.639045547406986	0.639023630731993	0.524931987907314	0.457136209417325	0.524931987907313	1.07470041955773	0.457147061141877	1.78786737171409	0.457147061141879	0.639023630731999	0.524931987907313	0.457136209417327	0.52493198790732
1	1.29417534467353	2.19522888414679	1.29417534467353	1.29415981682563	1.38260650769856	1.42695370066993	1.38260650769855	2.19523291388594	1.42697197927745	4.70521369662509	1.42697197927745	1.29415981682563	1.38260650769855	1.42695370066993	1.38260650769856	1.8707999997209	0.639077028009034	1.07470693417745	0.63907702800904	0.639055097421137	0.524898710144	0.457154442619232	0.524898710144001	1.07470464548697	0.457165302291147	1.78786709237968	0.457165302291149	0.639055097421143	0.524898710144001	0.457154442619234	0.524898710144006
1	1.2942092996616	2.19523723092476	1.2942092996616	1.29419375818455	1.38255216910825	1.42699037578605	1.38255216910824	2.19524126484101	1.42700866988168	4.70521394666942	1.42700866988168	1.29419375818455	1.38255216910824	1.42699037578606	1.38255216910825	1.87079999974746	0.639106172533763	1.07471078273757	0.639106172533769	0.639084228807935	0.52486802841796	0.45717134461939	0.524868028417961	1.07470849552777	0.457182211779949	1.78786683312081	0.457182211779951	0.639084228807941	0.524868028417961	0.457171344619392	0.524868028417966
1	1.29424074118717	2.19524482968621	1.29424074118717	1.29422518682908	1.38250207692417	1.42702438018397	1.38250207692417	2.19524886740535	1.42704268887246	4.70521416683353	1.42704268887246	1.29422518682909	1.38250207692417	1.42702438018398	1.38250207692417	1.87079999977149	0.639133153204618	1.07471429082534	0.639133153204625	0.639111197074474	0.524839739099286	0.457187011638399	0.524839739099288	1.0747120049542	0.457197885854479	1.7878665924909	0.457197885854481	0.63911119707448	0.524839739099288	0.457187011638401	0.524839739099292
1	1.29426985386883	2.19525175103901	1.29426985386883	1.29425428733878	1.38245589745083	1.427055906235	1.38245589745083	2.19525579221874	1.4270742286711	4.70521436045292	1.4270742286711	1.29425428733878	1.38245589745083	1.427055906235	1.38245589745083	1.87079999979324	0.639158129668342	1.0747174902295	0.639158129668349	0.639136161828179	0.524813654630113	0.457201533038012	0.524813654630112	1.07471520556761	0.457212413900729	1.78786636914911	0.457212413900731	0.639136161828185	0.524813654630112	0.457201533038014	0.524813654630119
1	1.29429680891923	2.19525805861161	1.29429680891923	1.29428123088914	1.38241332337579	1.42708513266304	1.38241332337579	2.19526210293894	1.42710346804885	4.70521453049916	1.42710346804885	1.29428123088914	1.38241332337579	1.42708513266305	1.3824133233758	1.87079999981291	0.639181249900321	1.0747204096221	0.639181249900328	0.639159271007086	0.52478960224739	0.457214991800334	0.524789602247389	1.07471812605157	0.457225878923756	1.7878661618524	0.457225878923758	0.639159271007092	0.524789602247389	0.457214991800336	0.524789602247396
1	1.29432176510154	2.19526380976823	1.29432176510155	1.29430617620798	1.38237407167068	1.42711222549173	1.38237407167067	2.195267856957	1.42713057307416	4.70521467961993	1.42713057307416	1.29430617620798	1.38237407167067	1.42711222549173	1.38237407167068	1.87079999983072	0.639202651046189	1.07472307487601	0.639202651046195	0.639180661721382	0.524767422807868	0.45722746497452	0.52476742280787	1.07472079228953	0.457238357994444	1.78786596944807	0.457238357994445	0.639180661721388	0.52476742280787	0.457227464974522	0.524767422807874
1	1.29434486961955	2.19526905624883	1.29434486961955	1.29432927046542	1.38233788166003	1.4271373389279	1.38233788166003	2.19527310603754	1.42715569799633	4.70521481017426	1.42715569799633	1.29432927046543	1.38233788166003	1.4271373389279	1.38233788166003	1.87079999984682	0.639222460204116	1.07472550934939	0.639222460204122	0.639200461035572	0.524746969707099	0.457239024093161	0.524746969707102	1.0747232276493	0.457249922665953	1.78786579086704	0.457249922665955	0.639200461035578	0.524746969707102	0.457239024093163	0.524746969707105
1	1.29436625894585	2.19527384474213	1.29436625894585	1.29435065010207	1.38230451324471	1.42716061618567	1.38230451324471	2.19527789689185	1.42717898606967	4.70521492426417	1.42717898606967	1.29435065010207	1.38230451324471	1.42716061618567	1.38230451324471	1.8707999998614	0.639240795151652	1.07472773414032	0.639240795151658	0.639218786695261	0.524728107884809	0.457249735560204	0.524728107884811	1.07472545323777	0.457260639361686	1.78786562511757	0.457260639361688	0.639218786695267	0.524728107884811	0.457249735560206	0.524728107884814
1	1.29438605959217	2.19527821739859	1.29438605959217	1.29437044159925	1.38227374526733	1.42718219025477	1.38227374526733	2.1952822716911	1.42720057032189	4.70521502376255	1.42720057032189	1.29437044159925	1.38227374526733	1.42718219025477	1.38227374526733	1.87079999987459	0.639257765021055	1.07472976831492	0.639257765021061	0.639235747802407	0.524710712909761	0.457259661012342	0.524710712909765	1.07472748812915	0.457270569736751	1.78786547127954	0.457270569736753	0.639235747802413	0.524710712909765	0.457259661012344	0.524710712909767
1	1.2944043888258	2.19528221228984	1.2944043888258	1.29438876219532	1.3822453740083	1.4272021846167	1.3822453740083	2.19528626852589	1.42722057427047	4.70521511033801	1.42722057427047	1.29438876219532	1.3822453740083	1.4272021846167	1.3822453740083	1.87079999988653	0.639273470926584	1.0747316291118	0.63927347092659	0.639251445442532	0.524694670137696	0.457268857655597	0.5246946701377	1.07472934956943	0.457279771014575	1.78786532849917	0.457279771014577	0.639251445442538	0.5246946701377	0.457268857655599	0.524694670137702
1	1.29442135533565	2.19528586382021	1.29442135533565	1.29440572055172	1.38221921180209	1.4272207139122	1.38221921180209	2.19528992181792	1.42723911259014	4.70521518547707	1.42723911259014	1.29440572055172	1.38221921180209	1.4272207139122	1.38221921180209	1.87079999989732	0.639288006547076	1.07473333212518	0.639288006547083	0.639265973267217	0.524679873936443	0.457277378578685	0.524679873936446	1.07473105315957	0.45728829630034	1.78786519598409	0.457288296300342	0.639265973267224	0.524679873936446	0.457277378578687	0.524679873936449
1	1.29443705985132	2.19528920309545	1.29443705985132	1.29442141737198	1.38219508576395	1.42723788456306	1.38219508576395	2.19529326268888	1.42725629173486	4.70521525050362	1.42725629173487	1.29442141737198	1.38219508576395	1.42723788456306	1.38219508576396	1.87079999990709	0.639301458666905	1.07473489146916	0.639301458666912	0.639279418035009	0.52466622697285	0.457285273044798	0.524666226972849	1.0747326130198	0.457296194872794	1.78786507299892	0.457296194872795	0.639279418035016	0.52466622697285	0.4572852730448	0.524666226972856
1	1.29445159571851	2.19529225825318	1.29445159571852	1.29443594597703	1.38217283661831	1.42725379535138	1.38217283661831	2.19529631929096	1.42727221051712	4.70521530659664	1.42727221051712	1.29443594597703	1.38217283661831	1.42725379535138	1.38217283661832	1.87079999991594	0.639313907678225	1.07473631992486	0.639313907678231	0.639291860113583	0.524653639556508	0.457292586763108	0.524653639556511	1.07473404193689	0.45730351245581	1.78786495886103	0.457303512455812	0.639291860113589	0.524653639556511	0.45729258676311	0.524653639556514
1	1.29446504943366	2.19529505475916	1.29446504943366	1.29444939283979	1.38215231762062	1.42726853795901	1.38215231762062	2.19529911710328	1.42728696064747	4.70521535480572	1.42728696064747	1.29444939283979	1.38215231762062	1.42726853795902	1.38215231762062	1.87079999992394	0.639325428047176	1.07473762907257	0.639325428047182	0.639303373945883	0.524642029035783	0.457299362141459	0.524642029035787	1.07473535149626	0.457310291471124	1.78786485293672	0.457310291471126	0.639303373945889	0.524642029035787	0.457299362141461	0.524642029035789
1	1.29447750114048	2.19529761567289	1.29447750114048	1.29446183808169	1.38213339356518	1.42728219746977	1.38213339356518	2.19530167919758	1.42730062723686	4.70521539606494	1.42730062723686	1.29446183808169	1.38213339356518	1.42728219746977	1.38213339356518	1.87079999993117	0.639336088746607	1.0747388294102	0.639336088746613	0.639314028482792	0.524631319241906	0.457305638521483	0.52463131924191	1.07473655220049	0.457316571273487	1.78786475463772	0.457316571273489	0.639314028482799	0.524631319241911	0.457305638521485	0.524631319241913
1	1.29448902509135	2.19529996188596	1.29448902509135	1.29447335593392	1.38211593987208	1.42729485283701	1.38211593987208	2.19530402647662	1.42731328926428	4.70521543120537	1.42731328926428	1.29447335593393	1.38211593987208	1.42729485283702	1.38211593987208	1.87079999993772	0.639345953657627	1.07473993045961	0.639345953657634	0.639323887584617	0.524621439977243	0.457311452397248	0.524621439977245	1.07473765357571	0.457322388369359	1.78786466341783	0.457322388369361	0.639323887584623	0.524621439977246	0.45731145239725	0.52462143997725
1	1.29449969007559	2.19530211233577	1.29449969007559	1.29448401516578	1.38209984174681	1.42730657731876	1.38209984174681	2.19530617788804	1.42732502001194	4.70521546096598	1.42732502001194	1.29448401516578	1.38209984174681	1.42730657731877	1.38209984174681	1.87079999994365	0.639355081942227	1.07474094086209	0.639355081942233	0.639333010393645	0.524612326544301	0.457316837618689	0.524612326544304	1.07473866426711	0.457327776620382	1.78786457876993	0.457327776620384	0.639333010393652	0.524612326544304	0.457316837618691	0.524612326544308
1	1.29450955981725	2.19530408419753	1.29450955981725	1.29449387948226	1.38208499340685	1.42731743888265	1.38208499340685	2.19530815061642	1.42733588747033	4.7052154860037	1.42733588747033	1.29449387948226	1.38208499340685	1.42731743888265	1.38208499340685	1.87079999994901	0.639363528388944	1.07474186846412	0.63936352838895	0.639341451679778	0.524603919312105	0.457321825580731	0.524603919312106	1.07473959212471	0.457332767432521	1.78786450022316	0.457332767432523	0.639341451679784	0.524603919312106	0.457321825580733	0.524603919312111
1	1.29451869334432	2.19530589305649	1.29451869334432	1.29450300789335	1.38207129736976	1.42732750058261	1.38207129736976	2.19530996025557	1.42734595471495	4.70521550690216	1.42734595471495	1.29450300789335	1.38207129736976	1.42732750058262	1.38207129736976	1.87079999995386	0.639371343733558	1.07474272039438	0.639371343733565	0.639349262161157	0.524596163317017	0.457326445399146	0.524596163317017	1.07474044428044	0.457337389931971	1.78786442734029	0.457337389931973	0.639349262161163	0.524596163317017	0.457326445399148	0.524596163317023
1	1.29452714533147	2.19530755306277	1.29452714533147	1.29451145505662	1.38205866379787	1.42733682090936	1.38205866379787	2.19531162096345	1.42735528025686	4.70521552417949	1.42735528025686	1.29451145505662	1.38205866379787	1.42733682090936	1.38205866379788	1.87079999995825	0.639378574956566	1.07474350313303	0.639378574956572	0.639356488801568	0.524589007895218	0.457330724074029	0.524589007895219	1.07474122721739	0.457341671128666	1.78786435971532	0.457341671128668	0.639356488801575	0.524589007895219	0.457330724074031	0.524589007895224
1	1.29453496641811	2.19530907707038	1.29453496641811	1.29451927159531	1.38204700989514	1.42734545411624	1.38204700989514	2.19531314560124	1.42736391836862	4.70521553829546	1.42736391836862	1.29451927159531	1.38204700989514	1.42734545411624	1.38204700989514	1.87079999996223	0.639385265559001	1.07474422257392	0.639385265559007	0.639363175086266	0.524582406344327	0.457334686641742	0.524582406344328	1.07474194683209	0.457345636068257	1.78786429697125	0.457345636068259	0.639363175086273	0.524582406344328	0.457334686641745	0.524582406344333
1	1.29454220350357	2.1953104767623	1.29454220350357	1.2945265043934	1.38203625935178	1.42735345052238	1.38203625935178	2.19531454585844	1.42737191938747	4.70521554965775	1.42737191938747	1.29452650439341	1.38203625935178	1.42735345052238	1.38203625935178	1.87079999996582	0.639391455818293	1.07474488408064	0.6393914558183	0.639369361277743	0.524576315611833	0.457338356316143	0.524576315611834	1.07474260849059	0.457349307973351	1.787864238758	0.457349307973353	0.63936936127775	0.524576315611834	0.457338356316145	0.524576315611839
1	1.29454890002094	2.1953117627628	1.29454890002094	1.2945331968695	1.38202634183313	1.4273608567944	1.38202634183312	2.19531583236531	1.42737932999714	4.70521555862753	1.42737932999714	1.2945331968695	1.38202634183312	1.4273608567944	1.38202634183313	1.87079999996907	0.639397183025479	1.0747454925369	0.639397183025486	0.639375084652909	0.524570696008195	0.457341754619779	0.524570696008194	1.07474321707879	0.457352708374757	1.78786418475048	0.457352708374759	0.639375084652916	0.524570696008194	0.457341754619781	0.524570696008201
1	1.29455509619113	2.19531294473866	1.29455509619114	1.29453938923077	1.38201719250895	1.42736771620841	1.38201719250895	2.19531701479408	1.42738619348984	4.7052155655245	1.42738619348984	1.29453938923077	1.38201719250895	1.42736771620841	1.38201719250895	1.87079999997202	0.639402481705121	1.07474605239189	0.639402481705127	0.639380379722975	0.524565510942629	0.457344901505826	0.52456551094263	1.07474377704791	0.457355857233442	1.78786413464681	0.457355857233444	0.639380379722981	0.52456551094263	0.457344901505828	0.524565510942635
1	1.29456082925858	2.19531403149013	1.29456082925858	1.29454511870864	1.38200875162015	1.42737406889347	1.38200875162014	2.19531810194999	1.42739255000985	4.70521557063142	1.42739255000985	1.29454511870864	1.38200875162014	1.42737406889348	1.38200875162015	1.87079999997468	0.639407383819224	1.07474656770118	0.639407383819231	0.639385278437318	0.524560726679822	0.45734781547133	0.524560726679826	1.07474429245535	0.45735877305379	1.78786408816665	0.457358773053793	0.639385278437324	0.524560726679826	0.457347815471332	0.524560726679828
1	1.29456613370977	2.19531503103289	1.29456613370977	1.29455041977729	1.38200096407972	1.42737995205788	1.38200096407972	2.19531910185327	1.42739843677978	4.70521557419802	1.42739843677978	1.29455041977729	1.38200096407972	1.42737995205788	1.38200096407972	1.87079999997709	0.639411918956232	1.07474704216351	0.639411918956239	0.639389810372457	0.524556312115848	0.457350513662413	0.524556312115851	1.07474476700151	0.457361472988848	1.7878640450497	0.45736147298885	0.639389810372464	0.524556312115851	0.457350513662415	0.524556312115854
1	1.29457104147599	2.19531595067191	1.29457104147599	1.29455532435637	1.38199377910542	1.4273854001994	1.38199377910542	2.19532002181302	1.42740388831091	4.70521557644474	1.42740388831091	1.29455532435637	1.38199377910542	1.42738540019941	1.38199377910542	1.87079999997927	0.639416114506225	1.07474747915403	0.639416114506232	0.639394002907197	0.524552238571773	0.457353011971964	0.524552238571777	1.07474520406306	0.457363972938029	1.78786400505424	0.457363972938031	0.639394002907203	0.524552238571777	0.457353011971965	0.52455223857178
1	1.29457558212126	2.19531679706793	1.29457558212127	1.2945598619989	1.38198714988141	1.42739044530066	1.38198714988141	2.19532086849379	1.4274089365986	4.7052155775658	1.4274089365986	1.2945598619989	1.38198714988141	1.42739044530066	1.38198714988141	1.87079999998124	0.639419995823298	1.07474788175424	0.639419995823305	0.63939788138499	0.524548479603584	0.45735532513039	0.524548479603589	1.07474560672286	0.457366287637894	1.78786396795581	0.457366287637896	0.639397881384996	0.524548479603589	0.457355325130392	0.52454847960359
1	1.29457978301668	2.19531757629748	1.29457978301669	1.29456406006555	1.3819810332467	1.42739511701059	1.3819810332467	2.19532164797555	1.42741361130377	4.70521557773214	1.42741361130377	1.29456406006555	1.3819810332467	1.42739511701059	1.3819810332467	1.87079999998303	0.639423586376049	1.07474825277899	0.639423586376055	0.63940146926437	0.52454501082708	0.457357466789852	0.524545010827082	1.074745977797	0.457368430746394	1.78786393354599	0.457368430746396	0.639401469264376	0.524545010827083	0.457357466789854	0.524545010827086
1	1.29458366950196	2.19531829390698	1.29458366950196	1.29456794388619	1.38197538940826	1.42739944281303	1.38197538940826	2.19532236580785	1.42741793992158	4.70521557709394	1.42741793992158	1.29456794388619	1.38197538940826	1.42739944281303	1.38197538940826	1.87079999998464	0.639426907887027	1.07474859480093	0.639426907887033	0.639404788258378	0.524541809756579	0.457359449602492	0.524541809756582	1.07474631985926	0.457370414921139	1.78786390163127	0.457370414921141	0.639404788258384	0.524541809756583	0.457359449602494	0.524541809756585
1	1.29458726503523	2.19531895496158	1.29458726503523	1.29457153690965	1.38197018167672	1.42740344818326	1.38197018167672	2.19532302705873	1.42742194793796	4.70521557578301	1.42742194793797	1.29457153690965	1.38197018167672	1.42740344818326	1.38197018167672	1.8707999999861	0.63942998046194	1.07474891017251	0.639429980461947	0.639407858463753	0.524538855656331	0.457361285293029	0.524538855656335	1.0747466352631	0.457372251891991	1.78786387203197	0.457372251891993	0.639407858463759	0.524538855656335	0.457361285293031	0.524538855656337
1	1.2945905913319	2.19531956408927	1.2945905913319	1.29457486084254	1.38196537622301	1.42740715673343	1.38196537622301	2.19532363635876	1.4274256589751	4.70521557391471	1.4274256589751	1.29457486084255	1.38196537622301	1.42740715673344	1.38196537622301	1.87079999998743	0.639432822709387	1.07474920104596	0.639432822709393	0.639410698480623	0.524536129403634	0.457362984726191	0.52453612940364	1.07474692616167	0.457373952528525	1.78786384458124	0.457373952528527	0.639410698480629	0.52453612940364	0.457362984726193	0.52453612940364
1	1.29459366849334	2.19532012552069	1.29459366849334	1.29457793577793	1.38196094185413	1.42741059034755	1.38196094185413	2.19532419794098	1.42742909492644	4.70521557158991	1.42742909492644	1.29457793577793	1.38196094185413	1.42741059034755	1.38196094185413	1.87079999998862	0.639435451851783	1.07474946939125	0.63943545185179	0.639413325523406	0.524533613362724	0.457364557969251	0.524533613362727	1.07474719452577	0.457375526902573	1.7878638191242	0.457375526902574	0.639413325523412	0.524533613362728	0.457364557969253	0.52453361336273
1	1.29459651512617	2.19532064312518	1.29459651512617	1.29458078031456	1.38195684980671	1.42741376930679	1.38195684980671	2.19532471567685	1.42743227608207	4.70521556889647	1.42743227608207	1.29458078031456	1.38195684980671	1.42741376930679	1.38195684980671	1.87079999998971	0.639437883828137	1.07474971701244	0.639437883828144	0.639415755523551	0.52453129126857	0.457366014350105	0.524531291268573	1.07474744216022	0.457376984346333	1.78786379551704	0.457376984346335	0.639415755523557	0.524531291268573	0.457366014350107	0.524531291268576
1	1.29459914845277	2.19532112044331	1.29459914845277	1.29458341166741	1.38195307355672	1.42741671240593	1.38195307355672	2.19532519310894	1.42743522124514	4.7052155659109	1.42743522124514	1.29458341166741	1.38195307355672	1.42741671240593	1.38195307355672	1.87079999999068	0.639440133389214	1.07474994556242	0.63944013338922	0.639418003224707	0.524529148119805	0.457367362511126	0.524529148119809	1.07474767071858	0.457378333506236	1.78786377362625	0.457378333506237	0.639418003224713	0.524529148119809	0.457367362511128	0.524529148119811
1	1.29460158441372	2.19532156071638	1.29460158441372	1.29458584577004	1.38194958864424	1.4274194370613	1.38194958864424	2.19532563348032	1.42743794783987	4.70521556269946	1.42743794783988	1.29458584577005	1.38194958864424	1.4274194370613	1.38194958864424	1.87079999999157	0.639442214185752	1.07475015655632	0.639442214185758	0.639420082270886	0.524527170080098	0.457368610459198	0.524527170080104	1.07474788171658	0.45737958239297	1.7878637533279	0.457379582392972	0.639420082270892	0.524527170080105	0.4573686104592	0.524527170080104
1	1.29460383776269	2.19532196691309	1.2946038377627	1.29458809736951	1.38194637251203	1.42742195941107	1.38194637251203	2.19532603976131	1.42744047201189	4.70521555931953	1.42744047201189	1.29458809736952	1.38194637251203	1.42742195941107	1.38194637251203	1.87079999999237	0.639444138850118	1.07475035138357	0.639444138850125	0.639422005288102	0.524525344387217	0.457369765612064	0.524525344387224	1.0747480765442	0.457380738427868	1.78786373450692	0.45738073842787	0.639422005288108	0.524525344387224	0.457369765612065	0.524525344387223
1	1.29460592215439	2.1953223417537	1.29460592215439	1.29459018011427	1.38194340435676	1.42742429440831	1.38194340435677	2.19532641467364	1.42744280872123	4.70521555582044	1.42744280872123	1.29459018011427	1.38194340435677	1.42742429440831	1.38194340435677	1.8707999999931	0.639445919071976	1.07475053131893	0.639445919071982	0.639423783960039	0.524523659269268	0.457370834841383	0.524523659269274	1.07474825647671	0.457381808485966	1.78786371705652	0.457381808485968	0.639423783960045	0.524523659269275	0.457370834841385	0.524523659269274
1	1.29460785022598	2.19532268773194	1.29460785022598	1.29459210663559	1.38194066499198	1.4274264559073	1.38194066499198	2.19532676071238	1.42744497182877	4.70521555224463	1.42744497182878	1.2945921066356	1.38194066499198	1.4274264559073	1.38194066499198	1.87079999999376	0.639447565668322	1.07475069753246	0.639447565668328	0.639425429098048	0.524522103867486	0.457371824512627	0.524522103867491	1.07474842268461	0.457382798935921	1.78786370087755	0.457382798935923	0.639425429098054	0.524522103867492	0.457371824512629	0.524522103867493
1	1.29460963367261	2.19532300713486	1.29460963367262	1.29459388862305	1.38193813672179	1.42742845674368	1.3819381367218	2.19532708016579	1.42744697417635	4.70521554862819	1.42744697417635	1.29459388862305	1.3819381367218	1.42742845674368	1.3819381367218	1.87079999999435	0.639449088648414	1.07475085109859	0.63944908864842	0.639426950706054	0.524520668165094	0.457372740522146	0.5245206681651	1.07474857624271	0.457383715677069	1.78786368587801	0.457383715677071	0.63942695070606	0.5245206681651	0.457372740522148	0.5245206681651
1	1.29461128331727	2.1953233020609	1.29461128331727	1.29459553689437	1.38193580322456	1.42743030880878	1.38193580322457	2.19532737513338	1.42744882766111	4.70521554500193	1.42744882766112	1.29459553689437	1.38193580322457	1.42743030880878	1.38193580322457	1.87079999999489	0.639450497273816	1.07475099300429	0.639450497273823	0.639428358040597	0.524519342921704	0.457373588331469	0.524519342921711	1.07474871813835	0.457384564173762	1.78786367197247	0.457384564173764	0.639428358040604	0.524519342921711	0.457373588331471	0.524519342921711
1	1.29461280917555	2.19532357443616	1.29461280917555	1.29459706146018	1.38193364944564	1.42743202311857	1.38193364944564	2.19532764754227	1.42745054330454	4.70521554139173	1.42745054330454	1.29459706146018	1.38193364944564	1.42743202311857	1.38193364944564	1.87079999999537	0.639451800114068	1.07475112415663	0.639451800114074	0.639429659666486	0.524518119612888	0.45737437299919	0.524518119612894	1.0747488492789	0.457385349487244	1.78786365908168	0.457385349487246	0.639429659666492	0.524518119612895	0.457374372999192	0.524518119612894
1	1.29461422051561	2.19532382602936	1.29461422051561	1.29459847158397	1.38193166149855	1.42743360987768	1.38193166149856	2.19532789916206	1.42745213131641	4.70521553781933	1.42745213131641	1.29459847158397	1.38193166149856	1.42743360987768	1.38193166149856	1.87079999999581	0.639453005098196	1.07475124538951	0.639453005098203	0.639430863508279	0.524516990374458	0.457375099210498	0.524516990374463	1.07474897049855	0.457386076305199	1.78786364713206	0.457386076305201	0.639430863508285	0.524516990374463	0.4573750992105	0.524516990374464
1	1.29461552591376	2.19532405846528	1.29461552591376	1.29459977583763	1.38192982657396	1.4274350785387	1.38192982657396	2.19532813161835	1.42745360115418	4.70521553430278	1.42745360115418	1.29459977583763	1.38192982657396	1.42743507853871	1.38192982657396	1.87079999999621	0.639454119562418	1.07475135746986	0.639454119562425	0.63943197689798	0.524515947951107	0.457375771304567	0.524515947951112	1.0747490825645	0.457386748969141	1.78786363605534	0.457386748969142	0.639431976897986	0.524515947951112	0.457375771304569	0.524515947951113
1	1.29461673330586	2.19532427323708	1.29461673330586	1.29460098215283	1.38192813285571	1.42743643785728	1.38192813285571	2.19532834640503	1.42745496157805	4.70521553085691	1.42745496157805	1.29460098215284	1.38192813285571	1.42743643785728	1.38192813285571	1.87079999999657	0.63945515029432	1.0747514611033	0.639455150294326	0.639433006619208	0.524514985649067	0.457376393299946	0.524514985649072	1.07474918618259	0.457387371499838	1.78786362578817	0.45738737149984	0.639433006619215	0.524514985649072	0.457376393299947	0.524514985649073
1	1.29461785003496	2.19532447171744	1.29461785003496	1.29460209786873	1.38192656944348	1.42743769594312	1.38192656944348	2.19532854489544	1.42745622070203	4.70521552749369	1.42745622070203	1.29460209786873	1.38192656944348	1.42743769594312	1.38192656944348	1.8707999999969	0.639456103573744	1.07475155693928	0.63945610357375	0.639433958948066	0.524514097292476	0.457376968918132	0.524514097292482	1.07474928200245	0.457387947620858	1.78786361627176	0.457387947620859	0.639433958948072	0.524514097292483	0.457376968918133	0.524514097292482
1	1.29461888289544	2.19532465516877	1.29461888289544	1.29460312977597	1.3819251262815	1.42743886030735	1.38192512628151	2.19532872835258	1.42745738604131	4.70521552422271	1.42745738604131	1.29460312977597	1.38192512628151	1.42743886030735	1.38192512628151	1.87079999999719	0.639456985210649	1.0747516455757	0.639456985210655	0.639434839690984	0.524513277183136	0.457377501605379	0.524513277183141	1.07474937062218	0.457388480780413	1.78786360745154	0.457388480780415	0.63943483969099	0.524513277183141	0.457377501605381	0.524513277183142
1	1.29461983817385	2.19532482475245	1.29461983817385	1.29460408415762	1.38192379409282	1.42743993790644	1.38192379409283	2.19532889793837	1.42745846455615	4.70521552105134	1.42745846455615	1.29460408415762	1.38192379409283	1.42743993790645	1.38192379409283	1.87079999999746	0.639457800580165	1.07475172756326	0.639457800580171	0.639435654219771	0.524512520063418	0.457377994552967	0.524512520063425	1.07474945259262	0.457388974171611	1.78786359927692	0.457388974171613	0.639435654219777	0.524512520063425	0.457377994552968	0.524512520063424
1	1.29462072168672	2.19532498153728	1.29462072168672	1.2946049668269	1.38192256431874	1.42744093518292	1.38192256431874	2.19532905472211	1.42745946269264	4.7052155179852	1.42745946269264	1.29460496682691	1.38192256431874	1.42744093518292	1.38192256431874	1.8707999999977	0.639458554655036	1.07475180340927	0.639458554655042	0.639436407504028	0.524511821082068	0.457378450715923	0.524511821082076	1.07474952842122	0.457389430751223	1.78786359170093	0.457389430751225	0.639436407504035	0.524511821082077	0.457378450715925	0.524511821082074
1	1.29462153881557	2.1953251265072	1.29462153881557	1.29460578316225	1.38192142906294	1.42744185810306	1.38192142906295	2.19532919968814	1.42746038642045	4.70521551502825	1.42746038642045	1.29460578316225	1.38192142906295	1.42744185810306	1.38192142906294	1.87079999999792	0.639459252035641	1.07475187358128	0.639459252035648	0.639437104141193	0.524511175762672	0.457378872830459	0.524511175762681	1.07474959857565	0.457389853257076	1.78786358467999	0.457389853257078	0.6394371041412	0.524511175762681	0.45737887283046	0.524511175762678
1	1.29462229453938	2.19532526056829	1.29462229453938	1.29460653813968	1.38192038104004	1.42744271219196	1.38192038104005	2.19532933374296	1.42746124126781	4.70521551218316	1.42746124126781	1.29460653813968	1.38192038104005	1.42744271219196	1.38192038104005	1.87079999999812	0.639459896977808	1.07475193851028	0.639459896977814	0.639437748384315	0.524510579974581	0.457379263430066	0.524510579974587	1.07474966348701	0.457390244224191	1.78786357817368	0.457390244224193	0.639437748384321	0.524510579974587	0.457379263430068	0.524510579974587
1	1.29462299346454	2.19532538455521	1.29462299346454	1.29460723636285	1.38191941352813	1.42744350256591	1.38191941352814	2.19532945772155	1.42746203235401	4.70521550945136	1.42746203235401	1.29460723636285	1.38191941352814	1.42744350256591	1.38191941352814	1.8707999999983	0.63946049341856	1.07475199859368	0.639460493418566	0.639438344167795	0.524510029906108	0.457379624860457	0.524510029906116	1.07474972355279	0.457390605999721	1.78786357214451	0.457390605999723	0.639438344167802	0.524510029906116	0.457379624860459	0.524510029906114
1	1.2946236398527	2.19532549923703	1.2946236398527	1.2946078820908	1.38191852032499	1.42744423396254	1.381918520325	2.19532957239331	1.42746276441946	4.70521550683334	1.42746276441946	1.2946078820908	1.381918520325	1.42744423396254	1.381918520325	1.87079999999846	0.639461044999911	1.07475205419803	0.639461044999917	0.639438895131184	0.524509522039802	0.457379959293429	0.524509522039809	1.07474977913963	0.457390940756807	1.78786356655769	0.457390940756809	0.63943889513119	0.524509522039809	0.457379959293431	0.524509522039808
1	1.29462423764647	2.1953256053226	1.29462423764647	1.29460847926367	1.38191769570778	1.42744491076864	1.38191769570779	2.19532967846736	1.42746344185357	4.70521550432873	1.42746344185357	1.29460847926367	1.38191769570779	1.42744491076864	1.38191769570778	1.87079999999861	0.639461555090922	1.07475210566152	0.639461555090928	0.639439404641215	0.524509053129648	0.457380268739671	0.524509053129656	1.07474983058579	0.457391250507422	1.78786356138096	0.457391250507423	0.639439404641222	0.524509053129656	0.457380268739673	0.524509053129654
1	1.2946247904932	2.19532570346543	1.2946247904932	1.29460903152653	1.38191693439582	1.42744553704602	1.38191693439583	2.19532977659748	1.42746406872064	4.70521550193647	1.42746406872064	1.29460903152653	1.38191693439583	1.42744553704602	1.38191693439583	1.87079999999874	0.639462026808108	1.07475215329624	0.639462026808115	0.639439875812217	0.524508620180059	0.457380555060688	0.524508620180068	1.0747498782034	0.457391537114255	1.78786355658438	0.457391537114257	0.639439875812223	0.524508620180068	0.45738055506069	0.524508620180065
1	1.2946253017671	2.1953257942682	1.2946253017671	1.29460954225137	1.38191623151633	1.42744611655546	1.38191623151634	2.19532986738653	1.42746464878377	4.70521549965489	1.42746464878377	1.29460954225137	1.38191623151634	1.42744611655546	1.38191623151633	1.87079999999886	0.639462463034325	1.07475219739023	0.639462463034331	0.639440311524982	0.524508220426471	0.457380819979793	0.524508220426479	1.07474992228058	0.457391802301743	1.7878635521402	0.457391802301746	0.639440311524989	0.524508220426479	0.457380819979795	0.524508220426477
1	1.29462577458956	2.19532587828681	1.29462577458956	1.29461001455756	1.38191558257276	1.42744665277894	1.38191558257276	2.19532995139064	1.42746518552711	4.70521549748186	1.42746518552711	1.29461001455756	1.38191558257276	1.42744665277894	1.38191558257276	1.87079999999897	0.639462866436236	1.07475223820947	0.639462866436242	0.639440714444233	0.524507851317473	0.457381065092328	0.524507851317478	1.07474996308332	0.45739204766629	1.78786354802268	0.457392047666292	0.63944071444424	0.524507851317478	0.45738106509233	0.524507851317479
1	1.29462621184809	2.19532595603416	1.2946262118481	1.29461045133068	1.38191498341566	1.42744714894014	1.38191498341567	2.19533002912287	1.42746568217641	4.70521549541485	1.42746568217641	1.29461045133068	1.38191498341567	1.42744714894014	1.38191498341566	1.87079999999907	0.639463239480487	1.07475227599954	0.639463239480494	0.639441087034793	0.52450751049831	0.457381291875129	0.524507510498316	1.07475000085726	0.457392274685721	1.78786354420793	0.457392274685723	0.6394410870348	0.524507510498316	0.457381291875131	0.524507510498316
1	1.29462661621381	2.1953260279836	1.29462661621381	1.29461085523999	1.3819144302158	1.42744760802356	1.3819144302158	2.19533010105672	1.4274661417181	4.70521549345105	1.4274661417181	1.29461085524	1.3819144302158	1.42744760802357	1.3819144302158	1.87079999999916	0.639463584448682	1.07475231098731	0.639463584448689	0.639441431576542	0.524507195795681	0.45738150169528	0.524507195795686	1.07475003582928	0.457392484728051	1.78786354067382	0.457392484728053	0.639441431576549	0.524507195795686	0.457381501695282	0.524507195795686
1	1.29462699015755	2.19532609457202	1.29462699015755	1.29461122875465	1.38191391943932	1.4274480327922	1.38191391943932	2.19533016762923	1.42746656691696	4.70521549158734	1.42746656691696	1.29461122875465	1.38191391943932	1.4274480327922	1.38191391943932	1.87079999999924	0.639463903451233	1.07475234338233	0.63946390345124	0.639441750178272	0.524506905203705	0.457381695818253	0.524506905203709	1.07475006820896	0.457392679059627	1.7878635373998	0.457392679059629	0.639441750178279	0.524506905203709	0.457381695818255	0.524506905203711
1	1.29462733596492	2.1953261562028	1.29462733596492	1.29461157415863	1.38191344782492	1.42744842580384	1.38191344782492	2.1953302292439	1.42746696033251	4.70521548982044	1.42746696033251	1.29461157415863	1.38191344782492	1.42744842580384	1.38191344782492	1.87079999999931	0.639464198440171	1.07475237337825	0.639464198440178	0.639442044790494	0.524506636870988	0.457381875415405	0.524506636870994	1.07475009818998	0.457392858852637	1.78786353436685	0.457392858852639	0.6394420447905	0.524506636870994	0.457381875415407	0.524506636870994
1	1.2946276557501	2.19532621324844	1.2946276557501	1.29461189356459	1.38191301236274	1.4274487894263	1.38191301236274	2.19533028627332	1.42746732433416	4.70521548814696	1.42746732433417	1.2946118935646	1.38191301236274	1.4274487894263	1.38191301236274	1.87079999999937	0.639464471221011	1.07475240115405	0.639464471221018	0.639442317217283	0.524506389088678	0.457382041570967	0.524506389088684	1.0747501259513	0.457393025192082	1.78786353155729	0.457393025192084	0.63944231721729	0.524506389088684	0.457382041570969	0.524506389088684
1	1.2946279514687	2.19532626605299	1.2946279514687	1.29461218892672	1.3819126102749	1.42744912585146	1.3819126102749	2.19533033906162	1.42746766111529	4.70521548656342	1.42746766111529	1.29461218892672	1.3819126102749	1.42744912585146	1.3819126102749	1.87079999999943	0.639464723463726	1.07475242687514	0.639464723463733	0.639442569127262	0.524506160279453	0.457382195288489	0.524506160279457	1.07475015165837	0.457393179082239	1.78786352895478	0.457393179082241	0.639442569127269	0.524506160279457	0.457382195288491	0.524506160279459
1	1.29462822492961	2.19532631493426	1.29462822492961	1.29461246205254	1.38191223899757	1.42744943710824	1.38191223899757	2.19533038792671	1.42746797270624	4.70521548506625	1.42746797270624	1.29461246205254	1.38191223899758	1.42744943710825	1.38191223899757	1.87079999999949	0.6394649567129	1.07475245069445	0.639464956712906	0.639442802063747	0.524505948987378	0.457382337496828	0.524505948987383	1.07475017546411	0.45739332145265	1.78786352654411	0.457393321452651	0.639442802063753	0.524505948987383	0.45738233749683	0.524505948987384
1	1.29462847780598	2.19532636018591	1.29462847780598	1.29461271461395	1.38191189616443	1.42744972507473	1.38191189616444	2.19533043316231	1.42746826098641	4.70521548365189	1.42746826098641	1.29461271461395	1.38191189616444	1.42744972507473	1.38191189616444	1.87079999999954	0.639465172397129	1.07475247275339	0.639465172397135	0.639443017454136	0.524505753868532	0.457382469055675	0.524505753868533	1.07475019750994	0.457393453163651	1.78786352431123	0.457393453163653	0.639443017454142	0.524505753868533	0.457382469055677	0.524505753868538
1	1.2946287116454	2.1953264020793	1.29462871164541	1.29461294815734	1.3819115795914	1.42744999148929	1.3819115795914	2.19533047503983	1.42746852769543	4.70521548231681	1.42746852769544	1.29461294815734	1.3819115795914	1.42744999148929	1.3819115795914	1.87079999999958	0.639465371837706	1.07475249318272	0.639465371837712	0.639443216618593	0.524505573682347	0.457382590760697	0.524505573682347	1.07475021792663	0.457393575011509	1.78786352224308	0.457393575011511	0.6394432166186	0.524505573682347	0.457382590760699	0.524505573682353
1	1.2946289278793	2.19532644086522	1.2946289278793	1.29461316411299	1.38191128726252	1.42745023796095	1.38191128726252	2.19533051381014	1.4274687744435	4.70521548105743	1.4274687744435	1.29461316411299	1.38191128726252	1.42745023796095	1.38191128726252	1.87079999999962	0.639465556256673	1.07475251210339	0.639465556256679	0.639443400778108	0.524505407283658	0.457382703348286	0.524505407283658	1.07475023683511	0.457393687733186	1.78786352032758	0.457393687733188	0.639443400778114	0.524505407283658	0.457382703348287	0.524505407283664
1	1.29462912783162	2.19532647677553	1.29462912783162	1.29461336380382	1.38191101731704	1.42745046597898	1.38191101731704	2.1953305497051	1.42746900272098	4.7052154798703	1.42746900272098	1.29461336380382	1.38191101731704	1.42745046597898	1.38191101731704	1.87079999999966	0.639465726784265	1.07475252962729	0.639465726784271	0.639443571061911	0.524505253615333	0.457382807499951	0.524505253615333	1.07475025434726	0.457393792010726	1.78786351855351	0.457393792010728	0.639443571061917	0.524505253615333	0.457382807499953	0.524505253615339
1	1.29462931272691	2.19532651002456	1.29462931272691	1.29461354845335	1.38191076803738	1.42745067692176	1.38191076803737	2.1953305829391	1.4274692139073	4.70521547875199	1.4274692139073	1.29461354845335	1.38191076803737	1.42745067692176	1.38191076803738	1.87079999999969	0.639465884465787	1.0747525458579	0.639465884465794	0.639443728514369	0.524505111701491	0.457382903846403	0.52450511170149	1.07475027056658	0.457393888475334	1.78786351691047	0.457393888475335	0.639443728514375	0.52450511170149	0.457382903846405	0.524505111701497
