1	1.06639197389477	1.10216578158151	1.06639197389477	1.06639197389497	1.10216578158169	1.15850348599263	1.10216578158169	1.10216578158188	1.15850348599303	1.32184000487109	1.15850348599303	1.06639197389497	1.10216578158169	1.15850348599263	1.10216578158169	0.780148214838147	0.649707602059455	0.563456349455475	0.649707602059457	0.649707602059661	0.5634563494556	0.579222032658159	0.563456349455602	0.563456349455729	0.579222032658581	0.753155644281052	0.579222032658582	0.649707602059663	0.563456349455602	0.57922203265816	0.563456349455603
1	1.08208408163043	1.1218757445878	1.08208408163043	1.08208408163057	1.12187574458791	1.18855727270763	1.12187574458791	1.12187574458803	1.18855727270793	1.41127702575431	1.18855727270793	1.08208408163057	1.12187574458791	1.18855727270763	1.12187574458791	0.846460305118088	0.682549696252294	0.586603920431121	0.682549696252296	0.682549696252451	0.586603920431207	0.603238250636231	0.58660392043121	0.586603920431287	0.603238250636537	0.825209701616866	0.603238250636538	0.682549696252453	0.58660392043121	0.603238250636232	0.58660392043121
1	1.08890258612402	1.12999246625512	1.08890258612402	1.08890258612411	1.12999246625519	1.20006713484267	1.12999246625519	1.12999246625526	1.20006713484288	1.46115674516469	1.20006713484288	1.08890258612411	1.12999246625519	1.20006713484267	1.12999246625519	0.886680620992265	0.694843275572145	0.597398472287405	0.694843275572147	0.694843275572262	0.597398472287468	0.613255614581208	0.59739847228747	0.597398472287514	0.61325561458142	0.86632213846059	0.61325561458142	0.694843275572264	0.59739847228747	0.613255614581209	0.597398472287471
1	1.09150202462619	1.13333986033317	1.09150202462619	1.09150202462625	1.13333986033322	1.20417320362007	1.13333986033322	1.13333986033325	1.20417320362021	1.48846908309591	1.20417320362021	1.09150202462625	1.13333986033322	1.20417320362007	1.13333986033322	0.911075475713458	0.699022745324454	0.602413330865463	0.699022745324456	0.699022745324542	0.602413330865511	0.617286620598798	0.602413330865511	0.602413330865535	0.617286620598942	0.887959503098957	0.617286620598942	0.699022745324544	0.602413330865511	0.617286620598799	0.602413330865514
1	1.09238422597687	1.13481028958455	1.09238422597687	1.09238422597691	1.13481028958458	1.20560930152603	1.13481028958458	1.1348102895846	1.20560930152612	1.50307890680795	1.20560930152612	1.09238422597691	1.13481028958458	1.20560930152603	1.13481028958458	0.925871703031677	0.700343487630301	0.604834904399205	0.700343487630304	0.700343487630371	0.604834904399249	0.618943795738473	0.604834904399246	0.604834904399258	0.618943795738571	0.898857579101544	0.618943795738572	0.700343487630373	0.604834904399246	0.618943795738474	0.604834904399252
1	1.09262930515236	1.13550616369576	1.09262930515236	1.09262930515239	1.13550616369579	1.20610513761919	1.13550616369578	1.1355061636958	1.20610513761925	1.51065581964266	1.20610513761925	1.09262930515239	1.13550616369578	1.20610513761919	1.13550616369579	0.934846068519358	0.700685954202411	0.606044454770128	0.700685954202414	0.700685954202464	0.606044454770161	0.61963495463056	0.606044454770158	0.606044454770161	0.619634954630626	0.904223466685612	0.619634954630627	0.700685954202467	0.606044454770158	0.619634954630561	0.606044454770164
1	1.09265899287452	1.13585509848776	1.09265899287452	1.09265899287454	1.13585509848778	1.2062666211101	1.13585509848778	1.13585509848779	1.20626662111014	1.51448152146019	1.20626662111014	1.09265899287454	1.13585509848778	1.2062666211101	1.13585509848778	0.940289296342669	0.700705741188465	0.606659795103963	0.700705741188468	0.700705741188508	0.606659795103998	0.619916575890073	0.606659795103992	0.606659795103988	0.619916575890118	0.906836623817837	0.619916575890119	0.700705741188511	0.606659795103992	0.619916575890074	0.606659795104001
1	1.09262762917973	1.13603631651197	1.09262762917973	1.09262762917975	1.13603631651199	1.20630826372038	1.13603631651199	1.13603631651199	1.20630826372041	1.51637816594195	1.20630826372041	1.09262762917975	1.13603631651199	1.20630826372038	1.13603631651199	0.943590780863286	0.700634019254662	0.606974680527929	0.700634019254665	0.700634019254698	0.60697468052796	0.62002151341318	0.606974680527954	0.606974680527949	0.62002151341321	0.908103294518008	0.620021513413211	0.7006340192547	0.606974680527954	0.620021513413181	0.606974680527963
1	1.09258751600334	1.13613196800244	1.09258751600334	1.09258751600335	1.13613196800245	1.20630822430025	1.13613196800245	1.13613196800245	1.20630822430027	1.51730864391707	1.20630822430027	1.09258751600335	1.13613196800245	1.20630822430025	1.13613196800245	0.945593232405661	0.700550671932252	0.607135290532097	0.700550671932255	0.700550671932281	0.60713529053213	0.620051477553307	0.607135290532122	0.607135290532112	0.620051477553329	0.908716553160299	0.62005147755333	0.700550671932284	0.607135290532123	0.620051477553307	0.607135290532133
1	1.09255379628438	1.1361825714269	1.09255379628438	1.09255379628439	1.13618257142692	1.20629559006347	1.13618257142692	1.13618257142692	1.20629559006348	1.51776307531068	1.20629559006348	1.09255379628439	1.13618257142692	1.20629559006347	1.13618257142692	0.946807780704657	0.700480138853199	0.607216264204985	0.700480138853201	0.700480138853222	0.607216264205019	0.620051549000962	0.607216264205012	0.607216264204997	0.62005154900098	0.909013741608873	0.620051549000981	0.700480138853224	0.607216264205012	0.620051549000963	0.607216264205021
1	1.09252893918396	1.13620911015976	1.09252893918396	1.09252893918396	1.13620911015978	1.20628105899853	1.13620911015978	1.13620911015977	1.20628105899854	1.5179850211129	1.20628105899854	1.09252893918396	1.13620911015978	1.20628105899853	1.13620911015978	0.94754444146855	0.700426855664452	0.60725619608575	0.700426855664455	0.700426855664471	0.607256196085784	0.620041442653971	0.607256196085777	0.607256196085762	0.620041442653983	0.909158134182492	0.620041442653984	0.700426855664474	0.607256196085777	0.620041442653972	0.607256196085787
1	1.09251166367556	1.13622275642488	1.09251166367556	1.09251166367557	1.1362227564249	1.20626823683967	1.13622275642489	1.13622275642489	1.20626823683968	1.51809383777189	1.20626823683968	1.09251166367557	1.13622275642489	1.20626823683967	1.1362227564249	0.947991248786845	0.700388747848034	0.607275140898224	0.700388747848037	0.700388747848052	0.607275140898254	0.620029395032351	0.607275140898248	0.607275140898236	0.620029395032362	0.909228588373354	0.620029395032363	0.700388747848054	0.607275140898248	0.620029395032352	0.607275140898257
1	1.09250000948278	1.13622953664668	1.09250000948278	1.09250000948278	1.1362295366467	1.20625799529474	1.13622953664669	1.13622953664669	1.20625799529474	1.51814759418784	1.20625799529474	1.09250000948278	1.13622953664669	1.20625799529473	1.1362295366467	0.94826225114553	0.700362282388428	0.607283516772307	0.700362282388431	0.700362282388445	0.607283516772338	0.620018508583282	0.607283516772331	0.607283516772318	0.62001850858329	0.909263181429203	0.620018508583291	0.700362282388447	0.607283516772331	0.620018508583283	0.607283516772341
1	1.09249226614443	1.13623271187117	1.09249226614443	1.09249226614444	1.13623271187119	1.20625020899928	1.13623271187118	1.13623271187118	1.20625020899929	1.51817446253565	1.20625020899929	1.09249226614444	1.13623271187118	1.20625020899928	1.13623271187119	0.948426622459273	0.700344194978195	0.607286709145265	0.700344194978198	0.700344194978212	0.607286709145294	0.620009667771497	0.607286709145287	0.607286709145275	0.620009667771504	0.909280317437478	0.620009667771505	0.700344194978215	0.607286709145287	0.620009667771498	0.607286709145297
1	1.09248715675005	1.13623403975296	1.09248715675005	1.09248715675006	1.13623403975297	1.20624445142876	1.13623403975297	1.13623403975297	1.20624445142876	1.51818811657249	1.20624445142876	1.09248715675006	1.13623403975297	1.20624445142876	1.13623403975297	0.948526318713485	0.700331934569688	0.60728747282905	0.700331934569691	0.700331934569703	0.607287472829079	0.620002865884676	0.607287472829071	0.60728747282906	0.620002865884682	0.909288909565721	0.620002865884683	0.700331934569706	0.607287472829071	0.620002865884676	0.607287472829082
1	1.09248379159595	1.13623445767672	1.09248379159595	1.09248379159595	1.13623445767673	1.20624026501384	1.13623445767673	1.13623445767672	1.20624026501385	1.51819521028075	1.20624026501385	1.09248379159595	1.13623445767673	1.20624026501384	1.13623445767673	0.948586787539494	0.700323651551591	0.607287191453947	0.700323651551594	0.700323651551603	0.607287191453974	0.619997792189499	0.607287191453965	0.607287191453953	0.619997792189505	0.909293288289426	0.619997792189506	0.700323651551606	0.607287191453965	0.6199977921895	0.607287191453977
1	1.09248157215893	1.13623445683592	1.09248157215893	1.09248157215894	1.13623445683593	1.20623725316229	1.13623445683592	1.13623445683592	1.20623725316229	1.51819900003661	1.20623725316229	1.09248157215894	1.13623445683592	1.20623725316229	1.13623445683593	0.948623463718308	0.700318056792814	0.60728653877698	0.700318056792817	0.700318056792826	0.607286538777006	0.61999407883636	0.607286538776998	0.607286538776986	0.619994078836365	0.909295567235195	0.619994078836366	0.700318056792828	0.607286538776998	0.619994078836361	0.607286538777009
1	1.09248010327369	1.13623428755551	1.09248010327369	1.0924801032737	1.13623428755552	1.2062351011332	1.13623428755552	1.13623428755551	1.20623510113321	1.51820109338918	1.20623510113321	1.0924801032737	1.13623428755552	1.2062351011332	1.13623428755552	0.948645708920141	0.700314271184148	0.607285825695044	0.700314271184151	0.700314271184159	0.607285825695071	0.619991394009281	0.607285825695064	0.607285825695048	0.619991394009286	0.909296784749717	0.619991394009287	0.700314271184161	0.607285825695064	0.619991394009282	0.607285825695074
1	1.09247912632882	1.13623407191316	1.09247912632882	1.09247912632883	1.13623407191317	1.20623356944495	1.13623407191317	1.13623407191316	1.20623356944496	1.51820229758406	1.20623356944496	1.09247912632883	1.13623407191317	1.20623356944495	1.13623407191317	0.94865920120987	0.700311702300508	0.607285181516009	0.700311702300511	0.700311702300519	0.607285181516036	0.619989468715109	0.607285181516028	0.607285181516014	0.619989468715114	0.909297455430777	0.619989468715115	0.700311702300521	0.607285181516028	0.619989468715111	0.607285181516039
1	1.09247847341377	1.1362338646075	1.09247847341377	1.09247847341378	1.13623386460752	1.206232484692	1.13623386460751	1.13623386460751	1.206232484692	1.51820300917788	1.206232484692	1.09247847341378	1.13623386460751	1.206232484692	1.13623386460752	0.948667384775497	0.700309952683922	0.607284648126211	0.700309952683925	0.700309952683932	0.607284648126235	0.619988094804567	0.607284648126228	0.607284648126212	0.619988094804573	0.909297838059365	0.619988094804574	0.700309952683935	0.607284648126228	0.619988094804569	0.607284648126238
1	1.09247803446248	1.13623368688564	1.09247803446248	1.09247803446248	1.13623368688565	1.20623171739813	1.13623368688565	1.13623368688564	1.20623171739813	1.51820344686528	1.20623171739813	1.09247803446248	1.13623368688565	1.20623171739812	1.13623368688565	0.948672348406409	0.700308756508557	0.607284227457592	0.700308756508559	0.700308756508567	0.607284227457618	0.619987118072889	0.60728422745761	0.607284227457593	0.619987118072894	0.909298064252619	0.619987118072895	0.70030875650857	0.60728422745761	0.61998711807289	0.607284227457621
1	1.09247773765118	1.13623354353762	1.09247773765118	1.09247773765118	1.13623354353764	1.20623117524268	1.13623354353763	1.13623354353762	1.20623117524269	1.51820372532653	1.20623117524269	1.09247773765118	1.13623354353763	1.20623117524268	1.13623354353763	0.948675359029523	0.700307935604993	0.60728390569126	0.700307935604996	0.700307935605005	0.607283905691288	0.619986425484176	0.607283905691279	0.607283905691262	0.619986425484183	0.909298202670363	0.619986425484184	0.700307935605008	0.607283905691279	0.619986425484177	0.607283905691291
1	1.09247753585387	1.13623343214526	1.09247753585387	1.09247753585388	1.13623343214528	1.20623079248111	1.13623343214527	1.13623343214527	1.20623079248111	1.51820390741979	1.20623079248111	1.09247753585388	1.13623343214527	1.20623079248111	1.13623343214528	0.948677185082204	0.700307370207028	0.607283664592738	0.700307370207031	0.700307370207041	0.607283664592766	0.619985935248119	0.607283664592756	0.60728366459274	0.619985935248126	0.909298290073706	0.619985935248127	0.700307370207044	0.607283664592755	0.61998593524812	0.607283664592769
1	1.0924773979615	1.13623334769842	1.09247739796149	1.0924773979615	1.13623334769844	1.20623052241119	1.13623334769843	1.13623334769843	1.20623052241119	1.51820402907364	1.20623052241119	1.0924773979615	1.13623334769843	1.20623052241119	1.13623334769844	0.948678292649729	0.700306979494599	0.60728348654097	0.700306979494601	0.700306979494612	0.607283486540999	0.619985588672796	0.607283486540989	0.607283486540972	0.619985588672801	0.909298346761612	0.619985588672802	0.700306979494615	0.607283486540988	0.619985588672797	0.607283486541002
1	1.09247730330596	1.13623328477627	1.09247730330596	1.09247730330596	1.13623328477628	1.20623033193293	1.13623328477628	1.13623328477627	1.20623033193293	1.51820411166614	1.20623033193293	1.09247730330596	1.13623328477628	1.20623033193293	1.13623328477628	0.948678964429814	0.70030670869055	0.607283356430726	0.700306708690553	0.700306708690564	0.607283356430755	0.619985343872664	0.607283356430744	0.607283356430728	0.619985343872671	0.909298384333712	0.619985343872672	0.700306708690566	0.607283356430744	0.619985343872665	0.607283356430758
1	1.09247723806623	1.13623323847666	1.09247723806623	1.09247723806624	1.13623323847667	1.20623019762784	1.13623323847667	1.13623323847666	1.20623019762785	1.51820416839883	1.20623019762785	1.09247723806624	1.13623323847667	1.20623019762784	1.13623323847667	0.948679371888927	0.700306520501157	0.607283262099092	0.700306520501159	0.70030652050117	0.607283262099122	0.619985171067299	0.60728326209911	0.607283262099093	0.619985171067304	0.909298409658375	0.619985171067305	0.700306520501172	0.60728326209911	0.6199851710673	0.607283262099125
1	1.092477192941	1.13623320472505	1.092477192941	1.092477192941	1.13623320472506	1.20623010294811	1.13623320472506	1.13623320472505	1.20623010294812	1.51820420769301	1.20623010294812	1.092477192941	1.13623320472506	1.20623010294811	1.13623320472506	0.948679619027734	0.700306389423863	0.607283194115031	0.700306389423865	0.700306389423874	0.60728319411506	0.619985049137158	0.607283194115048	0.607283194115032	0.619985049137163	0.90929842694479	0.619985049137164	0.700306389423876	0.607283194115048	0.619985049137159	0.607283194115063
