1	1.41775164230563	1.42702331675497	1.41775164230563	1.41510791911954	1.51534635439689	1.7095726274497	1.51535700524671	1.83438189262867	1.67748298797858	1.70522099887076	1.67748298797858	1.41510791911954	1.51535700524671	1.7095726274497	1.51534635439689	1.46967869493025	0.864323596352272	0.605191606186935	0.864323596352277	0.899372910498659	0.692711888528541	0.671851882053895	0.692718870426284	0.96156966213922	0.65761941124388	0.577107350801422	0.657619411243882	0.899372910498664	0.692718870426284	0.671851882053896	0.692711888528546
1	1.46251197234843	1.464587983724	1.46251197234843	1.46139776906928	1.56442950713768	1.77091168235697	1.56444048032455	1.93229417684037	1.73162219105787	1.75981052229816	1.73162219105787	1.46139776906928	1.56444048032455	1.77091168235697	1.56442950713768	1.52014543959117	0.840399923506515	0.57934872440821	0.84039992350652	0.884597851386689	0.66994279798066	0.645383903126217	0.669949222730203	0.953611118184188	0.628505598849277	0.551605803045931	0.628505598849279	0.884597851386694	0.669949222730203	0.645383903126219	0.669942797980666
1	1.49172591133376	1.48589780485975	1.49172591133376	1.49544311215007	1.59504291276389	1.80441737606067	1.59505378459099	2.00317491359434	1.75977010848247	1.78815874328883	1.75977010848248	1.49544311215006	1.59505378459099	1.80441737606067	1.59504291276389	1.56580963852682	0.822722547046996	0.562980537021673	0.822722547047002	0.874227915094867	0.655631854985978	0.629664571105182	0.655637785577678	0.951715268452387	0.610771467922752	0.537599351514388	0.610771467922755	0.874227915094873	0.655637785577678	0.629664571105183	0.655631854985984
1	1.50988625114253	1.49731040040074	1.50988625114252	1.52005764281998	1.61383287595754	1.8219287384603	1.61384339805137	2.05521135324355	1.77322602552594	1.80251169261326	1.77322602552594	1.52005764281998	1.61384339805137	1.8219287384603	1.61383287595755	1.60712831438837	0.809877131245988	0.552684386026418	0.809877131245994	0.867385326984509	0.646866333912423	0.620267297289825	0.646871822175197	0.953753437679367	0.599830499961699	0.529841319303257	0.599830499961701	0.867385326984515	0.646871822175197	0.620267297289827	0.64686633391243
1	1.52056262011549	1.50289553945031	1.52056262011549	1.53775775355987	1.62528645596586	1.83047008789355	1.62529649526206	2.09455263074379	1.77862501686177	1.80949007658117	1.77862501686177	1.53775775355987	1.62529649526206	1.83047008789355	1.62528645596586	1.64451499837154	0.800558705963551	0.546143049373224	0.800558705963558	0.863147777970528	0.641588682418241	0.614488150572597	0.641593770631474	0.958170478873741	0.592861727170104	0.525423342548848	0.592861727170107	0.863147777970534	0.641593770631474	0.614488150572599	0.641588682418248
1	1.52633566259299	1.50513426189674	1.52633566259299	1.55052954513562	1.63226418982831	1.83404975318977	1.63227368417014	2.12544443186253	1.77972036124792	1.81259617648584	1.77972036124793	1.55052954513562	1.63227368417014	1.83404975318977	1.63226418982832	1.67834386897564	0.793733023087396	0.541886966811095	0.793733023087403	0.860737748104016	0.638453615152658	0.610762960195205	0.638458338140795	0.96392211538529	0.588217125958985	0.522795557854814	0.588217125958987	0.860737748104022	0.638458338140795	0.610762960195207	0.638453615152665
1	1.5289789635047	1.50550029341481	1.5289789635047	1.55984346008261	1.63653593616945	1.83491544966311	1.63654486521007	2.15068952558379	1.77859650095538	1.81367446750926	1.77859650095538	1.5598434600826	1.63654486521007	1.83491544966312	1.63653593616945	1.70895349690791	0.78864061410397	0.539017952871355	0.788640614103976	0.859562065741971	0.636617095160814	0.608210145428752	0.63662148221395	0.970340951295767	0.584954769539727	0.521142827927756	0.584954769539729	0.859562065741978	0.63662148221395	0.608210145428754	0.636617095160821
1	1.52967460608003	1.50485526951505	1.52967460608003	1.56674880792866	1.63917904233976	1.83431923377013	1.6391874095897	2.17209363199648	1.77639923627794	1.81370052484954	1.77639923627794	1.56674880792866	1.6391874095897	1.83431923377013	1.63917904233977	1.73665023361319	0.784747397511635	0.536997392738775	0.784747397511641	0.85919300785054	0.63556166899493	0.606338081894127	0.635565745403723	0.977014278123811	0.582538959019784	0.520035661860152	0.582538959019786	0.859193007850546	0.635565745403722	0.606338081894129	0.635561668994937
1	1.52919427652484	1.50369698136897	1.52919427652484	1.57197781110729	1.64084351756872	1.83295768747185	1.6408513396837	2.19080642452478	1.77375302051238	1.81319458554142	1.77375302051238	1.57197781110729	1.6408513396837	1.83295768747185	1.64084351756872	1.76171127734152	0.781687257299918	0.535504983198569	0.781687257299925	0.859333141904065	0.634974234139287	0.604872971156576	0.634978022279807	0.983693515943345	0.580663102282825	0.519245200863268	0.580663102282828	0.859333141904071	0.634978022279807	0.604872971156578	0.634974234139294
1	1.52803383954985	1.50230957187889	1.52803383954985	1.57603450240007	1.64191975375753	1.83121874967489	1.64192705428022	2.20755776768771	1.77099399264294	1.81243645443205	1.77099399264294	1.57603450240007	1.64192705428022	1.83121874967489	1.64191975375754	1.78438744744181	0.779212850041831	0.53435042250912	0.779212850041838	0.859780964726982	0.634666704969959	0.60366154414247	0.634670225075859	0.990232968674631	0.579149042459791	0.518647275504021	0.579149042459794	0.859780964726989	0.634670225075859	0.603661544142472	0.634666704969965
1	1.52650749529113	1.50085266481934	1.52650749529113	1.57926317063965	1.64264176614673	1.82931864797836	1.64264857189469	2.22281321479907	1.76829893474087	1.81157746855402	1.76829893474087	1.57926317063965	1.64264857189469	1.82931864797836	1.64264176614673	1.80490569464633	0.777158216051229	0.533420042548424	0.777158216051236	0.860402821411388	0.634526501988514	0.602617087552291	0.634529772610129	0.996550349860921	0.577890798226397	0.518172903225521	0.577890798226399	0.860402821411395	0.634529772610129	0.602617087552293	0.634526501988521
1	1.52481144700357	1.49941370606958	1.52481144700357	1.58189824092079	1.64314979677274	1.82737766801071	1.64315613575925	2.23687343076362	1.76575651867024	1.81069937296202	1.76575651867024	1.58189824092079	1.64315613575925	1.82737766801071	1.64314979677274	1.82347137246958	0.775412071252816	0.532645154743436	0.775412071252823	0.861111789860352	0.634486320311346	0.601689731667784	0.634489358587642	1.00260202339692	0.576823289611782	0.51778263052026	0.576823289611785	0.861111789860359	0.634489358587642	0.601689731667786	0.634486320311353
1	1.52306605174909	1.49803852547591	1.52306605174909	1.5840994507837	1.64352796096029	1.82546217043455	1.64353386121284	2.24993667200528	1.76340676314309	1.80984569293947	1.7634067631431	1.5840994507837	1.64353386121284	1.82546217043455	1.64352796096029	1.84027029245533	0.773899412435134	0.531983468484883	0.773899412435141	0.861852530601472	0.634505899088279	0.600850116322845	0.634508720967771	1.00836771792257	0.575904925921178	0.517453094673446	0.575904925921181	0.861852530601479	0.634508720967771	0.600850116322847	0.634505899088286
1	1.52134333759341	1.49674912461381	1.52134333759341	1.5859761384096	1.64382678634061	1.82360800858217	1.64383227524109	2.26213764295665	1.76126298088227	1.80903870985481	1.76126298088227	1.58597613840961	1.64383227524109	1.82360800858218	1.64382678634061	1.85547058384108	0.772569137493618	0.531408241784874	0.772569137493626	0.862590731923481	0.634561105688362	0.600080390008695	0.634563726054063	1.01384117510212	0.575107853493667	0.517169885180351	0.575107853493669	0.862590731923488	0.634563726054063	0.600080390008697	0.634561105688369
1	1.5196847913093	1.49555400895298	1.5196847913093	1.58760377597837	1.64407668082991	1.82183366925324	1.64408178475361	2.27357151200092	1.75932404598589	1.80828879619094	1.75932404598589	1.58760377597837	1.64408178475361	1.82183366925324	1.64407668082992	1.86922437625199	0.771385839877078	0.530901959735185	0.771385839877085	0.863305901585335	0.634637424601973	0.599369226419653	0.634639857368955	1.0190244554801	0.574412443268652	0.516923688613032	0.574412443268655	0.863305901585342	0.634639857368954	0.599369226419656	0.63463742460198
1	1.51811277202315	1.49445417873287	1.51811277202315	1.58903511411723	1.64429597791446	1.8201477053408	1.64430072203985	2.28430870310591	1.75758127921523	1.80759963014172	1.75758127921523	1.58903511411723	1.64430072203985	1.82014770534081	1.64429597791447	1.8816693222653	0.770324425294331	0.530452649731249	0.770324425294338	0.863986514505833	0.63472608051361	0.598709047889713	0.634728338686308	1.02392447846916	0.573804137518188	0.516708169106363	0.573804137518191	0.863986514505839	0.634728338686308	0.598709047889715	0.634726080513617
1	1.51663779124704	1.49344659412627	1.51663779124704	1.59030764301314	1.64449574678103	1.81855297579485	1.64450015500147	2.29440399108427	1.75602231998686	1.80697115044961	1.75602231998686	1.59030764301314	1.64450015500147	1.81855297579485	1.64449574678103	1.89292997508361	0.769366603865032	0.530051728047637	0.769366603865039	0.864626782663106	0.634821730733638	0.598094467016475	0.63482382647375	1.02855092031111	0.573271619570218	0.516518781125559	0.57327161957022	0.864626782663113	0.634823826473749	0.598094467016477	0.634821730733645
1	1.51526313182913	1.49252617107491	1.51526313182913	1.59144856502878	1.64468267325579	1.81704908553332	1.64468676814986	2.3039020922246	1.75463329910912	1.80640125096118	1.75463329910912	1.59144856502878	1.64468676814986	1.81704908553332	1.64468267325579	1.90311903510515	0.768498613781204	0.529692735119258	0.768498613781211	0.865224524927602	0.634921091040577	0.597521404824994	0.634923035703523	1.03291493587864	0.572805732580664	0.516352091594461	0.572805732580667	0.865224524927609	0.634923035703523	0.597521404824997	0.634921091040584
1	1.51398776324291	1.49168692216005	1.51398776324291	1.59247810009579	1.64486078955626	1.81563380159962	1.64486459239881	2.31284110297913	1.75340004675426	1.80588676099888	1.75340004675426	1.59247810009579	1.64486459239881	1.81563380159962	1.64486078955626	1.91233847786727	0.767709746770079	0.529370586933986	0.767709746770086	0.865779774246423	0.635022116356618	0.596986587299395	0.635023920565902	1.03702838039996	0.572398827110935	0.516205385186359	0.572398827110938	0.86577977424643	0.635023920565902	0.596986587299398	0.635022116356624
1	1.51280817099362	1.49092260002391	1.51280817099362	1.5934116809324	1.64503251610107	1.81430388177181	1.64503604689346	2.32125461838746	1.75230874960665	1.80542401508985	1.75230874960665	1.5934116809324	1.64503604689346	1.81430388177181	1.64503251610107	1.9206805746519	0.766991392504083	0.52908112682	0.76699139250409	0.866293874916758	0.635123511505599	0.596487255061041	0.635125185168813	1.04090333515247	0.572044357254991	0.51607642971005	0.572044357254993	0.866293874916765	0.635125185168813	0.596487255061043	0.635123511505606
1	1.51171949646576	1.49022705158062	1.51171949646576	1.59426141228585	1.64519929129909	1.81305556280378	1.64520256880945	2.32917304065691	1.75134629241379	1.80500918355677	1.75134629241379	1.59426141228585	1.64520256880945	1.81305556280378	1.64519929129909	1.92822881596752	0.766336417390223	0.528820852644905	0.766336417390231	0.866768903151674	0.635224438391602	0.596020994077444	0.635225990752516	1.04455181863862	0.571736622865265	0.51596333354828	0.571736622865267	0.866768903151681	0.635225990752516	0.596020994077447	0.635224438391609
1	1.51071624040674	1.48959440451109	1.51071624040674	1.59503704375811	1.64536195389939	1.81188484965838	1.64536499571268	2.33662439094288	1.75050041869619	1.80463846239317	1.75050041869619	1.59503704375811	1.64536499571268	1.81188484965838	1.6453619538994	1.93505874715026	0.76573875830062	0.528586747024741	0.765738758300627	0.867207299689745	0.635324340368729	0.595585635578036	0.635325780044768	1.04798561150739	0.571470599025352	0.515864456838211	0.571470599025354	0.867207299689752	0.635325780044768	0.595585635578038	0.635324340368736
1	1.50979269121401	1.48901915699375	1.50979269121401	1.59574662175141	1.64552097624667	1.81078768728165	1.64552379881953	2.34363481639463	1.74975978836693	1.80430817967155	1.74975978836693	1.59574662175141	1.64552379881953	1.81078768728165	1.64552097624667	1.94123872444704	0.765193154242726	0.528376168454038	0.765193154242734	0.867611640578125	0.635422836568831	0.595179195865143	0.635424171593061	1.0512161516883	0.571241818586885	0.515778354535918	0.571241818586888	0.867611640578132	0.635424171593061	0.595179195865145	0.635422836568838
1	1.50894318033792	1.48849621216237	1.50894318033792	1.596396929869	1.64567660735023	1.80976006241623	1.64567922606785	2.35022891038021	1.74911397739524	1.80401485220547	1.74911397739524	1.596396929869	1.64567922606785	1.80976006241624	1.64567660735023	1.94683059914778	0.764694966594541	0.528186778860992	0.764694966594549	0.867984497478826	0.635519658106218	0.594799839272795	0.635520895960934	1.05425447321524	0.571046287677787	0.515703738679799	0.57104628767779	0.867984497478833	0.635520895960934	0.594799839272798	0.635519658106225
1	1.50816222957733	1.48802088154972	1.50816222957733	1.59699378976455	1.64582896115093	1.80879806336221	1.64583139038381	2.35642991835668	1.74855344581989	1.80375521252802	1.7485534458199	1.59699378976455	1.64583139038381	1.80879806336221	1.64582896115093	1.951890336614	0.76424005629658	0.528016493255792	0.764240056296588	0.868328355543365	0.635614609373144	0.594445854662898	0.635615757024636	1.05711117250113	0.570880422220074	0.515639452408743	0.570880422220077	0.868328355543372	0.635615757024635	0.594445854662901	0.635614609373151
1	1.50744463119262	1.48758887169054	1.50744463119262	1.59754226973484	1.64597807131389	1.80789791423889	1.64598032447281	2.36225987394352	1.74806948946639	1.80352621822972	1.74806948946639	1.59754226973484	1.64598032447281	1.80789791423889	1.64597807131389	1.95646857639887	0.763824697836182	0.527863443056045	0.763824697836189	0.868645568011132	0.635707544412001	0.59411563988401	0.635708608338211	1.05979639205253	0.570740998239108	0.5155844513019	0.570740998239111	0.868645568011139	0.635708608338211	0.594115639884013	0.635707544412008
1	1.50678548662246	1.48719626212901	1.50678548662246	1.59804683208296	1.64612392544619	1.80705599365098	1.64612601503673	2.36773969260974	1.74765418430535	1.80332505093081	1.74765418430535	1.59804683208296	1.64612601503672	1.80705599365098	1.64612392544619	1.96061113906498	0.76344551714769	0.527725948101466	0.763445517147698	0.86893833394258	0.635798352341587	0.593807690961871	0.635799338568192	1.06231981540306	0.570625111539186	0.515537789379653	0.570625111539189	0.868938333942588	0.635799338568192	0.593807690961873	0.635798352341594
1	1.50618022001846	1.48683947960052	1.50618022001846	1.59851143959262	1.64626648658018	1.80626884374358	1.64626842425857	2.37288923980813	1.74730032860992	1.80314910930609	1.74730032860992	1.59851143959262	1.64626842425857	1.80626884374358	1.64626648658019	1.96435948477184	0.763099445235078	0.527602494385514	0.763099445235085	0.869208690323309	0.63588694824937	0.593520594114615	0.635887862386308	1.06469066935393	0.570530143987099	0.515498608139348	0.570530143987101	0.869208690323316	0.635887862386307	0.593520594114617	0.635886948249378
1	1.50562457675496	1.48651527110593	1.50562457675496	1.59893963445831	1.64640570671368	1.80553317329149	1.64640750333986	2.37772738387369	1.74700138583267	1.80299599884663	1.74700138583267	1.59893963445832	1.64640750333986	1.80553317329149	1.64640570671368	1.96775112822316	0.76278368227141	0.527491715704251	0.762783682271418	0.869458512872879	0.63597326738858	0.593253019485574	0.635974114651619	1.06691773102995	0.570453734644662	0.515466127626462	0.570453734644665	0.869458512872887	0.635974114651619	0.593253019485577	0.635973267388587
1	1.50511461325223	1.48622067738999	1.50511461325224	1.59933459843415	1.64654153534532	1.80484585706766	1.64654320103079	2.38227203997057	1.74675142979749	1.80286351999365	1.74675142979749	1.59933459843415	1.64654320103079	1.80484585706766	1.64654153534532	1.97082001412655	0.76249566882756	0.527392378103605	0.762495668827567	0.869689521929044	0.636057261355032	0.593003715934378	0.636058046586469	1.06900933814204	0.570393754609437	0.515439638928213	0.57039375460944	0.869689521929051	0.636058046586469	0.593003715934381	0.636057261355039
1	1.50464668267338	1.48595300836385	1.50464668267338	1.5996991989801	1.64667392515062	1.8042039332676	1.64667546935077	2.38654020732242	1.74654509283557	1.80274965572404	1.74654509283557	1.59969919898011	1.64667546935077	1.8042039332676	1.64667392515062	1.97359685692362	0.762233062047168	0.527303367021268	0.762233062047175	0.869903289089351	0.636138896402489	0.592771506328962	0.636139624277897	1.07097340204464	0.570348284859488	0.515418497639034	0.57034828485949	0.869903289089358	0.636139624277896	0.592771506328964	0.636138896402496
1	1.50421741501015	1.48570981647681	1.50421741501015	1.60003603086347	1.64680283420855	1.80360459741871	1.64680426569885	2.39054801221922	1.74637751836866	1.80265255858889	1.74637751836867	1.60003603086348	1.64680426569885	1.80360459741871	1.64680283420855	1.97610944819043	0.761993715583375	0.527223672989099	0.761993715583383	0.870101255575696	0.636218147543111	0.592555284272986	0.636218822068027	1.07281741875708	0.570315596129081	0.515402118398772	0.570315596129084	0.870101255575704	0.636218822068027	0.592555284272988	0.636218147543119
1	1.50382370375627	1.48548887969053	1.50382370375627	1.60034744176653	1.64692822929773	1.80304520034498	1.646929556231	2.3943107283691	1.74624431477791	1.80257053929806	1.74624431477791	1.60034744176653	1.646929556231	1.80304520034498	1.64692822929773	1.97838293478488	0.761775661554381	0.527152385660568	0.761775661554389	0.870284727773774	0.636295004518347	0.592354008658054	0.636295629694195	1.07454848877665	0.570294131691364	0.51538996929788	0.570294131691367	0.870284727773782	0.636295629694195	0.592354008658057	0.636295004518354
1	1.50346268248133	1.48528817602127	1.50346268248134	1.60063556448966	1.64705008588467	1.80252323866625	1.64705131582262	2.39784282647463	1.74614151599554	1.8025020540419	1.74614151599555	1.60063556448966	1.64705131582262	1.80252323866625	1.64705008588467	1.98044007052498	0.761577095951329	0.527088679473476	0.761577095951337	0.870454904173438	0.636369462109844	0.592166702230229	0.636370041394057	1.07617332685902	0.570282490732027	0.515381567873888	0.57028249073203	0.870454904173446	0.636370041394056	0.592166702230231	0.636369462109851
1	1.50313171225037	1.48510586999477	1.50313171225038	1.60090233409398	1.64716838953373	1.80203635208648	1.64716952950389	2.40115799208504	1.74606554192888	1.8024456941644	1.74606554192888	1.60090233409398	1.64716952950389	1.80203635208648	1.64716838953374	1.98230144391665	0.761396363529558	0.527031809911018	0.761396363529566	0.870612869718834	0.636441527363158	0.591992446057414	0.636442064208103	1.0776982824509	0.570279414261044	0.515376476347914	0.570279414261047	0.870612869718841	0.636442064208103	0.591992446057417	0.636441527363166
1	1.50282836031817	1.48494029155293	1.50282836031817	1.60114951181622	1.6472831353202	1.80158231393648	1.64728419187554	2.40426917069019	1.74601316493125	1.80240017482268	1.74601316493126	1.60114951181622	1.64728419187554	1.80158231393648	1.64728313532021	1.98398568421039	0.761231945353053	0.52698110189825	0.76123194535306	0.87075961756562	0.636511212023802	0.591830377825239	0.636511709541416	1.07912935112549	0.570283771095117	0.515374298251612	0.57028377109512	0.870759617565628	0.636511709541416	0.591830377825241	0.636511212023809
1	1.50255038768452	1.48478992347086	1.50255038768452	1.60137870057051	1.64739432792607	1.80115902782758	1.64739530714525	2.40718859215094	1.74598147791044	1.80236432624528	1.74598147791044	1.60137870057051	1.64739530714525	1.80115902782758	1.64739432792608	1.98550964784916	0.761082450586134	0.526935945836303	0.761082450586141	0.870896052431715	0.636578534846597	0.591679689021463	0.636578995897453	1.08047219357805	0.570294547805403	0.515374674764139	0.570294547805405	0.870896052431723	0.636578995897453	0.591679689021465	0.636578534846605
1	1.50229573312794	1.48465338639856	1.50229573312794	1.60159136041221	1.6475019809555	1.80076452012654	1.64750288847185	2.40992780428418	1.74596786500736	1.80233708378897	1.74596786500737	1.60159136041221	1.64750288847185	1.80076452012654	1.64750198095551	1.98688858717327	0.760946602142499	0.52689579027227	0.760946602142506	0.871022998220269	0.636643521006973	0.591539620750132	0.636643948243583	1.08173214947517	0.570310835866358	0.515377281463937	0.570310835866361	0.871022998220277	0.636643948243583	0.591539620750134	0.63664352100698
1	1.50206249949491	1.48452942639076	1.50206249949492	1.60178882214699	1.64760611675046	1.80039693409973	1.64760695778599	2.41249770417903	1.74596997504058	1.8023174797086	1.74596997504058	1.60178882214699	1.64760695778599	1.80039693409973	1.64760611675047	1.98813630307094	0.760823229050747	0.526860136590741	0.760823229050754	0.871141206316055	0.636706200890418	0.591409461636126	0.636706596775173	1.08291425310806	0.570331822587333	0.515381825401281	0.570331822587336	0.871141206316063	0.636706596775173	0.591409461636128	0.636706200890425
1	1.50184894085543	1.4844169033398	1.50184894085543	1.60197229953515	1.64770676573023	1.80005452392929	1.64770754512745	2.41490856871609	1.74598569716897	1.80230463517995	1.74598569716898	1.60197229953516	1.64770754512745	1.80005452392929	1.64770676573023	1.98926528310225	0.760711257317935	0.526828533968618	0.760711257317942	0.871251362130159	0.63676660954281	0.591288544973553	0.636766976362399	1.08402324820834	0.570356781897067	0.515388042387328	0.57035678189707	0.871251362130166	0.636766976362399	0.591288544973556	0.636766609542817
1	1.50165345071875	1.48431478059166	1.50165345071875	1.60214290026367	1.64780396579766	1.79973564905234	1.64780468804832	2.4171700844893	1.74601313874417	1.80229775302985	1.74601313874418	1.60214290026367	1.64780468804832	1.79973564905234	1.64780396579766	1.9902868264788	0.760609702325105	0.526800574864351	0.760609702325113	0.871354091298446	0.636824786066912	0.591176246289367	0.636825125943861	1.08506360256675	0.570385066270617	0.515395694494647	0.570385066270619	0.871354091298453	0.63682512594386	0.591176246289369	0.636824786066919
1	1.50147455108925	1.48422211545995	1.50147455108925	1.60230163581986	1.6478977616647	1.79943876860732	1.64789843093569	2.41929137696321	1.74605060506326	1.80229611093797	1.74605060506326	1.60230163581986	1.64789843093569	1.79943876860732	1.6478977616647	1.99121115715006	0.760517661428287	0.526775890912808	0.760517661428294	0.87144996519225	0.63688077309396	0.591071980869695	0.636881087997765	1.08603952212959	0.570416099211199	0.515404567768842	0.570416099211202	0.871449965192257	0.636881087997765	0.591071980869697	0.636880773093967
1	1.50131088234991	1.4841380506307	1.50131088234991	1.60244943038797	1.6479882041916	1.79916243608102	1.64798882434858	2.42128103880889	1.7460965808842	1.80229905516741	1.74609658088421	1.60244943038797	1.64798882434858	1.79916243608102	1.64798820419161	1.99204752612806	0.760434307247343	0.526754149210455	0.760434307247351	0.871539505927007	0.636934616291128	0.59097520143471	0.636934908049015	1.08695496466021	0.57044936843762	0.515414470115943	0.570449368437623	0.871539505927014	0.636934908049015	0.590975201434712	0.636934616291136
1	1.50116119395116	1.48406180637792	1.50116119395116	1.60258712888834	1.64807534974473	1.79890529419171	1.64807592437381	2.42314715738021	1.74614971358799	1.8023059947897	1.74614971358799	1.60258712888834	1.64807592437381	1.79890529419171	1.64807534974474	1.99280430407464	0.760358881612209	0.526735048961423	0.760358881612216	0.871623190944369	0.636986363886468	0.590885395970433	0.636986634193107	1.08781365293721	0.570484419732602	0.515425229367151	0.570484419732604	0.871623190944376	0.636986634193107	0.590885395970436	0.636986363886475
1	1.50102433577993	1.48399267346865	1.50102433577994	1.60271550423516	1.64815925954448	1.79866606993162	1.64815979197225	2.42489734124294	1.74620879779525	1.80231639632395	1.74620879779525	1.60271550423517	1.64815979197225	1.79866606993162	1.64815925954448	1.99348906507786	0.760290689798504	0.526718318430762	0.760290689798511	0.871701457100867	0.637036066244204	0.590802085594893	0.637036316671278	1.08861908742026	0.570520851262434	0.515436691499409	0.570520851262436	0.871701457100875	0.637036316671278	0.590802085594895	0.637036066244211
1	1.50089925023325	1.48393000675435	1.50089925023325	1.60283526390442	1.64823999906335	1.79844356986535	1.64824049237543	2.42653874575884	1.74627276136798	1.8023297788249	1.74627276136798	1.60283526390442	1.64824049237543	1.79844356986535	1.64823999906336	1.99410866245599	0.760229095434077	0.526703712193133	0.760229095434084	0.871774704419882	0.637083775466432	0.590724822607692	0.63708400747124	1.08937455844259	0.570558308489903	0.515448718998052	0.570558308489906	0.87177470441989	0.637084007471239	0.590724822607694	0.637083775466439
1	1.50078496488124	1.48387321932705	1.50078496488124	1.60294705587531	1.6483176374261	1.79823667560054	1.64831809448433	2.42807809767355	1.74634065263698	1.80234570933073	1.74634065263699	1.60294705587532	1.64831809448433	1.79823667560054	1.64831763742611	1.99466929734784	0.760173515650473	0.526691008639318	0.760173515650481	0.871843299456775	0.637129545019078	0.590653188582202	0.637129759952779	1.09008315786428	0.570596479487946	0.515461189364308	0.570596479487948	0.871843299456783	0.637129759952779	0.590653188582204	0.637129545019085
1	1.50068058571865	1.48382177723163	1.50068058571865	1.60305147400715	1.64839224685718	1.7980443394875	1.64839267031564	2.42952171870429	1.74641162877485	1.80236379868634	1.74641162877485	1.60305147400715	1.64839267031564	1.7980443394875	1.64839224685718	1.99517658077584	0.760123416730795	0.526680007715172	0.760123416730802	0.87190757834765	0.637173429411348	0.590586792593197	0.637173628526614	1.09074779022903	0.570635090708806	0.515473993729762	0.570635090708809	0.871907578347657	0.637173628526614	0.5905867925932	0.637173429411355
1	1.50058529093966	1.48377519465658	1.50058529093966	1.60314906291345	1.64846390215158	1.79786558051613	1.64846429447146	2.43087554812934	1.74648494521206	1.8023836976956	1.74648494521206	1.60314906291345	1.64846429447146	1.79786558051613	1.64846390215158	1.99563558980304	0.760078310072837	0.526670528881966	0.760078310072845	0.871967849589526	0.637215483868452	0.590525269532157	0.637215668326467	1.09137118340635	0.57067390314296	0.515487035609724	0.570673903142962	0.871967849589533	0.637215668326467	0.590525269532159	0.63721548386846
1	1.50049832519377	1.48373302956512	1.50049832519377	1.60324032237015	1.64853268017945	1.79769948040366	1.64853304364289	2.43214516435762	1.74655994599295	1.80240509357549	1.74655994599295	1.60324032237015	1.64853304364289	1.79769948040366	1.64853268017946	1.99605091834608	0.760037748448705	0.526662409257516	0.760037748448713	0.87202439651138	0.637255764080145	0.590468278496324	0.637255934957349	1.09195589872805	0.570712708794733	0.515500229731739	0.570712708794736	0.872024396511388	0.637255934957348	0.590468278496326	0.637255764080153
1	1.50041899430913	1.48369487973776	1.50041899430913	1.60332571131984	1.64859865943287	1.79754517989903	1.64859899615578	2.43333580552647	1.7466360550218	1.80242770671448	1.7466360550218	1.60332571131984	1.64859899615578	1.79754517989904	1.64859865943287	1.99642672315259	0.760001322657184	0.526655501947129	0.760001322657192	0.872077479573832	0.63729432591991	0.590415501308869	0.637294484213944	1.09250434064215	0.570751327546558	0.515513500997861	0.570751327546561	0.87207747957384	0.637294484213944	0.590415501308871	0.637294325919917
1	1.50034666040471	1.48366037915883	1.50034666040471	1.60340565149009	1.6486619195916	1.79740187524156	1.64866223153567	2.4344523890909	1.74671276807658	1.80245128766854	1.74671276807658	1.60340565149009	1.64866223153567	1.79740187524156	1.6486619195916	1.9967667654034	0.759968658303363	0.526649674515681	0.75996865830337	0.872127338371658	0.637331225251417	0.5903666410592	0.637331371887054	1.09301876586998	0.570789604224514	0.51552678349588	0.570789604224516	0.872127338371666	0.637331371887054	0.590366641059202	0.637331225251424
1	1.5002807374204	1.48362919475947	1.5002807374204	1.6034805306869	1.64872254114455	1.79726881484722	1.64872283012834	2.43549953048573	1.74678964558289	1.80247561443792	1.74678964558289	1.6034805306869	1.64872283012834	1.79726881484722	1.64872254114455	1.99707444835564	0.759939413028624	0.52664480762097	0.759939413028631	0.872174193537155	0.637366517693284	0.590321420807033	0.637366653527475	1.09350129211334	0.570827406046758	0.515540019637848	0.570827406046761	0.872174193537162	0.637366653527474	0.590321420807036	0.637366517693292
1	1.50022068695937	1.48360102342655	1.50022068695937	1.60355070576815	1.64878060501725	1.79714529611776	1.64878087272652	2.43648156081405	1.74686630601308	1.80250048992831	1.74686630601309	1.60355070576815	1.64878087272652	1.79714529611776	1.64878060501725	1.99735285140372	0.759913273738407	0.526640793758326	0.759913273738414	0.872218248364728	0.637400258473012	0.590279582265287	0.637400384300066	1.09395390628796	0.570864620184343	0.515553159327697	0.570864620184346	0.872218248364735	0.637400384300066	0.59027958226529	0.637400258473019
1	1.50016601450248	1.48357558932077	1.50016601450248	1.60361650535525	1.64883619226281	1.79703066247955	1.64883644026014	2.43740254366399	1.74694241993335	1.80252573966859	1.74694241993335	1.60361650535525	1.64883644026014	1.79703066247956	1.64883619226281	1.99760476089892	0.759889954309982	0.526637536140722	0.759889954309989	0.872259690386183	0.637432502235096	0.590240884666248	0.637432618790974	1.09437847233833	0.570901151689954	0.51556615924749	0.570901151689957	0.872259690386191	0.637432618790974	0.590240884666251	0.637432502235104
1	1.50011626587478	1.48355264140012	1.50011626587478	1.60367823227993	1.64888938374974	1.79692430052203	1.64888961348344	2.43826629100411	1.7470177045609	1.80255120967155	1.7470177045609	1.60367823227993	1.64888961348344	1.79692430052203	1.64888938374974	1.99783269803613	0.759869193214953	0.52663494766806	0.759869193214961	0.872298692692825	0.637463302933024	0.590205103580656	0.637463410899857	1.09477673861163	0.570936921478204	0.515578982159355	0.570936921478206	0.872298692692832	0.637463410899857	0.590205103580659	0.637463302933032
1	1.50007102403836	1.48353195120887	1.50007102403837	1.60373616581905	1.64894025991457	1.79682563735712	1.64894047272697	2.43907637826687	1.7470919188694	1.80257676452419	1.74709191886941	1.60373616581905	1.64894047272697	1.79682563735712	1.64894025991457	1.99803894408684	0.759850751612465	0.526632950008533	0.759850751612472	0.872335415236794	0.637492713678053	0.590172029922731	0.637492813687812	1.09515034484238	0.570971864644202	0.515591596314541	0.570971864644205	0.872335415236801	0.637492813687812	0.590172029922734	0.637492713678061
1	1.50002990609258	1.48351331082763	1.50002990609258	1.60379056371101	1.64898890050723	1.79673413806485	1.64898909764238	2.43983615857516	1.74716485911346	1.80260228559179	1.74716485911346	1.60379056371101	1.64898909764238	1.79673413806485	1.64898890050724	1.99822556323084	0.759834411324394	0.526631472753116	0.759834411324402	0.87237000591255	0.637520786661045	0.590141468899956	0.637520879299431	1.09550082873465	0.571005928801476	0.51560397487094	0.571005928801479	0.872370005912558	0.63752087929943	0.590141468899958	0.637520786661052
1	1.49999256055562	1.48349653104779	1.49999256055562	1.60384166399941	1.64903538439702	1.79664930334251	1.64903556700781	2.44054877621765	1.74723635481262	1.80262766942177	1.74723635481262	1.60384166399941	1.64903556700781	1.79664930334251	1.64903538439703	1.99839442321525	0.759819973237243	0.526630452661298	0.75981997323725	0.872402601629346	0.637547573038183	0.5901132391362	0.637547658847799	1.09582963218299	0.571039072715416	0.515616095403752	0.571039072715419	0.872402601629353	0.637547658847798	0.590113239136202	0.63754757303819
1	1.49995866482054	1.48348143967536	1.49995866482054	1.60388968669756	1.64907978937119	1.79657066723368	1.64907995852601	2.44121717933824	1.74730626508239	1.80265282624189	1.74730626508239	1.60388968669756	1.64907995852601	1.79657066723369	1.64907978937119	1.99854721404755	0.759807255590331	0.526629832968056	0.759807255590339	0.872433329200847	0.637573122876346	0.590087171744833	0.637573202360023	1.09613810713083	0.571071264945004	0.515627939422166	0.571071264945007	0.872433329200855	0.637573202360023	0.590087171744836	0.637573122876354
1	1.49992792285025	1.48346788002143	1.49992792285025	1.60393483531123	1.64912219198641	1.79649779503876	1.6491223486753	2.44184413193466	1.74737447534717	1.80267767862799	1.74737447534717	1.60393483531124	1.6491223486753	1.79649779503876	1.64912219198641	1.99868546490975	0.759796092627105	0.526629562764174	0.759796092627112	0.872462306227437	0.637597485071088	0.590063109553332	0.63759755869464	1.09642752109554	0.57110248273138	0.515639491964275	0.571102482731382	0.872462306227444	0.637597558694639	0.590063109553335	0.637597485071096
1	1.49990006302199	1.48345570949917	1.49990006302199	1.60397729821496	1.64916266741508	1.7964302813027	1.64916281255544	2.44243222514394	1.74744089434213	1.80270216025278	1.74744089434213	1.60397729821496	1.64916281255544	1.7964302813027	1.64916266741508	1.99881055946294	0.759786333156488	0.526629596428421	0.759786333156496	0.872489641831619	0.637620707310957	0.590040906290016	0.637620775506029	1.09669906236918	0.571132710895348	0.515650741198106	0.571132710895351	0.872489641831626	0.637620775506028	0.590040906290018	0.637620707310965
1	1.49987483617251	1.48344479837398	1.49987483617251	1.60401724991158	1.64920128933547	1.79636774796116	1.64920142377737	2.4429838878962	1.74750545143039	1.80272621477589	1.7475054514304	1.60401724991158	1.64920142377737	1.79636774796117	1.64920128933547	1.99892374969545	0.759777839409296	0.526629893118421	0.759777839409303	0.87251543738355	0.637642836022629	0.590020425897342	0.637642899189082	1.09695384491425	0.571161940934019	0.515661678086684	0.571161940934022	0.872515437383558	0.637642899189082	0.590020425897345	0.637642836022636
1	1.49985201377295	1.48343502860302	1.49985201377295	1.60405485217219	1.64923812981947	1.79630984256231	1.64923825435054	2.44350139692647	1.74756809416168	1.80274979480494	1.74756809416169	1.60405485217219	1.64923825435054	1.79630984256231	1.64923812981947	1.99902616845319	0.759770485833798	0.526630416305488	0.759770485833806	0.872539787111276	0.637663916350778	0.590001541821144	0.637663974859105	1.0971929129703	0.57119017013139	0.51567229606027	0.571190170131393	0.872539787111283	0.637663974859105	0.590001541821147	0.637663916350785
1	1.49983138627108	1.48342629279939	1.49983138627108	1.60409025507971	1.64927325925547	1.7962562366251	1.6492733746055	2.44398688621232	1.7476287860899	1.80277286097306	1.7476287860899	1.60409025507971	1.6492733746055	1.7962562366251	1.64927325925547	1.99911884077749	0.759764158123926	0.526631133356395	0.759764158123933	0.872562778697846	0.63768399212535	0.589984136402631	0.637684046318763	1.09741724538376	0.571217400825946	0.515682590740069	0.571217400825949	0.872562778697853	0.637684046318763	0.589984136402633	0.637683992125358
1	1.49981276154659	1.48341849327205	1.49981276154659	1.60412359797479	1.64930674627131	1.79620662407125	1.64930685311646	2.44444235583676	1.74768750479258	1.80279538107902	1.74768750479259	1.60412359797479	1.64930685311646	1.79620662407125	1.64930674627131	1.99920269416413	0.759758752212915	0.526632015152336	0.759758752212922	0.872584493789132	0.637703105854306	0.589968100258611	0.637703156050794	1.09762775968043	0.57124363969711	0.515692559670124	0.571243639697113	0.872584493789139	0.637703156050794	0.589968100258614	0.637703105854313
1	1.49979596350566	1.48341154116682	1.49979596350567	1.60415501032201	1.64933865768471	1.79616071977441	1.64933875665144	2.4448696803323	1.74774424010244	1.80281732932269	1.74774424010244	1.60415501032201	1.64933875665144	1.79616071977441	1.64933865768472	1.99927856784599	0.75975417344736	0.52663303574554	0.759754173447367	0.872605008486273	0.63772129870851	0.589953331744057	0.63772134520264	1.09782531588887	0.571268897173964	0.515702202090208	0.571268897173967	0.872605008486281	0.63772134520264	0.589953331744059	0.637721298708517
1	1.49978083077395	1.48340535567171	1.49978083077396	1.60418461249634	1.64936905845541	1.79611825817974	1.64936915012411	2.44527061651252	1.74779899250732	1.80283868559571	1.74779899250732	1.60418461249634	1.64936915012411	1.79611825817975	1.64936905845542	1.99934722119238	0.759750335746849	0.526634172047149	0.759750335746857	0.87262439376919	0.637738610525089	0.589939736412264	0.637738653589761	1.0980107201348	0.571293186865849	0.515711518717389	0.571293186865852	0.872624393769198	0.637738653589761	0.589939736412267	0.637738610525096
1	1.49976721555309	1.48339986342722	1.49976721555309	1.60421251631904	1.64939801164362	1.79607899136066	1.64939809655196	2.44564681438532	1.7478517717972	1.80285943454038	1.7478517717972	1.60421251631905	1.64939809655196	1.79607899136066	1.64939801164362	1.99940934130897	0.759747160856311	0.526635403419193	0.759747160856318	0.872642716038899	0.637755079822472	0.589927226958456	0.637755119710505	1.09818472698763	0.571316525051713	0.515720511768322	0.571316525051716	0.872642716038906	0.637755119710505	0.589927226958459	0.637755079822479
1	1.4997549823049	1.48339499737309	1.4997549823049	1.60423882643963	1.64942557844615	1.79604269030561	1.64942565709233	2.44599981089122	1.74790259553347	1.80287956616083	1.74790259553347	1.60423882643964	1.64942565709233	1.79604269030562	1.64942557844615	1.99946554991489	0.759744577810026	0.526636711888405	0.759744577810034	0.872660036989535	0.637770743751697	0.589915721215445	0.637770780697273	1.09834804628741	0.571338930355177	0.515729184006068	0.571338930355179	0.872660036989543	0.637770780697273	0.589915721215447	0.637770743751704
1	1.49974400706536	1.48339069685672	1.49974400706537	1.60426363993905	1.64945181810386	1.79600914051482	1.64945189094938	2.44633105328867	1.74795148816887	1.80289907368641	1.74795148816888	1.60426363993906	1.64945189094938	1.79600914051482	1.64945181810386	1.99951640956476	0.759742522131022	0.526638081305152	0.75974252213103	0.872676414538312	0.637785638182726	0.589905143689208	0.637785672402772	1.09850134163384	0.571360423215963	0.515737539598109	0.571360423215965	0.87267641453832	0.637785672402772	0.58990514368921	0.637785638182733
1	1.49973417632461	1.48338690671675	1.49973417632461	1.60428704738036	1.64947678794107	1.79597814251187	1.64947685541349	2.44664189742308	1.74799847992839	1.80291795391402	1.74799847992839	1.60428704738037	1.64947685541349	1.79597814251187	1.64947678794107	1.99956242927905	0.759740935339984	0.526639497428864	0.759740935339991	0.872691902860286	0.63779979768767	0.589895424245694	0.637799829383152	1.0986452351313	0.5713810255943	0.515745583486593	0.571381025594302	0.872691902860293	0.637799829383152	0.589895424245697	0.637799797687677
1	1.4997253861853	1.48338357681498	1.4997253861853	1.6043091332874	1.64950054337084	1.79594951078498	1.64950060586622	2.44693361369354	1.74804360589248	1.80293620673348	1.74804360589248	1.6043091332874	1.64950060586622	1.79594951078499	1.64950054337084	1.99960406963852	0.759739764447895	0.526640947723428	0.759739764447902	0.872706552677586	0.637813255558938	0.589886497778945	0.637813284916016	1.09878030995358	0.571400760672157	0.515753321290761	0.571400760672159	0.872706552677594	0.637813284916016	0.589886497778947	0.637813255558945
1	1.49971754157817	1.48338066159529	1.49971754157818	1.60432997659042	1.64952313790383	1.79592307281888	1.64952319578908	2.44720739254784	1.74808690517809	1.80295383471562	1.7480869051781	1.60432997659043	1.64952319578908	1.79592307281889	1.64952313790384	1.99964174739388	0.759738961463367	0.526642421178867	0.759738961463375	0.872720411512353	0.637826043833754	0.589878303872357	0.63782607102487	1.09890711277107	0.571419652574484	0.515760759203234	0.571419652574487	0.87272041151236	0.637826071024869	0.58987830387236	0.637826043833761
1	1.4997105555422	1.48337811968093	1.49971055554221	1.60434965103999	1.64954462316717	1.79589866820925	1.64954467678217	2.44746434958527	1.7481284202146	1.80297084275504	1.74812842021461	1.60434965103999	1.64954467678217	1.79589866820925	1.64954462316717	1.99967583963676	0.75973848296751	0.526643908153098	0.759738482967518	0.872733523924085	0.637838193317309	0.589870786486712	0.637838218502194	1.09902615603459	0.571437726135173	0.51576790389672	0.571437726135175	0.872733523924092	0.637838218502194	0.589870786486714	0.637838193317316
1	1.49970434855758	1.48337591350192	1.49970434855759	1.60436822558779	1.64956504892579	1.79587614783643	1.6495650985854	2.44770553030974	1.74816819609869	1.80298723774886	1.74816819609869	1.6043682255878	1.6495650985854	1.79587614783643	1.64956504892579	1.9997066875738	0.759738289703289	0.526645400230455	0.759738289703296	0.872745931720118	0.637849733610586	0.589863893654972	0.637849756937208	1.09913792012448	0.571455006680998	0.515774762434569	0.571455006681	0.872745931720125	0.637849756937208	0.589863893654974	0.637849733610593
1	1.49969884793491	1.48337400895743	1.49969884793491	1.604385764738	1.6495844631111	1.7958553731003	1.64958450910698	2.447931914572	1.74820628002581	1.80300302831288	1.74820628002581	1.604385764738	1.64958450910698	1.7958553731003	1.6495844631111	1.99973459994151	0.759738346218	0.526646890094289	0.759738346218007	0.872757674153482	0.637860693137344	0.589857577204278	0.637860714742765	1.09924285536606	0.571471519850839	0.515781342193414	0.571471519850842	0.87275767415349	0.637860714742765	0.58985757720428	0.637860693137351
1	1.4996939872505	1.48337237510499	1.4996939872505	1.60440232886965	1.64960291185136	1.79583621520281	1.64960295445368	2.4481444207232	1.74824272078601	1.80301822452468	1.74824272078601	1.60440232886965	1.64960295445369	1.79583621520281	1.64960291185137	1.99975985609625	0.759738620520047	0.526648371412279	0.759738620520055	0.872768788099862	0.637871099174375	0.589851792487991	0.637871119185555	1.09934138392213	0.571487291430393	0.515787650790983	0.571487291430396	0.872768788099869	0.637871119185555	0.589851792487994	0.637871099174382
1	1.49968970582948	1.48337098387928	1.49968970582949	1.60441797453363	1.64962043950738	1.79581855448111	1.64962047896642	2.4483439095043	1.74827756832171	1.80303283769577	1.74827756832171	1.60441797453363	1.64962047896642	1.79581855448112	1.64962043950739	1.99978270881011	0.759739083778312	0.52664983873276	0.75973908377832	0.872779308223893	0.637880977881121	0.589846498141776	0.63788099641566	1.0994339015658	0.571502347214624	0.515793696024412	0.571502347214627	0.872779308223901	0.63788099641566	0.589846498141779	0.637880977881128
1	1.49968594826852	1.48336980983389	1.49968594826853	1.60443275472519	1.64963708870934	1.79580227978202	1.64963712525691	2.44853118768707	1.74831087333788	1.80304688016577	1.74831087333789	1.6044327547252	1.64963712525691	1.79580227978202	1.64963708870934	1.99980338680071	0.759739710035171	0.526651287391304	0.759739710035179	0.872789267128805	0.637890354331484	0.589841655850155	0.637890371498315	1.09952077934366	0.571516712883309	0.51579948581339	0.571516712883311	0.872789267128812	0.637890371498315	0.589841655850157	0.637890354331491
1	1.49968266399886	1.48336882990744	1.49968266399886	1.60444671913508	1.64965290039739	1.79578728787985	1.64965293424824	2.44870701148516	1.74834268696226	1.80306036512006	1.74834268696226	1.60444671913508	1.64965293424824	1.79578728787985	1.64965290039739	1.99982209702034	0.759740475953949	0.526652713426194	0.759740475953957	0.872798695496948	0.63789925254507	0.589837230133651	0.637899268445088	1.09960236513305	0.571530413898412	0.515805028151874	0.571530413898414	0.872798695496956	0.637899268445088	0.589837230133654	0.637899252545077
1	1.49967980688319	1.48336802320909	1.49967980688319	1.6044599143803	1.64966791386295	1.7957734829307	1.64966794521599	2.44887208974836	1.74837306044806	1.80307330642567	1.74837306044806	1.6044599143803	1.64966794521599	1.7957734829307	1.64966791386295	1.99983902672717	0.759741360579001	0.526654113502296	0.759741360579009	0.872807622216881	0.637907695519727	0.589833188145963	0.637907710246392	1.09967898510244	0.57154347541232	0.515810331063992	0.571543475412322	0.872807622216888	0.637907710246392	0.589833188145965	0.637907695519734
1	1.49967733484655	1.48336737082417	1.49967733484655	1.60447238421691	1.64968216679255	1.79576077596451	1.64968219583203	2.44902708695527	1.74840204491702	1.8030857184864	1.74840204491702	1.60447238421691	1.64968219583203	1.79576077596451	1.64968216679255	1.9998543453594	0.759742345123858	0.526655484842226	0.759742345123866	0.872816074502626	0.637915705263586	0.589829499488637	0.637915718903465	1.09975094507846	0.571555922193211	0.515815402566797	0.571555922193213	0.872816074502633	0.637915718903465	0.589829499488639	0.637915705263594
1	1.49967520953603	1.48336685563599	1.49967520953603	1.60448416973598	1.64969569531192	1.79574908440926	1.64969572220851	2.44917262601581	1.74842969113667	1.803097616113	1.74842969113667	1.60448416973598	1.64969572220851	1.79574908440926	1.64969569531192	1.99986820623103	0.759743412770804	0.526656825164394	0.759743412770811	0.872824078002035	0.637923302827711	0.58982613603512	0.637923315460983	1.09981853182764	0.571567778559383	0.515820250636672	0.571567778559386	0.872824078002042	0.637923315460983	0.589826136035122	0.637923302827718
1	1.49967339600912	1.48336646216434	1.49967339600912	1.60449530954439	1.64970853403175	1.79573833164807	1.64970855894353	2.44930929089665	1.74845604932997	1.80310901440909	1.74845604932997	1.60449530954439	1.64970855894353	1.79573833164807	1.64970853403175	1.99988074806633	0.759744548493341	0.526658132627019	0.759744548493349	0.872831656898395	0.637930508338222	0.589823071769613	0.637930520039163	1.09988201425608	0.571579068326918	0.515824883181116	0.57157906832692	0.872831656898402	0.637930520039163	0.589823071769615	0.637930508338229
1	1.49967186244658	1.48336617641742	1.49967186244658	1.6045058399317	1.64972071609328	1.79572844660479	1.64972073916668	2.44943762907981	1.74848116901242	1.80311992866959	1.74848116901242	1.6045058399317	1.64972073916668	1.79572844660479	1.64972071609328	1.99989209638821	0.759745738888972	0.526659405777823	0.75974573888898	0.872838834003193	0.637937341028564	0.589820282634658	0.637937351865967	1.09994164453412	0.571589814764708	0.51582930801365	0.571589814764711	0.8728388340032	0.637937351865966	0.58982028263466	0.637937341028571
1	1.49967057988947	1.48336598575765	1.49967057988947	1.6045157950243	1.64973227321485	1.79571936335818	1.6497322945855	2.44955815386556	1.74850509885488	1.80313037429185	1.74850509885488	1.6045157950243	1.6497322945855	1.79571936335819	1.64973227321485	1.99990236477448	0.759746972030562	0.526660643508602	0.75974697203057	0.872845630843024	0.637943819271219	0.589817746391108	0.637943829308795	1.09999765914898	0.571600040559761	0.515833532832947	0.571600040559763	0.872845630843031	0.637943829308794	0.589817746391111	0.637943819271227
1	1.49966952199702	1.48336587877863	1.49966952199702	1.60452520692792	1.64974323573802	1.79571102078128	1.64974325553155	2.44967134652907	1.74852788656843	1.80314036669718	1.74852788656843	1.60452520692792	1.64974325553155	1.79571102078128	1.64974323573802	1.9999116559946	0.759748237327006	0.52666184501445	0.759748237327014	0.872852067739308	0.637949960609155	0.589815442486215	0.637949969905925	1.10005027989137	0.571609767788498	0.515837565204596	0.5716097677885	0.872852067739315	0.637949969905925	0.589815442486217	0.637949960609162
1	1.49966866482481	1.48336584519363	1.49966866482481	1.6045341058595	1.64975363267401	1.79570336220562	1.64975365100678	2.44977765834021	1.74854957880949	1.80314992126272	1.74854957880949	1.6045341058595	1.64975365100678	1.79570336220562	1.64975363267401	1.99992006303823	0.759749525398933	0.526663009756995	0.759749525398941	0.872858163882902	0.637955781786751	0.589813351932156	0.637955790397381	1.1000997147791	0.571619017895898	0.515841412546165	0.571619017895901	0.87285816388291	0.637955790397381	0.589813351932158	0.637955781786758
1	1.49966798662073	1.48336587573342	1.49966798662073	1.60454252026928	1.64976349174951	1.79569633510768	1.64976350872931	2.4498775124551	1.74857022110242	1.80315905326174	1.74857022110243	1.60454252026928	1.64976350872931	1.79569633510769	1.64976349174952	1.99992767004588	0.759750827962797	0.526664137431442	0.759750827962805	0.872863937402889	0.63796129878013	0.589811457191912	0.637961306755258	1.10014615892257	0.571627811679519	0.515845082114489	0.571627811679522	0.872863937402896	0.637961306755257	0.589811457191915	0.637961298780138
1	1.499667467638	1.48336596205349	1.499667467638	1.60455047695395	1.64977283945239	1.79568989081698	1.64977285517904	2.44997130568748	1.74858985777805	1.80316777781232	1.74858985777805	1.60455047695395	1.64977285517904	1.79568989081698	1.64977283945239	1.99993455315105	0.759752137727018	0.526665227936911	0.759752137727026	0.872869405430868	0.637966526827023	0.58980974207398	0.637966534213536	1.10018979533504	0.571636169279359	0.51584858099546	0.571636169279361	0.872869405430875	0.637966534213536	0.589809742073983	0.637966526827031
1	1.49966708996331	1.48336609664931	1.49966708996331	1.60455800116161	1.64978170107653	1.79568398424364	1.64978171564251	2.45005941016767	1.7486085319259	1.80317610983302	1.7486085319259	1.60455800116162	1.64978171564251	1.79568398424364	1.64978170107654	1.99994078124215	0.759753448295748	0.526666281349877	0.759753448295755	0.872874584160548	0.63797148045576	0.589808191633805	0.637971487297099	1.10023079569189	0.571644110171676	0.515851916095757	0.571644110171678	0.872874584160555	0.637971487297098	0.589808191633807	0.637971480455767
1	1.4996668373593	1.48336627277919	1.4996668373593	1.60456511668921	1.64979010076631	1.79567857362479	1.64979011425725	2.45014217489607	1.74862628535878	1.80318406400513	1.74862628535878	1.60456511668921	1.64979011425725	1.7956785736248	1.64979010076631	1.99994641665203	0.759754754082222	0.52666729790034	0.75975475408223	0.872879488903357	0.637976173513845	0.589806792082523	0.637976179850241	1.10026932104152	0.571651653167082	0.515855094136371	0.571651653167084	0.872879488903364	0.637976179850241	0.589806792082525	0.637976173513852
1	1.49966669511992	1.48336648439392	1.49966669511992	1.60457184597298	1.64979806156	1.79567362028821	1.64979807405525	2.45021992719807	1.74864315858812	1.8031916547407	1.74864315858812	1.60457184597298	1.64979807405525	1.79567362028821	1.64979806156001	1.99995151578176	0.759756050228976	0.526668277950482	0.759756050228984	0.872884134140251	0.637980619195498	0.589805530701926	0.637980625064219	1.1003055224714	0.571658816411824	0.515858121647858	0.571658816411826	0.872884134140259	0.637980625064219	0.589805530701929	0.637980619195506
1	1.49966664993783	1.48336672607264	1.49966664993783	1.60457821017264	1.6498056054326	1.79566908843213	1.64980561700563	2.45029297408655	1.74865919080872	1.80319889615579	1.74865919080872	1.60457821017264	1.64980561700563	1.79566908843213	1.64980560543261	1.99995612966514	0.759757332535635	0.526669221975596	0.759757332535643	0.872888533569994	0.637984830068796	0.589804395765482	0.637984835504352	1.10033954173183	0.571665617392049	0.515861004966798	0.571665617392051	0.872888533570001	0.637984835504352	0.589804395765484	0.637984830068803
1	1.49966668978275	1.48336699296453	1.49966668978275	1.60458422924964	1.64981275333752	1.79566494492027	1.64981276405638	2.45036160353785	1.74867441989173	1.80320580204841	1.74867441989173	1.60458422924964	1.64981276405638	1.79566494492027	1.64981275333753	1.99996030447946	0.75975859739296	0.526670130547034	0.759758597392967	0.872892700154372	0.637988818101655	0.589803376465019	0.637988823136015	1.10037151182027	0.571672072940675	0.51586375023381	0.571672072940678	0.872892700154379	0.637988823136015	0.589803376465021	0.637988818101663
1	1.49966680378989	1.48336728073549	1.49966680378989	1.60458992204006	1.64981952524742	1.79566115909093	1.64981953517515	2.45042608568679	1.74868888238484	1.80321238588054	1.74868888238484	1.60458992204006	1.64981953517515	1.79566115909093	1.64981952524743	1.99996408200768	0.75975984172275	0.526671004317026	0.759759841722758	0.872896646160255	0.637992594687457	0.5898024628424	0.637992599350233	1.10040155752866	0.571678199246197	0.515866363392321	0.5716781992462	0.872896646160263	0.637992599350233	0.589802462842403	0.637992594687464
1	1.49966698215776	1.48336758551976	1.49966698215777	1.60459530632255	1.649825940194	1.79565770257934	1.64982594938897	2.45048667394592	1.74870261351862	1.80321866076398	1.74870261351863	1.60459530632255	1.64982594938897	1.79565770257934	1.649825940194	1.99996750005656	0.759761062923436	0.526671844005087	0.759761062923444	0.872900383199196	0.637996170669453	0.589801645726402	0.637996174988066	1.10042979595614	0.57168401186364	0.515868850188698	0.571684011863642	0.872900383199203	0.637996174988066	0.589801645726404	0.63799617066946
1	1.49966721605438	1.48336790387573	1.49966721605438	1.60460039888164	1.64983201630665	1.79565454915225	1.64983202482295	2.45054360605364	1.74871564721823	1.80322463944935	1.74871564721823	1.60460039888164	1.64983202482295	1.79565454915225	1.64983201630665	1.99997059283508	0.759762258820137	0.526672650386029	0.759762258820144	0.872903922264187	0.637999556364809	0.58980091667365	0.63799956036466	1.1004563369894	0.571689525726609	0.515871216172782	0.571689525726612	0.872903922264195	0.637999560364659	0.589800916673652	0.637999556364816
1	1.49966749753145	1.48336823274575	1.49966749753145	1.60460521556691	1.64983777085017	1.79565167455414	1.64983777873789	2.45059710505602	1.74872801611966	1.80323033431817	1.74872801611966	1.60460521556691	1.64983777873789	1.79565167455415	1.64983777085017	1.99997339129681	0.759763427619911	0.526673424279229	0.759763427619918	0.872907273764472	0.63800276158742	0.58980026791434	0.638002765292036	1.10048128375255	0.571694755161093	0.515873466699638	0.571694755161096	0.87290727376448	0.638002765292036	0.589800267914342	0.638002761587427
1	1.49966781944561	1.4833685694195	1.49966781944561	1.60460977134814	1.64984322026117	1.79564905636397	1.6498432275667	2.45064738022633	1.74873975158988	1.80323575737735	1.74873975158988	1.60460977134814	1.6498432275667	1.79564905636397	1.64984322026118	1.9999759234497	0.759764567870338	0.526674166539188	0.759764567870345	0.872910447557775	0.63800579567039	0.589799692301195	0.638005799101562	1.10050473302877	0.571699713899763	0.515875606931443	0.571699713899766	0.872910447557783	0.638005799101562	0.589799692301197	0.638005795670397
1	1.49966817538647	1.48336891150069	1.49966817538647	1.60461408036694	1.64984838018357	1.79564667386215	1.64984838694987	2.45069462792637	1.74875088375024	1.80324092025614	1.74875088375024	1.60461408036694	1.64984838694987	1.79564667386215	1.64984838018358	1.99997821463639	0.759765678422834	0.526674878047105	0.759765678422841	0.872913452980985	0.63800866748726	0.589799183262861	0.63800867066517	1.10052677565514	0.571704415097661	0.515877641840446	0.571704415097664	0.872913452980992	0.63800867066517	0.589799183262863	0.638008667487268
1	1.49966855961052	1.48336925687672	1.49966855961052	1.60461815598502	1.64985326550277	1.79564450790663	1.64985327176964	2.45073903241324	1.74876144150252	1.80324583420488	1.74876144150253	1.60461815598502	1.64985327176964	1.79564450790663	1.64985326550277	1.99998028778783	0.759766758398334	0.526675559703568	0.759766758398342	0.872916298878488	0.638011385472927	0.58979873475984	0.638011388416267	1.10054749689275	0.571708871347896	0.5158795762118	0.571708871347899	0.872916298878496	0.638011388416267	0.589798734759843	0.638011385472934
1	1.49966896698081	1.4833696036911	1.49966896698081	1.6046220108293	1.64985789037883	1.79564254081788	1.64985789618314	2.45078076659515	1.74877145255733	1.80325051009576	1.74877145255733	1.6046220108293	1.64985789618314	1.79564254081788	1.64985789037884	1.99998216365283	0.759767807157345	0.526676212421987	0.759767807157353	0.872918993629312	0.638013957643345	0.589798341244473	0.638013960369428	1.10056697677334	0.571713094698514	0.515881414647435	0.571713094698517	0.872918993629319	0.638013960369428	0.589798341244475	0.638013957643352
1	1.49966939291159	1.48336995031827	1.49966939291159	1.60462565683425	1.64986226827845	1.79564075627177	1.64986227365433	2.45081999273937	1.7487809434641	1.80325495842477	1.7487809434641	1.60462565683425	1.64986227365432	1.79564075627177	1.64986226827845	1.99998386100567	0.759768824271594	0.526676837122964	0.759768824271601	0.872921545172123	0.638016391614922	0.589797997622948	0.638016394139782	1.10058529042429	0.571717096668998	0.51588316156959	0.571717096669001	0.87292154517213	0.638016394139782	0.589797997622951	0.63801639161493
1	1.49966983331782	1.48337029534089	1.49966983331782	1.60462910528149	1.64986641200588	1.79563913920026	1.64986641698495	2.45085686313555	1.74878993964274	1.80325918931533	1.74878993964275	1.60462910528149	1.64986641698495	1.79563913920026	1.64986641200588	1.99998539683404	0.759769809499645	0.526677434729257	0.759769809499652	0.872923961029263	0.638018694622725	0.589797699221013	0.638018696961215	1.10060250837285	0.571720888267645	0.515884821225256	0.571720888267648	0.87292396102927	0.638018696961215	0.589797699221016	0.638018694622732
1	1.49967028456881	1.48337063752895	1.49967028456882	1.60463236683694	1.64987033373263	1.79563767569883	1.64987033834419	2.45089152071702	1.74879846541608	1.80326321252273	1.74879846541609	1.60463236683695	1.64987033834419	1.79563767569883	1.64987033373264	1.99998678650901	0.759770762763564	0.526678006161521	0.759770762763572	0.872926248328889	0.638020873538424	0.589797441751213	0.638020875704301	1.10061869683166	0.571724480008417	0.515886397690248	0.57172448000842	0.872926248328896	0.638020875704301	0.589797441751215	0.638020873538432
1	1.49967074344606	1.48337097582102	1.49967074344606	1.60463545158574	1.64987404502627	1.79563635294079	1.64987404929743	2.45092409964309	1.74880654404336	1.80326703743982	1.74880654404336	1.60463545158574	1.64987404929743	1.7956363529408	1.64987404502627	1.99998804393893	0.759771684129146	0.526678552334484	0.759771684129153	0.872928413826289	0.638022934887077	0.589797221283514	0.638022936893081	1.10063391796588	0.571727881928424	0.515887894873978	0.571727881928426	0.872928413826296	0.638022936893081	0.589797221283516	0.638022934887084
1	1.49967120710444	1.48337130930701	1.49967120710445	1.60463836906487	1.64987755687787	1.79563515909738	1.64987756083376	2.45095472584448	1.74881419775396	1.8032706731033	1.74881419775396	1.60463836906487	1.64987756083376	1.79563515909738	1.64987755687787	1.99998918170857	0.759772573786744	0.526679074153794	0.759772573786751	0.872930463923534	0.638024884863651	0.589797034217136	0.638024886721586	1.10064823014396	0.571731103604708	0.515889316523855	0.57173110360471	0.872930463923542	0.638024886721586	0.589797034217139	0.638024884863658
1	1.49967167303704	1.48337163721265	1.49967167303704	1.60464112829399	1.64988087972869	1.79563408326384	1.64988088339258	2.4509835175345	1.74882144778168	1.80327412820092	1.74882144778168	1.60464112829399	1.64988088339258	1.79563408326384	1.64988087972869	1.99999021120511	0.759773432035361	0.526679572513187	0.759773432035368	0.872932404688469	0.638026729348489	0.589796877255389	0.638026731069281	1.1006616881723	0.571734154171506	0.515890666230287	0.571734154171509	0.872932404688476	0.638026731069281	0.589796877255392	0.638026729348497
1	1.49967213904274	1.48337195888533	1.49967213904274	1.60464373780425	1.6498840234956	1.79563311539054	1.64988402688904	2.451010585688	1.74882831439888	1.80327741107898	1.74882831439888	1.60464373780425	1.64988402688904	1.79563311539054	1.6498840234956	1.9999911427321	0.759774259266941	0.526680048292207	0.759774259266948	0.872934241872159	0.638028473922491	0.589796747381453	0.638028475516263	1.10067434351558	0.571737042336697	0.515891947431218	0.5717370423367	0.872934241872167	0.638028475516263	0.589796747381455	0.638028473922498
1	1.49967260319694	1.48337227378134	1.49967260319694	1.6046462056655	1.64988699759564	1.79563224621928	1.6498870007386	2.45103603449023	1.74883481695068	1.80328052975066	1.74883481695068	1.6046462056655	1.6498870007386	1.79563224621928	1.64988699759565	1.99999198561258	0.759775055953608	0.526680502354152	0.759775055953616	0.872935980925827	0.63803012388127	0.589796641836865	0.638030125357399	1.10068624450288	0.571739776398593	0.515893163417232	0.571739776398596	0.872935980925834	0.638030125357399	0.589796641836868	0.638030123881278
1	1.4996730638245	1.48337258145412	1.4996730638245	1.60464853951178	1.64988981096947	1.79563146722388	1.64988981388044	2.45105996175747	1.74884097388882	1.80328349190433	1.74884097388883	1.60464853951179	1.64988981388044	1.79563146722388	1.64988981096948	1.99999274828238	0.759775822634891	0.526680935544505	0.759775822634898	0.872937627016414	0.638031684249129	0.589796558100725	0.638031685616292	1.10069743652134	0.571742364261859	0.515894317336139	0.571742364261862	0.872937627016422	0.638031685616292	0.589796558100728	0.638031684249136
1	1.4996735194754	1.48337288154384	1.49967351947541	1.60465074656546	1.649892472104	1.79563077055538	1.64989247480008	2.45108245933132	1.74884680280528	1.80328630491251	1.74884680280528	1.60465074656546	1.64989247480008	1.79563077055539	1.649892472104	1.99999343837455	0.759776559907553	0.526681348689505	0.75977655990756	0.872939185041674	0.638033159791995	0.589796493871317	0.638033161058238	1.10070796219728	0.571744813453644	0.515895412198064	0.571744813453647	0.872939185041682	0.638033161058237	0.589796493871319	0.638033159792002
1	1.49967396890224	1.48337317376774	1.49967396890224	1.60465283365975	1.64989498905387	1.7956301489909	1.64989499155095	2.45110361344815	1.74885232046524	1.80328897584075	1.74885232046524	1.60465283365975	1.64989499155095	1.7956301489909	1.64989498905388	1.99999406279577	0.759777268415229	0.526681742595128	0.759777268415237	0.872940659644076	0.6380345550302	0.589796447048257	0.638034556202973	1.10071786156639	0.571747131138822	0.515896450879991	0.571747131138824	0.872940659644084	0.638034556202973	0.589796447048259	0.638034555030207
1	1.49967441103997	1.48337345791156	1.49967441103998	1.60465480726014	1.64989736946232	1.79562959588644	1.64989737177508	2.45112350508551	1.74885754283969	1.80329151145693	1.74885754283969	1.60465480726014	1.64989737177508	1.79562959588644	1.64989736946233	1.99999462779545	0.759777948840405	0.52668211804615	0.759777948840412	0.872942055224326	0.638035874250334	0.589796415716822	0.638035875336539	1.10072717223299	0.571749324135361	0.515897436130769	0.571749324135364	0.872942055224333	0.638035875336539	0.589796415716824	0.638035874250342
1	1.49967484498727	1.48337373382164	1.49967484498727	1.60465667348442	1.64989962058088	1.79562910513289	1.64989962272291	2.45114221028675	1.74886248513722	1.80329391824036	1.74886248513723	1.60465667348442	1.64989962272291	1.79562910513289	1.64989962058088	1.9999951390283	0.759778601896061	0.526682475805574	0.759778601896068	0.872943375953768	0.638037121516916	0.589796398132631	0.638037122522938	1.10073592951962	0.571751398928787	0.51589837057556	0.571751398928789	0.872943375953776	0.638037122522938	0.589796398132633	0.638037121516923
1	1.49967526998972	1.48337400139791	1.49967526998972	1.60465843812167	1.64990174928839	1.79562867111547	1.64990175127231	2.45115980046543	1.74886716183525	1.80329620239125	1.74886716183525	1.60465843812167	1.64990175127231	1.79562867111547	1.64990174928839	1.99999560161092	0.759779228319404	0.526682816614079	0.759779228319411	0.8729446257865	0.638038300683175	0.589796392708311	0.638038301614939	1.10074416660703	0.571753361686717	0.515899256720681	0.571753361686719	0.872944625786508	0.638038301614938	0.589796392708313	0.638038300683182
1	1.49967568542435	1.48337426058743	1.49967568542435	1.60466010665007	1.64990376210915	1.79562828867592	1.64990376394662	2.45117634269058	1.74887158671033	1.80329836983985	1.74887158671033	1.60466010665007	1.64990376394662	1.79562828867593	1.64990376210915	1.99999602017298	0.75977982886516	0.52668314118976	0.759779828865167	0.872945808470485	0.638039415401722	0.589796398000372	0.638039416264705	1.1007519146658	0.57175521827247	0.515900096957917	0.571755218272472	0.872945808470493	0.638039416264705	0.589796398000374	0.638039415401729
1	1.49967609078577	1.48337451137867	1.49967609078577	1.60466168425384	1.64990566523024	1.79562795307765	1.64990566693208	2.45119189995429	1.74887577286784	1.80330042625583	1.74887577286784	1.60466168425384	1.64990566693208	1.79562795307765	1.64990566523025	1.99999639890359	0.759780404300753	0.526683450227903	0.759780404300761	0.872946927558411	0.638040469134373	0.589796412697849	0.638040469933656	1.10075920297938	0.571756974258723	0.515900893569186	0.571756974258726	0.872946927558418	0.638040469933656	0.589796412697852	0.63804046913438
1	1.49967648567338	1.48337475379623	1.49967648567338	1.60466317583905	1.64990746451812	1.79562765997323	1.64990746609434	2.45120653142246	1.74887973277068	1.80330237705737	1.74887973277068	1.60466317583905	1.64990746609434	1.79562765997323	1.64990746451813	1.99999674159322	0.759780955400987	0.526683744401003	0.759780955400994	0.872947986417638	0.638041465161851	0.589796435611091	0.638041465902131	1.10076605905991	0.571758634940277	0.515901648730653	0.571758634940279	0.872947986417646	0.638041465902131	0.589796435611093	0.638041465161859
1	1.49967686977989	1.48337498789626	1.4996768697799	1.6046645860487	1.64990916553445	1.79562740537453	1.64990916699431	2.45122029267005	1.74888347826727	1.80330422742032	1.74888347826727	1.6046645860487	1.64990916699431	1.79562740537453	1.64990916553445	1.99999705167163	0.759781482944353	0.526684024358719	0.759781482944361	0.872948988239961	0.638042406592722	0.589796465662092	0.638042407278357	1.10077250875642	0.571760205346787	0.515902364517172	0.571760205346789	0.872948988239968	0.638042407278357	0.589796465662095	0.638042406592729
1	1.49967724288085	1.48337521376209	1.49967724288085	1.60466591927685	1.64991077355116	1.79562718562478	1.64991077490326	2.45123323590159	1.74888702061851	1.80330598228705	1.74888702061851	1.60466591927686	1.64991077490326	1.79562718562478	1.64991077355116	1.99999733224216	0.759781987708859	0.526684290728114	0.759781987708866	0.872949936050514	0.638043296372222	0.589796501874907	0.638043297007246	1.10077857635672	0.571761690254657	0.515903042906226	0.571761690254659	0.872949936050521	0.638043297007246	0.589796501874909	0.63804329637223
1	1.49967760482515	1.48337543150054	1.49967760482515	1.60466717968208	1.64991229356497	1.795626997373	1.64991229481726	2.45124541015798	1.74889037052404	1.80330764637535	1.74889037052404	1.60466717968208	1.64991229481726	1.795626997373	1.64991229356497	1.99999758611289	0.759782470469305	0.526684544113803	0.759782470469312	0.872950832716554	0.638044137290387	0.589796543367461	0.638044137878536	1.10078428468265	0.571763094198908	0.515903685782093	0.57176309419891	0.872950832716562	0.638044137878536	0.589796543367464	0.638044137290394
1	1.49967795552642	1.48337564123845	1.49967795552642	1.60466837120003	1.64991373031106	1.79562683755001	1.64991373147091	2.45125686151048	1.74889353814743	1.80330922418693	1.74889353814743	1.60466837120003	1.64991373147091	1.79562683755001	1.64991373031106	1.99999781582462	0.759782931993999	0.526684785098306	0.759782931994007	0.872951680955471	0.638044931990037	0.589796589343361	0.638044932534771	1.1007896551797	0.571764421484174	0.515904294939624	0.571764421484177	0.872951680955478	0.638044932534771	0.589796589343363	0.638044931990044
1	1.4996782949553	1.48337584311965	1.4996782949553	1.60466949755547	1.64991508827625	1.79562670334651	1.64991508935048	2.45126763324263	1.74889653314065	1.803310720016	1.74889653314066	1.60466949755547	1.64991508935048	1.79562670334651	1.64991508827625	1.99999802367639	0.759783373042832	0.526685014242336	0.75978337304284	0.872952483342648	0.638045682974167	0.589796639084963	0.638045683478692	1.10079470800082	0.571765676195702	0.51590487208811	0.571765676195705	0.872952483342655	0.638045683478692	0.589796639084966	0.638045682974174
1	1.49967862313233	1.48337603730217	1.49967862313233	1.60467056227351	1.64991637171147	1.79562659219259	1.64991637270641	2.4512777660208	1.74889936466757	1.80331213795739	1.74889936466757	1.60467056227351	1.64991637270641	1.79562659219259	1.64991637171148	1.99999821174844	0.759783794364735	0.52668523208527	0.759783794364743	0.872953242318677	0.6380463926132	0.589796691946361	0.638046393080481	1.10079946208537	0.571766862209528	0.515905418854851	0.57176686220953	0.872953242318684	0.638046393080481	0.589796691946363	0.638046392613207
1	1.49967894012166	1.48337622395586	1.49967894012166	1.60467156869035	1.64991758464376	1.79562650173889	1.64991758556525	2.45128729805436	1.74890204142658	1.80331348191468	1.74890204142658	1.60467156869035	1.64991758556525	1.79562650173889	1.64991758464376	1.99999838192308	0.759784196696366	0.526685439145509	0.759784196696374	0.872953960196437	0.638047063151663	0.589796747347561	0.638047063584452	1.10080393523286	0.571767983202599	0.5159059367888	0.571767983202602	0.872953960196444	0.638047063584452	0.589796747347563	0.638047063151671
1	1.49967924602526	1.48337640326012	1.49967924602526	1.60467251996333	1.64991873088751	1.79562642983912	1.64991873174098	2.45129626524572	1.7489045716724	1.80331475560797	1.7489045716724	1.60467251996334	1.64991873174098	1.79562642983913	1.64991873088752	1.99999853590345	0.759784580760193	0.526685635921019	0.759784580760201	0.872954639167568	0.638047696714768	0.589796804768482	0.638047697115604	1.10080814417241	0.571769042662155	0.515906427363866	0.571769042662157	0.872954639167575	0.638047697115604	0.589796804768484	0.638047696714775
1	1.49967954097782	1.483376575402	1.49967954097782	1.60467341908052	1.64991981405541	1.79562637453394	1.64991981484588	2.4513047013312	1.74890696323703	1.8033159625815	1.74890696323703	1.60467341908052	1.64991981484588	1.79562637453394	1.64991981405542	1.99999867523066	0.759784947263654	0.526685822889789	0.759784947263662	0.872955281308838	0.638048295314456	0.589796863744036	0.638048295685701	1.10081210462776	0.571770043895059	0.515906891982345	0.571770043895062	0.872955281308845	0.638048295685701	0.589796863744039	0.638048295314463
1	1.499679825142	1.48337674057445	1.499679825142	1.60467426886972	1.64992083756866	1.79562633403594	1.64992083830078	2.45131263801317	1.74890922354982	1.80331710621104	1.74890922354982	1.60467426886973	1.64992083830078	1.79562633403595	1.64992083756867	1.99999880129913	0.759785296897764	0.526686000510377	0.759785296897772	0.872955888587976	0.638048860855338	0.589796923859059	0.638048861199182	1.10081583137842	0.571770990036399	0.51590733197798	0.571770990036401	0.872955888587983	0.638048861199182	0.589796923859061	0.638048860855345
1	1.49968009870435	1.48337689897477	1.49968009870435	1.60467507200705	1.64992180466682	1.79562630671599	1.64992180534489	2.45132010508403	1.7489113596568	1.80331818971104	1.7489113596568	1.60467507200705	1.64992180534489	1.79562630671599	1.64992180466682	1.9999989153706	0.759785630336642	0.526686169222414	0.75978563033665	0.872956462869398	0.638049395140181	0.589796984744115	0.638049395458644	1.10081933831689	0.571771884058009	0.515907748619137	0.571771884058011	0.872956462869405	0.638049395458644	0.589796984744118	0.638049395140188
1	1.49968036187146	1.48337705080327	1.49968036187146	1.60467583102499	1.64992271841711	1.79562629109031	1.64992271904512	2.45132713054251	1.74891337823912	1.80331921614153	1.74891337823912	1.60467583102499	1.64992271904512	1.79562629109032	1.64992271841711	1.99999901858674	0.75978594823652	0.526686329447203	0.759785948236528	0.872957005919462	0.638049899875275	0.589797046071228	0.638049900170226	1.10082263850257	0.5717727287764	0.51590814311167	0.571772728776403	0.872957005919469	0.638049900170226	0.58979704607123	0.638049899875282
1	1.49968061486667	1.48337719626205	1.49968061486667	1.60467654832008	1.64992358172333	1.79562628580887	1.64992358230499	2.45133374070285	1.74891528563085	1.80332018841487	1.74891528563085	1.60467654832008	1.64992358230499	1.79562628580887	1.64992358172334	1.99999911198056	0.75978625123558	0.526686481588222	0.759786251235587	0.872957519411607	0.638050376675366	0.589797107550329	0.638050376948546	1.10082574421209	0.571773526860533	0.515908516601857	0.571773526860536	0.872957519411614	0.638050376948546	0.589797107550332	0.638050376675373
1	1.49968085792699	1.48337733555392	1.499680857927	1.60467722616014	1.64992439733428	1.79562628964433	1.649924397873	2.45133996029721	1.74891708783587	1.80332110930214	1.74891708783587	1.60467722616014	1.649924397873	1.79562628964433	1.64992439733429	1.99999919648678	0.75978653995329	0.526686626031736	0.759786539953297	0.872958004931095	0.638050827068529	0.58979716892564	0.638050827321543	1.1008286669869	0.571774280839052	0.515908870179049	0.571774280839055	0.872958004931102	0.638050827321543	0.589797168925642	0.638050827068536
1	1.49968109130048	1.48337746888156	1.49968109130048	1.60467786669114	1.6499251678518	1.79562630148215	1.64992516835075	2.45134581257179	1.74891879054415	1.8033219814395	1.74891879054415	1.60467786669114	1.64992516835075	1.79562630148215	1.64992516785181	1.99999927295117	0.759786814990457	0.52668676314732	0.759786814990464	0.872958463979642	0.638051252500623	0.589797229972708	0.638051252734961	1.10083141767757	0.571774993107408	0.515909204878367	0.571774993107411	0.872958463979649	0.638051252734961	0.58979722997271	0.638051252500631
1	1.49968131524378	1.48337759644658	1.49968131524378	1.60467847194367	1.64992589573837	1.79562632031122	1.64992589620049	2.45135131937705	1.74892039914724	1.80332280733408	1.74892039914725	1.60467847194367	1.64992589620049	1.79562632031122	1.64992589573838	1.99999934213901	0.759787076928843	0.526686893288457	0.75978707692885	0.872958897979677	0.638051654339659	0.589797290495332	0.638051654556697	1.10083400648571	0.571775665934438	0.515909521683163	0.571775665934441	0.872958897979684	0.638051654556697	0.589797290495334	0.638051654339666
1	1.49968153002002	1.48337771844895	1.49968153002003	1.60467904383911	1.64992658332443	1.79562634521534	1.64992658375243	2.45135650125237	1.74892191875317	1.80332358936988	1.74892191875317	1.60467904383911	1.64992658375243	1.79562634521534	1.64992658332443	1.99999940474276	0.759787326331367	0.526687016793052	0.759787326331375	0.872959308278515	0.638052033879839	0.589797350323064	0.638052034080857	1.10083644300309	0.571776301468839	0.515909821527504	0.571776301468842	0.872959308278522	0.638052034080857	0.589797350323067	0.638052033879846
1	1.49968173589695	1.48337783508629	1.49968173589695	1.60467958419543	1.64992723281519	1.79562637536532	1.6499272332116	2.45136137750555	1.74892335420051	1.8033243298133	1.74892335420051	1.60467958419543	1.6499272332116	1.79562637536532	1.64992723281519	1.99999946138898	0.759787563741947	0.526687133984036	0.759787563741954	0.872959696152194	0.638052392345504	0.589797409308625	0.638052392531684	1.10083873624848	0.571776901745175	0.515910105298419	0.571776901745178	0.872959696152201	0.638052392531684	0.589797409308627	0.638052392345512
1	1.4996819331452	1.48337794655341	1.4996819331452	1.6046800947327	1.64992784629726	1.7956264100117	1.64992784666441	2.45136596628736	1.74892471007201	1.80332503081852	1.74892471007201	1.6046800947327	1.64992784666441	1.7956264100117	1.64992784629726	1.99999951264459	0.759787789685818	0.526687245169873	0.759787789685825	0.872960062809227	0.638052730894753	0.589797467325819	0.638052731067193	1.1008408947022	0.571777468689769	0.515910373838198	0.571777468689772	0.872960062809235	0.638052731067192	0.589797467325822	0.63805273089476
1	1.49968212203686	1.48337805304186	1.49968212203686	1.60468057707831	1.64992842574483	1.79562644847802	1.64992842608488	2.4513702846616	1.74892599070745	1.80332569443267	1.74892599070745	1.60468057707831	1.64992842608488	1.79562644847803	1.64992842574483	1.99999955902259	0.759788004669537	0.526687350645122	0.759788004669544	0.872960409394073	0.638053050623013	0.589797524267358	0.638053050782724	1.10084292633864	0.571778004126152	0.515910627946468	0.571778004126155	0.87296040939408	0.638053050782724	0.58979752426736	0.63805305062302
1	1.49968230284418	1.48337815473952	1.49968230284418	1.60468103277192	1.64992897302557	1.79562649015469	1.64992897334052	2.45137434867084	1.74892720021596	1.80332632260078	1.74892720021597	1.60468103277192	1.64992897334052	1.79562649015469	1.64992897302557	1.99999960098714	0.759788209181397	0.526687450690948	0.759788209181404	0.872960736990495	0.638053352566293	0.58979758004309	0.638053352714215	1.10084483865664	0.571778509780402	0.515910868382277	0.571778509780405	0.872960736990502	0.638053352714215	0.589797580043093	0.638053352566301
1	1.49968247583841	1.48337825183032	1.49968247583841	1.6046814632701	1.64992948990627	1.7956265344932	1.64992949019797	2.45137817339812	1.74892834248779	1.80332691717054	1.74892834248779	1.6046814632701	1.64992949019797	1.7956265344932	1.64992948990627	1.99999963895824	0.759788403691541	0.526687545575661	0.759788403691549	0.872961046624682	0.638053637704394	0.589797634578208	0.638053637841394	1.1008466387082	0.571778987286092	0.515911095865992	0.571778987286094	0.87296104662469	0.638053637841394	0.589797634578211	0.638053637704401
1	1.49968264128883	1.48337834449399	1.49968264128883	1.60468186995082	1.64992997805814	1.79562658100096	1.6499299783283	2.45138177302489	1.74892942120544	1.80332747989687	1.74892942120545	1.60468186995082	1.6499299783283	1.79562658100096	1.64992997805814	1.9999996733159	0.759788588652473	0.526687635555197	0.75978858865248	0.87296133926831	0.638053906963853	0.58979768781177	0.63805390709074	1.10084833312529	0.571779438189148	0.515911311081234	0.57177943818915	0.872961339268317	0.63805390709074	0.589797687811772	0.63805390696386
1	1.4996827994619	1.48337843290582	1.4996827994619	1.60468225411757	1.64993043906186	1.79562662923641	1.64993043931208	2.45138516088544	1.74893043985439	1.80332801244627	1.74893043985439	1.60468225411757	1.64993043931208	1.79562662923641	1.64993043906186	1.999999704404	0.759788764499216	0.52668772087364	0.759788764499223	0.872961615841317	0.63805416122083	0.58979773969517	0.638054161338354	1.10084992814517	0.571779863952307	0.515911514676597	0.57177986395231	0.872961615841324	0.638054161338353	0.589797739695173	0.638054161220837
1	1.49968295062051	1.48337851723655	1.49968295062051	1.6046826170034	1.64993087441242	1.7956266788046	1.64993087464417	2.451388349518	1.74893140173318	1.80332851640106	1.74893140173319	1.6046826170034	1.64993087464417	1.7956266788046	1.64993087441242	1.99999973253368	0.759788931649889	0.526687801763658	0.759788931649897	0.872961877214657	0.638054401303725	0.589797790190924	0.638054401412574	1.10085142963401	0.57178026595951	0.515911707267401	0.571780265959513	0.872961877214664	0.638054401412573	0.589797790190926	0.638054401303732
1	1.49968309502336	1.48337859765217	1.49968309502336	1.60468295977464	1.6499312855236	1.79562672935308	1.64993128573825	2.45139135071266	1.74893230996313	1.80332899326333	1.74893230996313	1.60468295977464	1.64993128573825	1.79562672935308	1.6499312855236	1.99999975798647	0.759789090505948	0.526687878447029	0.759789090505955	0.872962124212823	0.63805462799581	0.589797839271398	0.638054628096623	1.10085284310925	0.571780645519975	0.51591188943729	0.571780645519977	0.87296212421283	0.638054628096623	0.589797839271401	0.638054627995817
1	1.49968323292441	1.48337867431392	1.49968323292441	1.60468328353449	1.64993167373236	1.79562678056814	1.64993167393116	2.45139417555645	1.74893316749749	1.80332944445887	1.74893316749749	1.60468328353449	1.64993167393116	1.79562678056815	1.64993167373236	1.9999997810171	0.75978924145276	0.526687951135049	0.759789241452768	0.872962357616312	0.638054842037581	0.58979788691781	0.63805484213095	1.10085417376045	0.571781003872137	0.515912061739834	0.57178100387214	0.872962357616319	0.63805484213095	0.589797886917813	0.638054842037588
1	1.49968336457247	1.48337874737816	1.49968336457247	1.60468358932636	1.64993204030288	1.79562683217137	1.649932040487	2.45139683447565	1.7489339771302	1.80332987134077	1.74893397713021	1.60468358932636	1.649932040487	1.79562683217138	1.64993204030288	1.99999980185608	0.759789384859894	0.526688020028996	0.759789384859902	0.872962578163898	0.638055044129082	0.589797933119137	0.638055044215563	1.10085542646901	0.571781342187306	0.515912224699952	0.571781342187309	0.872962578163905	0.638055044215563	0.58979793311914	0.638055044129089
1	1.49968349021079	1.48337881699637	1.49968349021079	1.60468387813711	1.64993238643046	1.79562688391646	1.64993238660099	2.45139933727553	1.74893474150423	1.80333027519298	1.74893474150423	1.60468387813712	1.64993238660099	1.79562688391646	1.64993238643046	1.99999982071197	0.759789521081706	0.526688085320547	0.759789521081713	0.872962786554851	0.63805523493208	0.589797977871326	0.638055235012178	1.10085660582655	0.571781661573276	0.515912378815388	0.571781661573278	0.872962786554858	0.638055235012177	0.589797977871328	0.638055234932087
1	1.49968361007676	1.48337888331515	1.49968361007676	1.60468415090006	1.64993271324522	1.79562693558626	1.64993271340317	2.45140169317764	1.74893546311944	1.80333065723364	1.74893546311944	1.60468415090006	1.64993271340317	1.79562693558626	1.64993271324522	1.99999983777348	0.759789650457677	0.526688147192206	0.759789650457685	0.872962983450968	0.638055415072108	0.589798021176362	0.638055415146291	1.10085771615234	0.5717819630776	0.515912524558016	0.571781963077602	0.872962983450975	0.638055415146291	0.589798021176365	0.638055415072116
1	1.49968372440171	1.48337894647622	1.49968372440171	1.60468440849783	1.64993302181556	1.79562698699015	1.64993302196185	2.45140391085489	1.74893614434013	1.80333101861833	1.74893614434013	1.60468440849783	1.64993302196185	1.79562698699015	1.64993302181557	1.99999985321137	0.759789773312987	0.526688205817678	0.759789773312994	0.872963169478597	0.638055585140411	0.589798063041631	0.63805558520912	1.10085876150952	0.571782247690853	0.515912662375192	0.571782247690855	0.872963169478604	0.63805558520912	0.589798063041634	0.638055585140419
1	1.49968383341069	1.48337900661647	1.49968383341069	1.60468465176508	1.6499333131515	1.79562703796154	1.649933313287	2.45140599846447	1.74893678740217	1.80333136044313	1.74893678740217	1.60468465176508	1.64993331328699	1.79562703796154	1.64993331315151	1.99999986718016	0.759789889958844	0.526688261362268	0.759789889958852	0.872963345230455	0.638055745695826	0.589798103479163	0.638055745759463	1.10085974572049	0.571782516349571	0.515912792690895	0.571782516349574	0.872963345230462	0.638055745759463	0.589798103479166	0.638055745695833
1	1.49968393732235	1.48337906386797	1.49968393732235	1.6046848814911	1.64993358820779	1.79562708835562	1.64993358833328	2.45140796367879	1.74893739441978	1.80333168374754	1.74893739441978	1.6046848814911	1.64993358833328	1.79562708835562	1.6499335882078	1.99999987981964	0.759790000693081	0.526688313983259	0.759790000693088	0.87296351126743	0.638055897266494	0.589798142505081	0.638055897325433	1.10086067238121	0.571782769939194	0.515912915906991	0.571782769939197	0.872963511267438	0.638055897325433	0.589798142505084	0.638055897266502
1	1.49968403634882	1.48337911835807	1.49968403634883	1.60468509842222	1.64993384788689	1.79562713804731	1.64993384800311	2.4514098137145	1.74893796739197	1.80333198951725	1.74893796739197	1.60468509842222	1.64993384800311	1.79562713804731	1.64993384788689	1.99999989125631	0.759790105800494	0.526688363830265	0.759790105800501	0.872963668120239	0.63805604035155	0.589798180138998	0.638056040406135	1.10086154487478	0.571783009296743	0.515913032404282	0.571783009296746	0.872963668120246	0.638056040406134	0.589798180139	0.638056040351557
1	1.49968413069571	1.48337917020947	1.49968413069572	1.60468530326411	1.64993409304179	1.79562718692933	1.64993409314943	2.45141155535982	1.74893850820866	1.80333227868687	1.74893850820867	1.60468530326411	1.64993409314943	1.79562718692933	1.64993409304179	1.99999990160464	0.759790205553404	0.526688411045574	0.759790205553411	0.872963816291038	0.638056175422668	0.589798216403564	0.638056175473229	1.10086236638413	0.571783235213434	0.515913142543618	0.571783235213437	0.872963816291045	0.638056175473229	0.589798216403566	0.638056175422675
1	1.49968422056204	1.48337921954027	1.49968422056204	1.60468549668398	1.64993432447867	1.7956272349105	1.64993432457838	2.45141319500019	1.74893901865649	1.80333255214243	1.74893901865649	1.60468549668398	1.64993432457838	1.79562723491051	1.64993432447868	1.9999999109682	0.759790300212005	0.526688455764481	0.759790300212012	0.87296395625492	0.638056302925585	0.589798251323964	0.638056302972415	1.10086313990394	0.571783448437115	0.515913246666861	0.571783448437118	0.872963956254927	0.638056302972414	0.589798251323966	0.638056302925593
1	1.49968430614026	1.48337926646411	1.49968430614026	1.60468567931264	1.64993454295947	1.79562728191414	1.64993454305181	2.45141473864234	1.7489395004243	1.80333281072383	1.7489395004243	1.60468567931264	1.64993454305181	1.79562728191415	1.64993454295948	1.99999991944069	0.759790390024887	0.526688498115605	0.759790390024894	0.872964088461354	0.63805642328146	0.589798284927566	0.638056423324837	1.10086386825189	0.571783649674584	0.515913345097903	0.571783649674587	0.872964088461362	0.638056423324836	0.589798284927568	0.638056423281467
1	1.4996843876163	1.48337931109022	1.4996843876163	1.60468585174649	1.64993474920422	1.7956273278766	1.64993474928974	2.45141619193696	1.74893995510839	1.80333305522714	1.74893995510839	1.60468585174649	1.64993474928974	1.7956273278766	1.64993474920422	1.99999992710692	0.759790475229413	0.526688538221193	0.75979047522942	0.872964213335537	0.638056536888254	0.589798317243501	0.638056536928426	1.10086455407916	0.571783839593802	0.515913438143525	0.571783839593805	0.872964213335544	0.638056536928426	0.589798317243503	0.638056536888261
1	1.49968446516961	1.48337935352356	1.49968446516961	1.60468601454931	1.64993494389333	1.79562737274595	1.64993494397254	2.45141756019993	1.74894038421747	1.80333328640678	1.74894038421747	1.60468601454931	1.64993494397254	1.79562737274595	1.64993494389333	1.99999993404362	0.759790556052197	0.526688576197431	0.759790556052204	0.872964331279693	0.638056644121954	0.589798348302385	0.63805664415916	1.1008651998804	0.571784018825999	0.515913526094333	0.571784018826002	0.872964331279701	0.638056644159159	0.589798348302388	0.638056644121962
1	1.49968453897326	1.4833793938649	1.49968453897326	1.60468616825409	1.64993512766977	1.79562741648074	1.64993512774314	2.45141884843236	1.74894078917733	1.80333350497769	1.74894078917734	1.60468616825409	1.64993512774314	1.79562741648075	1.64993512766977	1.9999999403202	0.759790632709469	0.526688612154704	0.759790632709476	0.872964442674279	0.638056745337807	0.589798378135986	0.638056745372269	1.10086580800298	0.571784187967628	0.515913609225538	0.57178418796763	0.872964442674286	0.638056745372269	0.589798378135989	0.638056745337815
1	1.49968460919398	1.48337943221096	1.49968460919399	1.60468631336462	1.64993530114107	1.79562745904896	1.64993530120902	2.45142006133935	1.74894117133536	1.80333371161727	1.74894117133537	1.60468631336462	1.64993530120902	1.79562745904896	1.64993530114107	1.99999994599948	0.759790705407538	0.526688646197882	0.759790705407545	0.872964547879152	0.638056840871424	0.589798406776977	0.638056840903344	1.10086638065581	0.571784347582261	0.51591368779778	0.571784347582264	0.872964547879159	0.638056840903344	0.58979840677698	0.638056840871431
1	1.49968467599235	1.48337946865449	1.49968467599235	1.60468645035714	1.64993546488125	1.79562750042694	1.64993546494419	2.45142120334765	1.74894153196472	1.80333390696729	1.74894153196472	1.60468645035714	1.64993546494419	1.79562750042694	1.64993546488126	1.99999995113831	0.759790774343128	0.526688678426583	0.759790774343135	0.872964647234659	0.638056931039854	0.589798434258695	0.638056931069419	1.10086691991751	0.571784498202364	0.515913762057847	0.571784498202367	0.872964647234666	0.638056931069419	0.589798434258697	0.638056931039861
1	1.49968473952283	1.48337950328444	1.49968473952283	1.60468657968176	1.64993561943266	1.79562754059848	1.64993561949095	2.45142227862224	1.74894187226836	1.80333409163574	1.74894187226836	1.60468657968176	1.64993561949095	1.79562754059848	1.64993561943266	1.99999995578812	0.759790839703832	0.526688708935402	0.759790839703839	0.872964741062683	0.638057016142617	0.589798460614938	0.638057016169998	1.1008674277442	0.57178464033099	0.515913832239431	0.571784640330992	0.87296474106269	0.638057016169998	0.589798460614941	0.638057016142624
1	1.49968479993395	1.483379536186	1.49968479993395	1.60468670176393	1.64993576530768	1.79562757955402	1.64993576536167	2.45142329108194	1.74894219338285	1.80333426619852	1.74894219338285	1.60468670176393	1.64993576536167	1.79562757955402	1.64993576530769	1.99999995999543	0.759790901668426	0.526688737814178	0.759790901668434	0.872964829667627	0.638057096462639	0.589798485879774	0.638057096487997	1.10086790597674	0.571784774443349	0.51591389856376	0.571784774443352	0.872964829667634	0.638057096487997	0.589798485879777	0.638057096462647
1	1.49968485736842	1.4833795674408	1.49968485736843	1.60468681700574	1.64993590299039	1.79562761728984	1.64993590304039	2.45142424441408	1.74894249638192	1.8033344312011	1.74894249638193	1.60468681700574	1.64993590304039	1.79562761728984	1.64993590299039	1.99999996380237	0.759790960407286	0.526688765148186	0.759790960407293	0.87296491333734	0.638057172267167	0.589798510087371	0.638057172290653	1.10086835634755	0.571784900988366	0.515913961240283	0.571784900988368	0.872964913337348	0.638057172290653	0.589798510087374	0.638057172267174
1	1.4996849119633	1.48337959712696	1.4996849119633	1.60468692578719	1.64993603293806	1.7956276538074	1.64993603298438	2.45142514208822	1.74894278227995	1.80333458716006	1.74894278227995	1.60468692578719	1.64993603298438	1.7956276538074	1.64993603293807	1.99999996724703	0.7597910160827	0.526688791018389	0.759791016082707	0.872964992344012	0.638057243808643	0.589798533271868	0.638057243830396	1.10086878048711	0.571785020390074	0.515914020467258	0.571785020390077	0.87296499234402	0.638057243830396	0.58979853327187	0.63805724380865
1	1.49968496385011	1.48337962531925	1.49968496385011	1.60468702846741	1.64993615558269	1.7956276891127	1.64993615562558	2.45142598736916	1.74894305203509	1.8033347345646	1.74894305203509	1.60468702846741	1.64993615562558	1.7956276891127	1.64993615558269	1.99999997036389	0.759791068849246	0.52668881550163	0.759791068849253	0.872965066945012	0.638057311325494	0.589798555467234	0.638057311345644	1.10086917992994	0.571785133048993	0.515914076432352	0.571785133048996	0.87296506694502	0.638057311345643	0.589798555467236	0.638057311325501
1	1.499685013155	1.48337965208918	1.499685013155	1.60468712538575	1.64993627133231	1.79562772321569	1.64993627137204	2.45142678332909	1.74894330655243	1.80333487387794	1.74894330655243	1.60468712538575	1.64993627137204	1.79562772321569	1.64993627133232	1.99999997318414	0.759791118854096	0.526688838670839	0.759791118854104	0.87296513738368	0.638057375042918	0.589798576707162	0.638057375061581	1.10086955612031	0.571785239343405	0.515914129313178	0.571785239343408	0.872965137383687	0.63805737506158	0.589798576707165	0.638057375042925
1	1.49968505999891	1.48337967750513	1.49968505999892	1.6046872168629	1.64993638057237	1.79562775612978	1.64993638060916	2.45142753285903	1.74894354668681	1.80333500553867	1.74894354668681	1.6046872168629	1.64993638060916	1.79562775612979	1.64993638057237	1.999999975736	0.759791166237364	0.526688860595211	0.759791166237372	0.872965203890068	0.638057435173599	0.589798597024969	0.638057435190886	1.10086991041756	0.571785339630572	0.515914179277833	0.571785339630575	0.872965203890075	0.638057435190886	0.589798597024971	0.638057435173606
1	1.49968510449775	1.48337970163246	1.49968510449776	1.60468730320187	1.6499364836669	1.79562778787137	1.64993648370098	2.45142823867956	1.74894377324562	1.80333512996201	1.74894377324562	1.60468730320187	1.64993648370098	1.79562778787137	1.64993648366691	1.99999997804503	0.759791211132382	0.526688881340403	0.759791211132389	0.87296526668168	0.638057491918406	0.58979861645351	0.63805749193442	1.10087024410117	0.571785434247887	0.515914226485396	0.571785434247889	0.872965266681688	0.638057491934419	0.589798616453512	0.638057491918413
