1	1.02195641991436	1.00027339248559	1.02195641991436	1.02195409345975	1.00032610452195	1.00968374377971	1.00032564917814	1.00027313723174	1.00968963439676	1.05032493043433	1.00968963439676	1.02195409345975	1.00032564917814	1.00968374377971	1.00032610452195	2.14995308145355	0.0644593735149569	0.00540986391909637	0.0644593735149586	0.0629691672591812	0.00559801378242073	-0.0249142733741436	0.00541799659069206	0.00519673141451876	-0.0250885474918932	-0.0493883130242572	-0.0250885474918928	0.0629691672591828	0.00541799659069206	-0.0249142733741433	0.00559801378242185
1	1.0219393149137	1.0002753771974	1.0219393149137	1.02189900540893	1.00032622718955	1.00968610911846	1.00032515138893	1.00027374448565	1.00970990142348	1.05033567842902	1.00970990142348	1.02189900540893	1.00032515138893	1.00968610911846	1.00032622718955	2.14995401050302	0.0651901954262984	0.00575059710977904	0.0651901954263001	0.0606801396695828	0.00553989953027722	-0.0248729776381575	0.00543404286494471	0.00510191258807322	-0.0253778169326131	-0.0494019658081028	-0.0253778169326128	0.0606801396695844	0.00543404286494471	-0.0248729776381572	0.00553989953027832
1	1.02193915259501	1.00027854058196	1.02193915259501	1.02179748296876	1.00032613677868	1.00968746246152	1.00032473089159	1.00027401727628	1.00973610296733	1.05034678179385	1.00973610296733	1.02179748296876	1.00032473089159	1.00968746246152	1.00032613677868	2.14995492115607	0.0657054034821231	0.00596241972000431	0.0657054034821247	0.0591693445719772	0.00550553947960827	-0.0248522447267471	0.00544406628022173	0.0050499464802479	-0.0255263184528458	-0.0494083802478142	-0.0255263184528455	0.0591693445719787	0.00544406628022173	-0.0248522447267468	0.00550553947960937
1	1.02195055492146	1.00028239156013	1.02195055492146	1.02166873663925	1.00032592849242	1.00968830149955	1.00032436210113	1.00027411103288	1.00976475174001	1.05035781079859	1.00976475174001	1.02166873663925	1.00032436210113	1.00968830149955	1.00032592849242	2.14995581377699	0.0660687731910497	0.00609410200066412	0.0660687731910513	0.0581711829035493	0.00548558281267811	-0.0248418373596005	0.00544995104889174	0.00502147387987086	-0.0256027134880102	-0.0494115266909265	-0.0256027134880099	0.0581711829035508	0.00544995104889174	-0.0248418373596002	0.0054855828126792
1	1.02196970204624	1.00028660788382	1.02196970204624	1.02152482075796	1.0003256582924	1.00968887599028	1.00032402830479	1.00027410946285	1.00979406828977	1.05036858043107	1.00979406828977	1.02152482075796	1.00032402830479	1.00968887599028	1.0003256582924	2.14995668872282	0.0663252574859603	0.0061759687945478	0.066325257485962	0.0575106628211739	0.0054740576283974	-0.0248366121858341	0.00545333821186092	0.00500587388163227	-0.0256421776099317	-0.0494131983146541	-0.0256421776099314	0.0575106628211754	0.00545333821186092	-0.0248366121858338	0.00547405762839849
1	1.02199389736679	1.00029098443901	1.02199389736679	1.02137336218568	1.00032535816167	1.00968931149732	1.00032371956651	1.00027405792186	1.00982315988824	1.05037901599348	1.00982315988824	1.02137336218568	1.00032371956651	1.00968931149732	1.00032535816167	2.14995754634357	0.0665064952653873	0.00622687008658557	0.0665064952653889	0.0570725562981966	0.00546734315911033	-0.024833988826623	0.00545534433430354	0.00499732655516431	-0.0256627249808813	-0.0494142028894371	-0.025662724980881	0.057072556298198	0.00545534433430354	-0.0248339888266227	0.00546734315911142
1	1.02202124699673	1.00029539355256	1.02202124699673	1.02121919897357	1.00032504630473	1.00968967133067	1.00032342994104	1.00027398104859	1.00985159038689	1.05038909223007	1.00985159038689	1.02121919897357	1.00032342994104	1.00968967133067	1.00032504630473	2.14995838698229	0.0666347518702204	0.00625852263641319	0.0666347518702221	0.0567809961950251	0.00546346428399645	-0.0248326725401708	0.00545649786929796	0.00499264335667476	-0.0256735793806809	-0.0494149029876125	-0.0256735793806806	0.0567809961950266	0.00545649786929796	-0.0248326725401705	0.00546346428399754
1	1.0220504276553	1.00029975741052	1.0220504276553	1.02106538994084	1.00032473311399	1.00968998755691	1.00032315570208	1.00027389222339	1.00987915744896	1.05039880580302	1.00987915744896	1.02106538994084	1.00032315570208	1.00968998755691	1.00032473311399	2.14995921097525	0.0667256972453457	0.00627820950787377	0.0667256972453474	0.0565860305951113	0.00546122290121261	-0.0248320132140125	0.00545716062414684	0.00499007730098976	-0.0256794629479658	-0.0494154605265138	-0.0256794629479655	0.0565860305951128	0.00545716062414684	-0.0248320132140122	0.0054612229012137
1	1.02208052007948	1.00030402979212	1.02208052007948	1.02091384916658	1.00032442437083	1.00969027653115	1.00032289453222	1.00027379868939	1.00990577785225	1.05040816288066	1.00990577785225	1.02091384916658	1.00032289453222	1.00969027653115	1.00032442437083	2.14996001865206	0.0667903599896313	0.00629045791290438	0.066790359989633	0.0564547705759655	0.00545992723106869	-0.0248316842820387	0.00545754096955656	0.00498867120769047	-0.0256827926132319	-0.0494159474131464	-0.0256827926132316	0.0564547705759669	0.00545754096955656	-0.0248316842820384	0.00545992723106978
1	1.02211089033699	1.00030818428737	1.02211089033699	1.02076575041532	1.00032412320739	1.00969054670385	1.00032264493255	1.00027370433837	1.00993142860416	1.0504171735695	1.00993142860416	1.02076575041533	1.00032264493255	1.00969054670385	1.00032412320739	2.14996081033579	0.0668365021776897	0.00629808198707536	0.0668365021776915	0.056365560617088	0.00545917782072305	-0.0248315215813674	0.00545775888386504	0.00498790065941537	-0.0256848051808305	-0.0494163953617368	-0.0256848051808302	0.0563655606170895	0.00545775888386504	-0.0248315215813671	0.00545917782072413
1	1.02214110550844	1.00031220680853	1.02214110550844	1.02062178758317	1.00032383123567	1.00969080253873	1.00032240588203	1.00027361123168	1.00995611678182	1.05042584943144	1.00995611678182	1.02062178758317	1.00032240588203	1.00969080253873	1.00032383123567	2.14996158634313	0.0668695870791406	0.00630283103825289	0.0668695870791423	0.0563041404931478	0.00545874399219021	-0.0248314425223295	0.00545788342897407	0.00498747833743054	-0.0256861334667185	-0.0494168182935493	-0.0256861334667182	0.0563041404931492	0.00545788342897408	-0.0248314425223292	0.00545874399219129
1	1.02217087398243	1.00031609087436	1.02217087398243	1.02048234354647	1.000323549198	1.00969104648223	1.00032217664092	1.00027352043153	1.00997986411371	1.0504342023906	1.00997986411371	1.02048234354647	1.00032217664092	1.00969104648223	1.000323549198	2.1499623469845	0.0668934601867602	0.00630579247922285	0.0668934601867619	0.0562611185204178	0.00545849251753548	-0.0248314055195004	0.00545795434385528	0.00498724682350659	-0.0256871012566475	-0.0494172223435096	-0.0256871012566472	0.0562611185204193	0.00545795434385528	-0.0248314055195001	0.00545849251753657
1	1.02220000326728	1.00031983465744	1.02220000326728	1.02034760011478	1.000323277342	1.0096912799549	1.00032195663731	1.00027343245575	1.01000269911566	1.05044224426254	1.01000269911566	1.02034760011478	1.00032195663731	1.0096912799549	1.000323277342	2.14996309256416	0.0669108284831454	0.0063076422859825	0.0669108284831471	0.0562303081365315	0.00545834644040128	-0.0248313896163442	0.00545799448545009	0.00498711986911629	-0.0256878742872737	-0.0494176102954962	-0.0256878742872734	0.0562303081365329	0.00545799448545009	-0.0248313896163439	0.00545834644040237
1	1.02222837022572	1.00032343914276	1.02222837022572	1.0202176098249	1.00032301563668	1.00969150385116	1.00032174540156	1.00027334752661	1.01002465309534	1.0504499865599	1.01002465309534	1.0202176098249	1.00032174540156	1.00969150385116	1.00032301563668	2.14996382338036	0.0669235977208143	0.0063088006785152	0.0669235977208161	0.0562076328774006	0.00545826130108441	-0.0248313842448013	0.00545801699451374	0.004987050218183	-0.0256885375016821	-0.0494179835235933	-0.0256885375016818	0.056207632877402	0.00545801699451374	-0.024831384244801	0.0054582613010855
1	1.02225590009592	1.00032690698236	1.02225590009592	1.02009234289601	1.00032276389692	1.00969171879191	1.00032154252834	1.00027326570699	1.01004575813517	1.0504574404194	1.01004575813517	1.02009234289601	1.00032154252834	1.00969171879191	1.00032276389692	2.14996453972542	0.0669331098214254	0.00630952891315419	0.0669331098214271	0.0561904053716164	0.00545821140502851	-0.0248313840722894	0.00545802942338287	0.00498701197370324	-0.0256891345769623	-0.0494183428288503	-0.025689134576962	0.0561904053716179	0.00545802942338287	-0.0248313840722891	0.0054582114050296
1	1.02228255172973	1.00033024178585	1.02228255172973	1.01997171792459	1.00032252185506	1.0096919252522	1.00032134765457	1.00027318697476	1.01006604608848	1.05046461658118	1.01006604608848	1.01997171792459	1.00032134765457	1.0096919252522	1.00032252185506	2.1499652418859	0.0669403098638654	0.00630998940158692	0.0669403098638671	0.056176853019545	0.00545818190374867	-0.0248313864117073	0.00545803610728386	0.00498699094552737	-0.0256896881031822	-0.0494186887831714	-0.0256896881031819	0.0561768530195464	0.00545803610728386	-0.024831386411707	0.00545818190374976
1	1.02230830720689	1.00033344768146	1.02230830720689	1.01985562196647	1.00032228920205	1.00969212362688	1.00032116044658	1.00027311126347	1.01008554808983	1.05047152539099	1.01008554808983	1.01985562196647	1.00032116044658	1.00969212362688	1.00032228920205	2.14996593014268	0.0669458636371165	0.00631028312237114	0.0669458636371183	0.0561658054534211	0.00545816421026621	-0.0248313899086063	0.00545803953611299	0.00498697935910489	-0.0256902099264568	-0.0494190218838166	-0.0256902099264565	0.0561658054534225	0.00545803953611299	-0.024831389908606	0.0054581642102673
1	1.02233316453701	1.00033652904609	1.02233316453701	1.01974392363866	1.00032206561093	1.00969231426394	1.00032098059246	1.00027303848454	1.01010429432934	1.0504781768102	1.01010429432934	1.01974392363866	1.00032098059246	1.00969231426394	1.00032206561093	2.14996660477105	0.0669502403736614	0.00631047286275117	0.0669502403736632	0.0561564888913371	0.00545815334962789	-0.0248313938834393	0.0054580411462447	0.00498697295420521	-0.0256907064120519	-0.0494193425936298	-0.0256907064120516	0.0561564888913385	0.0054580411462447	-0.024831393883439	0.00545815334962898
1	1.02235713254097	1.00033949034042	1.02235713254097	1.01963648164194	1.00032185075009	1.00969249748216	1.00032080779766	1.00027296853929	1.01012231395962	1.05048458042853	1.01012231395962	1.01963648164194	1.00032080779766	1.00969249748216	1.00032185075009	2.14996726604089	0.0669537709545532	0.00631059766046959	0.066953770954555	0.0561483907464452	0.00545814641288038	-0.0248313979958231	0.00545804179336371	0.00498696939784249	-0.0256911811310231	-0.0494196513574903	-0.0256911811310228	0.0561483907464466	0.00545804179336372	-0.0248313979958229	0.00545814641288147
1	1.02238022718837	1.00034233600801	1.02238022718837	1.01953315033731	1.00032164424458	1.00969267357016	1.00032064182816	1.00027290132615	1.01013963507993	1.05049074547468	1.01013963507993	1.01953315033731	1.00032064182816	1.00969267357016	1.00032164424458	2.14996791421671	0.0669566891985315	0.00631068190342144	0.0669566891985333	0.0561411707486021	0.00545812323196162	-0.0248314021220261	0.00545806040722577	0.00498696735867384	-0.0256916361652092	-0.0494199485976086	-0.0256916361652089	0.0561411707486035	0.00545806040722577	-0.0248314021220259	0.00545812323196271
1	1.02240246926911	1.00034507041894	1.02240246926911	1.01943378316335	1.00032144575666	1.00969284281723	1.00032048243252	1.00027283674229	1.01015628471914	1.05049668083697	1.01015628471914	1.01943378316335	1.00032048243252	1.00969284281723	1.00032144575666	2.14996854955779	0.0669591597177643	0.0063107405961845	0.066959159717766	0.0561346016413287	0.00545810937870369	-0.0248314061389494	0.00545807076117196	0.00498696620197091	-0.0256920729794047	-0.0494202347427511	-0.0256920729794044	0.0561346016413301	0.00545807076117196	-0.0248314061389491	0.00545810937870478
1	1.02242388246046	1.00034769783218	1.02242388246046	1.01933823500928	1.00032125500449	1.00969300549071	1.00032032932409	1.00027277468739	1.01017228888449	1.05050239507073	1.01017228888449	1.01933823500928	1.00032032932409	1.00969300549071	1.00032125500449	2.14996917231827	0.0669612992973874	0.00631078315476278	0.0669612992973892	0.0561285310905949	0.00545810093114546	-0.0248314100186988	0.0054580763683026	0.00498696552376953	-0.0256924925889496	-0.049420510210552	-0.0256924925889493	0.0561285310905963	0.0054580763683026	-0.0248314100186986	0.00545810093114655
1	1.02244449217255	1.00035022237807	1.02244449217255	1.01924636358245	1.00032107170361	1.00969316184697	1.00032018223974	1.00027271506375	1.01018767258364	1.05050789641281	1.01018767258364	1.01924636358245	1.00032018223974	1.00969316184697	1.00032107170361	2.14996978274726	0.0669631906811278	0.00631081544194263	0.0669631906811295	0.0561228561222047	0.00545809562301961	-0.0248314137512305	0.00545807925293675	0.00498696511051969	-0.0256928958098292	-0.0494207753992179	-0.0256928958098289	0.0561228561222062	0.00545807925293676	-0.0248314137512302	0.0054580956230207
1	1.02246432469799	1.00035264804879	1.02246432469799	1.01915803026308	1.00032089557276	1.00969331213187	1.00032004093372	1.00027265777688	1.01020245985969	1.05051319279323	1.01020245985969	1.01915803026308	1.00032004093372	1.00969331213187	1.00032089557276	2.14997038108896	0.0669648926787352	0.00631084111279368	0.066964892678737	0.0561175063384658	0.00545809214503096	-0.0248314173359362	0.00545808058182238	0.0049869648447393	-0.0256932833476594	-0.04942103069347	-0.0256932833476591	0.0561175063384672	0.00545808058182238	-0.0248314173359359	0.00545809214503205
1	1.02248340662948	1.00035497869488	1.02248340662948	1.01907310059378	1.00032072633715	1.00969345658139	1.00031990517399	1.00027260273558	1.01021667382641	1.05051829184674	1.01021667382641	1.01907310059378	1.00031990517399	1.00969345658139	1.00032072633715	2.14997096758269	0.0669664472340352	0.00631086244924005	0.0669664472340369	0.056112432890454	0.00545808974041189	-0.0248314207764257	0.00545808102713473	0.00498696466180501	-0.0256936558424363	-0.049421276464178	-0.025693655842436	0.0561124328904555	0.00545808102713473	-0.0248314207764254	0.00545808974041298
1	1.02250176446203	1.00035721802515	1.02250176446203	1.01899144453366	1.00032056373012	1.00969359542223	1.00031977473995	1.00027254985205	1.01023033670325	1.05052320092382	1.01023033670325	1.01899144453367	1.00031977473995	1.00969359542223	1.00032056373012	2.14997154246307	0.0669678844018217	0.00631088087903953	0.0669678844018234	0.0561076012125611	0.00545808797145088	-0.0248314240780866	0.0054580809758652	0.00498696452611243	-0.0256940138910797	-0.0494215130684767	-0.0256940138910794	0.0561076012125625	0.0054580809758652	-0.0248314240780863	0.00545808797145197
1	1.0225194243248	1.0003593696088	1.0225194243248	1.01891293655997	1.00032040749394	1.00969372887222	1.00031964942101	1.00027249904183	1.01024346984939	1.05052792710128	1.01024346984939	1.01891293655997	1.00031964942101	1.00969372887222	1.00032040749394	2.14997210596006	0.0669692258507232	0.00631089729844223	0.066969225850725	0.0561029862359316	0.00545808658469909	-0.0248314272468624	0.00545808065058132	0.00498696441798124	-0.0256943580588807	-0.0494217408498863	-0.0256943580588804	0.0561029862359331	0.00545808065058132	-0.0248314272468622	0.00545808658470018
1	1.02253641180375	1.00036143687872	1.02253641180375	1.01883745567212	1.00032025738009	1.00969385714067	1.00031952901562	1.00027245022369	1.01025609379686	1.05053247719242	1.01025609379686	1.01883745567212	1.00031952901562	1.00969385714067	1.00032025738009	2.14997265829906	0.0669704873286038	0.00631091227285831	0.0669704873286056	0.0560985692334266	0.00545808543314798	-0.0248314302887108	0.00545808017907502	0.00498696432649953	-0.0256946888854716	-0.0494219601388646	-0.0256946888854713	0.056098569233428	0.00545808017907502	-0.0248314302887105	0.00545808543314906
1	1.02255275182774	1.00036342313546	1.02255275182774	1.01876488533392	1.0003201131493	1.00969398042875	1.00031941333057	1.00027240331957	1.01026822828238	1.05053685775688	1.01026822828238	1.01876488533392	1.00031941333057	1.00969398042875	1.0003201131493	2.14997319970101	0.0669716803982044	0.00631092616162277	0.0669716803982062	0.0560943357392142	0.00545808443128945	-0.0248314332093536	0.00545807963452109	0.00498696424557641	-0.0256950068880295	-0.0494221712532159	-0.0256950068880292	0.0560943357392156	0.00545807963452109	-0.0248314332093533	0.00545808443129054
1	1.02256846859885	1.00036533155164	1.02256846859885	1.01869511337745	1.00031997457137	1.00969409892985	1.00031930218049	1.00027235825445	1.01027989227815	1.05054107511003	1.01027989227815	1.01869511337745	1.00031930218049	1.00969409892985	1.00031997457137	2.14997373038248	0.0669728136590632	0.00631093919560726	0.0669728136590649	0.0560902741756943	0.00545808352916518	-0.0248314360141927	0.00545807905863362	0.00498696417178358	-0.0256953125631658	-0.0494223744986193	-0.0256953125631655	0.0560902741756957	0.00545807905863362	-0.0248314360141924	0.00545808352916626
1	1.02258358555343	1.0003671651764	1.02258358555343	1.01862803188406	1.00031984142496	1.00969421282981	1.00031919538741	1.00027231495622	1.0102911040214	1.05054513533206	1.0102911040214	1.01862803188406	1.00031919538741	1.00969421282981	1.00031984142496	2.14997425055576	0.0669738936080533	0.00631095152548619	0.0669738936080551	0.0560863749463569	0.0054580826973774	-0.0248314387082986	0.00545807847501434	0.00498696410316366	-0.0256956063881446	-0.0494225701691197	-0.0256956063881443	0.0560863749463583	0.00545807847501434	-0.0248314387082983	0.00545808269737848
1	1.02259812534439	1.00036892693993	1.02259812534439	1.01856353705251	1.0003197134973	1.00969432230727	1.00031909278045	1.00027227335563	1.0103018810428	1.05054904427676	1.0103018810428	1.01856353705251	1.00031909278045	1.00969432230727	1.0003197134973	2.14997476042892	0.0669749252455312	0.00631096325177133	0.066974925245533	0.0560826298354545	0.00545808191843007	-0.0248314412964223	0.00545807789684616	0.00498696403857434	-0.0256958888217997	-0.0494227585475865	-0.0256958888217994	0.0560826298354559	0.00545807789684617	-0.024831441296422	0.00545808191843115
1	1.0226121098381	1.00037061965791	1.0226121098381	1.0185015290607	1.00031959058392	1.00969442753394	1.00031899419544	1.00027223338611	1.01031224019382	1.05055280757987	1.01031224019382	1.0185015290607	1.00031899419544	1.00969442753394	1.00031959058392	2.14997526020591	0.0669759125024931	0.00631097444350121	0.0669759125024948	0.0560790316097721	0.00545808118172632	-0.0248314437830303	0.00545807733132772	0.00498696397733008	-0.0256961603052926	-0.049422939906208	-0.0256961603052923	0.0560790316097735	0.00545807733132773	-0.02483144378303	0.0054580811817274
1	1.02262556012112	1.00037224603592	1.02262556012112	1.01844191192524	1.00031947248831	1.00969452867486	1.00031889947472	1.00027219498372	1.01032219767306	1.05055643066726	1.01032219767306	1.01844191192524	1.00031889947472	1.00969452867486	1.00031947248831	2.14997575008666	0.0669768585417705	0.00631098514987594	0.0669768585417723	0.0560755737536275	0.00545808048067656	-0.0248314461723279	0.00545807678222612	0.00498696391899798	-0.025696421262794	-0.0494231145068774	-0.0256964212627937	0.0560755737536289	0.00545807678222612	-0.0248314461723276	0.00545808048067765
1	1.02263849651362	1.0003738086736	1.02263849651362	1.01838459336156	1.00031935902166	1.00969462588867	1.00031880846677	1.00027215808702	1.01033176905144	1.0505599187627	1.01033176905144	1.01838459336156	1.00031880846677	1.00969462588867	1.00031935902166	2.14997623026711	0.0669777659705309	0.00631099540750794	0.0669777659705326	0.056072250291596	0.00545807981102715	-0.0248314484682947	0.00545807625134916	0.00498696386329292	-0.0256966721021267	-0.0494232826016619	-0.0256966721021264	0.0560722502915975	0.00545807625134916	-0.0248314484682944	0.00545807981102824
1	1.02265093858713	1.00037531006884	1.02265093858713	1.01832948464624	1.00031925000254	1.00969471932784	1.00031872102607	1.00027212263696	1.01034096929658	1.0505632768954	1.01034096929658	1.01832948464624	1.00031872102607	1.00969471932784	1.00031925000254	2.14997670093936	0.0669786369904111	0.00631100524493786	0.0669786369904129	0.0560690556692263	0.00545807916989284	-0.0248314506747006	0.0054580757393903	0.00498696381000973	-0.0256969132153759	-0.0494234444331342	-0.0256969132153755	0.0560690556692277	0.0054580757393903	-0.0248314506747003	0.00545807916989393
1	1.02266290518495	1.00037675262168	1.02266290518496	1.01827650048253	1.00031914525662	1.00969480913893	1.00031863701278	1.00027208857683	1.01034981279612	1.05056650990723	1.01034981279611	1.01827650048253	1.00031863701278	1.00969480913893	1.00031914525662	2.14997716229167	0.0669794735036675	0.00631101468545932	0.0669794735036692	0.0560659846718918	0.0054580785551972	-0.0248314527951342	0.00545807524641677	0.00498696375899508	-0.0256971449794826	-0.0494236002348027	-0.0256971449794823	0.0560659846718932	0.00545807524641677	-0.0248314527951339	0.00545807855519828
1	1.02267441444431	1.00037813863812	1.02267441444431	1.01822555886979	1.00031904461643	1.00969489546282	1.00031855629255	1.00027205585214	1.01035831338015	1.05056962245972	1.01035831338015	1.01822555886979	1.00031855629255	1.00969489546282	1.00031904461643	2.14997761450859	0.0669802771884442	0.00631102374887933	0.066980277188446	0.0560630323690065	0.0054580779653478	-0.0248314548330117	0.00545807477214781	0.00498696371012196	-0.0256973677568149	-0.049423750231408	-0.0256973677568146	0.0560630323690079	0.00545807477214781	-0.0248314548330114	0.00545807796534889
1	1.02268548381923	1.00037947033384	1.02268548381923	1.01817658097706	1.00031894792102	1.00969497843489	1.00031847873631	1.00027202441051	1.01036648434286	1.05057261904075	1.01036648434286	1.01817658097706	1.00031847873631	1.00969497843489	1.00031894792102	2.14997805777102	0.0669810495522039	0.00631103245262948	0.0669810495522057	0.0560601940748727	0.00545807739904812	-0.024831456791599	0.00545807431611632	0.00498696366328469	-0.0256975818957234	-0.0494238946393134	-0.0256975818957231	0.0560601940748741	0.00545807431611632	-0.0248314567915987	0.0054580773990492
1	1.0226961301038	1.00038074983768	1.0226961301038	1.01812949102106	1.00031885501578	1.00969505818531	1.00031840422002	1.00027199420166	1.01037433846324	1.05057550397102	1.01037433846324	1.01812949102106	1.00031840422002	1.00969505818531	1.00031885501577	2.14997849225627	0.066981791969857	0.00631104081245842	0.0669817919698588	0.0560574653207341	0.00545807685518777	-0.0248314586740157	0.00545807387775945	0.00498696361838709	-0.0256977877310749	-0.0494240336667746	-0.0256977877310746	0.0560574653207356	0.00545807387775946	-0.0248314586740154	0.00545807685518885
1	1.02270636945539	1.00038197919508	1.02270636945539	1.01808421614845	1.00031876575213	1.00969513483914	1.00031833262454	1.00027196517724	1.01038188802504	1.05057828141031	1.01038188802504	1.01808421614845	1.00031833262454	1.00969513483914	1.00031876575213	2.14997891813813	0.0669825057110266	0.00631104884287805	0.0669825057110284	0.0560548418341374	0.00545807633277818	-0.0248314604832516	0.00545807345647166	0.00498696357534372	-0.0256979855847705	-0.0494241675142956	-0.0256979855847702	0.0560548418341389	0.00545807345647166	-0.0248314604832513	0.00545807633277927
1	1.02271621741752	1.00038316037131	1.02271621741752	1.01804068632255	1.00031867998736	1.00969520851664	1.00031826383538	1.00027193729081	1.01038914483595	1.0505809553634	1.01038914483595	1.01804068632255	1.00031826383538	1.00969520851664	1.00031867998736	2.14997933558696	0.06698319195973	0.00631105655744222	0.0669831919597317	0.0560523195233355	0.00545807583091539	-0.0248314622221696	0.00545807305163348	0.00498696353407342	-0.0256981757662435	-0.0494242963748795	-0.0256981757662432	0.0560523195233369	0.00545807305163348	-0.0248314622221693	0.00545807583091648
1	1.02272568894231	1.00038429525465	1.02272568894231	1.01799883421429	1.0003185975843	1.00969527933337	1.00031819774254	1.00027191049775	1.01039612024607	1.05058352968591	1.01039612024607	1.01799883421429	1.00031819774254	1.00969527933337	1.0003185975843	2.14997974476976	0.0669838518286283	0.00631106396893373	0.06698385182863	0.0560498944649595	0.00545807534875721	-0.0248314638935168	0.0054580726626287	0.00498696349450165	-0.0256983585729401	-0.0494244204343463	-0.0256983585729398	0.0560498944649609	0.00545807266262871	-0.0248314638935165	0.0054580753487583
1	1.02273479841236	1.00038538565936	1.02273479841237	1.01795859509723	1.00031851841119	1.0096953474004	1.00031813424033	1.0002718847552	1.01040282516556	1.05058600808982	1.01040282516556	1.01795859509723	1.00031813424033	1.0096953474004	1.00031851841119	2.14998014585019	0.066984486369512	0.00631107108948229	0.0669844863695137	0.056047562894041	0.0054580748855099	-0.0248314654999274	0.00545807228885286	0.0049869634565565	-0.0256985342907815	-0.0494245398715752	-0.0256985342907812	0.0560475628940424	0.00545807228885287	-0.0248314654999271	0.00545807488551098
1	1.02274355966203	1.00038643332861	1.02274355966203	1.01791990674676	1.00031844234142	1.0096954128245	1.0003180732272	1.00027186002197	1.01040927008175	1.05058839414884	1.01040927008175	1.01791990674676	1.0003180732272	1.0096954128245	1.00031844234142	2.14998053898869	0.0669850965810561	0.00631107793064947	0.0669850965810578	0.0560453211955506	0.00545807444041982	-0.0248314670439326	0.00545807192971848	0.00498696342017091	-0.0256987031946101	-0.0494246548587881	-0.0256987031946098	0.056045321195552	0.00545807192971848	-0.0248314670439324	0.0054580744404209
1	1.02275198599796	1.00038743993726	1.02275198599796	1.01788270934308	1.00031836925336	1.0096954757083	1.0003180146056	1.00027183625849	1.01041546507549	1.05059069130353	1.01041546507549	1.01788270934308	1.0003180146056	1.0096954757083	1.00031836925336	2.14998092434254	0.0669856834146926	0.00631108450348392	0.0669856834146944	0.0560431658970942	0.00545807401276815	-0.024831468527961	0.00545807158465696	0.00498696338527997	-0.0256988655486164	-0.0494247655617789	-0.0256988655486161	0.0560431658970957	0.00545807158465696	-0.0248314685279607	0.00545807401276923
1	1.02276009021903	1.00038840709453	1.02276009021903	1.01784694537797	1.00031829903013	1.00969553615042	1.00031795828178	1.00027181342672	1.01042141983687	1.05059290286629	1.01042141983687	1.01784694537797	1.00031795828178	1.00969553615042	1.00031829903013	2.14998130206586	0.0669862477791019	0.0063110908185653	0.0669862477791037	0.0560410936623731	0.00545807360186719	-0.024831469954346	0.00545807125311983	0.00498696335182227	-0.025699021606752	-0.0494248721401687	-0.0256990216067517	0.0560410936623745	0.00545807125311984	-0.0248314699543457	0.00545807360186827
1	1.02276788463552	1.00038933634657	1.02276788463552	1.01781255956521	1.00031823155943	1.00969559424567	1.00031790416567	1.00027179149015	1.0104271436804	1.05059503202612	1.0104271436804	1.01781255956521	1.00031790416567	1.00969559424567	1.00031823155943	2.14998167230976	0.0669867905437473	0.00631109688603511	0.0669867905437491	0.0560391012852645	0.00545807320705802	-0.0248314713253284	0.00545807093457869	0.00498696331973873	-0.0256991716131257	-0.0494249747476277	-0.0256991716131254	0.0560391012852659	0.00545807093457869	-0.0248314713253281	0.00545807320705911
1	1.02277538108772	1.00039022917895	1.02277538108772	1.01777949875444	1.00031816673338	1.00969565008519	1.00031785217074	1.00027177041367	1.01043264555955	1.0505970818532	1.01043264555955	1.01777949875444	1.00031785217074	1.00969565008519	1.00031816673338	2.14998203522235	0.0669873125417032	0.00631110271562364	0.066987312541705	0.0560371856843383	0.00545807282770877	-0.0248314726430622	0.00545807062852542	0.00498696328897301	-0.0256993158023849	-0.0494250735321018	-0.0256993158023846	0.0560371856843397	0.00545807062852542	-0.0248314726430619	0.00545807282770985
1	1.0227825909637	1.00039108701902	1.0227825909637	1.01774771184839	1.00031810444831	1.00969570375654	1.00031780221385	1.00027175016356	1.01043793408071	1.05059905530334	1.01043793408071	1.01774771184839	1.00031780221385	1.00969570375654	1.00031810444831	2.14998239094878	0.0669878145719895	0.00631110831667035	0.0669878145719913	0.0560353438977428	0.00545807246321275	-0.0248314739096169	0.00545807033447127	0.00498696325947107	-0.0256994544000815	-0.0494251686360235	-0.0256994544000812	0.0560353438977442	0.00545807033447127	-0.0248314739096166	0.00545807246321384
1	1.02278952521657	1.00039191123818	1.02278952521657	1.01771714972335	1.00031804460462	1.00969575534393	1.00031775421511	1.00027173070742	1.01044301751666	1.05060095522225	1.01044301751666	1.01771714972335	1.00031775421511	1.00969575534393	1.00031804460462	2.14998273963135	0.0669882974015263	0.00631111369814321	0.066988297401528	0.056033573078386	0.00545807211298751	-0.0248314751269805	0.00545807005194641	0.00498696323118108	-0.0256995876230248	-0.0494252601965191	-0.0256995876230245	0.0560335730783874	0.00545807005194641	-0.0248314751269802	0.00545807211298859
1	1.02279619438105	1.00039270315409	1.02279619438105	1.0176877651527	1.00031798710662	1.00969580492827	1.00031770809777	1.00027171201412	1.01044790381948	1.05060278434959	1.01044790381948	1.0176877651527	1.00031770809777	1.00969580492827	1.00031798710662	2.14998308140955	0.0669887617668274	0.00631111886865508	0.0669887617668292	0.0560318704893616	0.00545807177647362	-0.0248314762970648	0.00545806978049929	0.00498696320405354	-0.0256997156796188	-0.0494253483456079	-0.0256997156796184	0.0560318704893631	0.0054580697804993	-0.0248314762970645	0.00545807177647471
1	1.02280260858938	1.00039346403278	1.02280260858938	1.01765951273345	1.00031793186237	1.00969585258733	1.00031766378808	1.00027169405375	1.01045260063301	1.05060454532298	1.01045260063301	1.01765951273345	1.00031766378808	1.00969585258733	1.00031793186237	2.14998341642009	0.0669892083754898	0.00631112383647904	0.0669892083754915	0.0560302334996102	0.00545807145313367	-0.0248314774217053	0.00545806951969595	0.00498696317804062	-0.0256998387701895	-0.0494254332103856	-0.0256998387701892	0.0560302334996116	0.00545806951969596	-0.024831477421705	0.00545807145313476
1	1.0228087775867	1.00039419509065	1.0228087775867	1.01763234881564	1.00031787878352	1.00969589839587	1.0003176212152	1.00027167679758	1.01045711530474	1.05060624068176	1.01045711530474	1.01763234881564	1.0003176212152	1.00969589839587	1.00031787878352	2.14998374479697	0.066989637907524	0.00631112860956264	0.0669896379075258	0.0560286595797534	0.00545807114245147	-0.0248314785026684	0.0054580692691196	0.00498696315309695	-0.0256999570872969	-0.0494255149132203	-0.0256999570872965	0.0560286595797549	0.0054580692691196	-0.0248314785026681	0.00545807114245255
1	1.0228147107458	1.00039489749644	1.0228147107458	1.01760623143444	1.0003178277852	1.00969594242575	1.00031758031103	1.00027166021799	1.01046145489735	1.05060787287066	1.01046145489735	1.01760623143444	1.00031758031103	1.00969594242575	1.0003178277852	2.14998406667156	0.0669900510165746	0.00631113319554059	0.0669900510165764	0.0560271462981386	0.0054580708439309	-0.0248314795416493	0.00545806902836942	0.00498696312917833	-0.0257000708160357	-0.049425593571913	-0.0257000708160354	0.05602714629814	0.00545806902836942	-0.024831479541649	0.00545807084393199
1	1.02282041708134	1.00039557237308	1.02282041708134	1.01758112024496	1.00031777878586	1.00969598474601	1.00031754101018	1.00027164428845	1.0104656261997	1.05060944424335	1.0104656261997	1.01758112024496	1.00031754101018	1.00969598474601	1.00031777878586	2.1499843821726	0.0669904483310353	0.00631113760174849	0.066990448331037	0.0560256913170156	0.00545807055709559	-0.0248314805402795	0.00545806879706063	0.00498696310624329	-0.0257001801343254	-0.0494256692998846	-0.0257001801343251	0.056025691317017	0.00545806879706063	-0.0248314805402792	0.00545807055709668
1	1.02282590526352	1.00039622079949	1.02282590526352	1.01755697645954	1.00031773170714	1.00969602542306	1.00031750324979	1.00027162898349	1.01046963573746	1.05061095706578	1.01046963573746	1.01755697645954	1.00031750324979	1.00969602542306	1.00031773170714	2.1499846914263	0.0669908304551002	0.00631114183523329	0.066990830455102	0.0560242923889071	0.00545807028148758	-0.0248314815001248	0.00545806857482314	0.00498696308425108	-0.0257002852131874	-0.0494257422063204	-0.0257002852131871	0.0560242923889085	0.00545806857482314	-0.0248314815001245	0.00545807028148867
1	1.02283118363121	1.00039684381231	1.02283118363121	1.01753376278751	1.00031768647376	1.00969606452068	1.0003174669695	1.0002716142786	1.01047348978332	1.05061241351951	1.01047348978332	1.01753376278751	1.0003174669695	1.00969606452068	1.00031768647376	2.14998499455637	0.0669911979697362	0.00631114590276629	0.066991197969738	0.0560229473530844	0.00545807001666709	-0.024831482422693	0.00545806836130185	0.00498696306316357	-0.0257003862170139	-0.0494258123963506	-0.0257003862170136	0.0560229473530858	0.00545806836130185	-0.0248314824226927	0.00545807001666818
1	1.02283626020463	1.00039744240755	1.02283626020463	1.01751144337729	1.00031764301339	1.00969610210021	1.00031743211127	1.00027160015027	1.01047719436677	1.0506138157048	1.01047719436677	1.01751144337729	1.00031743211127	1.00969610210021	1.00031764301339	2.14998529168406	0.0669915514336203	0.00631114981085248	0.0669915514336221	0.0560216541322276	0.00545806976221137	-0.0248314833094307	0.00545806815615505	0.00498696304294308	-0.0257004833038224	-0.0494258799711748	-0.0257004833038221	0.056021654132229	0.00545806815615505	-0.0248314833094304	0.00545806976221245
1	1.02284114269751	1.0003980175422	1.02284114269751	1.01748998376071	1.00031760125653	1.00969613822059	1.00031739861938	1.00027158657588	1.01048075528354	1.05061516564366	1.01048075528354	1.01748998376071	1.00031739861938	1.00969613822059	1.00031760125653	2.14998558292823	0.066991891384006	0.0063111535657425	0.0669918913840078	0.0560204107291725	0.00545806951771445	-0.0248314841617303	0.00545806795905493	0.00498696302355475	-0.0257005766255051	-0.0494259450282366	-0.0257005766255048	0.0560204107291739	0.00545806795905493	-0.02483148416173	0.00545806951771554
1	1.02284583852878	1.00039857013572	1.02284583852879	1.01746935079953	1.00031756113641	1.00969617293847	1.00031736644026	1.00027157353372	1.01048417810466	1.05061646528279	1.01048417810466	1.01746935079953	1.00031736644026	1.00969617293847	1.00031756113641	2.14998586840538	0.0669922183375749	0.00631115717344116	0.0669922183375767	0.0560192152238311	0.00545806928278613	-0.0248314849809288	0.0054580677696861	0.00498696300496392	-0.0257006663280647	-0.0494260076613357	-0.0257006663280644	0.0560192152238325	0.0054580677696861	-0.0248314849809285	0.00545806928278722
1	1.02285035483386	1.00039910107155	1.02285035483386	1.01744951263401	1.00031752258887	1.00969620630832	1.00031733552247	1.00027156100292	1.01048746818517	1.05061771649633	1.01048746818517	1.01744951263401	1.00031733552247	1.00969620630832	1.00031752258887	2.1499861482297	0.0669925327912237	0.00631116063971877	0.0669925327912255	0.0560180657701856	0.00545806905705151	-0.0248314857683118	0.00545806758774577	0.00498696298713841	-0.0257007525518434	-0.0494260679607896	-0.0257007525518431	0.0560180657701871	0.00545806758774577	-0.0248314857683115	0.0054580690570526
1	1.02285469847546	1.00039961119851	1.02285469847546	1.0174304386335	1.00031748555228	1.00969623838248	1.00031730581655	1.00027154896344	1.01049063067248	1.05061892108861	1.01049063067248	1.0174304386335	1.00031730581655	1.00969623838248	1.00031748555228	2.14998642251313	0.066992835222841	0.00631116397011846	0.0669928352228428	0.0560169605934484	0.00545806884015043	-0.0248314865251142	0.00545806741294274	0.00498696297004637	-0.0257008354317418	-0.0494261260135388	-0.0257008354317415	0.0560169605934498	0.00545806741294274	-0.0248314865251139	0.00545806884015151
1	1.02285887605399	1.00040010133214	1.02285887605399	1.01741209934893	1.00031744996741	1.00969626921125	1.00031727727501	1.000271537396	1.01049367051442	1.05062008079674	1.01049367051442	1.01741209934893	1.00031727727501	1.00969626921125	1.00031744996741	2.14998669136538	0.0669931260920298	0.006311167169967	0.0669931260920316	0.0560158979872851	0.00545806863173684	-0.0248314872525248	0.00545806724499766	0.00498696295365827	-0.0257009150974306	-0.0494261819032974	-0.0257009150974303	0.0560158979872866	0.00545806724499766	-0.0248314872525245	0.00545806863173793
1	1.02286289391762	1.00040057225603	1.02286289391762	1.01739446646713	1.00031741577735	1.009696298843	1.0003172498522	1.0002715262821	1.01049659246701	1.05062119729309	1.01049659246701	1.01739446646713	1.0003172498522	1.009696298843	1.00031741577735	2.149986954894	0.0669934058408215	0.00631117024438137	0.0669934058408233	0.0560148763111898	0.00545806843147817	-0.024831487951684	0.00545806708364162	0.00498696293794462	-0.0257009916735521	-0.0494262357106479	-0.0257009916735518	0.0560148763111912	0.00545806708364162	-0.0248314879516837	0.00545806843147925
1	1.0228667581719	1.00040102472307	1.0228667581719	1.01737751276696	1.00031738292744	1.00969632732419	1.00031722350429	1.00027151560395	1.01049940110182	1.05062227218775	1.01049940110182	1.01737751276696	1.00031722350429	1.00969632732419	1.00031738292744	2.14998721320441	0.0669936748943392	0.00631117319827902	0.066993674894341	0.0560138939879201	0.0054580682390549	-0.0248314886236896	0.00545806692861671	0.00498696292287838	-0.0257010652799173	-0.0494262875131834	-0.025701065279917	0.0560138939879216	0.00545806692861671	-0.0248314886236893	0.00545806823905599
1	1.02287047468901	1.00040145945661	1.02287047468901	1.01736121207713	1.00031735136514	1.00969635469951	1.00031719818912	1.00027150534448	1.0105021008132	1.05062330703079	1.0105021008132	1.01736121207713	1.00031719818912	1.00969635469951	1.00031735136514	2.14998746639993	0.0669939336614582	0.00631117603638373	0.06699393366146	0.056012949501074	0.00545806805416014	-0.0248314892695957	0.00545806677967476	0.00498696290843246	-0.0257011360316901	-0.0494263373855941	-0.0257011360316898	0.0560129495010754	0.00545806677967476	-0.0248314892695954	0.00545806805416123
1	1.02287404911668	1.00040187715167	1.02287404911668	1.01734553923561	1.00031732103998	1.0096963810119	1.00031717386624	1.00027149548726	1.0105046958251	1.05062430331454	1.0105046958251	1.01734553923561	1.00031717386624	1.0096963810119	1.00031732103998	2.14998771458184	0.0669941825354162	0.00631117876323482	0.066994182535418	0.0560120413927195	0.00545806787649889	-0.0248314898904168	0.00545806663657758	0.00498696289458189	-0.0257012040395697	-0.049426385399799	-0.0257012040395694	0.056012041392721	0.00545806663657758	-0.0248314898904165	0.00545806787649998
1	1.0228774868868	1.00040227847604	1.0228774868868	1.01733047005066	1.00031729190348	1.00969640630262	1.00031715049673	1.00027148601653	1.01050719019769	1.05062526247573	1.01050719019769	1.01733047005066	1.00031715049673	1.00969640630262	1.00031729190348	2.14998795784942	0.0669944218944231	0.00631118138319306	0.0669944218944249	0.0560111682611541	0.0054580677057878	-0.0248314904871263	0.00545806649909605	0.00498696288130181	-0.0257012694099631	-0.0494264316250257	-0.0257012694099628	0.0560111682611555	0.00545806649909605	-0.024831490487126	0.00545806770578889
1	1.02288079322363	1.00040266407133	1.02288079322363	1.01731598126338	1.00031726390903	1.00969643061134	1.00031712804323	1.00027147691713	1.01050958783372	1.05062618589756	1.01050958783372	1.01731598126338	1.00031712804323	1.00969643061134	1.00031726390903	2.14998819629997	0.0669946521022263	0.00631118390044898	0.066994652102228	0.0560103287587157	0.00545806754175459	-0.0248314910606608	0.00545806636701048	0.00498696286856923	-0.0257013322451515	-0.0494264761279344	-0.0257013322451512	0.0560103287587171	0.00545806636701048	-0.0248314910606605	0.00545806754175568
1	1.02288397315173	1.000403034554	1.02288397315173	1.01730205051166	1.00031723701189	1.0096964539762	1.00031710646984	1.00027146817451	1.0105118924846	1.05062707491169	1.0105118924846	1.01730205051166	1.00031710646984	1.0096964539762	1.00031723701189	2.14998843002889	0.0669948735086723	0.00631118631902799	0.0669948735086741	0.0560095215897134	0.00545806738413758	-0.0248314916119202	0.00545806624010915	0.0049869628563612	-0.0257013926434493	-0.0494265189726913	-0.025701392643449	0.0560095215897148	0.00545806624010915	-0.0248314916119199	0.00545806738413866
1	1.02288703150363	1.00040339051635	1.02288703150363	1.01728865629558	1.00031721116902	1.00969647643384	1.00031708574205	1.00027145977466	1.01051410775627	1.05062793080017	1.01051410775627	1.01728865629558	1.00031708574205	1.00969647643384	1.00031721116902	2.14998865912967	0.0669950864502314	0.0063111886427986	0.0669950864502332	0.0560087455084038	0.00545806723268537	-0.0248314921417701	0.00545806611818921	0.0049869628446567	-0.0257014506993602	-0.0494265602210811	-0.0257014506993599	0.0560087455084052	0.00545806611818922	-0.0248314921417698	0.00545806723268646
1	1.02288997292713	1.00040373252747	1.02288997292713	1.0172757779441	1.00031718633911	1.00969649801949	1.00031706582673	1.00027145170416	1.01051623711488	1.05062875479727	1.01051623711488	1.0172757779441	1.00031706582673	1.00969649801949	1.00031718633911	2.14998888369395	0.0669952912505148	0.00631119087547698	0.0669952912505165	0.0560079993170787	0.00545806708715657	-0.024831492651041	0.00545806600105535	0.00498696283343458	-0.0257015065037217	-0.0494265999325777	-0.0257015065037214	0.0560079993170801	0.00545806600105535	-0.0248314926510407	0.00545806708715765
1	1.02289280189238	1.00040406113416	1.02289280189238	1.01726339558307	1.00031716248246	1.00969651876701	1.00031704669203	1.00027144395009	1.01051828389213	1.05062954809129	1.01051828389213	1.01726339558307	1.00031704669203	1.00969651876701	1.00031716248246	2.14998910381156	0.0669954882207604	0.00631119302063407	0.0669954882207622	0.0560072818641957	0.00545806694731895	-0.0248314931405332	0.00545806588852024	0.00498696282267547	-0.0257015601438501	-0.0494266381644485	-0.0257015601438497	0.0560072818641971	0.00545806588852024	-0.0248314931405329	0.00545806694732004
1	1.02289552269865	1.00040437686175	1.02289552269866	1.01725149010448	1.00031713956092	1.00969653870894	1.00031702830735	1.00027143650005	1.01052025129057	1.05063031182623	1.01052025129057	1.01725149010448	1.00031702830735	1.00969653870894	1.00031713956092	2.14998931957055	0.0669956776603131	0.00631119508170043	0.0669956776603149	0.0560065920426103	0.00545806681294966	-0.024831493611014	0.0054580657804036	0.00498696281235989	-0.0257016117036756	-0.0494266749718188	-0.0257016117036753	0.0560065920426117	0.0054580657804036	-0.0248314936110137	0.00545806681295074
1	1.02289813948089	1.00040468021503	1.02289813948089	1.01724004313687	1.00031711753782	1.00969655787656	1.00031701064329	1.00027142934211	1.01052214238855	1.05063104710349	1.01052214238855	1.01724004313688	1.00031701064329	1.00969655787656	1.00031711753782	2.14998953105722	0.0669958598570716	0.00631119706197275	0.0669958598570734	0.0560059287878496	0.00545806668383445	-0.0248314940632226	0.00545806567653254	0.00498696280247009	-0.0257016612638743	-0.0494267104077672	-0.025701661263874	0.056005928787851	0.00545806567653254	-0.0248314940632223	0.00545806668383554
1	1.02290065621597	1.00040497167897	1.02290065621597	1.01722903701695	1.00031709637797	1.00969657629994	1.0003169936716	1.00027142246482	1.01052396014505	1.05063175498342	1.01052396014505	1.01722903701695	1.0003169936716	1.00969657629994	1.00031709637797	2.14998973835617	0.066996035087931	0.00631119896461781	0.0669960350879328	0.0560052910764766	0.00545806655976743	-0.0248314944978679	0.0054580655767405	0.0049869627929882	-0.0257017089019928	-0.0494267445233876	-0.0257017089019925	0.056005291076478	0.0054580655767405	-0.0248314944978676	0.00545806655976852
1	1.02290307672874	1.00040525171955	1.02290307672874	1.01721845476222	1.00031707604751	1.00969659400796	1.00031697736515	1.00027141585717	1.0105257074043	1.05063243648686	1.0105257074043	1.01721845476222	1.00031697736515	1.00969659400796	1.00031707604751	2.14998994155034	0.0669962036192002	0.0063112007926788	0.066996203619202	0.0560046779244978	0.00545806644055078	-0.0248314949156325	0.00545806548086787	0.00498696278389777	-0.0257017546925721	-0.0494267773678776	-0.0257017546925718	0.0560046779244992	0.00545806548086788	-0.0248314949156322	0.00545806644055187
1	1.02290540469787	1.00040552078448	1.02290540469787	1.01720828004472	1.00031705651394	1.00969661102842	1.00031696169786	1.0002714095086	1.01052738690025	1.05063309259663	1.01052738690025	1.01720828004472	1.00031696169786	1.00969661102842	1.00031705651394	2.14999014072098	0.0669963657070106	0.00631120254907918	0.0669963657070124	0.0560040883858482	0.00545806632599453	-0.0248314953171713	0.00545806538876101	0.00498696277518231	-0.0257017987072613	-0.0494268089885939	-0.025701798707261	0.0560040883858497	0.00545806538876101	-0.024831495317171	0.00545806632599562
1	1.02290764366138	1.00040577930393	1.02290764366138	1.0171984971658	1.00031703774603	1.009696627388	1.00031694664468	1.00027140340895	1.01052900126085	1.05063372425891	1.01052900126084	1.0171984971658	1.00031694664468	1.009696627388	1.00031703774603	2.14999033594779	0.066996521597701	0.00631120423662827	0.0669965215977028	0.0560035215509214	0.00545806621591617	-0.0248314957031153	0.00545806530027252	0.00498696276682684	-0.0257018410149319	-0.0494268394311379	-0.0257018410149316	0.0560035215509229	0.00545806530027253	-0.024831495703115	0.00545806621591726
1	1.02290979702205	1.00040602769121	1.02290979702205	1.01718909103182	1.00031701971375	1.00969664311237	1.00031693218153	1.00027139754846	1.0105305530121	1.05063433238463	1.0105305530121	1.01718909103182	1.00031693218153	1.00969664311237	1.00031701971375	2.14999052730884	0.0669966715281943	0.00631120585802484	0.0669966715281961	0.0560029765451709	0.00545806611014011	-0.0248314960740699	0.00545806521526059	0.00498696275881622	-0.0257018816817846	-0.0494268687394031	-0.0257018816817843	0.0560029765451724	0.00545806521526059	-0.0248314960740696	0.00545806611014119
1	1.02291186805258	1.00040626634343	1.02291186805258	1.0171800471308	1.00031700238829	1.00969665822619	1.0003169182853	1.00027139191775	1.01053204458209	1.05063491785078	1.01053204458209	1.0171800471308	1.0003169182853	1.00969665822619	1.00031700238829	2.1499907148807	0.0669968157263547	0.0063112074158622	0.0669968157263565	0.056002452527749	0.00545806600849781	-0.0248314964306169	0.00545806513358908	0.00498696275113647	-0.0257019207714525	-0.0494268969556545	-0.0257019207714522	0.0560024525277504	0.00545806513358908	-0.0248314964306166	0.0054580660084989
1	1.02291385990058	1.00040649564212	1.02291385990058	1.01717135151002	1.00031698574193	1.00969667275317	1.00031690493375	1.00027138650781	1.01053347830473	1.05063548150169	1.01053347830473	1.01717135151002	1.00031690493375	1.00969667275317	1.00031698574193	2.14999089873838	0.0669969544113382	0.00631120891263168	0.06699695441134	0.0560019486902152	0.00545806591082736	-0.0248314967733159	0.00545806505512707	0.00498696274377386	-0.0257019583451015	-0.049426924120578	-0.0257019583451012	0.0560019486902166	0.00545806505512707	-0.0248314967733156	0.00545806591082845
1	1.02291577559331	1.00040671595389	1.02291577559332	1.01716299075442	1.00031696974806	1.00969668671609	1.00031689210555	1.00027138130998	1.01053485642342	1.05063602415022	1.01053485642342	1.01716299075442	1.00031689210555	1.00969668671609	1.00031696974806	2.14999107895543	0.0669970877939212	0.00631121035072745	0.066997087793923	0.0560014642552787	0.00545806581697321	-0.0248314971027056	0.00545806497974905	0.00498696273671552	-0.0257019944615263	-0.0494269502733467	-0.025701994461526	0.0560014642552801	0.00545806497974905	-0.0248314971027053	0.0054580658169743
1	1.02291761804233	1.00040692763095	1.02291761804233	1.01715495196587	1.00031695438109	1.00969670013686	1.00031687978016	1.00027137631595	1.01053618109458	1.05063654657892	1.01053618109458	1.01715495196587	1.00031687978016	1.00969670013686	1.00031695438109	2.14999125560395	0.0669972160768238	0.00631121173244919	0.0669972160768255	0.0560009984756036	0.00545806572678564	-0.0248314974193019	0.00545806490733397	0.00498696272994875	-0.0257020291772397	-0.0494269754516706	-0.0257020291772393	0.056000998475605	0.00545806490733397	-0.0248314974193017	0.00545806572678673
1	1.02291939004786	1.00040713101173	1.02291939004786	1.01714722274325	1.00031693961646	1.00969671303652	1.0003168679379	1.00027137151773	1.01053745439099	1.05063704954121	1.01053745439099	1.01714722274325	1.0003168679379	1.00969671303652	1.00031693961646	2.14999142875459	0.0669973394550152	0.00631121306000694	0.066997339455017	0.0560005506326482	0.00545806564012112	-0.0248314977236021	0.00545806483776597	0.00498696272346163	-0.0257020625465644	-0.0494269996918592	-0.0257020625465641	0.0560005506326496	0.00545806483776598	-0.0248314977236018	0.00545806564012221
1	1.02292109430311	1.00040732642138	1.02292109430311	1.01713979116325	1.00031692543056	1.00969672543531	1.00031685655981	1.00027136690764	1.01053867830507	1.05063753376243	1.01053867830506	1.01713979116325	1.00031685655981	1.00969672543531	1.00031692543056	2.14999159847662	0.0669974581160129	0.00631121433552384	0.0669974581160147	0.05600012003556	0.0054580655568416	-0.0248314980160837	0.00545806477093346	0.00498696271724257	-0.0257020946217158	-0.0494270230288652	-0.0257020946217155	0.0560001200355614	0.00545806477093347	-0.0248314980160834	0.00545806555684269
1	1.02292273339831	1.00040751417231	1.02292273339831	1.01713264576199	1.00031691180069	1.00969673735268	1.00031684562771	1.00027136247831	1.01053985475194	1.0506379999409	1.01053985475194	1.01713264576199	1.00031684562771	1.00969673735268	1.00031691180069	2.14999176483793	0.0669975722401635	0.00631121556103997	0.0669975722401653	0.0559997060201027	0.00545806547681438	-0.0248314982972058	0.00545806470672936	0.00498696271128072	-0.0257021254528856	-0.0494270454963414	-0.0257021254528853	0.0559997060201042	0.00545806470672936	-0.0248314982972055	0.00545806547681547
1	1.02292430982467	1.00040769456469	1.02292430982467	1.01712577551727	1.00031689870508	1.00969674880732	1.00031683512411	1.00027135822264	1.01054098557249	1.0506384487489	1.01054098557249	1.01712577551727	1.00031683512411	1.00969674880732	1.00031689870508	2.14999192790507	0.066997682000921	0.00631121673851521	0.0669976820009228	0.0559993079476341	0.00545806539991204	-0.0248314985674094	0.00545806464505061	0.0049869627055652	-0.0257021550883174	-0.0494270671266839	-0.0257021550883171	0.0559993079476356	0.00545806464505061	-0.0248314985674091	0.00545806539991313
1	1.02292582597817	1.00040786788693	1.02292582597817	1.01711916983157	1.00031688612277	1.00969675981719	1.00031682503222	1.00027135413383	1.01054207253621	1.05063888083368	1.01054207253621	1.01711916983157	1.00031682503222	1.00969675981719	1.00031688612277	2.14999208774326	0.0669977875651075	0.00631121786983295	0.0669977875651092	0.0559989252041165	0.00545806532601208	-0.0248314988271181	0.00545806458579844	0.00498696270008618	-0.0257021835743852	-0.0494270879510863	-0.0257021835743849	0.0559989252041179	0.00545806458579844	-0.0248314988271178	0.00545806532601317
1	1.02292728416319	1.00040803441612	1.02292728416319	1.01711281851563	1.00031687403365	1.00969677039958	1.00031681533591	1.00027135020533	1.01054311734394	1.05063929681836	1.01054311734394	1.01711281851563	1.00031681533591	1.00969677039958	1.00031687403365	2.14999224441644	0.0669978890931683	0.00631121895680245	0.0669978890931701	0.0559985571991698	0.00545806525499692	-0.0248314990767403	0.00545806452887775	0.00498696269483363	-0.0257022109556638	-0.0494271079995756	-0.0257022109556635	0.0559985571991712	0.00545806452887775	-0.02483149907674	0.00545806525499801
1	1.02292868659601	1.0004081944185	1.02292868659602	1.01710671177276	1.00031686241838	1.00969678057106	1.00031680601965	1.00027134643087	1.01054412163061	1.05063969730286	1.01054412163061	1.01710671177276	1.00031680601965	1.00969678057106	1.00031686241838	2.14999239798728	0.0669979867394149	0.00631122000116228	0.0669979867394167	0.0559982033651588	0.00545806518675346	-0.0248314993166677	0.00545806447419733	0.00498696268979849	-0.025702237275	-0.0494271273010633	-0.0257022372749997	0.0559982033651602	0.00545806447419733	-0.0248314993166674	0.00545806518675455
1	1.02293003540819	1.00040834814988	1.0229300354082	1.01710084018371	1.00031685125839	1.00969679034761	1.00031679706857	1.0002713428044	1.0105450869677	1.05064008286472	1.0105450869677	1.01710084018371	1.00031679706857	1.00969679034761	1.00031685125839	2.14999254851722	0.0669980806522591	0.00631122100458263	0.0669980806522609	0.055997863156318	0.00545806512117321	-0.0248314995472767	0.0054580644216694	0.00498696268497164	-0.0257022625735786	-0.0494271458833815	-0.0257022625735783	0.0559978631563195	0.0054580644216694	-0.0248314995472765	0.0054580651211743
1	1.0229313326498	1.00040849585604	1.0229313326498	1.01709519469206	1.00031684053584	1.00969679974456	1.00031678846834	1.00027133932011	1.01054601486579	1.05064045405999	1.01054601486579	1.01709519469206	1.00031678846834	1.00969679974456	1.00031684053584	2.14999269606646	0.0669981709744386	0.00631122196866845	0.0669981709744404	0.0559975360479032	0.00545806505815166	-0.024831499768929	0.00545806437120975	0.00498696268034458	-0.0257022868909871	-0.0494271637733266	-0.0257022868909868	0.0559975360479046	0.00545806437120975	-0.0248314997689288	0.00545806505815275
1	1.02293258029252	1.00040863777313	1.02293258029252	1.01708976659029	1.00031683023358	1.00969680877663	1.00031678020521	1.00027133597244	1.01054690677684	1.05064081142399	1.01054690677684	1.01708976659029	1.00031678020521	1.00969680877663	1.00031683023358	2.14999284069404	0.0669982578432354	0.00631122289496156	0.0669982578432371	0.0559972215353896	0.00545806499758855	-0.0248314999819726	0.00545806432273727	0.00498696267590894	-0.0257023102652778	-0.0494271809966949	-0.0257023102652775	0.055997221535391	0.00545806432273727	-0.0248314999819723	0.00545806499758964
1	1.02293378023266	1.00040877412803	1.02293378023266	1.01708454750633	1.00031682033514	1.00969681745801	1.00031677226597	1.00027133275603	1.01054776409652	1.05064115547207	1.01054776409652	1.01708454750633	1.00031677226597	1.00969681745801	1.00031682033514	2.14999298245779	0.0669983413906812	0.00631122378494345	0.0669983413906829	0.0559969191336847	0.00545806493938754	-0.024831500186742	0.00545806427617431	0.00498696267165696	-0.025702332733028	-0.0494271975783252	-0.0257023327330277	0.0559969191336861	0.00545806427617431	-0.0248315001867417	0.00545806493938863
1	1.02293493429404	1.00040890513875	1.02293493429404	1.0170795293906	1.00031681082468	1.00969682580231	1.00031676463792	1.00027132966572	1.01054858816638	1.05064148670042	1.01054858816638	1.0170795293906	1.00031676463792	1.00969682580231	1.00031681082468	2.14999312141444	0.0669984217437617	0.00631122464003751	0.0669984217437635	0.0559966283763844	0.00545806488345599	-0.0248315003835578	0.00545806423144599	0.00498696266758101	-0.0257023543293954	-0.0494272135421255	-0.0257023543293951	0.0559966283763858	0.00545806423144599	-0.0248315003835575	0.00545806488345708
1	1.02293604423076	1.00040903101474	1.02293604423076	1.01707470450359	1.000316801687	1.00969683382261	1.00031675730887	1.00027132669659	1.01054938027594	1.0506418055867	1.01054938027594	1.01707470450359	1.00031675730887	1.00969683382261	1.000316801687	2.14999325761956	0.0669984990246067	0.00631122546161141	0.0669984990246085	0.0559963488150503	0.00545806482970486	-0.0248315005727298	0.00545806418848059	0.00498696266367389	-0.025702375088175	-0.0494272289111181	-0.0257023750881747	0.0559963488150517	0.00545806418848059	-0.0248315005727295	0.00545806482970595
1	1.02293711172983	1.00040915195725	1.02293711172983	1.01707006540393	1.00031679290748	1.0096968415315	1.0003167502671	1.00027132384387	1.0105501416647	1.05064211259081	1.0105501416647	1.01707006540393	1.0003167502671	1.0096968415315	1.00031679290748	2.14999339112764	0.0669985733506779	0.00631122625097904	0.0669985733506796	0.0559960800185179	0.00545806477804879	-0.0248315007545544	0.00545806414720907	0.00498696265992846	-0.0257023950418509	-0.0494272437074631	-0.0257023950418506	0.0559960800185194	0.00545806414720907	-0.0248315007545541	0.00545806477804988
1	1.02293813841379	1.00040926815963	1.02293813841379	1.01706560493689	1.0003167844721	1.00969684894107	1.00031674350134	1.00027132110299	1.01055087352411	1.05064240815549	1.01055087352411	1.01706560493689	1.00031674350134	1.00969684894107	1.0003167844721	2.14999352199208	0.0669986448349461	0.00631122700940314	0.0669986448349479	0.0559958215722306	0.00545806472840558	-0.0248315009293175	0.00545806410756523	0.00498696265633832	-0.0257024142216477	-0.0494272579524999	-0.0257024142216474	0.055995821572232	0.00545806410756523	-0.0248315009293172	0.00545806472840667
1	1.02293912584313	1.00040937980767	1.02293912584313	1.01706131622333	1.00031677636735	1.00969685606293	1.00031673700078	1.00027131846959	1.01055157699939	1.05064269270698	1.01055157699939	1.01706131622333	1.00031673700078	1.00969685606293	1.00031677636735	2.14999365026523	0.0669987135860631	0.00631122773809657	0.0669987135860649	0.0559955730776014	0.00545806468069637	-0.024831501097293	0.00545806406948524	0.00498696265289692	-0.0257024326575787	-0.0494272716667678	-0.0257024326575784	0.0559955730776028	0.00545806406948524	-0.0248315010972927	0.00545806468069746
1	1.02294007551871	1.00040948707986	1.02294007551871	1.01705719264907	1.00031676858029	1.00969686290827	1.00031673075502	1.00027131593944	1.01055225319136	1.05064296665566	1.01055225319136	1.01705719264907	1.00031673075502	1.00969686290827	1.00031676858029	2.1499937759984	0.0669987797085257	0.00631122843822466	0.0669987797085274	0.0559953341513935	0.00545806463484514	-0.0248315012587443	0.00545806403290815	0.00498696264959808	-0.0257024503784932	-0.0494272848700438	-0.0257024503784929	0.0559953341513949	0.00545806403290816	-0.024831501258744	0.00545806463484623
1	1.02294098888397	1.0004095901477	1.02294098888397	1.01705322785469	1.00031676109845	1.00969686948782	1.00031672475407	1.00027131350849	1.01055290315816	1.05064323039659	1.01055290315816	1.0170532278547	1.00031672475407	1.00969686948782	1.00031676109845	2.14999389924189	0.0669988433028369	0.00631122911090728	0.0669988433028387	0.0559951044251345	0.00545806459077919	-0.0248315014139248	0.00545806399777497	0.00498696264643593	-0.025702467412122	-0.0494272975813668	-0.0257024674121217	0.0559951044251359	0.00545806399777497	-0.0248315014139245	0.00545806459078028
1	1.02294186732719	1.00040968917599	1.02294186732719	1.01704941572575	1.00031675390988	1.0096968758119	1.00031671898835	1.00027131117285	1.01055352791687	1.05064348431014	1.01055352791687	1.01704941572575	1.00031671898835	1.00969687581189	1.00031675390988	2.149994020045	0.0669989044656565	0.00631122975722025	0.0669989044656583	0.0559948835445422	0.00545806454842839	-0.0248315015630784	0.00545806396402931	0.00498696264340496	-0.0257024837851202	-0.0494273098190681	-0.0257024837851199	0.0559948835445437	0.00545806396402932	-0.0248315015630781	0.00545806454842948
1	1.02294271218357	1.00040978432304	1.02294271218357	1.01704575038327	1.00031674700307	1.00969688189042	1.00031671344862	1.00027130892879	1.01055412844514	1.05064372876248	1.01055412844514	1.01704575038327	1.00031671344862	1.00969688189042	1.00031674700307	2.14999413845604	0.0669989632899494	0.00631123037819735	0.0669989632899512	0.0559946711689803	0.00545806450772548	-0.0248315017064388	0.00545806393161693	0.00498696264049958	-0.0257024995231092	-0.0494273216007924	-0.0257024995231089	0.0559946711689818	0.00545806393161693	-0.0248315017064385	0.00545806450772657
1	1.02294352473726	1.00040987574097	1.02294352473726	1.01704222617472	1.00031674036699	1.00969688773293	1.00031670812603	1.00027130677272	1.0105547056827	1.05064396410616	1.0105547056827	1.01704222617472	1.00031670812603	1.00969688773293	1.00031674036699	2.14999425452238	0.0669990198651262	0.00631123097483172	0.0669990198651279	0.0559944669709336	0.00545806446860579	-0.0248315018442312	0.00545806390048569	0.00498696263771472	-0.025702514650717	-0.0494273329435324	-0.0257025146507167	0.055994466970935	0.00545806390048569	-0.0248315018442309	0.00545806446860688
1	1.02294430622331	1.00040996357593	1.02294430622331	1.0170388376653	1.00031673399102	1.00969689334858	1.00031670301207	1.00027130470118	1.01055526053284	1.05064419068057	1.01055526053284	1.0170388376653	1.00031670301207	1.00969689334858	1.00031673399102	2.14999436829046	0.0669990742771785	0.00631123154807749	0.0669990742771803	0.0559942706355006	0.00545806443100718	-0.024831501976672	0.00545806387058548	0.00498696263504537	-0.0257025291916161	-0.0494273438636424	-0.0257025291916157	0.0559942706355021	0.00545806387058548	-0.0248315019766717	0.00545806443100827
1	1.02294505782955	1.00041004796836	1.02294505782955	1.01703557962949	1.00031672786497	1.00969689874619	1.00031669809857	1.00027130271087	1.01055579386382	1.05064440881248	1.01055579386382	1.01703557962949	1.00031669809857	1.00969689874619	1.00031672786497	2.14999447980578	0.0669991266088115	0.00631123209885175	0.0669991266088132	0.0559940818599065	0.00545806439486992	-0.0248315021039689	0.00545806384186834	0.00498696263248679	-0.025702543168561	-0.0494273543768706	-0.0257025431685607	0.055994081859908	0.00545806384186834	-0.0248315021039686	0.00545806439487101
1	1.02294578069842	1.00041012905317	1.02294578069842	1.01703244704305	1.00031672197904	1.00969690393422	1.00031669337766	1.00027130079859	1.01055630651021	1.05064461881645	1.01055630651021	1.01703244704305	1.00031669337766	1.00969690393421	1.00031672197904	2.14999458911295	0.0669991769395673	0.00631123262803516	0.0669991769395691	0.0559939003530405	0.00545806436013662	-0.0248315022263219	0.00545806381428791	0.0049869626300343	-0.0257025566034243	-0.0494273644983768	-0.025702556603424	0.0559939003530419	0.00545806381428791	-0.0248315022263216	0.00545806436013771
1	1.02294647592864	1.00041020696001	1.02294647592864	1.01702943507525	1.00031671632381	1.0096969089208	1.00031668884179	1.00027129896129	1.01055679927424	1.05064482099536	1.01055679927424	1.01702943507525	1.00031668884179	1.0096969089208	1.00031671632381	2.1499946962557	0.0669992253459465	0.00631123313647422	0.0669992253459483	0.0559937258350008	0.00545806432675209	-0.0248315023439225	0.00545806378779998	0.00498696262768368	-0.0257025695172294	-0.0494273742427562	-0.0257025695172291	0.0559937258350022	0.00545806378779998	-0.0248315023439223	0.00545806432675318
1	1.02294714457696	1.00041028181342	1.02294714457696	1.01702653908138	1.00031671089026	1.00969691371377	1.00031668448372	1.00027129719603	1.010557272927	1.05064501564076	1.010557272927	1.01702653908138	1.00031668448372	1.00969691371377	1.00031671089026	2.14999480127687	0.0669992719015268	0.00631123362498208	0.0669992719015286	0.055993558036668	0.00545806429466336	-0.0248315024569558	0.0054580637623618	0.0049869626254306	-0.025702581930185	-0.0494273836240606	-0.0257025819301847	0.0559935580366695	0.0054580637623618	-0.0248315024569555	0.00545806429466445
1	1.02294778765971	1.00041035373309	1.02294778765971	1.01702375459563	1.00031670566968	1.00969691832064	1.00031668029647	1.00027129549999	1.01055772820971	1.05064520303339	1.01055772820971	1.01702375459563	1.00031668029647	1.00969691832064	1.00031670566968	2.14999490421848	0.06699931667707	0.0063112340943401	0.0669993166770717	0.0559933966992847	0.00545806426381948	-0.0248315025655991	0.00545806373793252	0.00498696262327108	-0.0257025938617154	-0.0494273926558186	-0.025702593861715	0.0559933966992861	0.00545806373793252	-0.0248315025655988	0.00545806426382057
1	1.02294840615437	1.00041042283399	1.02294840615437	1.01702107732418	1.00031670065373	1.00969692274863	1.00031667627335	1.00027129387044	1.0105581658348	1.05064538344347	1.0105581658348	1.01702107732418	1.00031667627335	1.00969692274863	1.00031670065373	2.14999500512172	0.0669993597406351	0.0063112345452988	0.0669993597406369	0.0559932415740608	0.00545806423417145	-0.0248315026700223	0.00545806371447269	0.00498696262120118	-0.0257026053304924	-0.049427401351053	-0.0257026053304921	0.0559932415740623	0.0054580637144727	-0.024831502670022	0.00545806423417254
1	1.02294900100104	1.0004104892266	1.02294900100104	1.01701850313857	1.00031669583438	1.00969692700469	1.00031667240792	1.00027129230478	1.0105585864871	1.05064555713119	1.0105585864871	1.01701850313857	1.00031667240792	1.00969692700469	1.00031669583438	2.14999510402694	0.0669994011576782	0.0063112349785797	0.0669994011576799	0.0559930924217867	0.00545806420567229	-0.02483150277039	0.00545806369194477	0.00498696261921731	-0.0257026163544638	-0.0494274097223049	-0.0257026163544635	0.0559930924217882	0.00545806369194477	-0.0248315027703897	0.00545806420567338
1	1.02294957310389	1.00041055301706	1.02294957310389	1.01701602806932	1.00031669120394	1.00969693109549	1.000316668694	1.00027129080051	1.01055899082488	1.05064572434705	1.01055899082488	1.01701602806932	1.000316668694	1.00969693109549	1.00031669120394	2.1499952009737	0.0669994409911522	0.00631123539487556	0.066999440991154	0.0559929490124655	0.00545806417827661	-0.0248315028668593	0.00545806367031228	0.00498696261731582	-0.0257026269508796	-0.0494274177816433	-0.0257026269508793	0.0559929490124669	0.00545806367031228	-0.024831502866859	0.0054580641782777
1	1.0229501233325	1.00041061430737	1.0229501233325	1.01701364829983	1.000316686755	1.00969693502746	1.00031666512566	1.00027128935523	1.01055937948087	1.05064588533218	1.01055937948087	1.01701364829983	1.00031666512566	1.00969693502746	1.000316686755	2.14999529600078	0.0669994793016035	0.00631123579485236	0.0669994793016053	0.0559928111249566	0.00545806415194099	-0.024831502959582	0.00545806364954055	0.00498696261549334	-0.0257026371363229	-0.0494274255406916	-0.0257026371363226	0.0559928111249581	0.00545806364954055	-0.0248315029595817	0.00545806415194207
1	1.02295065252323	1.00041067319552	1.02295065252323	1.01701136016048	1.00031668248044	1.00969693880676	1.00031666169719	1.00027128796661	1.01055975306326	1.05064604031876	1.01055975306326	1.01701136016048	1.00031666169719	1.00969693880676	1.00031668248044	2.14999538914621	0.0669995161472643	0.00631123617914961	0.066999516147266	0.0559926785466375	0.00545806412662363	-0.0248315030487032	0.00545806362959602	0.0049869626137466	-0.0257026469267323	-0.0494274330106378	-0.025702646926732	0.055992678546639	0.00545806362959602	-0.0248315030487029	0.00545806412662472
1	1.02295116148043	1.00041072977564	1.02295116148043	1.01700916012298	1.00031667837343	1.00969694243931	1.00031665840311	1.00027128663243	1.01056011215667	1.05064618953029	1.01056011215667	1.01700916012298	1.00031665840311	1.00969694243931	1.00031667837343	2.14999548044723	0.0669995515841389	0.0063112365483822	0.0669995515841407	0.0559925510730726	0.00545806410228441	-0.0248315031343631	0.00545806361044674	0.0049869626120725	-0.0257026563374291	-0.049427440202255	-0.0257026563374288	0.0559925510730741	0.00545806361044674	-0.0248315031343628	0.0054580641022855
1	1.02295165097773	1.00041078413821	1.02295165097773	1.01700704479489	1.0003166744274	1.00969694593082	1.00031665523814	1.00027128535057	1.01056045732302	1.05064633318198	1.01056045732302	1.01700704479489	1.00031665523814	1.00969694593082	1.0003166744274	2.14999556994037	0.0669995856660921	0.00631123690314047	0.0669995856660939	0.0559924285077001	0.00545806407888469	-0.024831503216696	0.00545806359206171	0.00498696261046804	-0.0257026653831401	-0.0494274471259131	-0.0257026653831398	0.0559924285077015	0.00545806359206171	-0.0248315032166957	0.00545806407888577
1	1.02295212175917	1.00041083637012	1.02295212175917	1.01700501091443	1.00031667063604	1.00969694928676	1.00031665219723	1.00027128411896	1.01056078910246	1.05064647148098	1.01056078910246	1.01700501091443	1.00031665219723	1.00969694928676	1.00031667063604	2.14999565766143	0.066999618444928	0.00631123724399196	0.0669996184449297	0.0559923106615258	0.00545806405638722	-0.0248315032958313	0.00545806357441142	0.00498696260893031	-0.0257026740780207	-0.0494274537915962	-0.0257026740780204	0.0559923106615273	0.00545806357441142	-0.024831503295831	0.00545806405638831
1	1.02295257454033	1.0004108865549	1.02295257454033	1.01700305534543	1.00031666699329	1.0096969525124	1.00031664927552	1.00027128293565	1.01056110801418	1.05064660462675	1.01056110801418	1.01700305534543	1.00031664927552	1.0096969525124	1.00031666699329	2.1499957436455	0.0669996499704706	0.00631123757148171	0.0669996499704724	0.0559921973528364	0.00545806403475638	-0.024831503371893	0.00545806355746744	0.00498696260745654	-0.0257026824356772	-0.0494274602089162	-0.0257026824356769	0.0559921973528379	0.00545806355746745	-0.0248315033718927	0.00545806403475746
1	1.02295301000945	1.00041093477277	1.02295301000945	1.01700117507247	1.00031666349332	1.00969695561279	1.00031664646833	1.00027128179873	1.01056141455724	1.0506467328113	1.01056141455724	1.01700117507247	1.00031664646833	1.00969695561279	1.00031666349332	2.14999582792696	0.0669996802906388	0.00631123788613364	0.0669996802906406	0.0559920884069142	0.00545806401395775	-0.0248315034450003	0.00545806354120259	0.00498696260604416	-0.0257026904691887	-0.0494274663871264	-0.0257026904691884	0.0559920884069156	0.0054580635412026	-0.024831503445	0.00545806401395884
1	1.02295342882844	1.00041098110083	1.02295342882844	1.01699936719628	1.00031666013053	1.0096969585928	1.00031664377117	1.00027128070639	1.01056170921134	1.05064685621949	1.01056170921134	1.01699936719628	1.00031664377117	1.0096969585928	1.00031666013053	2.14999591053954	0.0669997094515195	0.00631123818845046	0.0669997094515212	0.0559919836557715	0.00545806399395847	-0.0248315035152678	0.00545806352559026	0.00498696260469049	-0.0257026981911261	-0.0494274723351372	-0.0257026981911257	0.0559919836557729	0.00545806352559026	-0.0248315035152675	0.00545806399395956
1	1.02295383163391	1.00041102561314	1.02295383163391	1.01699762892921	1.00031665689956	1.0096969614571	1.00031664117974	1.00027127965688	1.01056199243758	1.0506469750293	1.01056199243758	1.01699762892921	1.00031664117974	1.0096969614571	1.00031665689956	2.14999599151629	0.0669997374974389	0.00631123847891549	0.0669997374974407	0.0559918829378921	0.00545806397472764	-0.0248315035828064	0.00545806351060454	0.00498696260339288	-0.0257027056135733	-0.0494274780615219	-0.025702705613573	0.0559918829378936	0.00545806351060455	-0.0248315035828061	0.00545806397472873
1	1.02295421903813	1.00041106838086	1.02295421903813	1.01699595759098	1.00031665379523	1.00969696421019	1.00031663868988	1.00027127864852	1.01056226467917	1.05064708941208	1.01056226467917	1.01699595759098	1.00031663868988	1.00969696421019	1.00031665379523	2.14999607088958	0.0669997644710294	0.00631123875799254	0.0669997644710312	0.0559917860979783	0.00545806395623584	-0.0248315036477217	0.00545806349621996	0.00498696260214909	-0.0257027127481445	-0.0494274835745426	-0.0257027127481442	0.0559917860979798	0.00545806349621996	-0.0248315036477214	0.00545806395623693
1	1.02295459162997	1.00041110947238	1.02295459162997	1.01699435060451	1.00031665081258	1.00969696685637	1.00031663629762	1.0002712776797	1.01056252636214	1.05064719953278	1.01056252636214	1.01699435060451	1.00031663629762	1.00969696685637	1.00031665081258	2.14999614869118	0.0669997904132863	0.00631123902613022	0.0669997904132881	0.0559916929867004	0.00545806393845375	-0.0248315037101159	0.00545806348241407	0.00498696260095692	-0.0257027196060089	-0.0494274888821469	-0.0257027196060086	0.0559916929867019	0.00545806348241407	-0.0248315037101156	0.00545806393845484
1	1.02295494997577	1.00041114895338	1.02295494997577	1.01699280549196	1.00031664794683	1.00969696939982	1.00031663399912	1.00027127674886	1.01056277789599	1.05064730555021	1.01056277789599	1.01699280549196	1.00031663399912	1.00969696939982	1.00031664794683	2.1499962249522	0.0669998153636411	0.00631123928375682	0.0669998153636429	0.0559916034604878	0.00545806392135198	-0.024831503770087	0.0054580634691655	0.0049869625998151	-0.0257027261978958	-0.0494274939919962	-0.0257027261978954	0.0559916034604892	0.00545806346916551	-0.0248315037700867	0.00545806392135307
1	1.02295529462022	1.000411186887	1.02295529462022	1.01699131987091	1.00031664519342	1.0096969718445	1.00031663179073	1.00027127585452	1.01056301967435	1.05064740761727	1.01056301967435	1.01699131987091	1.00031663179073	1.0096969718445	1.00031664519342	2.14999629970316	0.0669998393600229	0.00631123953128384	0.0669998393600246	0.0559915173813044	0.00545806390490439	-0.0248315038277281	0.00545806345645179	0.00498696259872027	-0.0257027325341212	-0.0494274989114475	-0.0257027325341209	0.0559915173813059	0.00545806345645179	-0.0248315038277278	0.00545806390490548
1	1.02295562608718	1.00041122333387	1.02295562608718	1.01698989145066	1.00031664254793	1.00969697419427	1.00031662966889	1.00027127499524	1.01056325207556	1.05064750588115	1.01056325207556	1.01698989145066	1.00031662966889	1.00969697419427	1.00031664254793	2.14999637297395	0.0669998624389012	0.00631123976910785	0.0669998624389029	0.0559914346164183	0.00545806388908386	-0.0248315038831308	0.00545806344425369	0.00498696259767167	-0.0257027386246008	-0.0494275036476058	-0.0257027386246004	0.0559914346164197	0.0054580634442537	-0.0248315038831305	0.00545806388908495
1	1.0229559448805	1.00041125835227	1.0229559448805	1.01698851802875	1.00031664000613	1.00969697645279	1.00031662763023	1.00027127416966	1.01056347546331	1.05064760048357	1.01056347546331	1.01698851802875	1.00031662763023	1.00969697645279	1.00031664000613	2.14999644479387	0.0669998846353621	0.00631123999760836	0.0669998846353638	0.0559913550382216	0.00545806387386626	-0.024831503936381	0.00545806343255031	0.00498696259666631	-0.0257027444788653	-0.0494275082072903	-0.025702744478865	0.055991355038223	0.00545806343255031	-0.0248315039363807	0.00545806387386735
1	1.02295625148475	1.00041129199818	1.02295625148475	1.0169871974875	1.00031663756396	1.00969697862363	1.00031662567148	1.00027127337644	1.01056369018718	1.05064769156095	1.01056369018718	1.0169871974875	1.00031662567148	1.00969697862363	1.00031663756396	2.14999651519167	0.0669999059831396	0.00631124021715163	0.0669999059831414	0.0559912785240076	0.00545806385922645	-0.0248315039875633	0.00545806342132403	0.00498696259570342	-0.0257027501060764	-0.0494275125970865	-0.025702750106076	0.055991278524009	0.00545806342132403	-0.024831503987563	0.00545806385922754
1	1.02295654636597	1.0004113243254	1.02295654636597	1.0169859277908	1.00031663521751	1.00969698071017	1.0003166237895	1.00027127261433	1.01056389658318	1.05064777924466	1.01056389658318	1.0169859277908	1.0003166237895	1.00969698071017	1.00031663521751	2.1499965841955	0.0669999265146873	0.00631124042808794	0.066999926514689	0.0559912049558054	0.00545806384514238	-0.024831504036757	0.00545806341055532	0.00498696259478022	-0.0257027555150398	-0.0494275168233145	-0.0257027555150395	0.0559912049558069	0.00545806341055532	-0.0248315040367567	0.00545806384514347
1	1.02295682997239	1.0004113553856	1.02295682997239	1.01698470698093	1.00031663296304	1.0096969827157	1.00031662198129	1.0002712718821	1.01056409497431	1.05064786366113	1.01056409497431	1.01698470698093	1.00031662198129	1.0096969827157	1.00031663296304	2.14999665183296	0.0669999462612096	0.00631124063075554	0.0669999462612114	0.0559911342201776	0.00545806383159073	-0.0248315040840402	0.0054580634002281	0.004986962593896	-0.0257027607142204	-0.0494275208920783	-0.0257027607142201	0.055991134220179	0.00545806340022811	-0.0248315040840399	0.00545806383159182
1	1.0229571027351	1.00041138522846	1.02295710273511	1.01698353317556	1.00031663079693	1.00969698464336	1.00031662024397	1.00027127117857	1.01056428567101	1.05064794493212	1.01056428567101	1.01698353317556	1.00031662024397	1.00969698464336	1.00031663079693	2.14999671813111	0.0669999652527256	0.00631124082547764	0.0669999652527273	0.0559910662080631	0.00545806381855096	-0.0248315041294864	0.00545806339032445	0.00498696259304844	-0.025702765711754	-0.0494275248092375	-0.0257027657117537	0.0559910662080646	0.00545806339032445	-0.0248315041294861	0.00545806381855205
1	1.02295736506871	1.00041141390168	1.02295736506872	1.01698240456483	1.00031662871572	1.00969698649617	1.00031661857474	1.00027127050264	1.01056446897172	1.05064802317482	1.01056446897172	1.01698240456483	1.00031661857474	1.00969698649617	1.00031662871572	2.14999678311647	0.0669999835180987	0.00631124101256657	0.0669999835181005	0.0559910008145916	0.00545806380600153	-0.0248315041731678	0.00545806338082955	0.0049869625922366	-0.0257027705154619	-0.0494275285804461	-0.0257027705154616	0.055991000814593	0.00545806338082955	-0.0248315041731675	0.00545806380600262
1	1.02295761737198	1.0004114414511	1.02295761737198	1.01698131940858	1.00031662671609	1.00969698827704	1.00031661697094	1.0002712698532	1.01056464516328	1.05064809850208	1.01056464516328	1.01698131940858	1.00031661697094	1.00969698827704	1.00031662671609	2.14999684681503	0.0670000010850969	0.00631124119232061	0.0670000010850986	0.0559909379389401	0.00545806379392357	-0.0248315042151519	0.00545806337172687	0.00498696259145851	-0.0257027751328608	-0.0494275322111387	-0.0257027751328605	0.0559909379389415	0.00545806337172687	-0.0248315042151516	0.00545806379392466
1	1.0229578600284	1.00041146792076	1.0229578600284	1.01698027603365	1.00031662479484	1.00969698998876	1.00031661543	1.00027126922923	1.0105648145214	1.05064817102254	1.0105648145214	1.01698027603366	1.00031661543	1.00969698998876	1.00031662479484	2.14999690925228	0.0670000179804187	0.0063112413650282	0.0670000179804205	0.0559908774841585	0.00545806378229696	-0.0248315042555055	0.00545806336300287	0.00498696259071317	-0.0257027795711773	-0.0494275357065536	-0.025702779571177	0.05599087748416	0.00545806336300288	-0.0248315042555051	0.00545806378229805
1	1.02295809340684	1.00041149335299	1.02295809340684	1.01697927283133	1.0003166229489	1.00969699163402	1.00031661394947	1.00027126862972	1.01056497731112	1.05064824084077	1.01056497731112	1.01697927283133	1.00031661394947	1.00969699163402	1.0003166229489	2.14999697045318	0.0670000342297495	0.00631124153096469	0.0670000342297512	0.0559908193570392	0.00545806377110418	-0.0248315042942913	0.00545806335464238	0.00498696258999899	-0.0257027838373564	-0.04942753907173	-0.0257027838373561	0.0559908193570406	0.00545806335464239	-0.024831504294291	0.00545806377110527
1	1.02295831786202	1.00041151778845	1.02295831786202	1.01697830825481	1.0003166211753	1.0096969932154	1.00031661252697	1.00027126805372	1.01056513378718	1.05064830805747	1.01056513378718	1.01697830825481	1.00031661252697	1.0096969932154	1.0003166211753	2.14999703044223	0.0670000498577849	0.00631124169039644	0.0670000498577867	0.0559907634679546	0.00545806376032654	-0.0248315043315708	0.00545806334663311	0.00498696258931488	-0.0257027879380752	-0.0494275423115209	-0.0257027879380748	0.0559907634679561	0.00545806334663311	-0.0248315043315705	0.00545806376032763
1	1.02295853373513	1.00041154126621	1.02295853373513	1.01697738081688	1.00031661947123	1.00969699473537	1.00031661116023	1.00027126750031	1.01056528419446	1.05064837276957	1.01056528419446	1.01697738081688	1.00031661116023	1.00969699473537	1.00031661947123	2.14999708924341	0.0670000648882832	0.00631124184357737	0.0670000648882849	0.0559907097307358	0.00545806374994764	-0.0248315043674017	0.00545806333896116	0.0049869625886594	-0.0257027918797497	-0.0494275454305979	-0.0257027918797494	0.0559907097307372	0.00545806333896116	-0.0248315043674014	0.00545806374994873
1	1.02295874135431	1.00041156382379	1.02295874135431	1.01697648908758	1.00031661783394	1.00969699619633	1.00031660984706	1.00027126696859	1.01056542876832	1.0506484350704	1.01056542876832	1.01697648908758	1.00031660984706	1.00969699619633	1.00031661783394	2.14999714688025	0.067000079344088	0.00631124199075353	0.0670000793440897	0.0559906580625246	0.00545806373995003	-0.0248315044018411	0.0054580633316154	0.00498696258803152	-0.0257027956685496	-0.0494275484334583	-0.0257027956685493	0.0559906580625261	0.0054580633316154	-0.0248315044018408	0.00545806373995112
1	1.02295894103514	1.00041158549726	1.02295894103514	1.016975631692	1.00031661626084	1.00969699760056	1.00031660858537	1.00027126645772	1.010565567735	1.05064849504981	1.010565567735	1.016975631692	1.00031660858537	1.00969699760056	1.00031661626084	2.14999720337581	0.0670000932471752	0.00631124213215921	0.067000093247177	0.0559906083836607	0.00545806373031849	-0.0248315044349421	0.00545806332458307	0.00498696258743008	-0.0257027993104024	-0.049427551324434	-0.0257027993104021	0.0559906083836622	0.00545806332458307	-0.0248315044349418	0.00545806373031957
1	1.02295913308114	1.00041160632129	1.02295913308114	1.0169748073082	1.00031661474939	1.00969699895027	1.00031660737313	1.00027126596688	1.01056570131199	1.05064855279429	1.01056570131199	1.0169748073082	1.00031660737313	1.00969699895027	1.00031661474939	2.14999725875268	0.0670001066186764	0.0063112422680216	0.0670001066186782	0.0559905606175443	0.00545806372103673	-0.0248315044667573	0.00545806331785422	0.00498696258685404	-0.0257028028110095	-0.0494275541076906	-0.0257028028110092	0.0559905606175457	0.00545806331785423	-0.024831504466757	0.00545806372103782
1	1.02295931778424	1.00041162632914	1.02295931778424	1.0169740146651	1.00031661329718	1.00969700024758	1.00031660620842	1.00027126549529	1.0105658297083	1.05064860838713	1.0105658297083	1.0169740146651	1.00031660620842	1.00969700024758	1.00031661329718	2.14999731303301	0.0670001194789188	0.00631124239855708	0.0670001194789206	0.0559905146905309	0.00545806371209056	-0.0248315044973362	0.00545806331141728	0.00498696258630237	-0.0257028061758473	-0.0494275567872472	-0.025702806175847	0.0559905146905323	0.00545806331141728	-0.0248315044973359	0.00545806371209165
1	1.02295949542519	1.00041164555283	1.02295949542519	1.0169732525406	1.00031661190189	1.00969700149451	1.00031660508935	1.00027126504219	1.01056595312487	1.0506486619085	1.01056595312487	1.0169732525406	1.00031660508935	1.00969700149451	1.00031661190189	2.14999736623852	0.0670001318474478	0.00631124252397521	0.0670001318474496	0.0559904705318065	0.00545806370346453	-0.0248315045267271	0.00545806330526319	0.00498696258577404	-0.025702809410183	-0.0494275593669615	-0.0257028094101827	0.0559904705318079	0.00545806330526319	-0.0248315045267268	0.00545806370346562
1	1.022959666274	1.00041166402307	1.02295966627401	1.01697251975964	1.00031661056129	1.00969700269302	1.00031660401415	1.00027126460685	1.01056607175483	1.05064871343558	1.01056607175483	1.01697251975964	1.00031660401415	1.00969700269302	1.00031661056129	2.14999741839049	0.067000143743066	0.00631124264447563	0.0670001437430678	0.0559904280732883	0.0054580636951453	-0.0248315045549759	0.00545806329938159	0.00498696258526827	-0.0257028125190764	-0.0494275618505608	-0.025702812519076	0.0559904280732897	0.00545806329938159	-0.0248315045549757	0.00545806369514639
1	1.02295983059039	1.00041168176941	1.02295983059039	1.0169718151924	1.00031660927324	1.009697003845	1.0003166029811	1.00027126418858	1.01056618578383	1.05064876304269	1.01056618578383	1.0169718151924	1.0003166029811	1.009697003845	1.00031660927324	2.14999746950979	0.0670001551838541	0.00631124276025191	0.0670001551838559	0.0559903872495108	0.00545806368711847	-0.024831504582127	0.00545806329376436	0.00498696258478392	-0.0257028155073943	-0.0494275642416189	-0.025702815507394	0.0559903872495122	0.00545806329376436	-0.0248315045821267	0.00545806368711956
1	1.02295998862411	1.00041169882021	1.02295998862411	1.01697113775257	1.00031660803567	1.00969700495225	1.00031660198854	1.00027126378671	1.01056629539031	1.05064881080136	1.01056629539031	1.01697113775257	1.00031660198854	1.00969700495225	1.00031660803567	2.14999751961685	0.0670001661872035	0.00631124287148826	0.0670001661872053	0.0559903479975326	0.00545806367937124	-0.0248315046082232	0.00545806328840243	0.00498696258432055	-0.0257028183798119	-0.0494275665435913	-0.0257028183798116	0.055990347997534	0.00545806328840243	-0.0248315046082229	0.00545806367937233
1	1.02296014061539	1.00041171520273	1.02296014061539	1.01697048639567	1.00031660684661	1.00969700601651	1.00031660103489	1.0002712634006	1.0105664007458	1.05064885678047	1.0105664007458	1.01697048639567	1.00031660103489	1.00969700601651	1.00031660684661	2.14999756873173	0.0670001767698381	0.00631124297836335	0.0670001767698399	0.0559903102568321	0.00545806367188996	-0.0248315046333051	0.00545806328328865	0.00498696258387683	-0.0257028211408258	-0.0494275687597903	-0.0257028211408255	0.0559903102568335	0.00545806328328865	-0.0248315046333048	0.00545806367189104
1	1.02296028679525	1.00041173094316	1.02296028679525	1.01696986011744	1.00031660570415	1.00969700703945	1.00031660011863	1.00027126302963	1.01056650201515	1.05064890104633	1.01056650201515	1.01696986011744	1.00031660011863	1.00969700703945	1.00031660570415	2.14999761687407	0.0670001869478449	0.00631124308104718	0.0670001869478466	0.0559902739692217	0.005458063664662	-0.0248315046574116	0.00545806327841533	0.00498696258345263	-0.0257028237947554	-0.0494275708934198	-0.025702823794755	0.0559902739692231	0.00545806327841533	-0.0248315046574113	0.00545806366466308
