1	1.17436111753654	1.00126182407937	1.17436111753655	1.1615165962095	1.00127329312488	1.1200625524743	1.00127329312503	1.00133367874915	1.12317826791568	2.31391070248391	1.12317826791568	1.1615165962095	1.00127329312503	1.1200625524743	1.00127329312488	5.24999999999999	0.173295081089319	0.0100007354744678	0.173295081089325	0.182112530065393	0.0109149046583375	-0.0888387018521732	0.0109149046587852	0.0112595836988044	-0.0931294758164473	-0.333048947735706	-0.0931294758164459	0.182112530065399	0.0109149046587852	-0.0888387018521717	0.0109149046583407
1	1.18113997245349	1.00124183349989	1.1811399724535	1.16806692199909	1.00125288227187	1.11976479002463	1.00125288227187	1.00129280564682	1.12311438193112	2.87186015894784	1.12311438193111	1.1680669219991	1.00125288227187	1.11976479002463	1.00125288227187	5.24999999999999	0.176619565556557	0.00990504309014204	0.176619565556563	0.185887458092372	0.0108142563178767	-0.0886088710992641	0.0108142563178783	0.0110759137000859	-0.0930115967094976	-0.429232670210731	-0.0930115967094963	0.185887458092377	0.0108142563178782	-0.0886088710992627	0.0108142563178798
1	1.18116507975074	1.00124071467374	1.18116507975075	1.16831798920539	1.00125013838989	1.11935926492802	1.00125013838989	1.0012893815401	1.12270003246607	3.10763436965962	1.12270003246607	1.16831798920539	1.00125013838989	1.11935926492802	1.00125013838989	5.24999999999999	0.176646262753817	0.00990133072967133	0.176646262753823	0.186066115523743	0.0108041861462899	-0.0884651446181766	0.0108041861462916	0.0110629566155709	-0.0928647052317646	-0.469233022409872	-0.0928647052317632	0.186066115523749	0.0108041861462916	-0.0884651446181752	0.0108041861462931
1	1.18112282328458	1.00124038062621	1.18112282328459	1.16838011395656	1.00124909298345	1.11919992916044	1.00124909298345	1.00128814536912	1.12253541451382	3.21642908027063	1.12253541451382	1.16838011395657	1.00124909298345	1.11919992916044	1.00124909298345	5.24999999999999	0.176633549173991	0.00990053498574148	0.176633549173997	0.186119022559918	0.0108006667716125	-0.0884111649948422	0.010800666771614	0.0110585938386764	-0.0928088936497602	-0.48758135491634	-0.0928088936497588	0.186119022559924	0.010800666771614	-0.0884111649948408	0.0108006667716156
1	1.18110399848006	1.00124023556846	1.18110399848007	1.16840931439748	1.00124862113961	1.11912793077571	1.00124862113961	1.00128758407645	1.12246103211594	3.26847761888335	1.12246103211593	1.16840931439749	1.00124862113961	1.1191279307757	1.00124862113961	5.24999999999999	0.176628684578214	0.00990024026455156	0.176628684578219	0.186144431242504	0.010799130459612	-0.0883871997679794	0.0107991304596136	0.0110566589458476	-0.0927841363698459	-0.496338250198074	-0.0927841363698444	0.18614443124251	0.0107991304596136	-0.0883871997679781	0.0107991304596151
1	1.18109546173609	1.0012401677453	1.1810954617361	1.16842366216155	1.00124839744472	1.11909376179417	1.00124839744472	1.0012873167252	1.12242574048315	3.29379650961236	1.12242574048315	1.16842366216156	1.00124839744472	1.11909376179417	1.00124839744472	5.24999999999999	0.176626745989048	0.00990011344364586	0.176626745989054	0.186156964559996	0.0107984136075497	-0.088375918769382	0.0107984136075514	0.0110557471177747	-0.0927724909776942	-0.500593411186052	-0.0927724909776928	0.186156964560002	0.0107984136075514	-0.0883759187693806	0.0107984136075528
1	1.1810914201234	1.00124013511173	1.18109142012341	1.16843073755193	1.00124828910164	1.11907720191205	1.00124828910164	1.00128718691927	1.12240863878682	3.30621129121801	1.12240863878682	1.16843073755194	1.00124828910164	1.11907720191205	1.00124828910164	5.24999999999999	0.176625895512203	0.00990005508367834	0.176625895512209	0.186163153273782	0.01079806911943	-0.0883704732261227	0.0107980691194316	0.0110553066224167	-0.0927668712477984	-0.502678804833945	-0.092766871247797	0.186163153273788	0.0107980691194316	-0.0883704732261213	0.0107980691194332
1	1.18108946540746	1.00124011919796	1.18108946540747	1.16843422919987	1.00124823608794	1.11906909641703	1.00124823608795	1.00128712333309	1.12240026861266	3.31232231282379	1.12240026861266	1.16843422919988	1.00124823608795	1.11906909641702	1.00124823608795	5.24999999999999	0.176625500786177	0.00990002726633562	0.176625500786183	0.186166209565827	0.0107979012048418	-0.0883678129958042	0.0107979012048434	0.0110550913858007	-0.0927641263678295	-0.503705061472126	-0.0927641263678281	0.186166209565833	0.0107979012048434	-0.0883678129958028	0.010797901204845
1	1.18108850980303	1.00124011138526	1.18108850980304	1.16843595338429	1.00124821001918	1.11906511002588	1.00124821001918	1.0012870920479	1.12239615217459	3.31533610573304	1.12239615217459	1.1684359533843	1.00124821001918	1.11906511002588	1.00124821001918	5.24999999999999	0.176625311907995	0.00990001376662582	0.176625311908001	0.186167719318376	0.0107978187947501	-0.0883665059609917	0.0107978187947517	0.0110549856204196	-0.092762777846397	-0.504211118420716	-0.0927627778463957	0.186167719318382	0.0107978187947516	-0.0883665059609903	0.0107978187947532
1	1.18108804013691	1.00124010753742	1.18108804013692	1.16843680503332	1.00124819716942	1.11906314491214	1.00124819716942	1.00128707662259	1.12239412298226	3.31682379637207	1.12239412298226	1.16843680503333	1.00124819716942	1.11906314491213	1.00124819716942	5.24999999999999	0.17662522004003	0.00990000715141431	0.176625220040036	0.186168465142465	0.0107977782077499	-0.0883658618855626	0.0107977782077515	0.011054933500929	-0.0927621133664346	-0.504460913468972	-0.0927621133664333	0.186168465142471	0.0107977782077515	-0.0883658618855611	0.0107977782077531
1	1.18108780866906	1.00124010563913	1.18108780866907	1.1684372257591	1.00124819082777	1.11906217504784	1.00124819082777	1.00128706900884	1.12239312149996	3.31755851960054	1.12239312149996	1.16843722575911	1.00124819082777	1.11906217504783	1.00124819082777	5.24999999999999	0.176625175014884	0.00990000389815721	0.17662517501489	0.186168833632708	0.0107977581875916	-0.08836554410276	0.0107977581875932	0.0110549077841835	-0.0927617855192914	-0.504584273914901	-0.09276178551929	0.186168833632714	0.0107977581875932	-0.0883655441027587	0.0107977581875947
1	1.18108769445269	1.00124010470195	1.1810876944527	1.16843743361888	1.00124818769627	1.11906169611932	1.00124818769627	1.00128706524892	1.12239262696033	3.31792145397024	1.12239262696033	1.16843743361889	1.00124818769627	1.11906169611932	1.00124818769627	5.24999999999999	0.176625152860545	0.00990000229466784	0.17662515286055	0.186169015695351	0.0107977483042642	-0.0883653872032628	0.0107977483042658	0.0110548950865845	-0.0927616236511858	-0.504645209294291	-0.0927616236511844	0.186169015695357	0.0107977483042658	-0.0883653872032614	0.0107977483042674
1	1.18108763805489	1.00124010423905	1.1810876380549	1.16843753631346	1.00124818614948	1.1190614595507	1.00124818614948	1.00128706339165	1.12239238268182	3.31810075544904	1.12239238268181	1.16843753631347	1.00124818614948	1.1190614595507	1.00124818614948	5.24999999999999	0.176625141949983	0.00990000150496622	0.176625141949988	0.186169105660211	0.0107977434245911	-0.0883653097365263	0.0107977434245928	0.0110548888162941	-0.0927615437265433	-0.504675310425215	-0.0927615437265419	0.186169105660217	0.0107977434245928	-0.0883653097365249	0.0107977434245943
1	1.18108761020982	1.00124010401047	1.18108761020983	1.16843758705513	1.00124818538547	1.11906134270317	1.00124818538547	1.00128706247424	1.12239226202468	3.31818932816626	1.12239226202468	1.16843758705514	1.00124818538547	1.11906134270317	1.00124818538547	5.24999999999999	0.176625136543222	0.00990000111212719	0.176625136543228	0.186169150086806	0.0107977410117281	-0.0883652714232519	0.0107977410117298	0.0110548857166967	-0.0927615042064899	-0.504690184601956	-0.0927615042064886	0.186169150086812	0.0107977410117298	-0.0883652714232505	0.0107977410117313
1	1.18108759644219	1.00124010389747	1.1810875964422	1.16843761212253	1.00124818500789	1.1190612849565	1.00124818500789	1.00128706202089	1.12239220239603	3.31823309892953	1.12239220239603	1.16843761212254	1.00124818500789	1.11906128495649	1.00124818500789	5.24999999999999	0.17662513388015	0.00990000091929603	0.176625133880156	0.186169172047791	0.0107977398205569	-0.0883652525116953	0.0107977398205584	0.0110548841861563	-0.0927614846954519	-0.504697533078055	-0.0927614846954505	0.186169172047797	0.0107977398205584	-0.088365252511694	0.0107977398205601
1	1.18108758964469	1.00124010384167	1.1810875896447	1.16843762451024	1.00124818482137	1.11906125643061	1.00124818482137	1.00128706179693	1.1223921729402	3.31825472310681	1.12239217294019	1.16843762451025	1.00124818482137	1.1190612564306	1.00124818482137	5.24999999999999	0.176625132562053	0.00990000082357237	0.176625132562059	0.186169182895292	0.0107977392316798	-0.0883652431611834	0.0107977392316814	0.0110548834296094	-0.0927614750499818	-0.504701164215679	-0.0927614750499803	0.186169182895298	0.0107977392316814	-0.088365243161182	0.0107977392316829
1	1.1810875862846	1.00124010381409	1.18108758628461	1.16843763063053	1.0012481847292	1.11906124233416	1.0012481847292	1.00128706168626	1.12239215838425	3.31826540851829	1.12239215838424	1.16843763063054	1.0012481847292	1.11906124233416	1.0012481847292	5.24999999999999	0.176625131910815	0.0099000007763241	0.176625131910821	0.186169188255509	0.0107977389407354	-0.0883652385415397	0.010797738940737	0.0110548830558291	-0.0927614702844478	-0.504702958428682	-0.0927614702844465	0.186169188255514	0.010797738940737	-0.0883652385415383	0.0107977389407385
1	1.18108758462204	1.00124010380044	1.18108758462205	1.16843763365281	1.00124818468364	1.11906123536413	1.00124818468364	1.00128706163155	1.12239215118785	3.31827069103577	1.12239215118785	1.16843763365282	1.00124818468364	1.11906123536413	1.00124818468364	5.24999999999999	0.176625131601264	0.00990000075450254	0.17662513160127	0.186169190915027	0.0107977387983383	-0.0883652362840983	0.01079773879834	0.0110548828723191	-0.0927614679511633	-0.504703842997786	-0.0927614679511619	0.186169190915033	0.01079773879834	-0.0883652362840968	0.0107977387983414
1	1.18108758380891	1.00124010379375	1.18108758380892	1.16843763514792	1.00124818466122	1.119061231935	1.00124818466122	1.0012870616046	1.12239214764647	3.31827329269617	1.12239214764646	1.16843763514793	1.00124818466122	1.119061231935	1.00124818466122	5.24999999999999	0.176625131437329	0.00990000074216391	0.176625131437335	0.186169192216039	0.0107977387267435	-0.0883652351452828	0.0107977387267451	0.0110548827805691	-0.0927614667789189	-0.504704281184056	-0.0927614667789175	0.186169192216045	0.0107977387267451	-0.0883652351452815	0.0107977387267467
1	1.18108758340235	1.00124010379042	1.18108758340236	1.16843763588573	1.00124818465009	1.11906123023477	1.00124818465009	1.00128706159126	1.12239214589047	3.31827458101701	1.12239214589047	1.16843763588574	1.00124818465009	1.11906123023477	1.00124818465009	5.24999999999999	0.176625131352872	0.00990000073581223	0.176625131352878	0.186169192857666	0.0107977386910414	-0.0883652345769292	0.0107977386910429	0.0110548827349859	-0.0927614661945318	-0.504704498538736	-0.0927614661945305	0.186169192857672	0.0107977386910429	-0.0883652345769278	0.0107977386910445
1	1.18108758319974	1.00124010378877	1.18108758319975	1.16843763625097	1.00124818464457	1.11906122939048	1.00124818464457	1.00128706158464	1.1223921450186	3.31827522038142	1.12239214501859	1.16843763625098	1.00124818464457	1.11906122939048	1.00124818464457	5.24999999999999	0.176625131312241	0.00990000073284776	0.176625131312247	0.186169193177068	0.0107977386734953	-0.0883652342980377	0.0107977386734969	0.0110548827125279	-0.092761465907218	-0.504704606108697	-0.0927614659072167	0.186169193177074	0.0107977386734968	-0.0883652342980363	0.0107977386734984
1	1.1810875830995	1.00124010378795	1.18108758309951	1.16843763643175	1.00124818464184	1.11906122897204	1.00124818464184	1.00128706158135	1.12239214458663	3.31827553728705	1.12239214458663	1.16843763643176	1.00124818464184	1.11906122897204	1.00124818464184	5.24999999999999	0.176625131294483	0.00990000073165602	0.176625131294489	0.186169193337245	0.0107977386650602	-0.0883652341645941	0.0107977386650619	0.0110548827016207	-0.0927614657689353	-0.504704658988768	-0.0927614657689339	0.186169193337251	0.0107977386650618	-0.0883652341645927	0.0107977386650634
