1	1.0209442831596	1.00164630681204	1.0209442831596	1.01549331633064	1.00126722904264	1.00332450263144	1.00126720162992	1.00108750794498	1.0036078869105	1.02402585388782	1.0036078869105	1.01549331633064	1.00126720162992	1.00332450263144	1.00126722904264	1.89999751723256	0.0611421747381692	0.0113867970435563	0.0611421747381707	0.0575948094498184	0.0108002030970616	-0.0146012906979197	0.0108001985204053	0.0109112855763728	-0.014612740252008	-0.0338031608781645	-0.0146127402520077	0.0575948094498198	0.0108001985204053	-0.0146012906979194	0.0108002030970626
1	1.02089236856085	1.0016338605175	1.02089236856085	1.01558170603481	1.00126557750527	1.00332876490052	1.00126555113697	1.0010952418743	1.00359554913013	1.02402082458939	1.00359554913013	1.01558170603482	1.00126555113697	1.00332876490052	1.00126557750527	1.89999756639465	0.0592680305998715	0.010705391464661	0.0592680305998729	0.0605794529785672	0.0107287814821892	-0.0146475944431651	0.010728778761938	0.0114851010513869	-0.0144171212037925	-0.0337937552062647	-0.0144171212037923	0.0605794529785688	0.010728778761938	-0.0146475944431648	0.0107287814821901
1	1.02080322089181	1.00161717911165	1.02080322089181	1.01572796271646	1.0012635044571	1.00333347955847	1.001263479105	1.00110682102062	1.00358120335306	1.02401562452544	1.00358120335306	1.01572796271647	1.001263479105	1.00333347955847	1.0012635044571	1.89999761458326	0.0580138054924272	0.010334025592673	0.0580138054924287	0.0627371546956368	0.0106880873498222	-0.0146708846277421	0.0106880856894099	0.0118390364109305	-0.0143204493281861	-0.0337894768584964	-0.0143204493281859	0.0627371546956385	0.0106880856894099	-0.0146708846277418	0.0106880873498231
1	1.02069189681544	1.00159867528	1.02069189681544	1.01591441411829	1.00126123660798	1.00333832159654	1.00126121223941	1.0011205877078	1.00356619734046	1.02401045938145	1.00356619734046	1.0159144141183	1.00126121223941	1.00333832159654	1.00126123660798	1.89999766181768	0.0571735665230458	0.0101315726638362	0.0571735665230472	0.0642986612459543	0.0106648882571679	-0.0146825930254631	0.0106648872036291	0.0120574188667826	-0.014272638245755	-0.0337875218721781	-0.0142726382457547	0.0642986612459561	0.0106648872036291	-0.0146825930254628	0.0106648882571689
1	1.02056802795396	1.00157957634256	1.02056802795396	1.016127611428	1.00125890055435	1.00334313089831	1.00125887713485	1.00113547564156	1.00355117691843	1.02400541855719	1.00355117691843	1.01612761142801	1.00125887713485	1.00334313089831	1.00125890055435	1.89999770811679	0.0566098040257929	0.010021149477845	0.0566098040257943	0.065430200890099	0.0106516523338595	-0.0146884792516909	0.0106516516295561	0.0121922192348815	-0.0142489523811006	-0.0337866118354887	-0.0142489523811003	0.0654302008901009	0.0106516516295561	-0.0146884792516906	0.0106516523338605
1	1.02043781489227	1.00156051509659	1.02043781489227	1.01635754353084	1.00125656650363	1.00334783061634	1.00125654399831	1.00115081674664	1.00353644725323	1.02400053847073	1.00353644725323	1.01635754353085	1.00125654399831	1.00334783061634	1.00125656650363	1.89999775349912	0.0562307111902125	0.00996087221641673	0.0562307111902139	0.0662515624099777	0.0106440920429209	-0.0146914430048169	0.0106440915412469	0.0122754728829509	-0.0142371769616123	-0.0337861659546145	-0.0142371769616121	0.0662515624099797	0.0106440915412469	-0.0146914430048167	0.0106440920429218
1	1.02030525469508	1.0015418160752	1.02030525469508	1.01659688020061	1.00125427279292	1.00335238577294	1.00125425116727	1.00116620097598	1.00352214705892	1.02399583151853	1.00352214705892	1.01659688020062	1.00125425116727	1.00335238577294	1.00125427279292	1.89999779798282	0.055974998640863	0.00992792328296699	0.0559749986408643	0.0668490902212261	0.0106397662878763	-0.0146929426633397	0.0106397659053418	0.0123269300433789	-0.0142312809755863	-0.0337859220518078	-0.014231280975586	0.0668490902212281	0.0106397659053417	-0.0146929426633394	0.0106397662878773
1	1.02017291393645	1.00152364089722	1.02017291393645	1.0168403276499	1.00125203972506	1.00335678233569	1.00125201894537	1.00118138188876	1.00350833360223	1.02399129931897	1.00350833360223	1.0168403276499	1.00125201894537	1.00335678233569	1.00125203972506	1.89999784158568	0.0558017507324767	0.0099098713377996	0.055801750732478	0.0672850336039193	0.0106372849095765	-0.0146937106787614	0.0106372845985722	0.0123587689607193	-0.0142282872286806	-0.0337857631136752	-0.0142282872286803	0.0672850336039213	0.0106372845985722	-0.0146937106787611	0.0106372849095775
1	1.02004242390427	1.00150606428423	1.02004242390427	1.01708411254929	1.00124987740508	1.00336101666575	1.00124985743864	1.00119621541507	1.00349502442583	1.0239869387605	1.00349502442583	1.0170841125493	1.00124985743864	1.00336101666575	1.00124987740508	1.89999788432515	0.0556836520433469	0.00989994297827692	0.0556836520433482	0.067604277436978	0.0106358559894815	-0.0146941142048844	0.0106358557227981	0.0123785001205555	-0.0142267264758214	-0.0337856379607272	-0.0142267264758212	0.06760427743698	0.0106358557227981	-0.0146941142048841	0.0106358559894825
1	1.01991480178013	1.00148911451594	1.01991480178013	1.01732558332422	1.00124779018802	1.0033650902074	1.00124777100322	1.00121062096389	1.00348221788278	1.02398274475568	1.00348221788278	1.01732558332423	1.00124777100322	1.0033650902074	1.00124779018802	1.89999792621831	0.0556024653248493	0.00989444710267906	0.0556024653248506	0.0678391901975291	0.0106350282209265	-0.0146943367930592	0.0106350279829555	0.0123907561362551	-0.014225873961553	-0.0337855250208231	-0.0142258739615528	0.0678391901975312	0.0106350279829555	-0.0146943367930589	0.0106350282209274
1	1.01979066076784	1.00147279516999	1.01979066076784	1.01756290883382	1.00124577920626	1.00336900682189	1.00124576077261	1.00122455702026	1.00346990325076	1.02397871148744	1.00346990325076	1.01756290883383	1.00124576077261	1.00336900682189	1.00124577920626	1.89999796728194	0.0555460129670627	0.00989137190224167	0.055546012967064	0.0680131170820016	0.0106345442785823	-0.0146944698674482	0.0106345440603143	0.0123983950197401	-0.0142253724006804	-0.0337854158367488	-0.0142253724006802	0.0680131170820036	0.0106345440603142	-0.0146944698674479	0.0106345442785833
1	1.01967034839315	1.00145709686344	1.01967034839315	1.01779485393007	1.00124384380638	1.00337277145335	1.00124382609455	1.00123800594493	1.00345806571063	1.02397483296631	1.00345806571063	1.01779485393008	1.00124382609455	1.00337277145335	1.00124384380638	1.89999800753246	0.0555061621441747	0.0098896205393528	0.055506162144176	0.068142897623607	0.0106342573445249	-0.0146945587340795	0.0106342571407064	0.0124031803577671	-0.0142250458048684	-0.0337853076010182	-0.0142250458048681	0.068142897623609	0.0106342571407064	-0.0146945587340792	0.0106342573445259
1	1.01955403788329	1.00144200360579	1.01955403788329	1.01802061393444	1.00124198236581	1.00337638946523	1.00124196534757	1.00125096455075	1.00344668879037	1.02397110327229	1.00344668879037	1.01802061393444	1.00124196534757	1.00337638946523	1.00124198236581	1.89999804698596	0.055477480130095	0.0098885947652975	0.0554774801300963	0.0682406804926484	0.0106340835809966	-0.014694625689286	0.0106340833885144	0.0124062006547523	-0.0142248075821312	-0.0337851998010362	-0.014224807582131	0.0682406804926504	0.0106340833885144	-0.0146946256892858	0.0106340835809975
1	1.01944178868216	1.00142749623507	1.01944178868216	1.01823969342637	1.00124019275671	1.00337986631316	1.00124017640492	1.0012634382805	1.00343575555898	1.02396751665846	1.00343575555898	1.01823969342637	1.00124017640492	1.00337986631316	1.00124019275671	1.89999808565823	0.0554563364448076	0.00988796818320282	0.0554563364448089	0.068315231742765	0.0106339750679442	-0.0146946815919808	0.0106339748849068	0.0124081279750584	-0.0142246151882922	-0.0337850928088458	-0.014224615188292	0.068315231742767	0.0106339748849067	-0.0146946815919806	0.0106339750679452
1	1.01933358660383	1.00141355427218	1.01933358660383	1.0184518178752	1.00123847260887	1.00338320738683	1.00123845689744	1.00127543761613	1.00342524920197	1.02396406758569	1.00342524920197	1.01845181787521	1.00123845689744	1.00338320738683	1.00123847260887	1.89999812356473	0.055440303957989	0.00988756249582	0.0554403039579903	0.0683728783515256	0.0106339043795009	-0.0146947316605238	0.0106339042047153	0.0124093773995113	-0.0142244477364235	-0.0337849871692686	-0.0142244477364232	0.0683728783515276	0.0106339042047153	-0.0146947316605235	0.0106339043795019
1	1.01922937045151	1.00140015691267	1.01922937045151	1.01865686953103	1.00123681945797	1.0033864179361	1.00123680436183	1.00128697587422	1.00341515329237	1.0239607507307	1.00341515329237	1.01865686953103	1.00123680436183	1.0033864179361	1.00123681945797	1.89999816072064	0.0554277590992972	0.00988728023837872	0.0554277590992985	0.0684181881434176	0.0106338557907892	-0.0146947783590298	0.0106338556234645	0.0124102053824656	-0.0142242949885997	-0.0337848834191549	-0.0142242949885995	0.0684181881434195	0.0106338556234645	-0.0146947783590295	0.0106338557907901
1	1.01912904968506	1.00138728355292	1.01912904968506	1.01885484099066	1.00123523082874	1.00338950303887	1.0012352163238	1.00129806785371	1.00340545191221	1.02395756098361	1.00340545191221	1.01885484099067	1.0012352163238	1.00338950303887	1.00123523082874	1.89999819714081	0.0554176148016373	0.00988706803490155	0.0554176148016386	0.0684544603476373	0.0106338202654772	-0.0146948228199211	0.0106338201050556	0.0124107704728238	-0.0142241519139928	-0.0337847819941897	-0.0142241519139926	0.0684544603476392	0.0106338201050556	-0.0146948228199209	0.0106338202654782
1	1.01903251611541	1.00137491406169	1.01903251611541	1.01904580167895	1.00123370428093	1.00339246758963	1.00123369034404	1.00130872901199	1.00339612970012	1.02395449344039	1.00339612970012	1.01904580167896	1.00123369034404	1.00339246758963	1.00123370428093	1.89999823283982	0.0554091423175307	0.00988689658177833	0.055409142317532	0.0684840792431819	0.0106337925956764	-0.0146948655464763	0.0106337924417364	0.0124111707607597	-0.0142240160214904	-0.0337846832140664	-0.0142240160214901	0.0684840792431838	0.0106337924417364	-0.014694865546476	0.0106337925956774
1	1.01893965162873	1.00136302891396	1.01893965162873	1.01922987370364	1.00123223743405	1.00339531629792	1.00123222404296	1.00131897496619	1.0033871718629	1.02395154339366	1.0033871718629	1.01922987370364	1.00123222404296	1.00339531629792	1.00123223743405	1.89999826783193	0.0554018522633157	0.00988674973073486	0.055401852263317	0.0685087691723274	0.0106337697684641	-0.0146949067536471	0.0106337696206658	0.012411466988792	-0.0142238860513173	-0.0337845872935683	-0.014223886051317	0.0685087691723293	0.0106337696206658	-0.0146949067536468	0.010633769768465
1	1.01885033326749	1.00135160925021	1.01885033326749	1.01940721450404	1.00123082798005	1.0033980536916	1.00123081511339	1.00132882119496	1.00337856416979	1.02394870632351	1.00337856416979	1.01940721450405	1.00123081511339	1.0033980536916	1.00123082798005	1.89999830213116	0.0553954152021018	0.00988661853015924	0.0553954152021032	0.068529778432189	0.010633750031229	-0.0146949465311312	0.0106337498892833	0.0124116968196289	-0.0142237613357227	-0.0337844943633418	-0.0142237613357225	0.0685297784321909	0.0106337498892833	-0.014694946531131	0.01063375003123
1	1.01876443655159	1.00134063689564	1.01876443655159	1.01957800441537	1.00122947368918	1.00340068412214	1.00122946132641	1.00133828286352	1.00337029293866	1.02394597788872	1.00337029293866	1.01957800441537	1.00122946132641	1.00340068412214	1.00122947368918	1.89999833575121	0.0553896086141551	0.00988649797199218	0.0553896086141564	0.0685480118808173	0.0106337323569291	-0.0146949849191931	0.0106337322205789	0.012411883646135	-0.0142236414884464	-0.0337844044887057	-0.0142236414884462	0.0685480118808191	0.0106337322205789	-0.0146949849191928	0.01063373235693
1	1.0186818376284	1.00133009435808	1.0186818376284	1.01974243778506	1.00122817241187	1.00340321177086	1.00122816053325	1.00134737472447	1.00336234501858	1.0239433539186	1.00336234501858	1.01974243778507	1.00122816053325	1.00340321177086	1.00122817241187	1.89999836870555	0.055384281485374	0.00988638521378893	0.0553842814853754	0.0685641265617861	0.0106337161373742	-0.0146950219425111	0.0106337160063846	0.0124120420332846	-0.0142235262551251	-0.0337843176863474	-0.0142235262551248	0.068564126561788	0.0106337160063846	-0.0146950219425108	0.0106337161373752
1	1.01860241464391	1.00131996481473	1.01860241464391	1.01990071665286	1.00122692207857	1.0034056406553	1.00122691066514	1.00135611106518	1.00335470777103	1.02394083040537	1.00335470777103	1.01990071665286	1.00122691066514	1.0034056406553	1.00122692207857	1.89999840100734	0.055379330656488	0.00988627860615027	0.0553793306564893	0.0685786006619631	0.0106337010071188	-0.0146950576241667	0.0106337008812709	0.0124121810807695	-0.0142234154421959	-0.0337842339373114	-0.0142234154421957	0.068578600661965	0.0106337008812709	-0.0146950576241664	0.0106337010071198
1	1.01852604859648	1.00131023209331	1.01852604859648	1.02005304627937	1.00122572069827	1.00340797463564	1.00122570973183	1.00136450568332	1.00334736905084	1.02393840349708	1.00334736905084	1.02005304627937	1.00122570973183	1.00340797463564	1.00122572069827	1.89999843266952	0.0553746850251601	0.00988617715992458	0.0553746850251614	0.0685917832400858	0.0106336867420443	-0.0146950919905118	0.0106336866211317	0.0124123065017128	-0.0142233088837648	-0.0337841531973244	-0.0142233088837645	0.0685917832400876	0.0106336866211317	-0.0146950919905115	0.0106336867420453
1	1.01845262384785	1.00130088065054	1.01845262384785	1.02019963200613	1.00122456635647	1.00341021742088	1.00122455581949	1.00137257187976	1.00334031718737	1.02393606949108	1.00334031718737	1.02019963200614	1.00122455581949	1.00341021742088	1.00122456635647	1.89999846370474	0.0553702949912265	0.00988608025369994	0.0553702949912278	0.0686039300896075	0.0106336732008034	-0.0146951250721793	0.0106336730846299	0.0124124219083388	-0.0142232064267039	-0.0337840754044427	-0.0142232064267037	0.0686039300896093	0.0106336730846299	-0.014695125072179	0.0106336732008044
1	1.01838202840744	1.00129189554974	1.01838202840744	1.02034067707362	1.0012234572127	1.00341237257482	1.00122344708837	1.00138032246169	1.00333354096619	1.02393382482775	1.00333354096619	1.02034067707362	1.00122344708837	1.00341237257482	1.0012234572127	1.89999849412543	0.0553661254031599	0.00988598747296376	0.0553661254031612	0.0686152296031056	0.0106336602909402	-0.0146951569034901	0.0106336601793184	0.0124125296075923	-0.0142231079243012	-0.0337840004848074	-0.0142231079243009	0.0686152296031075	0.0106336601793184	-0.0146951569034898	0.0106336602909411
1	1.0183141540677	1.00128326243824	1.0183141540677	1.02047638112751	1.00122239149803	1.00341444352181	1.0012223817702	1.00138776975183	1.00332702961134	1.02393166608472	1.00332702961134	1.02047638112751	1.0012223817702	1.00341444352181	1.00122239149803	1.89999852394374	0.0553621508431432	0.00988589852118045	0.0553621508431445	0.0686258214271044	0.0106336479491274	-0.0146951875214973	0.0106336478418782	0.0124126310938717	-0.014223013233851	-0.0337839283569027	-0.0142230132338507	0.0686258214271062	0.0106336478418782	-0.014695187521497	0.0106336479491283
1	1.01824889644196	1.00127496752513	1.01824889644196	1.0206069392187	1.00122136751248	1.00341643355225	1.00122135816561	1.00139492560111	1.0033207727682	1.02392958997136	1.0033207727682	1.02060693921871	1.00122135816561	1.00341643355225	1.00122136751248	1.89999855317161	0.0553583524736371	0.00988581317059942	0.0553583524736384	0.0686358099182078	0.0106336361296799	-0.0146952169649432	0.0106336360266315	0.012412727354406	-0.0142229222159561	-0.0337838589346098	-0.0142229222159559	0.0686358099182096	0.0106336360266315	-0.0146952169649429	0.0106336361296809
1	1.01818615493946	1.00126699755961	1.01818615493946	1.02073254115665	1.00122038362239	1.00341834582785	1.00122037464156	1.00140180140328	1.00331476048708	1.0239275933235	1.00331476048708	1.02073254115665	1.00122037464156	1.00341834582785	1.00122038362239	1.89999858182073	0.0553547159276824	0.00988573123468916	0.0553547159276837	0.0686452738505185	0.0106336247977314	-0.0146952452734557	0.0106336246987189	0.0124128190587253	-0.0142228347345198	-0.0337837921294961	-0.0142228347345195	0.0686452738505203	0.0106336246987189	-0.0146952452734554	0.0106336247977323
1	1.0181258327001	1.00125933980999	1.0181258327001	1.0208533711149	1.00121943825797	1.00342018338674	1.00121942962885	1.00140840811036	1.00330898320737	1.0239256730985	1.00330898320737	1.0208533711149	1.00121942962885	1.00342018338674	1.00121943825797	1.89999860990256	0.0553512298958739	0.00988565255274017	0.0553512298958752	0.0686542734199986	0.0106336139252601	-0.0146952724868518	0.0106336138301255	0.0124129066763464	-0.0142227506569552	-0.0337837278523715	-0.0142227506569549	0.0686542734200004	0.0106336138301255	-0.0146952724868516	0.0106336139252611
1	1.01806783650453	1.00125198204349	1.01806783650453	1.02096960741595	1.00121852991079	1.00342194914827	1.00121852161961	1.00141475624839	1.00330343174229	1.02392382637046	1.00330343174229	1.02096960741595	1.00121852161961	1.00342194914827	1.00121852991079	1.89999863742834	0.0553478851795736	0.00988557698099675	0.0553478851795749	0.0686628552995442	0.0106336034886453	-0.0146952986446917	0.0106336033972364	0.0124129905499846	-0.0142226698544222	-0.0337836660144824	-0.0142226698544219	0.068662855299546	0.0106336033972364	-0.0146952986446914	0.0106336034886462
1	1.01801207666928	1.00124491250667	1.01801207666928	1.02108142244281	1.00121765713147	1.0034236459177	1.00121764916498	1.00142085593319	1.00329809726431	1.02392205032569	1.00329809726431	1.02108142244281	1.00121764916498	1.0034236459177	1.00121765713147	1.89999866440906	0.0553446740550715	0.0098855043876357	0.0553446740550728	0.0686710562885592	0.010633593467258	-0.0146953237858958	0.0106335933794289	0.0124130709411842	-0.0142225922020142	-0.0337836065282588	-0.014222592202014	0.068671056288561	0.0106335933794289	-0.0146953237858955	0.010633593467259
1	1.01795846693383	1.00123811990673	1.01795846693383	1.02118898263964	1.00121681852731	1.00342527639067	1.0012168108728	1.00142671688583	1.00329297129108	1.02392034225834	1.00329297129108	1.02118898263964	1.0012168108728	1.00342527639067	1.00121681852731	1.89999869085554	0.0553415898463352	0.00988543464970499	0.0553415898463365	0.0686789059487947	0.0106335838425309	-0.0146953479485464	0.0106335837581415	0.0124131480588188	-0.014222517578876	-0.0337835493079151	-0.0142225175788758	0.0686789059487965	0.0106335837581415	-0.0146953479485461	0.0106335838425318
1	1.01790692434395	1.00123159339343	1.01790692434395	1.02129244857416	1.00121601276014	1.00342684315747	1.0012160054054	1.00143234844765	1.00328804567192	1.02391869956627	1.00328804567192	1.02129244857416	1.0012160054054	1.00342684315747	1.00121601276014	1.89999871677833	0.0553386266365777	0.00988536765136305	0.055338626636579	0.0686864285093048	0.0106335745974473	-0.0146953711696957	0.010633574516363	0.0124132220769561	-0.0142224458682606	-0.0337834942697644	-0.0142224458682603	0.0686864285093066	0.010633574516363	-0.0146953711696954	0.0106335745974483
1	1.01785736913412	1.00122532254176	1.01785736913412	1.02139197504238	1.00121523854417	1.00342834870717	1.00121523147746	1.00143775959493	1.00328331257483	1.023917119747	1.00328331257483	1.02139197504238	1.00121523147746	1.00342834870717	1.00121523854417	1.89999874218783	0.0553357790734088	0.00988530328267873	0.0553357790734101	0.0686936442440692	0.0106335657161489	-0.0146953934853057	0.0106335656382399	0.0124132931460887	-0.0142223769575293	-0.0337834413325103	-0.0142223769575291	0.068693644244071	0.0106335656382399	-0.0146953934853055	0.0106335657161498
1	1.01780972461087	1.00121929733524	1.01780972461087	1.02148771120169	1.00121449464397	1.00342979543161	1.00121448785401	1.00144295895302	1.00327876447407	1.0239156003939	1.00327876447407	1.02148771120169	1.00121448785401	1.00342979543161	1.00121449464397	1.89999876709418	0.0553330422359502	0.00988524143893466	0.0553330422359515	0.0687005704694691	0.0106335571837486	-0.0146954149301579	0.0106335571088909	0.0124133614002444	-0.0142223107381142	-0.0337833904173274	-0.0142223107381139	0.0687005704694709	0.0106335571088909	-0.0146954149301576	0.0106335571837496
1	1.01776391703835	1.00121350814996	1.01776391703836	1.02157980072216	1.00121377987246	1.00343118562916	1.0012137733484	1.00144795480995	1.00327439413813	1.02391413919252	1.00327439413813	1.02157980072216	1.0012137733484	1.00343118562916	1.00121377987246	1.89999879150735	0.0553304115441681	0.00988518202005609	0.0553304115441694	0.0687072222673061	0.0106335489861393	-0.0146954355378645	0.0106335489142131	0.0124134269615055	-0.0142222471054479	-0.0337833414479937	-0.0142222471054476	0.0687072222673079	0.0106335489142131	-0.0146954355378642	0.0106335489861402
1	1.01771987552666	1.00120794573915	1.01771987552667	1.02166838194913	1.00121309308904	1.00343252150839	1.00121308682047	1.00145275512956	1.00327019461825	1.02391273391701	1.00327019461825	1.02166838194913	1.00121308682047	1.00343252150839	1.00121309308904	1.8999988154371	0.0553278826958262	0.00988512493028252	0.0553278826958275	0.0687136130100307	0.0106335411099282	-0.0146954553408309	0.0106335410408188	0.0124134899429247	-0.0142221859588754	-0.0337832943508531	-0.0142221859588752	0.0687136130100325	0.0106335410408188	-0.0146954553408306	0.0106335411099292
1	1.01767753192349	1.0012026012184	1.01767753192349	1.02175358807174	1.00121243319777	1.00343380519159	1.00121242717469	1.0014573675642	1.00326615923735	1.02391138242676	1.00326615923735	1.02175358807174	1.00121242717469	1.00343380519159	1.00121243319777	1.89999883889302	0.0553254516226958	0.00988507007782616	0.0553254516226971	0.0687197547429835	0.0106335335423229	-0.0146954743703002	0.0106335334759199	0.012413550450412	-0.0142221272015463	-0.033783249054867	-0.0142221272015461	0.0687197547429852	0.0106335334759199	-0.0146954743702999	0.0106335335423238
1	1.01763682070928	1.00119746605146	1.01763682070928	1.02183554729402	1.00121179914563	1.00343503871811	1.00121179335843	1.00146179946681	1.0032622815794	1.02391008266309	1.0032622815794	1.02183554729403	1.00121179335843	1.00343503871811	1.00121179914563	1.89999886188448	0.055323114459025	0.00988501737468403	0.0553231144590263	0.0687256584636619	0.0106335262711153	-0.0146954926563411	0.0106335262073128	0.0124136085839981	-0.0142220707403058	-0.0337832054915161	-0.0142220707403055	0.0687256584636636	0.0106335262073127	-0.0146954926563409	0.0106335262711163
1	1.01759767889599	1.00119253203658	1.01759767889599	1.02191438300595	1.00121118992084	1.00343622404765	1.00121118436028	1.00146605790267	1.00325855547922	1.02390883264617	1.00325855547922	1.02191438300595	1.00121118436028	1.00343622404765	1.00121118992084	1.89999888442068	0.0553208675189873	0.00988496673639067	0.0553208675189886	0.0687313343263548	0.0106335192846003	-0.0146955102279074	0.0106335192232964	0.0124136644386763	-0.0142220164855709	-0.0337831635948112	-0.0142220164855707	0.0687313343263565	0.0106335192232964	-0.0146955102279072	0.0106335192846013
1	1.01756004592949	1.0011877912934	1.01756004592949	1.02199021395263	1.00121060455123	1.00343736306334	1.00121059920842	1.00147014966065	1.00325497501266	1.02390763047192	1.00325497501266	1.02199021395263	1.00121059920842	1.00343736306334	1.00121060455123	1.89999890651063	0.055318707279514	0.00988491808188969	0.0553187072795154	0.0687367917931088	0.0106335125715792	-0.0146955271128383	0.010633512512676	0.0124137181050032	-0.0142219643512149	-0.0337831233011721	-0.0142219643512147	0.0687367917931106	0.010633512512676	-0.014695527112838	0.0106335125715801
1	1.0175238635956	1.00118323625037	1.0175238635956	1.02206315440054	1.00121004210269	1.00343845757471	1.00121003696912	1.00147408126394	1.00325153448718	1.02390647430916	1.00325153448718	1.02206315440054	1.00121003696912	1.00343845757471	1.00121004210269	1.89999892816317	0.0553166303674861	0.00988487133333346	0.0553166303674874	0.068742039745614	0.0106335061212944	-0.0146955433379218	0.0106335060646981	0.0124137696695178	-0.0142219142544406	-0.0337830845494175	-0.0142219142544403	0.0687420397456158	0.0106335060646981	-0.0146955433379215	0.0106335061212954
1	1.01748907592954	1.00117885963261	1.01748907592954	1.02213331429998	1.0012095016777	1.00343950932062	1.00120949674516	1.00147785898054	1.00324822843278	1.02390536239683	1.00324822843278	1.02213331429998	1.00120949674516	1.00343950932062	1.0012095016777	1.89999894938696	0.0553146335492365	0.00988482641598202	0.0553146335492379	0.0687470865690534	0.0106334999234416	-0.0146955589289019	0.0106334998690615	0.0124138192150693	-0.0142218661156639	-0.0337830472806332	-0.0142218661156636	0.0687470865690552	0.0106334998690615	-0.0146955589289016	0.0106334999234425
1	1.01745562912895	1.0011746544503	1.01745562912895	1.02220079944311	1.00120898241388	1.003440519972	1.00120897767451	1.00148148883316	1.00324505159331	1.02390429304125	1.00324505159331	1.02220079944311	1.00120897767451	1.003440519972	1.00120898241388	1.89999897019049	0.0553127137223211	0.00988478325803174	0.0553127137223225	0.0687519402153799	0.0106334939681121	-0.0146955739105406	0.0106334939158616	0.0124138668210596	-0.0142218198583922	-0.0337830114381537	-0.0142218198583919	0.0687519402153816	0.0106334939158616	-0.0146955739105404	0.010633493968113
1	1.01742347147015	1.00117061398751	1.01742347147015	1.02226571161746	1.00120848348261	1.00344149113446	1.00120847892885	1.00148497660884	1.00324199891811	1.02390326461358	1.00324199891811	1.02226571161746	1.00120847892885	1.00344149113446	1.00120848348261	1.89999899058209	0.0553108679082285	0.00988474179052811	0.0553108679082298	0.0687566082518918	0.0106334882458088	-0.0146955883066283	0.0106334881956045	0.0124139125636539	-0.014221775409112	-0.0337829769674315	-0.0142217754091118	0.0687566082518935	0.0106334881956045	-0.0146955883066281	0.0106334882458097
1	1.01739255322766	1.00116673179145	1.01739255322766	1.02232814875451	1.00120800408774	1.00344242435091	1.00120799971231	1.00148832786819	1.00323906555396	1.02390227554734	1.00323906555396	1.02232814875451	1.00120799971231	1.00344242435091	1.00120800408774	1.8999990105699	0.0553090932463944	0.00988470194721529	0.0553090932463957	0.0687610978988639	0.0106334827473955	-0.014695602140043	0.0106334826991573	0.012413956515945	-0.0142217326971717	-0.0337829438160177	-0.0142217326971715	0.0687610978988656	0.0106334826991573	-0.0146956021400427	0.0106334827473964
1	1.01736282659685	1.00116300166217	1.01736282659685	1.02238820507347	1.00120754346428	1.00344332110397	1.0012075392602	1.00149154795422	1.00323624683736	1.02390132433598	1.00323624683736	1.02238820507347	1.0012075392602	1.00344332110397	1.00120754346428	1.89999903016193	0.0553073869885541	0.00988466366445833	0.0553073869885554	0.0687654160594265	0.0106334774641116	-0.0146956154327619	0.0106334774177626	0.0124139987481103	-0.0142216916546779	-0.0337829119334314	-0.0142216916546777	0.0687654160594282	0.0106334774177626	-0.0146956154327617	0.0106334774641125
1	1.01733424561949	1.00115941764262	1.01733424561949	1.02244597122007	1.0012071008772	1.00344418281834	1.00120709683776	1.00149464200083	1.00323353828712	1.02390040953065	1.00323353828712	1.02244597122008	1.00120709683776	1.00344418281834	1.0012071008772	1.89999904936601	0.0553057464939356	0.00988462688110742	0.0553057464939369	0.068769569343523	0.0106334723875281	-0.0146956282059169	0.0106334723429942	0.0124140393275381	-0.0142216522163837	-0.0337828812711398	-0.0142216522163834	0.0687695693435247	0.0106334723429942	-0.0146956282059166	0.010633472387529
1	1.01730676611233	1.00115597400919	1.01730676611233	1.02250153440062	1.00120667562024	1.00344501086304	1.00120667173899	1.00149761494107	1.00323093559723	1.02389952973793	1.00323093559723	1.02250153440063	1.00120667173899	1.00344501086304	1.00120667562024	1.89999906818982	0.0553041692245365	0.00988459153842649	0.0553041692245379	0.068773564087726	0.0106334675095605	-0.0146956404798059	0.0106334674667707	0.0124140783189565	-0.0142216143195914	-0.0337828517824389	-0.0142216143195911	0.0687735640877277	0.0106334674667706	-0.0146956404798057	0.0106334675095614
1	1.01728034559834	1.00115266526248	1.01728034559834	1.02255497851121	1.00120626701482	1.00344580655362	1.00120626328556	1.00150047151489	1.00322843463002	1.02389868361776	1.00322843463002	1.02255497851121	1.00120626328556	1.00344580655362	1.00120626701482	1.8999990866409	0.0553026527410075	0.00988455757997186	0.0553026527410088	0.0687774063717693	0.0106334628224295	-0.0146956522739444	0.0106334627813154	0.0124141157845394	-0.0142215779040505	-0.0337828234224289	-0.0142215779040502	0.0687774063717709	0.0106334627813154	-0.0146956522739441	0.0106334628224304
1	1.01725494324065	1.00114948611857	1.01725494324065	1.02260638426229	1.0012058744089	1.00344657115421	1.00120587082568	1.00150321627678	1.00322603140955	1.02389786988134	1.00322603140955	1.02260638426229	1.00120587082568	1.00344657115421	1.0012058744089	1.89999910472662	0.0553011946985122	0.0098845249515249	0.0553011946985135	0.0687811020328176	0.0106334583186725	-0.0146956636070775	0.0106334582791686	0.012414151784019	-0.0142215429118652	-0.033782796147905	-0.014221542911865	0.0687811020328193	0.0106334582791686	-0.0146956636070772	0.0106334583186735
1	1.0172305197791	1.00114643150058	1.01723051977911	1.02265582929876	1.001205497176	1.00344730587958	1.00120549373311	1.001505853603	1.0032237221153	1.02389708728922	1.0032237221153	1.02265582929876	1.00120549373311	1.00344730587958	1.001205497176	1.89999912245422	0.0552997928430693	0.00988449360098209	0.0552997928430706	0.0687846566778415	0.0106334539911092	-0.0146956744972263	0.0106334539531524	0.012414186374779	-0.0142215092874005	-0.0337827699173331	-0.0142215092874003	0.0687846566778432	0.0106334539531524	-0.0146956744972261	0.0106334539911101
1	1.0172070374692	1.00114349653051	1.0172070374692	1.02270338831561	1.00120513471416	1.00344801189701	1.0012051314061	1.00150838769854	1.0032215030761	1.0238963346494	1.0032215030761	1.02270338831561	1.0012051314061	1.00344801189701	1.00120513471416	1.89999913983079	0.0552984450078344	0.00988446347829195	0.0552984450078357	0.0687880756947097	0.0106334498328497	-0.0146956849617014	0.0106334497963793	0.0124142196119546	-0.0142214769771969	-0.0337827446907484	-0.0142214769771966	0.0687880756947113	0.0106334497963793	-0.0146956849617011	0.0106334498328507
1	1.01718446002346	1.00114067652148	1.01718446002346	1.02274913316929	1.00120478644499	1.00344869032819	1.00120478326648	1.00151082260382	1.00321937076429	1.02389561081548	1.00321937076429	1.02274913316929	1.00120478326648	1.00344869032819	1.00120478644499	1.89999915686329	0.0552971491097791	0.00988443453535566	0.0552971491097804	0.0687913642621269	0.0106334458372658	-0.0146956950171429	0.0106334458022238	0.0124142515485174	-0.0142214459298821	-0.0337827204297328	-0.0142214459298819	0.0687913642621286	0.0106334458022238	-0.0146956950171426	0.0106334458372667
1	1.01716275255507	1.00113796697022	1.01716275255508	1.02279313298502	1.00120445181276	1.00344934225098	1.00120444875872	1.00151316220114	1.00321732179011	1.02389491468495	1.00321732179011	1.02279313298502	1.00120444875872	1.00344934225098	1.00120445181276	1.89999917355851	0.0552959031463098	0.00988440672596802	0.0552959031463111	0.0687945273588054	0.0106334419979968	-0.0146957046795357	0.010633441964327	0.0124142822353659	-0.0142214160960939	-0.0337826970973224	-0.0142214160960936	0.068794527358807	0.010633441964327	-0.0146957046795355	0.0106334419979977
1	1.01714188152371	1.0011353635499	1.01714188152371	1.02283545426002	1.00120413028348	1.00344996870111	1.00120412734904	1.00151541022088	1.00321535289629	1.0238942451975	1.00321535289629	1.02283545426002	1.00120412734904	1.00344996870111	1.00120413028348	1.89999918992315	0.0552947051922217	0.00988438000572605	0.055294705192223	0.068797569771876	0.0106334383089232	-0.0146957139642452	0.0106334382765719	0.0124143117214035	-0.0142213874283977	-0.0337826746579809	-0.0142213874283974	0.0687975697718777	0.0106334382765719	-0.014695713964245	0.0106334383089242
1	1.01712181468343	1.00113286210321	1.01712181468343	1.02287616096297	1.00120382134408	1.00345057067388	1.00120381852456	1.00151757024742	1.00321346095288	1.0238936013334	1.00321346095288	1.02287616096297	1.00120381852456	1.00345057067388	1.00120382134408	1.89999920596374	0.0552935533966049	0.00988435433197353	0.0552935533966062	0.0688004961048083	0.0106334347641722	-0.0146957228860311	0.0106334347330878	0.0124143400536201	-0.0142213598812137	-0.0337826530775193	-0.0142213598812135	0.06880049610481	0.0106334347330878	-0.0146957228860308	0.0106334347641731
1	1.01710252103264	1.00113045863567	1.01710252103264	1.0229153146297	1.0012035245016	1.00345114912567	1.00120352179249	1.00151964572485	1.00321164295229	1.02389298211195	1.00321164295229	1.0229153146297	1.00120352179249	1.00345114912567	1.0012035245016	1.89999922168672	0.0552924459800371	0.00988432966371939	0.0552924459800384	0.0688033107847929	0.0106334313580946	-0.0146957314590816	0.0106334313282275	0.0124143672771653	-0.0142213334107438	-0.0337826323230695	-0.0142213334107436	0.0688033107847946	0.0106334313282275	-0.0146957314590813	0.0106334313580955
1	1.01708397076601	1.00112814930934	1.01708397076601	1.02295297445535	1.00120323928234	1.0034517049755	1.00120323667933	1.00152163996248	1.00320989600449	1.02389238659	1.00320989600449	1.02295297445535	1.00120323667933	1.0034517049755	1.00120323928234	1.89999923709835	0.0552913812317373	0.00988430596158357	0.0552913812317386	0.068806018069775	0.0106334280852676	-0.0146957396970251	0.0106334280565702	0.0124143934354222	-0.0142213079749015	-0.0337826123630082	-0.0142213079749012	0.0688060180697767	0.0106334280565702	-0.0146957396970249	0.0106334280852685
1	1.01706613522819	1.00112593043658	1.01706613522819	1.02298919738302	1.0012029652312	1.0034522391065	1.00120296273012	1.00152355614011	1.00320821733241	1.02389181386048	1.00320821733241	1.02298919738302	1.00120296273012	1.0034522391065	1.0012029652312	1.89999925220482	0.0552903575069766	0.00988428318772406	0.0552903575069779	0.0688086220550826	0.0106334249404759	-0.0146957476129624	0.0106334249129025	0.012414418570075	-0.0142212835332454	-0.0337825931669351	-0.0142212835332452	0.0688086220550843	0.0106334249129025	-0.0146957476129621	0.0106334249404768
1	1.01704898686937	1.00112379847426	1.01704898686937	1.02302403818914	1.00120270191085	1.00345275236727	1.00120269950773	1.00152539731308	1.00320660426752	1.02389126305104	1.00320660426752	1.02302403818914	1.00120269950773	1.00345275236727	1.00120270191086	1.89999926701215	0.0552893732244589	0.00988426130578564	0.0552893732244603	0.0688111266797837	0.0106334219187126	-0.014695755219478	0.0106334218922191	0.0124144427211784	-0.0142212600469157	-0.0337825747056024	-0.0142212600469154	0.0688111266797853	0.0106334218922191	-0.0146957552194778	0.0106334219187135
1	1.01703249920256	1.00112175001804	1.01703249920256	1.02305754956559	1.00120244890113	1.00345324557327	1.00120244659211	1.00152716641715	1.00320505424562	1.02389073332272	1.00320505424562	1.02305754956559	1.00120244659211	1.00345324557327	1.00120244890113	1.89999928152628	0.0552884268639223	0.00988424028083296	0.0552884268639236	0.0688135357327113	0.0106334190151626	-0.0146957625286679	0.0106334189897065	0.0124144659272178	-0.0142212374785707	-0.0337825569508915	-0.0142212374785704	0.068813535732713	0.0106334189897065	-0.0146957625286676	0.0106334190151635
1	1.01701664676255	1.00111978179692	1.01701664676255	1.02308978219877	1.0012022057983	1.00345371950809	1.00120220357971	1.0015288662732	1.00320356480273	1.02389022386868	1.00320356480273	1.02308978219877	1.00120220357971	1.00345371950809	1.0012022057983	1.89999929575302	0.0552875169637298	0.00988422007930323	0.0552875169637311	0.0688158528582743	0.0106334162252032	-0.0146957695521526	0.0106334162007441	0.0124144882251741	-0.014221215792329	-0.0337825398757515	-0.0142212157923288	0.0688158528582759	0.0106334162007441	-0.0146957695521524	0.0106334162252041
1	1.01700140506636	1.00111789066806	1.01700140506636	1.02312078484566	1.00120197221444	1.00345417492472	1.00120197008273	1.0015304995917	1.00320213357116	1.02388973391295	1.00320213357116	1.02312078484566	1.00120197008273	1.00345417492472	1.00120197221444	1.89999930969804	0.0552866421186467	0.00988420066894465	0.055286642118648	0.0688180815619775	0.0106334135443885	-0.014695776301101	0.0106334135208873	0.0124145096505802	-0.0142211949537115	-0.0337825234541742	-0.0142211949537113	0.0688180815619792	0.0106334135208873	-0.0146957763011008	0.0106334135443894
1	1.01698675057538	1.00111607361175	1.01698675057539	1.02315060440705	1.00120174777683	1.0034546125467	1.0012017457286	1.00153206897701	1.00320075827578	1.02388926270927	1.00320075827578	1.02315060440706	1.0012017457286	1.0034546125467	1.00120174777683	1.89999932336694	0.055285800977622	0.00988418201877182	0.0552858009776234	0.0688202252157585	0.0106334109684504	-0.0146957827862428	0.0106334109458696	0.0124145302375791	-0.014221174929587	-0.0337825076611407	-0.0142211749295867	0.0688202252157602	0.0106334109458695	-0.0146957827862425	0.0106334109684513
1	1.01697266065884	1.00111432772654	1.01697266065884	1.02317928599799	1.00120153212732	1.00345503306933	1.0012015301593	1.00153357693159	1.0031994367304	1.02388880953994	1.0031994367304	1.02317928599799	1.0012015301593	1.00345503306933	1.00120153212732	1.89999933676517	0.0552849922417301	0.00988416409901016	0.0552849922417315	0.0688222870630762	0.0106334084932846	-0.0146957890178909	0.0106334084715881	0.0124145500189778	-0.0142211556881192	-0.0337824924725959	-0.014221155688119	0.0688222870630778	0.0106334084715881	-0.0146957890178906	0.0106334084932855
1	1.01695911355873	1.00111265022467	1.01695911355873	1.02320687301554	1.00120132492181	1.00345543716073	1.00120132303086	1.00153502585995	1.00319816683426	1.02388837371472	1.00319816683426	1.02320687301554	1.00120132303086	1.00345543716073	1.00120132492181	1.8999993498981	0.0552842146621247	0.00988414688105417	0.055284214662126	0.0688242702238228	0.0106334061149499	-0.0146957950059525	0.0106334060941031	0.0124145690262997	-0.0142211371987164	-0.0337824778653986	-0.0142211371987162	0.0688242702238245	0.010633406094103	-0.0146957950059522	0.0106334061149508
1	1.01694608835615	1.00111103842757	1.01694608835615	1.02323340720408	1.00120112582966	1.00345582546291	1.00120112401276	1.00153641807249	1.00319694656872	1.02388795456979	1.00319694656872	1.02323340720408	1.00120112401276	1.00345582546291	1.00120112582966	1.89999936277098	0.0552834670381342	0.00988413033741605	0.0552834670381355	0.0688261776990244	0.0106334038296569	-0.01469580075995	0.0106334038096265	0.0124145872898345	-0.014221119431983	-0.0337824638173006	-0.0142211194319828	0.0688261776990261	0.0106334038096265	-0.0146958007599497	0.0106334038296579
1	1.01693356493888	1.0011094897616	1.01693356493888	1.02325892871802	1.00120093453318	1.0034561985928	1.00120093278744	1.00153775578917	1.00319577399404	1.02388755146675	1.00319577399404	1.02325892871802	1.00120093278744	1.0034561985928	1.00120093453318	1.89999937538896	0.0552827482153765	0.00988411444168721	0.0552827482153778	0.0688280123753783	0.0106334016337671	-0.0146958062890319	0.010633401614521	0.012414604838687	-0.0142211023596721	-0.0337824503068984	-0.0142211023596718	0.06882801237538	0.010633401614521	-0.0146958062890317	0.010633401633768
1	1.01692152397023	1.00110800175394	1.01692152397023	1.02328347618222	1.00120075072712	1.00345655714324	1.00120074904974	1.00153904114308	1.00319464724629	1.02388716379162	1.00319464724629	1.02328347618222	1.00120074904974	1.00345655714324	1.00120075072712	1.89999938775709	0.0552820570839915	0.00988409916849128	0.0552820570839929	0.0688297770295933	0.0106333995237815	-0.0146958116019902	0.0106333995052892	0.0124146217008228	-0.0142210859546408	-0.0337824373136137	-0.0142210859546406	0.0688297770295949	0.0106333995052892	-0.0146958116019899	0.0106333995237825
1	1.0169099468591	1.00110657202864	1.0169099468591	1.02330708675014	1.00120057411819	1.00345690168387	1.00120057250649	1.00154027618381	1.00319356453441	1.02388679095393	1.0031935645344	1.02330708675014	1.00120057250649	1.00345690168387	1.00120057411819	1.89999939988031	0.0552813925769046	0.00988408449344755	0.055281392576906	0.0688314743325876	0.0106333974963405	-0.014695816707272	0.0106333974785724	0.0124146379031138	-0.0142210701908076	-0.0337824248176511	-0.0142210701908073	0.0688314743325893	0.0106333974785724	-0.0146958167072717	0.0106333974963414
1	1.0168988157312	1.0011051983028	1.0168988157312	1.0233297961597	1.00120040442456	1.00345723276211	1.00120040287598	1.00154146288073	1.00319252413732	1.0238864323858	1.00319252413732	1.0233297961597	1.00120040287598	1.00345723276211	1.00120040442456	1.89999941176347	0.0552807536681927	0.00988407039312876	0.055280753668194	0.0688331068535044	0.0106333955482141	-0.0146958216129958	0.0106333955311418	0.01241465347138	-0.0142210550431103	-0.0337824127999775	-0.01422105504311	0.068833106853506	0.0106333955311418	-0.0146958216129955	0.010633395548215
1	1.0168881134014	1.00110387838297	1.0168881134014	1.02335163878714	1.00120024137546	1.00345755090398	1.00120023988753	1.00154260312614	1.00319152440122	1.02388608754109	1.00319152440122	1.02335163878714	1.00120023988753	1.00345755090398	1.00120024137546	1.89999942341134	0.0552801393714779	0.00988405684502667	0.0552801393714792	0.0688346770635903	0.0106333936762999	-0.0146958263269612	0.0106333936598962	0.0124146684304312	-0.0142210404874663	-0.0337824012422837	-0.0142210404874661	0.068834677063592	0.0106333936598962	-0.0146958263269609	0.0106333936763008
1	1.0168778233471	1.00110261016162	1.0168778233471	1.02337264769875	1.00120008471072	1.00345785661494	1.00120008328106	1.00154369873825	1.00319056373697	1.02388575589456	1.00319056373697	1.02337264769876	1.00120008328106	1.00345785661494	1.00120008471072	1.89999943482856	0.055279548738418	0.00988404382751306	0.0552795487384193	0.0688361873399145	0.0106333918776158	-0.0146958308566639	0.0106333918618547	0.0124146828041065	-0.0142210265007343	-0.0337823901269651	-0.014221026500734	0.0688361873399162	0.0106333918618547	-0.0146958308566637	0.0106333918776168
1	1.01686792968267	1.00110139161376	1.01686792968267	1.02339285470073	1.00119993418035	1.0034581503807	1.00119993280667	1.00154475146415	1.0031896406175	1.02388543694109	1.0031896406175	1.02339285470073	1.00119993280667	1.0034581503807	1.00119993418035	1.8999994460197	0.0552789808572237	0.00988403131980853	0.0552789808572251	0.0688376399689576	0.0106333901492978	-0.0146958352093066	0.0106333901341538	0.0124146966153122	-0.0142210130606779	-0.0337823794370878	-0.0142210130606777	0.0688376399689593	0.0106333901341538	-0.0146958352093064	0.0106333901492987
1	1.0168584171349	1.00110022079372	1.0168584171349	1.02341229038704	1.00119978954414	1.003458432668	1.00119978822426	1.00154576298249	1.00318875357547	1.02388513019486	1.00318875357547	1.02341229038704	1.00119978822426	1.003458432668	1.00119978954414	1.89999945698925	0.0552784348512618	0.00988401930194595	0.0552784348512631	0.0688390371500513	0.0106333884885923	-0.0146958393918102	0.0106333884740413	0.0124147098860583	-0.0142210001459294	-0.0337823691563694	-0.0142210001459291	0.068839037150053	0.0106333884740413	-0.01469583939181	0.0106333884885932
1	1.01684927101931	1.00109909583208	1.01684927101931	1.02343098418559	1.00119965057131	1.00345870392533	1.00119964930312	1.00154673490626	1.00318790120085	1.02388483518866	1.00318790120085	1.02343098418559	1.00119964930312	1.00345870392533	1.00119965057131	1.89999946774158	0.055277909877685	0.00988400775474157	0.0552779098776864	0.0688403809987009	0.0106333868928547	-0.014695843410825	0.0106333868788736	0.0124147226374937	-0.0142209877359568	-0.0337823592691475	-0.0142209877359565	0.0688403809987025	0.0106333868788736	-0.0146958434108247	0.0106333868928557
1	1.0168404772175	1.00109801493259	1.0168404772175	1.02344896440254	1.0011995170401	1.00345896458369	1.00119951582157	1.0015476687853	1.00318708213874	1.02388455147318	1.00318708213874	1.02344896440254	1.00119951582157	1.00345896458369	1.0011995170401	1.899999478281	0.0552774051261413	0.00988399665976202	0.0552774051261427	0.0688416735497697	0.010633385359543	-0.0146958472727416	0.0106333853461094	0.0124147348899396	-0.01422097581103	-0.0337823497603618	-0.0142209758110297	0.0688416735497713	0.0106333853461094	-0.0146958472727414	0.010633385359544
1	1.01683202215526	1.00109697636942	1.01683202215526	1.02346625826501	1.00119938873743	1.00345921505719	1.00119938756662	1.0015485661088	1.0031862950872	1.02388427861628	1.0031862950872	1.02346625826501	1.00119938756662	1.00345921505719	1.00119938873743	1.89999948861173	0.0552769198175083	0.00988398599929657	0.0552769198175097	0.0688429167605494	0.0106333838862155	-0.0146958509837004	0.010633383873308	0.0124147466629219	-0.0142209643521907	-0.033782340615527	-0.0142209643521905	0.0688429167605511	0.010633383873308	-0.0146958509837002	0.0106333838862164
1	1.01682389278159	1.0010959784843	1.0168238927816	1.02348289196214	1.00119926545858	1.0034594557438	1.00119926433362	1.00154942830763	1.00318553879517	1.02388401620238	1.00318553879517	1.02348289196214	1.00119926433362	1.0034594557438	1.00119926545858	1.8999994987379	0.0552764532027002	0.00988397575632753	0.0552764532027015	0.068844112513714	0.0106333824705251	-0.0146958545496028	0.010633382458123	0.0124147579752028	-0.0142209533412217	-0.0337823318207129	-0.0142209533412214	0.0688441125137156	0.010633382458123	-0.0146958545496025	0.0106333824705261
1	1.01681607654854	1.00109501968393	1.01681607654854	1.0234988906846	1.00119914700683	1.00345968702592	1.00119914592593	1.00155025675669	1.00318481206048	1.02388376383178	1.00318481206048	1.0234988906846	1.00119914592593	1.00345968702592	1.00119914700683	1.89999950866355	0.0552760045614973	0.00988396591450444	0.0552760045614987	0.0688452626201584	0.0106333811102172	-0.014695857976118	0.0106333810983009	0.01241476884481	-0.0142209427606173	-0.0337823233625213	-0.0142209427606171	0.0688452626201601	0.0106333810983009	-0.0146958579761177	0.0106333811102181
1	1.01680856139177	1.00109409843742	1.01680856139177	1.02351427866257	1.00119903319317	1.00345990927102	1.0011990321546	1.00155105277704	1.00318411372796	1.0238835211201	1.00318411372796	1.02351427866257	1.0011990321546	1.00345990927102	1.00119903319317	1.89999951839267	0.0552755732014446	0.00988395645811638	0.0552755732014459	0.0688463688217306	0.010633379803125	-0.014695861268695	0.0106333797916754	0.0124147792890662	-0.0142209325935567	-0.0337823152280688	-0.0142209325935564	0.0688463688217322	0.0106333797916754	-0.0146958612686947	0.010633379803126
1	1.01680133571192	1.00109321327385	1.01680133571192	1.02352907920232	1.00119892383599	1.0034601228322	1.00119892283809	1.00155181763805	1.00318344268757	1.02388328769767	1.00318344268757	1.02352907920232	1.00119892283809	1.0034601228322	1.00119892383599	1.89999952792913	0.0552751584567683	0.00988394737206869	0.0552751584567697	0.068847432793862	0.010633378547167	-0.0146958644325688	0.0106333785361659	0.012414789324616	-0.014220922823876	-0.0337823074049637	-0.0142209228238757	0.0688474327938637	0.0106333785361659	-0.0146958644325685	0.010633378547168
1	1.01679438835666	1.0010923627799	1.01679438835666	1.02354331472141	1.00119881876079	1.00346032804877	1.00119881780197	1.0015525525594	1.00318279787268	1.02388306320895	1.00318279787268	1.02354331472141	1.00119881780197	1.00346032804877	1.00119881876079	1.89999953727676	0.0552747596873591	0.00988393864185692	0.0552747596873604	0.068848456148094	0.0106333773403424	-0.0146958674727705	0.010633377329772	0.0124147989674526	-0.0142209134360431	-0.0337822998812895	-0.0142209134360429	0.0688484561480957	0.010633377329772	-0.0146958674727702	0.0106333773403434
1	1.01678770860347	1.00109154559763	1.01678770860347	1.0235570067825	1.00119871779991	1.00346052524679	1.00119871687864	1.00155325871301	1.00318217825832	1.02388284731204	1.00318217825832	1.0235570067825	1.00119871687864	1.00346052524679	1.00119871779991	1.89999954643929	0.055274376277771	0.0098839302535457	0.0552743762777723	0.0688494404345134	0.0106333761807293	-0.0146958703941339	0.0106333761705729	0.0124148082329436	-0.0142209044151336	-0.033782292645584	-0.0142209044151334	0.068849440434515	0.0106333761705728	-0.0146958703941336	0.0106333761807302
1	1.01678128614304	1.00109076042228	1.01678128614304	1.02357017612591	1.00119862079225	1.00346071473956	1.00119861990705	1.00155393722495	1.0031815828596	1.02388263967809	1.0031815828596	1.02357017612591	1.00119861990705	1.00346071473956	1.00119862079225	1.8999995554204	0.0552740076362806	0.00988392219374425	0.0552740076362819	0.0688503871440884	0.0106333750664803	-0.0146958732013044	0.0106333750567217	0.0124148171358551	-0.0142208957468061	-0.0337822856868265	-0.0142208957468058	0.0688503871440901	0.0106333750567217	-0.0146958732013041	0.0106333750664812
1	1.01677511106337	1.00109000600019	1.01677511106337	1.02358284270095	1.001198527583	1.00346089682815	1.00119852673247	1.00155458917722	1.00318101073011	1.02388243999086	1.00318101073011	1.02358284270095	1.00119852673247	1.00346089682815	1.001198527583	1.89999956422366	0.055273653193964	0.00988391444958789	0.0552736531939654	0.0688512977109272	0.0106333739958214	-0.0146958758987459	0.0106333739864449	0.0124148256903756	-0.0142208874172797	-0.0337822789944163	-0.0142208874172795	0.0688512977109288	0.0106333739864449	-0.0146958758987457	0.0106333739958223
1	1.01676917383441	1.00108928112683	1.01676917383441	1.02359502569604	1.00119843802345	1.00346107180188	1.00119843720623	1.00155521560943	1.00318046096044	1.0238822479462	1.00318046096044	1.02359502569604	1.00119843720623	1.00346107180188	1.00119843802345	1.89999957285261	0.0552733124038235	0.00988390700871405	0.0552733124038249	0.0688521735144361	0.0106333729670469	-0.0146958784907474	0.0106333729580376	0.0124148339101381	-0.0142208794133121	-0.0337822725581585	-0.0142208794133119	0.0688521735144377	0.0106333729580375	-0.0146958784907471	0.0106333729670478
1	1.01676346529336	1.00108858464482	1.01676346529336	1.02360674356773	1.00119835197068	1.00346123993874	1.00119835118546	1.00155581752055	1.00317993267671	1.02388206325162	1.00317993267671	1.02360674356773	1.00119835118546	1.00346123993874	1.00119835197068	1.8999995813107	0.0552729847399367	0.00988389985924548	0.055272984739938	0.0688530158814097	0.0106333719785182	-0.01469588098143	0.0106333719698617	0.0124148418082422	-0.0142208717221786	-0.0337822663682486	-0.0142208717221783	0.0688530158814114	0.0106333719698617	-0.0146958809814297	0.0106333719785191
1	1.01675797663048	1.00108791544213	1.01675797663048	1.02361801406851	1.00119826928738	1.00346140150587	1.00119826853292	1.00155639587041	1.00317942503921	1.0238818856258	1.00317942503921	1.02361801406851	1.00119826853292	1.00346140150587	1.00119826928738	1.8999995896013	0.0552726696966506	0.00988389298976944	0.055272669696652	0.0688538260880312	0.0106333710286608	-0.0146958833747545	0.0106333710203434	0.0124148493972753	-0.0142208643316523	-0.0337822604152586	-0.014220864331652	0.0688538260880329	0.0106333710203434	-0.0146958833747542	0.0106333710286617
1	1.01675269937553	1.00108727245028	1.01675269937553	1.02362885427372	1.00119818984162	1.00346155675998	1.0011981891167	1.00155695158128	1.00317893724103	1.02388171479821	1.00317893724103	1.02362885427372	1.0011981891167	1.00346155675998	1.00119818984162	1.89999959772774	0.0552723667877923	0.00988388638932081	0.0552723667877937	0.0688546053618039	0.0106333701159621	-0.0146958856745263	0.0106333701079705	0.0124148566893317	-0.0142208572299835	-0.0337822546901189	-0.0142208572299833	0.0688546053618055	0.0106333701079705	-0.014695885674526	0.010633370115963
1	1.01674762538463	1.00108665464267	1.01674762538463	1.02363928060729	1.00119811350663	1.00346170594774	1.0011981128101	1.00155748553933	1.00317846850682	1.02388155050865	1.00317846850682	1.02363928060729	1.0011981128101	1.00346170594774	1.00119811350663	1.89999960569326	0.0552720755459258	0.00988388004736324	0.0552720755459272	0.0688553548834023	0.0106333692389681	-0.0146958878844022	0.0106333692312895	0.0124148636960329	-0.0142208504058824	-0.0337822491841095	-0.0142208504058821	0.0688553548834039	0.0106333692312895	-0.0146958878844019	0.0106333692389691
1	1.01674274682769	1.00108606103286	1.01674274682769	1.02364930886659	1.0011980401606	1.00346184930618	1.00119803949134	1.00155799859605	1.00317801809151	1.02388139250689	1.00317801809151	1.02364930886659	1.00119803949134	1.00346184930618	1.0011980401606	1.89999961350106	0.055271795521623	0.00988387395377359	0.0552717955216244	0.0688560757884604	0.0106333683962824	-0.0146958900078962	0.0106333683889045	0.0124148704285451	-0.0142208438484999	-0.0337822438888424	-0.0142208438484996	0.0688560757884621	0.0106333683889045	-0.0146958900078959	0.0106333683962833
1	1.01673805617635	1.00108549067309	1.01673805617635	1.02365895424631	1.00119796968649	1.00346198706307	1.00119796904344	1.00155849156959	1.00317758527916	1.0238812405523	1.00317758527916	1.02365895424631	1.00119796904344	1.00346198706307	1.00119796968649	1.89999962115425	0.0552715262827754	0.00988386809882486	0.0552715262827768	0.0688567691692859	0.0106333675865625	-0.0146958920483848	0.0106333675794735	0.0124148768975982	-0.0142208375474114	-0.0337822387962514	-0.0142208375474112	0.0688567691692875	0.0106333675794735	-0.0146958920483846	0.0106333675865634
1	1.01673354619229	1.00108494265271	1.01673354619229	1.02366823136143	1.00119790197186	1.00346211943728	1.00119790135399	1.00155896524608	1.00317716938182	1.02388109441341	1.00317716938182	1.02366823136143	1.00119790135399	1.00346211943728	1.00119790197186	1.8999996286559	0.0552712674139208	0.00988386247317138	0.0552712674139222	0.0688574360765139	0.010633366808519	-0.0146958940091126	0.0106333668017077	0.0124148831135018	-0.0142208314925997	-0.03378223389858	-0.0142208314925995	0.0688574360765156	0.0106333668017077	-0.0146958940091123	0.0106333668085199
1	1.01672920991609	1.00108441609673	1.01672920991609	1.02367715426929	1.00119783690865	1.00346224663914	1.00119783631498	1.00155942038089	1.0031767697384	1.02388095386765	1.0031767697384	1.02367715426929	1.00119783631498	1.00346224663914	1.00119783690865	1.89999963600901	0.0552710185156071	0.00988385706783269	0.0552710185156085	0.0688580775206915	0.0106333660609126	-0.0146958958931974	0.0106333660543678	0.0124148890861623	-0.0142208256744391	-0.0337822291883672	-0.0142208256744388	0.0688580775206931	0.0106333660543678	-0.0146958958931972	0.0106333660609135
1	1.01672504065648	1.00108391016445	1.01672504065648	1.02368573649091	1.00119777439304	1.00346236887075	1.00119777382262	1.00155985769979	1.00317638571368	1.02388081870096	1.00317638571368	1.02368573649091	1.00119777382262	1.00346236887075	1.00119777439304	1.89999964321651	0.0552707792037682	0.00988385187418101	0.0552707792037696	0.0688586944738091	0.0106333653425524	-0.0146958977036349	0.0106333653362641	0.0124148948250981	-0.0142208200836798	-0.0337822246584373	-0.0142208200836795	0.0688586944738108	0.0106333653362641	-0.0146958977036346	0.0106333653425534
1	1.01672103197996	1.00108342404808	1.01672103197996	1.02369399103136	1.00119771432528	1.0034624863263	1.0011977137772	1.00156027790018	1.00317601669724	1.02388068870746	1.00317601669724	1.02369399103136	1.0011977137772	1.0034624863263	1.00119771432528	1.8999996502813	0.0552705491091398	0.00988384688392589	0.0552705491091411	0.0688592878707702	0.0106333646522943	-0.014695899443304	0.0106333646462523	0.0124149003394555	-0.0142208147114338	-0.0337822203018908	-0.0142208147114335	0.0688592878707719	0.0106333646462523	-0.0146958994433038	0.0106333646522953
1	1.01671717770093	1.00108295697148	1.01671717770093	1.02370193039947	1.00119765660952	1.00346259919243	1.0011976560829	1.00156068165214	1.00317566210254	1.02388056368917	1.00317566210254	1.02370193039948	1.0011976560829	1.00346259919243	1.00119765660952	1.89999965720619	0.055270327876682	0.00988384208910179	0.0552703278766834	0.0688598586108036	0.0106333639890392	-0.0146959011149711	0.0106333639832339	0.0124149056380227	-0.0142208095491607	-0.0337822161120903	-0.0142208095491604	0.0688598586108052	0.0106333639832339	-0.0146959011149708	0.0106333639890401
1	1.0167134718721	1.00108250818891	1.0167134718721	1.02370956662677	1.00119760115367	1.00346270764845	1.00119760064768	1.00156106959952	1.00317532136594	1.02388044345566	1.00317532136594	1.02370956662678	1.00119760064768	1.00346270764845	1.00119760115367	1.89999966399396	0.0552701151650336	0.00988383748205474	0.055270115165035	0.0688604075588241	0.0106333633517305	-0.014695902721294	0.0106333633461524	0.0124149107292438	-0.0142208045886534	-0.033782212082655	-0.0142208045886532	0.0688604075588257	0.0106333633461524	-0.0146959027212937	0.0106333633517314
1	1.01670990877528	1.00108207698384	1.01670990877528	1.02371691128565	1.00119754786924	1.00346281186669	1.00119754738306	1.00156144236099	1.00317499394584	1.0238803278238	1.00317499394584	1.02371691128565	1.00119754738306	1.00346281186669	1.00119754786924	1.89999967064733	0.0552699106459845	0.00988383305543121	0.0552699106459859	0.0688609355467427	0.0106333627393533	-0.0146959042648272	0.0106333627339937	0.0124149156212333	-0.0142207998220263	-0.0337822082074459	-0.0142207998220261	0.0688609355467443	0.0106333627339937	-0.014695904264827	0.0106333627393543
1	1.0167064829126	1.0010816626678	1.0167064829126	1.02372397550687	1.0011974966712	1.00346291201272	1.00119749620406	1.00156180053096	1.00317467932182	1.02388021661749	1.00317467932182	1.02372397550687	1.00119749620406	1.00346291201272	1.0011974966712	1.89999967716895	0.0552697140039694	0.00988382880216488	0.0552697140039707	0.0688614433747222	0.010633362150932	-0.0146959057480248	0.0106333621457822	0.0124149203217871	-0.0142207952417013	-0.0337822044805597	-0.014220795241701	0.0688614433747239	0.0106333621457822	-0.0146959057480245	0.0106333621509329
1	1.01670318899801	1.00108126457929	1.01670318899801	1.02373076999644	1.00119744747786	1.00346300824567	1.00119744702901	1.00156214468062	1.00317437699377	1.02388010966735	1.00317437699377	1.02373076999644	1.00119744702901	1.00346300824567	1.00119744747786	1.89999968356143	0.0552695249355792	0.00988382471546693	0.0552695249355805	0.0688619318123901	0.0106333615855296	-0.0146959071732452	0.0106333615805817	0.0124149248383966	-0.0142207908403968	-0.0337822008963205	-0.0142207908403966	0.0688619318123917	0.0106333615805817	-0.014695907173245	0.0106333615855306
1	1.01670002194907	1.00108088208273	1.01670002194907	1.02373730505179	1.00119740021072	1.00346310071843	1.00119739977945	1.00156247535877	1.00317408648115	1.02388000681047	1.00317408648115	1.02373730505179	1.00119739977945	1.00346310071843	1.00119740021072	1.89999968982734	0.0552693431490952	0.0098838207888137	0.0552693431490966	0.0688624016000029	0.0106333610422457	-0.0146959085427551	0.0106333610374915	0.0124149291782603	-0.0142207866111161	-0.0337821974492683	-0.0142207866111158	0.0688624016000046	0.0106333610374915	-0.0146959085427548	0.0106333610422466
1	1.01669697687916	1.00108051456741	1.01669697687916	1.02374359057733	1.00119735479437	1.00346318957793	1.00119735437999	1.00156279309275	1.00317380732218	1.0238799078902	1.00317380732218	1.02374359057733	1.00119735437999	1.00346318957793	1.00119735479437	1.89999969596917	0.0552691683640351	0.00988381701593781	0.0552691683640365	0.0688628534495644	0.0106333605202149	-0.0146959098587317	0.010633360515647	0.0124149333482944	-0.0142207825471354	-0.0337821941341512	-0.0142207825471352	0.0688628534495661	0.010633360515647	-0.0146959098587314	0.0106333605202158
1	1.01669404908991	1.00108016144656	1.01669404908991	1.02374963609949	1.00119731115632	1.00346327496534	1.00119731075817	1.00156309838923	1.00317353907316	1.02387981275587	1.00317353907316	1.02374963609949	1.00119731075817	1.00346327496534	1.00119731115632	1.89999970198938	0.055269000310723	0.00988381339081665	0.0552690003107244	0.0688632880459052	0.0106333600186057	-0.0146959111232679	0.0106333600142168	0.0124149373551447	-0.0142207786419938	-0.03378219094592	-0.0142207786419936	0.0688632880459068	0.0106333600142168	-0.0146959111232677	0.0106333600186067
1	1.01669123406394	1.00107982215639	1.01669123406394	1.02375545078111	1.00119726922696	1.00346335701635	1.0011972688444	1.00156339173508	1.0031732813077	1.02387972126259	1.0031732813077	1.02375545078111	1.0011972688444	1.00346335701635	1.00119726922696	1.89999970789039	0.0552688387298701	0.00988380990766372	0.0552688387298715	0.0688637060477184	0.0106333595366193	-0.014695912338374	0.0106333595324022	0.012414941205197	-0.0142207748894833	-0.0337821878797177	-0.014220774889483	0.06886370604772	0.0106333595324021	-0.0146959123383737	0.0106333595366203
1	1.01668852745791	1.00107949615519	1.01668852745791	1.02376104343531	1.00119722893937	1.00346343586131	1.00119722857179	1.00156367359809	1.00317303361608	1.023879633271	1.00317303361608	1.02376104343531	1.00119722857179	1.00346343586131	1.00119722893937	1.89999971367454	0.0552686833721785	0.00988380656091926	0.0552686833721799	0.0688641080885575	0.0106333590734881	-0.0146959135059828	0.010633359069436	0.0124149449045873	-0.0142207712836385	-0.0337821849308745	-0.0142207712836382	0.0688641080885591	0.010633359069436	-0.0146959135059825	0.0106333590734891
1	1.01668592509576	1.00107918292246	1.01668592509577	1.02376642253882	1.00119719022927	1.00346351162549	1.00119718987609	1.00156394442775	1.0031727956046	1.02387954864709	1.0031727956046	1.02376642253882	1.00119718987609	1.00346351162549	1.00119719022927	1.89999971934417	0.0552685339979514	0.00988380334524116	0.0552685339979528	0.0688644947777936	0.0106333586284744	-0.0146959146279502	0.010633358624581	0.0124149484592112	-0.0142207678187266	-0.0337821820948979	-0.0142207678187263	0.0688644947777953	0.010633358624581	-0.01469591462795	0.0106333586284753
1	1.01668342296235	1.0010788819581	1.01668342296235	1.02377159624484	1.00119715303489	1.00346358442927	1.00119715269554	1.00156420465594	1.00317256689495	1.02387946726196	1.00317256689495	1.02377159624485	1.00119715269554	1.00346358442927	1.00119715303489	1.89999972490153	0.0552683903767268	0.00988380025549643	0.0552683903767281	0.068864866701539	0.0106333582008692	-0.0146959157060609	0.0106333581971284	0.012414951874734	-0.0142207644892397	-0.0337821793674682	-0.0142207644892395	0.0688648667015406	0.0106333581971284	-0.0146959157060607	0.0106333582008702
1	1.01668101719717	1.00107859278159	1.01668101719717	1.02377657239537	1.00119711729689	1.00346365438833	1.00119711697082	1.00156445469766	1.00317234712359	1.02387938899165	1.00317234712359	1.02377657239537	1.00119711697082	1.00346365438833	1.00119711729689	1.89999973034884	0.0552682522869192	0.00988379728675319	0.0552682522869206	0.0688652244235347	0.010633357789992	-0.0146959167420289	0.0106333577863977	0.0124149551565987	-0.0142207612898844	-0.0337821767444302	-0.0142207612898841	0.0688652244235364	0.0106333577863977	-0.0146959167420287	0.0106333577899929
1	1.01667870408845	1.00107831493124	1.01667870408845	1.02378135853305	1.00119708295823	1.00346372161382	1.00119708264494	1.00156469495164	1.00317213594121	1.02387931371696	1.00317213594121	1.02378135853305	1.00119708264494	1.00346372161382	1.00119708295823	1.89999973568829	0.0552681195154805	0.00988379443427243	0.0552681195154819	0.0688655684860036	0.0106333573951879	-0.0146959177375016	0.0106333573917343	0.0124149583100362	-0.0142207582155746	-0.033782174221789	-0.0142207582155743	0.0688655684860053	0.0106333573917343	-0.0146959177375013	0.0106333573951888
1	1.01667648006737	1.00107804796342	1.01667648006737	1.02378596191265	1.00119704996413	1.00346378621255	1.0011970496631	1.00156492580101	1.00317193301212	1.02387924132323	1.00317193301212	1.02378596191265	1.0011970496631	1.00346378621255	1.00119704996413	1.89999974092201	0.0552679918575677	0.00988379169350146	0.0552679918575691	0.068865899410471	0.0106333570158283	-0.0146959186940616	0.0106333570125101	0.0124149613400718	-0.014220755261423	-0.0337821717957017	-0.0142207552614228	0.0688658994104726	0.0106333570125101	-0.0146959186940613	0.0106333570158293
1	1.01667434170261	1.00107779145191	1.01667434170261	1.02379038951197	1.00119701826193	1.00346384828716	1.0011970179727	1.00156514761392	1.00317173801379	1.0238791717002	1.00317173801379	1.02379038951197	1.0011970179727	1.00346384828716	1.00119701826193	1.8999997460521	0.05526786911623	0.00988378906006525	0.0552678691162313	0.0688662176985552	0.0106333566513091	-0.0146959196132304	0.0106333566481208	0.0124149642515345	-0.0142207524227333	-0.0337821694624729	-0.0142207524227331	0.0688662176985568	0.0106333566481208	-0.0146959196132301	0.0106333566513101
1	1.01667228569502	1.00107754498715	1.01667228569502	1.02379464804249	1.00119698780106	1.00346390793628	1.00119698752315	1.00156536074409	1.00317155063625	1.02387910474184	1.00317155063625	1.02379464804249	1.00119698752315	1.00346390793628	1.00119698780106	1.89999975108061	0.0552677511021011	0.0098837865297604	0.0552677511021025	0.0688665238327261	0.0106333563010496	-0.0146959204964693	0.0106333562979862	0.0124149670490644	-0.0142207496949926	-0.0337821672185477	-0.0142207496949923	0.0688665238327278	0.0106333562979862	-0.0146959204964691	0.0106333563010506
1	1.01667030887253	1.00107730817565	1.01667030887254	1.02379874395946	1.0011969585329	1.00346396525467	1.00119695826587	1.0015655655314	1.00317137058169	1.02387904034614	1.00317137058169	1.02379874395946	1.00119695826587	1.00346396525467	1.0011969585329	1.89999975600954	0.0552676376331112	0.00988378409854786	0.0552676376331125	0.0688668182770365	0.010633355964492	-0.0146959213451831	0.0106333559615485	0.0124149697371201	-0.0142207470738643	-0.0337821650605087	-0.0142207470738641	0.0688668182770382	0.0106333559615485	-0.0146959213451829	0.010633355964493
1	1.01666840818527	1.00107708063932	1.01666840818527	1.02380268347174	1.00119693041076	1.0034640203334	1.00119693015419	1.00156576230242	1.00317119756391	1.02387897841505	1.0031711975639	1.02380268347175	1.00119693015419	1.0034640203334	1.00119693041076	1.89999976084088	0.0552675285342022	0.00988378176254691	0.0552675285342035	0.0688671014778243	0.0106333556411003	-0.0146959221607211	0.0106333556382721	0.0124149723199856	-0.0142207445551818	-0.0337821629850684	-0.0142207445551816	0.0688671014778259	0.0106333556382721	-0.0146959221607208	0.0106333556411012
1	1.01666658070081	1.00107686201487	1.01666658070081	1.02380647255116	1.00119690338976	1.00346407326	1.00119690314323	1.00156595137094	1.00317103130789	1.02387891885422	1.00317103130789	1.02380647255116	1.00119690314323	1.00346407326	1.00119690338976	1.89999976557654	0.0552674236370607	0.00988377951802882	0.055267423637062	0.0688673738643887	0.0106333553303594	-0.0146959229443801	0.010633355327642	0.012414974801777	-0.014220742134941	-0.033782160989065	-0.0142207421349407	0.0688673738643903	0.010633355327642	-0.0146959229443798	0.0106333553303603
1	1.01666482359973	1.00107665195326	1.01666482359973	1.02381011694156	1.00119687742678	1.00346412411855	1.00119687718991	1.00156613303848	1.00317087154938	1.02387886157294	1.00317087154938	1.02381011694156	1.00119687718991	1.00346412411855	1.00119687742678	1.89999977021844	0.0552673227798539	0.0098837773614112	0.0552673227798553	0.0688676358496417	0.0106333550317746	-0.0146959236974063	0.0106333550291636	0.0124149771864499	-0.0142207398092943	-0.0337821590694591	-0.0142207398092941	0.0688676358496434	0.0106333550291636	-0.014695923697406	0.0106333550317755
1	1.01666313417117	1.00107645011909	1.01666313417117	1.02381362216753	1.0011968524804	1.00346417298986	1.00119685225281	1.00156630759473	1.00317071803445	1.02387880648397	1.00317071803445	1.02381362216753	1.00119685225281	1.00346417298986	1.0011968524804	1.89999977476842	0.0552672258069843	0.00988377528925119	0.0552672258069856	0.068867887830731	0.01063335474487	-0.014695924420997	0.0106333547423613	0.0124149794778047	-0.0142207375745447	-0.0337821572233253	-0.0142207375745444	0.0688678878307326	0.0106333547423613	-0.0146959244209967	0.0106333547448709
1	1.0166615098087	1.00107625619013	1.0166615098087	1.02381699354274	1.00119682851082	1.00346421995157	1.00119682829214	1.00156647531807	1.00317057051908	1.0238787535034	1.00317057051908	1.02381699354274	1.00119682829214	1.00346421995157	1.00119682851082	1.8999997792283	0.0552671325688473	0.00988377329824149	0.0552671325688486	0.0688681301896428	0.010633354469189	-0.0146959251163028	0.0106333544667785	0.0124149816794931	-0.0142207354271391	-0.0337821554478526	-0.0142207354271389	0.0688681301896445	0.0106333544667785	-0.0146959251163026	0.01063335446919
1	1.01665994800629	1.00107606985675	1.01665994800629	1.02382023617801	1.00119680547977	1.00346426507831	1.00119680526966	1.00156663647597	1.00317042876881	1.02387870255054	1.00317042876881	1.02382023617801	1.00119680526966	1.00346426507831	1.00119680547977	1.89999978359988	0.055267042921601	0.00988377138520401	0.0552670429216023	0.0688683632937818	0.0106333542042924	-0.0146959257844297	0.0106333542019764	0.0124149837950242	-0.0142207333636641	-0.0337821537403357	-0.0142207333636639	0.0688683632937834	0.0106333542019764	-0.0146959257844295	0.0106333542042933
1	1.01665844635444	1.00107589082146	1.01665844635444	1.02382335498905	1.00119678335053	1.00346430844176	1.00119678314864	1.00156679132542	1.00317029255833	1.02387865354778	1.00317029255833	1.02382335498905	1.00119678314864	1.00346430844177	1.00119678335053	1.89999978788488	0.0552669567269434	0.00988376954708515	0.0552669567269447	0.0688685874965236	0.0106333539497581	-0.0146959264264396	0.010633353947533	0.0124149858277693	-0.0142207313808389	-0.0337821520981735	-0.0142207313808386	0.0688685874965253	0.010633353947533	-0.0146959264264393	0.0106333539497591
1	1.01665700253645	1.00107571879842	1.01665700253645	1.02382635470388	1.00119676208777	1.00346435011084	1.00119676189379	1.00156694011337	1.00317016167113	1.02387860642049	1.00317016167113	1.02382635470388	1.00119676189379	1.00346435011084	1.00119676208777	1.89999979208505	0.0552668738519002	0.00988376778095083	0.0552668738519016	0.0688688031377549	0.010633353705181	-0.0146959270433533	0.010633353703043	0.0124149877809678	-0.0142207294755114	-0.0337821505188646	-0.0142207294755112	0.0688688031377566	0.010633353703043	-0.014695927043353	0.010633353705182
1	1.01665561432486	1.00107555351297	1.01665561432486	1.02382923987004	1.00119674165756	1.00346439015174	1.00119674147118	1.00156708307709	1.00317003589918	1.02387856109689	1.00317003589918	1.02382923987004	1.00119674147118	1.00346439015174	1.00119674165756	1.89999979620204	0.0552667941686188	0.00988376608398234	0.0552667941686202	0.0688690105443871	0.0106333534701717	-0.0146959276361525	0.0106333534681174	0.0124149896577331	-0.0142207276446532	-0.0337821490000042	-0.0142207276446529	0.0688690105443887	0.0106333534681174	-0.0146959276361522	0.0106333534701727
1	1.01665427957801	1.00107539470122	1.01665427957801	1.02383201486143	1.00119672202731	1.00346442862809	1.00119672184823	1.00156722044456	1.00316991504256	1.02387851750794	1.00316991504256	1.02383201486143	1.00119672184823	1.00346442862809	1.00119672202731	1.89999980023751	0.0552667175541712	0.00988376445347051	0.0552667175541726	0.0688692100308481	0.0106333532443557	-0.0146959282057792	0.0106333532423818	0.0124149914610559	-0.014220725885353	-0.0337821475392776	-0.0142207258853528	0.0688692100308497	0.0106333532423818	-0.0146959282057789	0.0106333532443566
1	1.01665299623671	1.00107524210962	1.01665299623671	1.02383468388499	1.0011967031657	1.00346446560101	1.00119670299363	1.00156735243485	1.00316979890917	1.02387847558725	1.00316979890917	1.02383468388499	1.00119670299363	1.00346446560101	1.0011967031657	1.89999980419307	0.0552666438903631	0.00988376288681314	0.0552666438903644	0.0688694018995634	0.0106333530273733	-0.0146959287531394	0.0106333530254767	0.0124149931938104	-0.0142207241948142	-0.0337821461344603	-0.0142207241948139	0.068869401899565	0.0106333530254767	-0.0146959287531391	0.0106333530273742
1	1.01665176232111	1.00107509549454	1.01665176232111	1.023837250987	1.00119668504263	1.00346450112926	1.00119668487729	1.00156747925844	1.00316968731442	1.02387843527099	1.00316968731442	1.023837250987	1.00119668487729	1.00346450112926	1.00119668504263	1.89999980807031	0.0552665730635534	0.00988376138150923	0.0552665730635547	0.0688695864414113	0.0106333528188789	-0.0146959292791034	0.0106333528170567	0.0124149948587579	-0.0142207225703495	-0.0337821447834123	-0.0142207225703492	0.068869586441413	0.0106333528170567	-0.0146959292791031	0.0106333528188799
1	1.0166505759276	1.0010749546219	1.0166505759276	1.0238397200593	1.00119666762917	1.00346453526928	1.00119666747031	1.00156760111759	1.00316958008094	1.02387839649773	1.00316958008094	1.0238397200593	1.00119666747031	1.00346453526928	1.00119666762917	1.89999981187077	0.0552665049644791	0.00988375993515603	0.0552665049644805	0.0688697639361647	0.0106333526185407	-0.0146959297845078	0.0106333526167898	0.0124149964585518	-0.0142207210093761	-0.0337821434840749	-0.0142207210093758	0.0688697639361663	0.0106333526167898	-0.0146959297845076	0.0106333526185416
1	1.0166494352259	1.0010748192668	1.0166494352259	1.02384209484512	1.00119665089755	1.00346456807531	1.00119665074491	1.00156771820661	1.00316947703828	1.02387835920843	1.00316947703828	1.02384209484512	1.00119665074491	1.00346456807531	1.00119665089755	1.89999981559598	0.0552664394880838	0.00988375854544501	0.0552664394880851	0.0688699346529149	0.0106333524260395	-0.014695930270156	0.010633352424357	0.0124149979957422	-0.0142207195094126	-0.0337821422344699	-0.0142207195094124	0.0688699346529166	0.010633352424357	-0.0146959302701557	0.0106333524260404
1	1.01664833845623	1.00107468921311	1.01664833845623	1.02384437894476	1.00119663482107	1.00346459959948	1.00119663467441	1.00156783071224	1.00316937802266	1.02387832334629	1.00316937802266	1.02384437894476	1.00119663467441	1.00346459959948	1.00119663482107	1.89999981924742	0.0552663765333585	0.00988375721015809	0.0552663765333599	0.0688700988504793	0.0106333522410686	-0.0146959307368206	0.0106333522394521	0.0124149994727786	-0.0142207180680748	-0.0337821410326936	-0.0142207180680745	0.0688700988504809	0.0106333522394521	-0.0146959307368204	0.0106333522410696
1	1.01664728392658	1.00107456425321	1.01664728392658	1.02384657582108	1.00119661937407	1.00346462989187	1.00119661923315	1.00156793881389	1.0031692828767	1.02387828885669	1.0031692828767	1.02384657582108	1.00119661923315	1.00346462989187	1.00119661937407	1.89999982282656	0.0552663160031845	0.0098837559271636	0.0552663160031858	0.0688702567777929	0.0106333520633336	-0.0146959311852431	0.0106333520617804	0.0124150008920149	-0.0142207166830707	-0.0337821398769148	-0.0142207166830704	0.0688702567777945	0.0106333520617804	-0.0146959311852429	0.0106333520633345
1	1.0166462700101	1.00107444418758	1.0166462700101	1.02384868880471	1.0011966045319	1.00346465900062	1.0011966043965	1.00156804268395	1.00316919144916	1.0238782556871	1.00316919144916	1.02384868880471	1.0011966043965	1.00346465900062	1.0011966045319	1.89999982633483	0.0552662578041833	0.00988375469441383	0.0552662578041847	0.0688704086742861	0.0106333518925513	-0.0146959316161368	0.0106333518910591	0.012415002255713	-0.014220715352199	-0.0337821387653733	-0.0142207153521988	0.0688704086742878	0.0106333518910591	-0.0146959316161366	0.0106333518925523
1	1.01664529514264	1.00107432882454	1.01664529514264	1.02385072109913	1.00119659027089	1.00346468697198	1.0011965901408	1.00156814248806	1.00316910359472	1.023878223787	1.00316910359472	1.02385072109913	1.0011965901408	1.00346468697198	1.00119659027089	1.89999982977363	0.0552662018465733	0.00988375350994094	0.0552662018465746	0.0688705547702492	0.0106333517284498	-0.0146959320301871	0.010633351727016	0.0124150035660465	-0.0142207140733437	-0.0337821376963757	-0.0142207140733435	0.0688705547702508	0.0106333517270159	-0.0146959320301869	0.0106333517284507
1	1.01664435782024	1.00107421797989	1.01664435782024	1.02385267578548	1.00119657656828	1.00346471385038	1.00119657644328	1.00156823838539	1.00316901917375	1.02387819310781	1.00316901917375	1.02385267578548	1.00119657644328	1.00346471385038	1.00119657656828	1.89999983314434	0.0552661480440312	0.00988375237185465	0.0552661480440326	0.0688706952871777	0.0106333515707678	-0.0146959324280524	0.0106333515693901	0.0124150048251034	-0.014220712844472	-0.033782136668294	-0.0142207128444718	0.0688706952871793	0.0106333515693901	-0.0146959324280522	0.0106333515707687
1	1.01664345659691	1.00107411147667	1.01664345659691	1.02385455582729	1.0011965634022	1.00346473967854	1.0011965632821	1.00156833052885	1.00316893805206	1.02387816360278	1.00316893805206	1.02385455582729	1.0011965632821	1.00346473967854	1.0011965634022	1.8999998364483	0.0552660963135575	0.00988375127833803	0.0552660963135588	0.0688708304381111	0.0106333514192541	-0.0146959328103652	0.0106333514179304	0.0124150060348905	-0.0142207116636302	-0.0337821356795615	-0.0142207116636299	0.0688708304381127	0.0106333514179304	-0.0146959328103649	0.010633351419255
1	1.01664259008234	1.00107400914483	1.01664259008234	1.0238563640749	1.00119655075165	1.00346476449749	1.00119655063625	1.00156841906541	1.0031688601007	1.023878135227	1.0031688601007	1.0238563640749	1.00119655063625	1.00346476449749	1.00119655075165	1.89999983968684	0.0552660465753499	0.00988375022764566	0.0552660465753513	0.0688709604279539	0.0106333512736673	-0.0146959331777333	0.0106333512723954	0.0124150071973358	-0.0142207105289409	-0.0337821347286732	-0.0142207105289407	0.0688709604279555	0.0106333512723954	-0.014695933177733	0.0106333512736683
1	1.01664175693976	1.001073910821	1.01664175693976	1.02385810326985	1.00119653859643	1.00346478834666	1.00119653848555	1.00156850413623	1.00316878519578	1.02387810793723	1.00316878519578	1.02385810326985	1.00119653848555	1.00346478834666	1.00119653859644	1.89999984286126	0.0552659987526801	0.00988374921810037	0.0552659987526815	0.0688710854537871	0.0106333511337757	-0.0146959335307409	0.0106333511325536	0.0124150083142917	-0.0142207094386004	-0.0337821338141796	-0.0142207094386001	0.0688710854537888	0.0106333511325536	-0.0146959335307406	0.0106333511337767
1	1.01664095588389	1.0010738163482	1.01664095588389	1.02385977604897	1.00119652691717	1.00346481126395	1.00119652681062	1.001568585877	1.00316871321823	1.02387808169191	1.00316871321823	1.02385977604897	1.00119652681062	1.00346481126395	1.00119652691717	1.89999984597281	0.0552659527717747	0.00988374824809099	0.055265952771776	0.0688712057051673	0.0106333509993564	-0.0146959338699498	0.0106333509981823	0.0124150093875386	-0.0142207083908753	-0.0337821329346887	-0.0142207083908751	0.0688712057051689	0.0106333509981823	-0.0146959338699495	0.0106333509993573
1	1.01664018567895	1.00107372557558	1.01664018567895	1.02386138494844	1.0011965156952	1.00346483328577	1.00119651559284	1.00156866441806	1.00316864405366	1.02387805645107	1.00316864405366	1.02386138494844	1.00119651559284	1.00346483328577	1.0011965156952	1.89999984902276	0.0552659085617016	0.00988374731606919	0.055265908561703	0.0688713213644124	0.0106333508701954	-0.014695934195899	0.0106333508690673	0.0124150104187868	-0.0142207073841002	-0.03378213208886	-0.0142207073841	0.0688713213644141	0.0106333508690673	-0.0146959341958987	0.0106333508701963
1	1.01663944513677	1.00107363835823	1.01663944513677	1.02386293240758	1.00119650491264	1.00346485444711	1.00119650481428	1.00156873988467	1.00316857759213	1.02387803217627	1.00316857759213	1.02386293240758	1.00119650481428	1.00346485444711	1.00119650491264	1.89999985201231	0.0552658660542602	0.00988374642054717	0.0552658660542615	0.0688714326068788	0.010633350746087	-0.0146959345091068	0.0106333507450032	0.0124150114096798	-0.0142207064166745	-0.0337821312754055	-0.0142207064166743	0.0688714326068804	0.0106333507450032	-0.0146959345091065	0.0106333507460879
1	1.01663873311493	1.0010735545569	1.01663873311493	1.02386442077257	1.00119649455228	1.00346487478159	1.00119649445777	1.00156881239716	1.00316851372799	1.02387800883053	1.00316851372799	1.02386442077257	1.00119649445777	1.00346487478159	1.00119649455228	1.89999985494266	0.0552658251838774	0.00988374556009551	0.0552658251838788	0.0688715396012279	0.0106333506268335	-0.0146959348100713	0.0106333506257921	0.012415012361797	-0.0142207054870601	-0.0337821304930857	-0.0142207054870598	0.0688715396012296	0.0106333506257921	-0.0146959348100711	0.0106333506268345
1	1.01663804851501	1.0010734740378	1.01663804851501	1.02386585230001	1.00119648459758	1.00346489432152	1.00119648450678	1.00156888207119	1.00316845235975	1.02387798637829	1.00316845235975	1.02386585230001	1.00119648450678	1.00346489432152	1.00119648459758	1.89999985781499	0.0552657858875051	0.0098837447333407	0.0552657858875064	0.0688716425096804	0.010633350512245	-0.0146959350992713	0.0106333505112443	0.0124150132766554	-0.0142207045937792	-0.0337821297407092	-0.0142207045937789	0.0688716425096821	0.0106333505112443	-0.014695935099271	0.0106333505122459
1	1.01663739028091	1.00107339667236	1.01663739028091	1.02386722916034	1.00119647503267	1.00346491309795	1.00119647494542	1.00156894901785	1.00316839338985	1.02387796478536	1.00316839338985	1.02386722916034	1.00119647494542	1.00346491309795	1.00119647503267	1.89999986063044	0.0552657481045235	0.00988374393896323	0.0552657481045249	0.0688717414882633	0.0106333504021389	-0.0146959353771662	0.0106333504011774	0.0124150141557135	-0.0142207037354118	-0.0337821290171291	-0.0142207037354116	0.068871741488265	0.0106333504011774	-0.0146959353771659	0.0106333504021398
1	1.01663675739718	1.00107332233708	1.01663675739718	1.0238685534411	1.00119646584227	1.00346493114071	1.00119646575844	1.00156901334392	1.00316833672456	1.02387794401885	1.00316833672456	1.0238685534411	1.00119646575844	1.00346493114071	1.00119646584227	1.89999986339014	0.0552657117766479	0.00988374317569515	0.0552657117766492	0.0688718366870447	0.0106333502963401	-0.0146959356441983	0.0106333502954164	0.0124150150003718	-0.0142207029105932	-0.0337821283212443	-0.0142207029105929	0.0688718366870464	0.0106333502954164	-0.0146959356441981	0.010633350296341
1	1.0166361488875	1.00107325091326	1.0166361488875	1.02386982715015	1.00119645701173	1.00346494847846	1.00119645693118	1.00156907515197	1.00316828227383	1.02387792404713	1.00316828227383	1.02386982715015	1.00119645693118	1.00346494847846	1.00119645701173	1.8999998660952	0.055265676847838	0.00988374244231825	0.0552656768478393	0.0688719282503645	0.0106333501946799	-0.0146959359007924	0.0106333501937924	0.0124150158119768	-0.0142207021180123	-0.0337821276519945	-0.014220702118012	0.0688719282503661	0.0106333501937924	-0.0146959359007921	0.0106333501946809
1	1.01663556381315	1.00107318228688	1.01663556381315	1.02387105221866	1.00119644852695	1.00346496513876	1.00119644844955	1.00156913454057	1.0031682299511	1.02387790483978	1.0031682299511	1.02387105221866	1.00119644844955	1.00346496513876	1.00119644852695	1.89999986874669	0.0552656432642119	0.0098837417376617	0.0552656432642132	0.0688720163170491	0.0106333500969965	-0.0146959361473559	0.0106333500961436	0.0124150165918217	-0.014220701356409	-0.0337821270083598	-0.0142207013564088	0.0688720163170507	0.0106333500961436	-0.0146959361473556	0.0106333500969974
1	1.01663500127155	1.00107311634837	1.01663500127155	1.02387223050406	1.0011964403744	1.00346498114807	1.00119644030003	1.00156919160443	1.0031681796732	1.02387788636755	1.0031681796732	1.02387223050406	1.00119644030003	1.00346498114807	1.0011964403744	1.89999987134568	0.0552656109739623	0.00988374106060085	0.0552656109739636	0.0688721010206247	0.0106333500031342	-0.0146959363842812	0.0106333500023148	0.0124150173411497	-0.0142207006245725	-0.0337821263893603	-0.0142207006245723	0.0688721010206264	0.0106333500023148	-0.0146959363842809	0.0106333500031351
1	1.0166344603949	1.00107305299246	1.0166344603949	1.02387336379287	1.00119643254106	1.00346499653183	1.00119643246961	1.00156924643454	1.00316813136022	1.0238778686023	1.00316813136022	1.02387336379287	1.00119643246961	1.00346499653183	1.00119643254106	1.8999998738932	0.0552655799272791	0.009883740410055	0.0552655799272804	0.0688721824895186	0.0106333499129437	-0.0146959366119452	0.0106333499121564	0.0124150180611547	-0.0142206999213397	-0.0337821257940533	-0.0142206999213395	0.0688721824895203	0.0106333499121564	-0.014695936611945	0.0106333499129446
1	1.01663394034881	1.00107299211799	1.01663394034881	1.02387445380338	1.00119642501445	1.00346501131449	1.00119642494579	1.00156929911835	1.00316808493538	1.02387785151697	1.00316808493538	1.02387445380338	1.00119642494579	1.00346501131449	1.00119642501445	1.89999987639029	0.0552655500762687	0.00988373978498576	0.05526555007627	0.0688722608472549	0.0106333498262813	-0.0146959368307099	0.0106333498255248	0.0124150187529843	-0.0142206992455924	-0.0337821252215315	-0.0142206992455922	0.0688722608472566	0.0106333498255248	-0.0146959368307096	0.0106333498262822
1	1.01663344033104	1.00107293362777	1.01663344033104	1.02387550218826	1.00119641778254	1.00346502551953	1.00119641771657	1.00156934973988	1.00316804032487	1.02387783508555	1.00316804032487	1.02387550218826	1.00119641771657	1.00346502551953	1.00119641778254	1.89999987883792	0.0552655213748824	0.00988373918439549	0.0552655213748837	0.0688723362126401	0.0106333497430089	-0.0146959370409231	0.0106333497422821	0.0124150194177411	-0.0142206985962565	-0.033782124670923	-0.0142206985962563	0.0688723362126417	0.0106333497422821	-0.0146959370409228	0.0106333497430098
1	1.01663295957022	1.00107287742842	1.01663295957022	1.02387651053709	1.0011964108338	1.00346503916952	1.00119641077041	1.00156939837985	1.0031679974578	1.023877819283	1.0031679974578	1.0238765105371	1.00119641077041	1.00346503916952	1.0011964108338	1.89999988123709	0.055265493778845	0.00988373860732531	0.0552654937788463	0.0688724086999441	0.0106333496629939	-0.014695937242919	0.0106333496622957	0.0124150200564844	-0.0142206979722994	-0.0337821241413885	-0.0142206979722992	0.0688724086999458	0.0106333496622957	-0.0146959372429187	0.0106333496629948
1	1.01663249732473	1.00107282343021	1.01663249732473	1.02387748037875	1.00119640415714	1.00346505228615	1.00119640409624	1.00156944511583	1.00316795626602	1.02387780408526	1.00316795626602	1.02387748037875	1.00119640409624	1.00346505228615	1.00119640415714	1.89999988358876	0.0552654672455876	0.00988373805285442	0.0552654672455889	0.0688724784190732	0.010633349586109	-0.0146959374370187	0.0106333495854381	0.0124150206702322	-0.0142206973727294	-0.0337821236321221	-0.0142206973727292	0.0688724784190749	0.0106333495854381	-0.0146959374370184	0.0106333495861099
1	1.01663205288148	1.00107277154694	1.01663205288148	1.02387841318371	1.00119639774191	1.00346506489026	1.00119639768339	1.00156949002234	1.00316791668407	1.02387778946917	1.00316791668407	1.02387841318371	1.00119639768339	1.00346506489026	1.00119639774191	1.89999988589385	0.0552654417341792	0.00988373752009756	0.0552654417341805	0.0688725454757375	0.0106333495122316	-0.0146959376235312	0.010633349511587	0.0124150212599626	-0.0142206967965933	-0.0337821231423474	-0.014220696796593	0.0688725454757391	0.010633349511587	-0.014695937623531	0.0106333495122326
1	1.01663162555484	1.00107272169576	1.01663162555484	1.02387931036632	1.00119639157787	1.00346507700187	1.00119639152164	1.00156953317101	1.00316787864902	1.02387777541249	1.00316787864902	1.02387931036632	1.00119639152164	1.00346507700187	1.00119639157787	1.89999988815331	0.0552654172052657	0.00988373700820449	0.055265417205267	0.0688726099716096	0.0106333494412442	-0.0146959378027529	0.0106333494406248	0.0124150218266157	-0.0142206962429753	-0.0337821226713192	-0.014220696242975	0.0688726099716112	0.0106333494406248	-0.0146959378027527	0.0106333494412452
1	1.01663121468562	1.00107267379709	1.01663121468562	1.02388017328691	1.00119638565518	1.00346508864024	1.00119638560116	1.00156957463064	1.00316784210044	1.02387776189379	1.00316784210044	1.02388017328691	1.00119638560116	1.00346508864024	1.00119638565518	1.89999989036802	0.0552653936210095	0.00988373651635815	0.0552653936210108	0.0688726720044799	0.0106333493730337	-0.0146959379749687	0.0106333493724387	0.0124150223710943	-0.0142206957109951	-0.0337821222183194	-0.0142206957109948	0.0688726720044815	0.0106333493724387	-0.0146959379749684	0.0106333493730346
1	1.01663081963999	1.00107262777445	1.01663081963999	1.02388100325387	1.00119637996441	1.00346509982385	1.0011963799125	1.00156961446735	1.00316780698021	1.02387774889248	1.00316780698021	1.02388100325387	1.0011963799125	1.00346509982385	1.00119637996441	1.89999989253888	0.0552653709450294	0.00988373604377341	0.0552653709450307	0.0688727316684059	0.0106333493074914	-0.0146959381404526	0.0106333493069198	0.0124150228942663	-0.0142206951998073	-0.0337821217826587	-0.0142206951998071	0.0688727316684075	0.0106333493069198	-0.0146959381404524	0.0106333493074924
1	1.01663043980854	1.00107258355436	1.01663043980853	1.02388180152563	1.00119637449645	1.00346511057046	1.00119637444658	1.00156965274466	1.00316777323253	1.02387773638878	1.00316777323253	1.02388180152563	1.00119637444658	1.00346511057046	1.00119637449645	1.89999989466675	0.0552653491423454	0.00988373558969584	0.0552653491423467	0.0688727890538517	0.010633349244513	-0.0146959382994676	0.0106333492439637	0.0124150233969655	-0.0142206947085989	-0.0337821213636718	-0.0142206947085987	0.0688727890538533	0.0106333492439637	-0.0146959382994673	0.010633349244514
1	1.01663007460532	1.00107254106623	1.01663007460532	1.02388256931254	1.0011963692426	1.00346512089717	1.00119636919468	1.00156968952363	1.00316774080374	1.02387772436362	1.00316774080374	1.02388256931255	1.00119636919468	1.00346512089717	1.0011963692426	1.89999989675249	0.0552653281793251	0.00988373515340087	0.0552653281793264	0.0688728442478278	0.0106333491839982	-0.0146959384522667	0.0106333491834704	0.012415023879993	-0.0142206942365893	-0.0337821209607222	-0.014220694236589	0.0688728442478294	0.0106333491834704	-0.0146959384522665	0.0106333491839991
1	1.01662972346696	1.00107250024222	1.01662972346696	1.02388330777877	1.00119636419446	1.00346513082036	1.00119636414842	1.0015697248629	1.00316770964232	1.0238777127987	1.00316770964232	1.02388330777878	1.00119636414842	1.00346513082037	1.00119636419446	1.89999989879693	0.0552653080236312	0.00988373473419205	0.0552653080236324	0.0688728973340212	0.0106333491258506	-0.014695938599093	0.0106333491253434	0.0124150243441185	-0.0142206937830278	-0.0337821205731953	-0.0142206937830276	0.0688728973340228	0.0106333491253434	-0.0146959385990927	0.0106333491258516
1	1.01662938585179	1.00107246101715	1.01662938585179	1.02388401804401	1.00119635934399	1.00346514035582	1.00119635929975	1.00156975881883	1.00316767969871	1.0238777016764	1.00316767969871	1.02388401804401	1.00119635929975	1.00346514035582	1.00119635934399	1.89999990080088	0.0552652886441712	0.00988373433140007	0.0552652886441725	0.0688729483929246	0.0106333490699775	-0.0146959387401798	0.0106333490694902	0.0124150247900819	-0.0142206933471935	-0.0337821202005015	-0.0142206933471932	0.0688729483929263	0.0106333490694902	-0.0146959387401795	0.0106333490699784
1	1.01662906123899	1.0010724233284	1.01662906123899	1.02388470118519	1.00119635468344	1.00346514951869	1.00119635464093	1.00156979144556	1.00316765092534	1.02387769097978	1.00316765092534	1.02388470118519	1.00119635464093	1.00346514951869	1.00119635468344	1.89999990276516	0.0552652700110516	0.00988373394438226	0.0552652700110528	0.0688729975019553	0.01063334901629	-0.0146959388757512	0.0106333490158218	0.0124150252185937	-0.0142206929283935	-0.0337821198420721	-0.0142206929283932	0.0688729975019569	0.0106333490158218	-0.014695938875751	0.010633349016291
1	1.0166287491278	1.00107238711579	1.0166287491278	1.02388535823814	1.00119635020537	1.00346515832353	1.00119635016452	1.00156982279514	1.00316762327647	1.02387768069255	1.00316762327647	1.02388535823814	1.00119635016452	1.00346515832353	1.00119635020537	1.89999990469053	0.0552652520955278	0.00988373357252078	0.0552652520955291	0.0688730447355757	0.0106333489647027	-0.0146959390060233	0.0106333489642528	0.0124150256303369	-0.0142206925259622	-0.0337821194973611	-0.014220692525962	0.0688730447355773	0.0106333489642528	-0.014695939006023	0.0106333489647037
1	1.01662844903676	1.00107235232151	1.01662844903676	1.02388599019909	1.00119634590264	1.00346516678432	1.0011963458634	1.00156985291754	1.00316759670814	1.02387767079904	1.00316759670814	1.0238859901991	1.0011963458634	1.00346516678432	1.00119634590264	1.89999990657779	0.0552652348699644	0.00988373321522212	0.0552652348699657	0.0688730901654041	0.0106333489151334	-0.014695939131203	0.010633348914701	0.0124150260259678	-0.01422069213926	-0.0337821191658442	-0.0142206921392598	0.0688730901654057	0.010633348914701	-0.0146959391312028	0.0106333489151343
1	1.01662816050293	1.00107231889001	1.01662816050293	1.02388659802629	1.00119634176839	1.00346517491452	1.00119634173068	1.00156988186082	1.00316757117814	1.02387766128418	1.00316757117814	1.02388659802629	1.00119634173068	1.00346517491452	1.00119634176839	1.89999990842767	0.0552652183077898	0.0098837328719159	0.0552652183077911	0.0688731338603235	0.010633348867503	-0.0146959392514893	0.0106333488670876	0.0124150264061166	-0.0142206917676718	-0.0337821188470158	-0.0142206917676715	0.0688731338603251	0.0106333488670876	-0.0146959392514891	0.010633348867504
