1	1.05682731620536	1.10093668759196	1.05682731620536	1.05682731620739	1.10093668759732	1.13399598187966	1.10093668759732	1.10093668760267	1.1339959818867	1.17411032094928	1.1339959818867	1.05682731620739	1.10093668759732	1.13399598187966	1.10093668759732	0.688012133400921	0.577060425582032	0.523869735139444	0.577060425582033	0.577060425587591	0.52386973515045	0.509676242039965	0.523869735150449	0.523869735161442	0.509676242059326	0.492618118218828	0.509676242059326	0.577060425587592	0.523869735150449	0.509676242039965	0.523869735150451
1	1.07272175476226	1.11534184114534	1.07272175476226	1.07272175478434	1.11534184116506	1.16438614568534	1.11534184116505	1.11534184118477	1.16438614571176	1.1986072795854	1.16438614571176	1.07272175478434	1.11534184116505	1.16438614568534	1.11534184116505	0.746500511352643	0.615488464035591	0.530732247518823	0.615488464035592	0.615488464041485	0.530732247526142	0.536667397984432	0.530732247526142	0.530732247533432	0.536667398006302	0.501524896337905	0.536667398006302	0.615488464041486	0.530732247526142	0.536667397984433	0.530732247526144
1	1.08276654567623	1.12088028632806	1.08276654567623	1.08276654571718	1.12088028635887	1.18208518993459	1.12088028635886	1.12088028638965	1.1820851899782	1.20851903090575	1.1820851899782	1.08276654571718	1.12088028635886	1.18208518993459	1.12088028635886	0.781975505776473	0.640716466801413	0.535922460087839	0.640716466801415	0.640716466812461	0.535922460094362	0.555551328187999	0.535922460094362	0.535922460100841	0.555551328218946	0.50818193243659	0.555551328218947	0.640716466812463	0.535922460094362	0.555551328188	0.535922460094364
1	1.08915995264917	1.1232587299336	1.08915995264917	1.08915995273152	1.12325872999016	1.19307422472743	1.12325872999016	1.1232587300467	1.19307422480817	1.21304689360598	1.19307422480817	1.08915995273152	1.12325872999016	1.19307422472743	1.12325872999016	0.803492177543299	0.657213200352765	0.539852415752692	0.657213200352767	0.657213200372663	0.539852415761958	0.568405981594073	0.539852415761959	0.539852415771178	0.568405981646823	0.512603126741692	0.568405981646824	0.657213200372664	0.539852415761959	0.568405981594074	0.539852415761961
1	1.09323656853645	1.12472412055912	1.09323656853645	1.09323656873809	1.12472412069329	1.20003076142571	1.12472412069329	1.12472412082743	1.20003076161306	1.21527051391671	1.20003076161306	1.09323656873809	1.12472412069329	1.20003076142571	1.12472412069329	0.816542698654126	0.668074739278099	0.544222112330516	0.6680747392781	0.668074739328821	0.5442221123571	0.57688595081187	0.544222112357101	0.544222112383596	0.576885950931279	0.515478538239324	0.57688595093128	0.668074739328823	0.544222112357101	0.57688595081187	0.544222112357102
1	1.09544946026829	1.13137766178397	1.09544946026829	1.0954494609411	1.13137766246363	1.20290633358303	1.13137766246363	1.13137766314297	1.2029063341916	1.21584461626876	1.2029063341916	1.0954494609411	1.13137766246363	1.20290633358303	1.13137766246363	0.824458239934698	0.675405883056536	0.578618225106104	0.675405883056537	0.675405883097609	0.578618226202087	0.580404828978775	0.57861822620209	0.57861822729656	0.580404829352095	0.518528621852969	0.580404829352096	0.67540588309761	0.57861822620209	0.580404828978776	0.578618226202089
1	1.0958645494265	1.14383940186611	1.0958645494265	1.09586456579269	1.14383941538583	1.20320697982466	1.14383941538583	1.14383942890491	1.20320699358164	1.22594827405358	1.20320699358164	1.09586456579268	1.14383941538583	1.20320697982466	1.14383941538583	0.829259258415407	0.677969426503517	0.619548338609535	0.677969426503519	0.677969429751677	0.619548342656423	0.584629345881593	0.619548342656423	0.619548346701488	0.584629353857638	0.551694340785443	0.584629353857639	0.677969429751679	0.619548342656423	0.584629345881594	0.619548342656425
1	1.09530518301646	1.15612199146269	1.09530518301646	1.09530519227856	1.15612200040531	1.20246327360536	1.15612200040531	1.15612200934719	1.20246328334019	1.2406573717087	1.20246328334019	1.09530519227856	1.15612200040531	1.20246327360536	1.15612200040531	0.832171223321236	0.678284905243286	0.644294852096345	0.678284905243288	0.67828490823798	0.644294858754407	0.586059427991404	0.644294858754407	0.644294865410874	0.586059435127944	0.573009653619639	0.586059435127945	0.678284908237981	0.644294858754407	0.586059427991405	0.644294858754408
1	1.09454053240576	1.16508056727959	1.09454053240576	1.09454053844785	1.16508057504662	1.2013722868554	1.16508057504662	1.16508058281295	1.20137229443645	1.2527925662996	1.20137229443645	1.09454053844785	1.16508057504662	1.2013722868554	1.16508057504662	0.833937419315253	0.677813490673363	0.659214164071108	0.677813490673365	0.677813493040567	0.659214173084993	0.58629467816269	0.659214173084993	0.659214182097586	0.58629468439859	0.587042084118266	0.58629468439859	0.677813493040569	0.659214173084993	0.586294678162691	0.659214173084995
1	1.09385679503567	1.1709621037362	1.09385679503567	1.0938567995495	1.17096211164704	1.20032661700378	1.17096211164704	1.17096211955729	1.20032662335505	1.26159906002676	1.20032662335505	1.09385679954949	1.17096211164704	1.20032661700378	1.17096211164704	0.835008671338015	0.677154483364807	0.668156839516788	0.677154483364809	0.677154485106115	0.668156850716768	0.586065732865329	0.668156850716769	0.668156861915738	0.586065738427825	0.596324051770997	0.586065738427825	0.677154485106117	0.668156850716769	0.58606573286533	0.668156850716769
1	1.09332602857003	1.17464187924914	1.09332602857003	1.0933260323342	1.17464188783113	1.19946673522088	1.17464188783113	1.17464189641265	1.19946674087709	1.26770432184369	1.19946674087709	1.0933260323342	1.17464188783113	1.19946673522088	1.17464188783113	0.835658418534365	0.676537357473333	0.673491767962501	0.676537357473335	0.676537358694684	0.673491781253862	0.585700264977624	0.673491781253864	0.673491794544455	0.585700270127164	0.602459215789195	0.585700270127165	0.676537358694685	0.673491781253864	0.585700264977625	0.673491781253864
1	1.09294080500961	1.17688871710706	1.09294080500961	1.09294080842035	1.17688872660327	1.19881054679119	1.17688872660327	1.17688873609913	1.19881055210292	1.27185505829574	1.19881055210292	1.09294080842035	1.17688872660327	1.19881054679119	1.17688872660327	0.836052510130109	0.67603302859536	0.676664731463037	0.676033028595361	0.676033029412802	0.676664746832893	0.585337008308938	0.676664746832896	0.676664762202171	0.585337013274432	0.606507662863554	0.585337013274433	0.676033029412804	0.676664746832896	0.585337008308939	0.676664746832895
1	1.09267137293944	1.17824324280247	1.09267137293944	1.09267137622616	1.17824325336616	1.19833024595335	1.17824325336616	1.17824326392957	1.19833025117179	1.27465018002194	1.19833025117179	1.09267137622616	1.17824325336616	1.19833024595335	1.17824325336616	0.836291538766139	0.675647923698265	0.678548747128989	0.675647923698267	0.67564792420991	0.678548764638943	0.585026825519414	0.678548764638946	0.678548782148465	0.585026830490231	0.609175709162943	0.585026830490232	0.675647924209912	0.678548764638946	0.585026825519415	0.678548764638945
1	1.09248705200682	1.17905445472684	1.09248705200682	1.09248705532032	1.17905446649227	1.19798748273745	1.17905446649227	1.1790544782575	1.19798748805428	1.2765226034374	1.19798748805428	1.09248705532032	1.17905446649227	1.19798748273745	1.17905446649227	0.836436516963173	0.675365453051767	0.679666685742039	0.675365453051769	0.675365453332974	0.679666705517721	0.584781108702642	0.679666705517723	0.679666725293079	0.584781113835148	0.610932839901184	0.584781113835149	0.675365453332976	0.679666705517723	0.584781108702643	0.679666705517723
1	1.09236271145938	1.17953872539784	1.09236271145938	1.09236271491011	1.1795387385054	1.19774687035728	1.1795387385054	1.1795387516128	1.19774687592682	1.2777730019104	1.19774687592682	1.09236271491011	1.1795387385054	1.19774687035728	1.1795387385054	0.836524450684852	0.675163666110169	0.680330056980651	0.67516366611017	0.675163666216084	0.680330079202321	0.584594948211872	0.680330079202324	0.680330101423748	0.584594953638415	0.612089861098404	0.584594953638416	0.675163666216085	0.680330079202324	0.584594948211873	0.680330079202323
1	1.09227960860376	1.17982745441077	1.09227960860376	1.09227961228019	1.17982746901594	1.19757987566881	1.17982746901594	1.17982748362099	1.197579881622	1.27860635941532	1.197579881622	1.09227961228019	1.17982746901594	1.19757987566881	1.17982746901594	0.836577785183119	0.675022167723221	0.680723876553855	0.675022167723223	0.675022167692905	0.680723901450182	0.584458002493928	0.680723901450184	0.680723926346329	0.584458008330976	0.612851865790955	0.584458008330977	0.675022167692907	0.680723901450184	0.584458002493928	0.680723901450184
1	1.09222442112842	1.17999957576329	1.09222442112842	1.09222442510693	1.17999959204028	1.19746492898462	1.17999959204028	1.1799996083172	1.19746493543852	1.27916104682079	1.19746493543852	1.09222442510693	1.17999959204028	1.19746492898462	1.17999959204028	0.836610134191554	0.67492429140524	0.680957855706537	0.674924291405242	0.674924291265559	0.680957883551059	0.58435933815545	0.680957883551061	0.680957911395443	0.584359344510165	0.613353914795577	0.584359344510166	0.674924291265561	0.68095788355106	0.584359338155451	0.680957883551061
1	1.09218793828206	1.18010224029874	1.09218793828206	1.09218794261505	1.18010225839305	1.19738630374478	1.18010225839305	1.18010227648729	1.19738631079152	1.27952992693188	1.19738631079152	1.09218794261505	1.18010225839305	1.19738630374478	1.18010225839305	0.836629754856987	0.674857288850797	0.681097009708369	0.674857288850799	0.674857288622357	0.681097040674243	0.584289343135845	0.681097040674245	0.681097071640012	0.584289350093936	0.613684860807237	0.584289350093937	0.674857288622359	0.681097040674245	0.584289343135845	0.681097040674244
1	1.09216390025161	1.18016353683083	1.0921639002516	1.0921639049966	1.18016355690427	1.19733278891783	1.18016355690427	1.18016357697766	1.19733279664934	1.27977509237394	1.19733279664934	1.0921639049966	1.18016355690427	1.19733278891783	1.18016355690427	0.836641655392593	0.674811790394693	0.681179868389274	0.674811790394695	0.674811790089996	0.681179902751318	0.584240274920694	0.681179902751319	0.681179937113285	0.584240282568541	0.613903137987705	0.584240282568542	0.674811790089998	0.681179902751319	0.584240274920695	0.681179902751319
1	1.09214810075295	1.18020018146759	1.09214810075294	1.09214810597415	1.18020020372622	1.19729651117261	1.18020020372622	1.18020022598481	1.19729651968742	1.27993796599949	1.19729651968742	1.09214810597415	1.18020020372622	1.19729651117261	1.18020020372622	0.836648873432535	0.674781091636423	0.681229272934871	0.674781091636425	0.674781091262056	0.681229311063375	0.58420619652173	0.681229311063377	0.681229349191823	0.584206204953531	0.614047183874618	0.584206204953532	0.674781091262057	0.681229311063377	0.584206196521731	0.681229311063376
1	1.09213773521706	1.18022212134557	1.09213773521706	1.0921377409805	1.18022214603188	1.19727200008936	1.18022214603188	1.18022217071817	1.19727200949137	1.28004613706642	1.19727200949137	1.0921377409805	1.18022214603188	1.19727200008936	1.18022214603188	0.836653251395107	0.674760484480517	0.681258774211542	0.674760484480519	0.674760484039255	0.681258816527003	0.584182706124629	0.681258816527006	0.681258858842419	0.584182715441369	0.614142293654556	0.58418271544137	0.674760484039257	0.681258816527006	0.58418270612463	0.681258816527005
1	1.09213094400306	1.1802352788822	1.09213094400306	1.09213095037988	1.18023530627384	1.19725548546582	1.18023530627384	1.18023533366547	1.19725549586787	1.28011796171855	1.19725549586787	1.09213095037988	1.18023530627384	1.19725548546582	1.18023530627384	0.836655906763636	0.674746708684239	0.681276418693718	0.674746708684241	0.674746708175894	0.681276465675314	0.584166613236976	0.681276465675316	0.681276512656874	0.584166623549133	0.614205123355654	0.584166623549134	0.674746708175895	0.681276465675316	0.584166613236976	0.681276465675315
1	1.09212649902946	1.18024318350198	1.09212649902946	1.09212650609762	1.18024321391424	1.19724438502474	1.18024321391424	1.18024324432648	1.19724439655111	1.28016564437947	1.19724439655111	1.09212650609762	1.18024321391424	1.19724438502474	1.18024321391424	0.836657517326056	0.674737530532168	0.681286989540496	0.67473753053217	0.674737529954177	0.681287041732493	0.584155644120228	0.681287041732496	0.681287093924466	0.584155655550036	0.614246647510962	0.584155655550037	0.674737529954178	0.681287041732496	0.584155644120229	0.681287041732495
1	1.09212359177305	1.18024794103214	1.09212359177305	1.09212359961893	1.1802479748219	1.19723693909864	1.1802479748219	1.18024800861166	1.19723695188743	1.28019729479436	1.19723695188743	1.09212359961892	1.1802479748219	1.19723693909864	1.1802479748219	0.836658494181698	0.67473143227463	0.681293333553135	0.674731432274632	0.674731431622437	0.681293391572324	0.584148199043427	0.681293391572326	0.681293449591497	0.584148211727119	0.614274102047691	0.58414821172712	0.674731431622439	0.681293391572326	0.584148199043428	0.681293391572326
1	1.0921216911433	1.18025080968001	1.0921216911433	1.0921216998625	1.18025084724873	1.19723195337748	1.18025084724873	1.18025088481745	1.19723196758227	1.28021830063391	1.19723196758227	1.0921216998625	1.18025084724873	1.19723195337748	1.18025084724873	0.836659086674843	0.674727389408505	0.681297147361019	0.674727389408507	0.674727388675899	0.681297211899601	0.584143163803792	0.681297211899602	0.681297276438171	0.584143177893204	0.614292260782591	0.584143177893204	0.674727388675901	0.681297211899602	0.584143163803793	0.681297211899603
1	1.09212044887696	1.18025254239156	1.09212044887696	1.09212045857616	1.18025258419101	1.1972286198908	1.18025258419101	1.18025262599046	1.19722863568326	1.28023224108828	1.19722863568326	1.09212045857616	1.18025258419101	1.1972286198908	1.18025258419101	0.836659446040151	0.674724714027584	0.681299443592323	0.674724714027585	0.674724713206748	0.681299515430622	0.584139768639736	0.681299515430623	0.681299587268912	0.584139784304795	0.614304274825024	0.584139784304796	0.674724713206749	0.681299515430623	0.584139768639737	0.681299515430623
1	1.09211963694284	1.18025359046349	1.09211963694284	1.09211964773968	1.18025363699782	1.19722639392928	1.18025363699782	1.18025368353215	1.19722641150007	1.28024149195776	1.19722641150007	1.09211964773968	1.18025363699782	1.19722639392928	1.18025363699782	0.836659664006198	0.674722946182891	0.68130082762934	0.674722946182893	0.674722945264658	0.681300907633874	0.584137485175044	0.681300907633875	0.681300987638406	0.584137502604708	0.614312225579833	0.584137502604709	0.67472294526466	0.681300907633875	0.584137485175045	0.681300907633876
1	1.09211910616883	1.18025422488642	1.09211910616882	1.09211911819403	1.18025427671794	1.19722490908043	1.18025427671794	1.18025432854947	1.19722492864185	1.28024763053226	1.19722492864185	1.09211911819402	1.18025427671794	1.19722490908043	1.18025427671794	0.836659796209213	0.674721779405035	0.68130166199055	0.674721779405037	0.674721778378812	0.68130175112799	0.584135952685685	0.681301751127992	0.681301840265436	0.584135972090423	0.614317488467061	0.584135972090424	0.674721778378814	0.681301751127992	0.584135952685686	0.681301751127992
1	1.09211875903228	1.18025460868421	1.09211875903228	1.09211877243369	1.18025466644711	1.19722391935097	1.18025466644711	1.18025472421003	1.19722394114219	1.28025170405883	1.19722394114219	1.09211877243369	1.18025466644711	1.19722391935097	1.18025466644711	0.836659876394275	0.674721010065061	0.681302164135496	0.674721010065063	0.674721008918616	0.681302263500518	0.584134926030382	0.68130226350052	0.681302362865547	0.584134947646987	0.61432097273009	0.584134947646988	0.674721008918618	0.68130226350052	0.584134926030383	0.68130226350052
1	1.09211853176402	1.18025484014168	1.09211853176401	1.09211854670839	1.18025490456221	1.19722325952524	1.18025490456221	1.18025496898275	1.19722328381797	1.28025440975112	1.19722328381797	1.09211854670839	1.18025490456221	1.19722325952524	1.1802549045622	0.836659925028622	0.674720503192673	0.681302464727635	0.674720503192675	0.674720501912194	0.681302575569328	0.584134239356306	0.68130257556933	0.681302686411036	0.584134263453012	0.614323279234556	0.584134263453013	0.674720501912196	0.68130257556933	0.584134239356307	0.68130257556933
1	1.09211838291888	1.18025497846351	1.09211838291888	1.09211839959649	1.18025505034581	1.19722282093507	1.18025505034581	1.18025512222812	1.19722284803266	1.28025620060743	1.19722284803266	1.09211839959649	1.18025505034581	1.19722282093507	1.1802550503458	0.836659954527126	0.674720169398165	0.681302642477527	0.674720169398167	0.674720167967183	0.681302766195395	0.584133780198583	0.681302766195397	0.681302889913288	0.584133807076909	0.61432480747929	0.58413380707691	0.674720167967185	0.681302766195397	0.584133780198583	0.681302766195396
1	1.09211828520585	1.1802550596301	1.09211828520585	1.09211830382547	1.18025513987367	1.19722252902836	1.18025513987367	1.18025522011727	1.19722255926882	1.28025738758042	1.19722255926882	1.09211830382547	1.18025513987367	1.19722252902836	1.18025513987367	0.836659972419044	0.674719949684921	0.681302744834149	0.674719949684923	0.674719948085395	0.681302882977099	0.58413347335231	0.681302882977101	0.681303021120084	0.584133503347962	0.6143258200066	0.584133503347963	0.674719948085396	0.681302882977101	0.584133473352311	0.681302882977101
1	1.09211822084104	1.18025510541751	1.09211822084104	1.09211824163298	1.18025519502098	1.19722233449383	1.18025519502098	1.18025528462449	1.1972223682525	1.28025817468913	1.1972223682525	1.09211824163298	1.18025519502098	1.19722233449383	1.18025519502098	0.836659983271145	0.674719805118606	0.681302800448041	0.674719805118607	0.674719803330543	0.681302954731481	0.584133268244967	0.681302954731482	0.681303109014966	0.584133301730727	0.614326490868485	0.584133301730728	0.674719803330545	0.681302954731482	0.584133268244967	0.681302954731483
1	1.09211817821667	1.18025512902074	1.09211817821667	1.09211820143701	1.1802552290929	1.1972222045769	1.1802552290929	1.18025532916512	1.19722224227124	1.2802586967168	1.19722224227124	1.09211820143701	1.1802552290929	1.1972222045769	1.1802552290929	0.836659989853339	0.674719710029582	0.68130282662331	0.674719710029584	0.67471970803087	0.68130299895071	0.584133130960617	0.681302998950712	0.681303171278173	0.584133168350835	0.614326935378642	0.584133168350835	0.674719708030872	0.681302998950712	0.584133130960618	0.681302998950712
1	1.09211814974822	1.18025513843327	1.09211814974822	1.09211817568141	1.18025525020652	1.19722211749167	1.18025525020652	1.18025536197984	1.19722215958571	1.28025904294295	1.19722215958571	1.09211817568141	1.18025525020652	1.19722211749167	1.18025525020652	0.83665999384568	0.674719647506761	0.681302833789451	0.674719647506763	0.674719645272656	0.681303026280418	0.584133038795125	0.68130302628042	0.681303218771465	0.584133080550524	0.614327229922504	0.584133080550525	0.674719645272657	0.68130302628042	0.584133038795125	0.68130302628042
