1	1.00547148597614	1.01030300318891	1.00547148597614	1.00453660657633	1.00923943447906	1.01363448398577	1.00927387455499	1.00808903499695	1.01297377241419	1.01667486261442	1.01297377241419	1.00453660657633	1.00927387455499	1.01363448398577	1.00923943447906	0.316057248330847	0.287509240592414	0.277375644880241	0.287509240592414	0.287938815290236	0.274251937997492	0.266660812395995	0.274872119020018	0.268708400299703	0.268821381634397	0.258018595556027	0.268821381634397	0.287938815290236	0.274872119020018	0.266660812395995	0.274251937997493
1	1.01362302487569	1.0252839562801	1.01362302487569	1.01319956609826	1.02457470670307	1.03396767017207	1.02464309517169	1.02362946917389	1.03422727188795	1.04606084725664	1.03422727188795	1.01319956609826	1.02464309517169	1.03396767017207	1.02457470670307	0.432328212107566	0.393757978428417	0.37946834790683	0.393757978428417	0.392267542524089	0.37686815310804	0.359427846815182	0.377318836506508	0.372621879609314	0.36258384557079	0.368955377705279	0.36258384557079	0.392267542524089	0.377318836506508	0.359427846815182	0.376868153108041
1	1.01777181889722	1.03270667826385	1.01777181889722	1.01752579391481	1.03229644500944	1.04385602574473	1.0323465788573	1.03170163183103	1.04435674575863	1.06303335879068	1.04435674575863	1.01752579391481	1.0323465788573	1.04385602574473	1.03229644500944	0.475101909256202	0.430248619980188	0.413445237954066	0.430248619980189	0.428700043018026	0.411977001503298	0.392099994277358	0.41221443181441	0.409578615054798	0.39455571443248	0.412505927172651	0.39455571443248	0.428700043018027	0.41221443181441	0.392099994277358	0.411977001503299
1	1.01938330374911	1.03538060913743	1.01938330374911	1.01923414855195	1.03517215559738	1.04776284015904	1.03519924610602	1.03485600346216	1.04817682535426	1.07045384257795	1.04817682535426	1.01923414855194	1.03519924610602	1.04776284015904	1.03517215559738	0.490837473041729	0.442952957195814	0.424094192676884	0.442952957195815	0.441836233949587	0.42334199246812	0.404218336453404	0.423452924354676	0.422120158118059	0.405799325714795	0.429064478809589	0.405799325714795	0.441836233949588	0.423452924354676	0.404218336453404	0.423341992468121
1	1.01997698184963	1.03619335233791	1.01997698184963	1.01988728322545	1.03609099138563	1.04930529748472	1.03610389096273	1.03593340490712	1.0495805945562	1.07343051140606	1.0495805945562	1.01988728322545	1.03610389096273	1.04930529748472	1.03609099138563	0.496626263464059	0.447510334217358	0.426996801337793	0.447510334217359	0.446797182809147	0.426612870103365	0.408978303751437	0.426662330779957	0.426004364878662	0.409929251214997	0.435313220923171	0.409929251214997	0.446797182809147	0.426662330779957	0.408978303751437	0.426612870103366
1	1.02020145347409	1.03636811167438	1.02020145347409	1.02014831133471	1.03631705552371	1.04995651056981	1.03632286961283	1.03623934539262	1.05012538602299	1.07461078822438	1.05012538602299	1.02014831133471	1.03632286961283	1.04995651056981	1.03631705552371	0.498755840478652	0.449269463183375	0.427417888404208	0.449269463183375	0.448835714564019	0.427216458180998	0.411032634498617	0.427238138131944	0.426910054549139	0.411591680512402	0.437765206905689	0.411591680512402	0.44883571456402	0.427238138131944	0.411032634498618	0.427216458180999
1	1.02029561062429	1.03634235392475	1.02029561062429	1.02026448090431	1.03631602520669	1.05026685241362	1.03631858518101	1.03627718661973	1.05036734357765	1.07510528451507	1.05036734357765	1.02026448090431	1.03631858518101	1.05026685241362	1.03631602520669	0.499539268133042	0.450055818601284	0.427093509436887	0.450055818601285	0.449797549355991	0.426984300945225	0.412056674499717	0.426993742279557	0.426826515474876	0.412383147229014	0.438828878118764	0.412383147229014	0.449797549355992	0.426993742279557	0.412056674499718	0.426984300945226
1	1.02034337266076	1.03626221061099	1.02034337266076	1.02032524736731	1.03624814922132	1.05044059610949	1.0362492652926	1.03622829318714	1.05049975054204	1.07534096411992	1.05049975054204	1.02032524736731	1.0362492652926	1.05044059610949	1.03624814922132	0.499827475106037	0.450491206663609	0.426586016939849	0.45049120666361	0.450338885868052	0.426525112972777	0.412662267851896	0.426529212526667	0.426441850095841	0.412852733508367	0.439373361583316	0.412852733508367	0.450338885868053	0.426529212526667	0.412662267851897	0.426525112972778
1	1.02037365453652	1.03617409482167	1.02037365453652	1.02036312481674	1.03616635889399	1.05055465179369	1.03616684370232	1.03615595530066	1.0505893593689	1.07547588614584	1.0505893593689	1.02036312481674	1.03616684370232	1.05055465179369	1.03616635889399	0.499933500575158	0.450788058609019	0.426070992315897	0.450788058609019	0.45069859473423	0.426036312327563	0.413078768325865	0.426038092731461	0.425991361719955	0.413189988974235	0.439711209090291	0.413189988974235	0.450698594734231	0.426038092731461	0.413078768325865	0.426036312327564
1	1.02039640521963	1.03609156981227	1.02039640521963	1.02039028755612	1.03608721625011	1.05063903301465	1.03608742660859	1.03608163843641	1.05065938828973	1.07556810545636	1.05065938828973	1.02039028755612	1.03608742660859	1.05063903301465	1.03608721625011	0.49997250518445	0.451020128366373	0.425597902337443	0.451020128366374	0.450967658430127	0.425577866384475	0.413396505531488	0.425578639202874	0.425553122244867	0.413461551865156	0.439956458696006	0.413461551865156	0.450967658430128	0.425578639202874	0.413396505531488	0.425577866384476
1	1.02041513464711	1.03601772355926	1.02041513464711	1.02041157608334	1.03601523366646	1.05070625024473	1.03601532488828	1.03601218314558	1.0507181962821	1.07563935285048	1.0507181962821	1.02041157608334	1.03601532488828	1.05070625024473	1.03601523366646	0.499986854185399	0.451214289458007	0.425176140595173	0.451214289458008	0.451183517754059	0.425164454497952	0.413654095038224	0.425164789805953	0.42515061377644	0.413692200437534	0.440152402997019	0.413692200437534	0.45118351775406	0.425164789805953	0.413654095038225	0.425164454497953
1	1.02043118410445	1.03595249383465	1.02043118410445	1.02042911054859	1.03595105406175	1.05076207463014	1.03595109360734	1.03594935796708	1.05076909297924	1.07569822063536	1.05076909297924	1.02042911054859	1.03595109360734	1.05076207463014	1.03595105406175	0.499992132890589	0.451381513456963	0.424803231734542	0.451381513456964	0.451363455058868	0.424796374571643	0.413870078283972	0.424796520020026	0.424788532658452	0.41389243761147	0.440316856970327	0.41389243761147	0.451363455058869	0.424796520020026	0.413870078283972	0.424796374571644
1	1.02044516007569	1.0358950056161	1.02044516007569	1.02044394948694	1.03589416693935	1.05080953341605	1.0358941840832	1.03589321119085	1.05081366158356	1.07574848548973	1.05081366158356	1.02044394948694	1.0358941840832	1.05080953341605	1.03589416693935	0.499994074818801	0.451527264060801	0.42447385051679	0.451527264060801	0.45151665586291	0.4244698118269	0.414054656159253	0.424469874938063	0.424465323328858	0.414067796128924	0.440458205733548	0.414067796128924	0.45151665586291	0.424469874938063	0.414054656159253	0.424469811826901
1	1.02045742615492	1.03584431574575	1.02045742615492	1.02045668591313	1.03584379102128	1.0508504528296	1.03584379845349	1.03584321287756	1.05085285470561	1.07579209120151	1.05085285470561	1.02045668591313	1.03584379845349	1.0508504528296	1.03584379102128	0.499994789214715	0.451654950613867	0.424182587704144	0.451654950613867	0.451648750691079	0.424180168354984	0.414214221523767	0.4241801957283	0.424177543813705	0.414221948914425	0.440581148305886	0.414221948914425	0.45164875069108	0.424180195728299	0.414214221523767	0.424180168354985
