1	1.00793624140935	1.01491040568609	1.00793624140935	1.00849748015337	1.01530390215306	1.02171090473705	1.01530390215221	1.01537061869618	1.02210499331685	1.02775869006626	1.02210499331685	1.00849748015337	1.01530390215221	1.02171090473705	1.01530390215306	0.424037887635022	0.385584373476404	0.371700515678442	0.385584373476405	0.3841947551649	0.369077136779149	0.35994473894275	0.369077136766792	0.362009928030317	0.358495455913472	0.34871100185408	0.358495455913472	0.384194755164901	0.369077136766792	0.35994473894275	0.36907713677915
1	1.02275364170295	1.04508094284998	1.02275364170295	1.01986299114036	1.03908879206421	1.05618332286905	1.03908879212199	1.03672900417108	1.05414356368301	1.07157771373897	1.05414356368301	1.01986299114036	1.03908879212199	1.05618332286905	1.03908879206421	0.580032708585247	0.536951299446068	0.541684815502122	0.536951299446069	0.531544417528918	0.512735589006442	0.497288258958957	0.512735589521828	0.515322747964348	0.498638804819689	0.494898021272341	0.498638804819689	0.531544417528918	0.512735589521828	0.497288258958957	0.512735589006443
1	1.026874530419	1.0558774700792	1.026874530419	1.02288164979142	1.04576756573149	1.06647215940034	1.04576756578593	1.043808696646	1.06386213348761	1.08740216756001	1.06386213348761	1.02288164979142	1.04576756578593	1.06647215940034	1.04576756573149	0.637419996211473	0.589471125296	0.610205347349052	0.589471125296	0.588750585468219	0.568340612687569	0.555769289124616	0.568340612951676	0.582646549995948	0.559449951430285	0.5653851207193	0.559449951430285	0.588750585468219	0.568340612951676	0.555769289124616	0.56834061268757
1	1.02689792824067	1.05737040782845	1.02689792824067	1.02386873771373	1.04701456821311	1.06857980839032	1.04701456824153	1.04690656917148	1.0669993638613	1.09312110481328	1.0669993638613	1.02386873771373	1.04701456824153	1.06857980839032	1.04701456821311	0.658531599568111	0.608201203862471	0.635247523492039	0.608201203862471	0.610133817291561	0.590056615327533	0.579993847141779	0.590056615448132	0.610936033896224	0.585622034442063	0.59741056833097	0.585622034442063	0.610133817291562	0.590056615448132	0.579993847141779	0.590056615327533
1	1.02653192459888	1.05715034680334	1.02653192459888	1.02420477533293	1.04724598426248	1.06909224445209	1.04724598427546	1.04826816349136	1.06829807381033	1.09554116409475	1.06829807381033	1.02420477533293	1.04724598427546	1.06909224445209	1.04724598426248	0.666298124420407	0.615094114660821	0.64399640727635	0.615094114660822	0.618034061333839	0.598692362800551	0.589940405289754	0.598692362853072	0.622227704065314	0.596791589732279	0.610986748805274	0.596791589732279	0.618034061333839	0.598692362853072	0.589940405289754	0.598692362800551
1	1.02631803731169	1.05685521904229	1.02631803731169	1.0243070394969	1.04730157561699	1.06927881291978	1.04730157562263	1.04879820091617	1.06889496962481	1.09655019637502	1.06889496962481	1.0243070394969	1.04730157562263	1.06927881291978	1.04730157561699	0.669155269277273	0.617697112966065	0.647014952571278	0.617697112966066	0.620981246334969	0.602172060720589	0.594045062526452	0.602172060742987	0.626528021851065	0.601597916061794	0.616418791428292	0.601597916061795	0.62098124633497	0.602172060742987	0.594045062526453	0.60217206072059
1	1.02621965951659	1.05667647622197	1.02621965951659	1.02433611609848	1.0473217356759	1.06936616963912	1.04732173567831	1.04898496631347	1.06918328192078	1.09693889827962	1.06918328192078	1.02433611609848	1.04732173567831	1.06936616963912	1.0473217356759	0.670206354136967	0.61869647324089	0.648053655239639	0.618696473240891	0.622094898028547	0.603583378684354	0.595749662943421	0.60358337869382	0.628105981059413	0.603696491178684	0.618509941481967	0.603696491178684	0.622094898028548	0.60358337869382	0.595749662943421	0.603583378684355
1	1.02617677342597	1.05658367539316	1.02617677342597	1.02434432739495	1.04733082463789	1.06940919473502	1.04733082463891	1.04904469384151	1.06932639316312	1.09707497900781	1.06932639316312	1.02434432739495	1.04733082463891	1.06940919473502	1.04733082463789	0.67059302664448	0.619084601633575	0.648410872702517	0.619084601633575	0.622520893720988	0.60415776485686	0.596461658793906	0.604157764860844	0.628663120879233	0.604629233661354	0.619290313214284	0.604629233661354	0.622520893720988	0.604157764860844	0.596461658793906	0.604157764856861
1	1.02615820131376	1.05653828489465	1.02615820131376	1.02434679340584	1.04733502413444	1.06943008686999	1.04733502413487	1.04906099605501	1.06939864480909	1.09711651036057	1.06939864480909	1.02434679340584	1.04733502413487	1.06943008686999	1.04733502413444	0.670735275544935	0.619236861417101	0.648533741536069	0.619236861417102	0.62268596094807	0.604392131751164	0.596760905586345	0.604392131752838	0.628849128287627	0.605052402850141	0.619571155320555	0.605052402850141	0.62268596094807	0.604392131752838	0.596760905586345	0.604392131751164
1	1.02615010180957	1.0565167460769	1.02615010180957	1.02434765689814	1.04733688187045	1.06944001172707	1.04733688187063	1.04906375717945	1.06943559180074	1.09712574212039	1.06943559180074	1.02434765689814	1.04733688187063	1.06944001172707	1.04733688187045	0.670787605995376	0.619297215512932	0.648576074085858	0.619297215512932	0.622750888406283	0.604488000018035	0.596887589792214	0.604488000018738	0.62890513336037	0.605248725496338	0.619666762456252	0.605248725496339	0.622750888406284	0.604488000018738	0.596887589792214	0.604488000018036
1	1.0261465259098	1.05650668783242	1.0261465259098	1.02434803625984	1.04733765101967	1.06944464138562	1.04733765101975	1.04906298117421	1.06945469062183	1.09712539977464	1.06945469062182	1.02434803625984	1.04733765101975	1.06944464138562	1.04733765101967	0.670806857293919	0.619321415897473	0.648590729676054	0.619321415897474	0.622776889017393	0.604527323451539	0.59694167884047	0.604527323451834	0.628918225991937	0.605341901183332	0.619696135533311	0.605341901183332	0.622776889017393	0.604527323451834	0.59694167884047	0.60452732345154
