1	1.04300190533557	1.08323907172989	1.04300190533557	1.04300190533557	1.08323907173224	1.12390569839916	1.08323907173224	1.08323907172989	1.12390569839916	1.17626832809327	1.12390569839916	1.04300190533557	1.08323907173224	1.12390569839916	1.08323907173224	1.10777517272526	1.0629537745746	1.0466425443623	1.0629537745746	1.0629537745746	1.04664254437326	1.04699731556543	1.04664254437326	1.0466425443623	1.04699731556543	1.11093946254567	1.04699731556543	1.0629537745746	1.04664254437326	1.04699731556543	1.04664254437326
1	1.04142256966308	1.07900648670287	1.04142256966308	1.04142256966308	1.07900648670454	1.11607339312078	1.07900648670454	1.07900648670287	1.11607339312078	1.17075183506917	1.11607339312078	1.04142256966308	1.07900648670454	1.11607339312078	1.07900648670454	1.19699475322739	1.14762001575683	1.1216178764065	1.14762001575683	1.14762001575683	1.12161787641375	1.11044199693365	1.12161787641375	1.1216178764065	1.11044199693365	1.20892748213665	1.11044199693365	1.14762001575683	1.12161787641375	1.11044199693365	1.12161787641375
1	1.03603422811446	1.06802489819413	1.03603422811446	1.03603422811446	1.06802489819517	1.09871011567346	1.06802489819517	1.06802489819413	1.09871011567346	1.14884990042024	1.09871011567346	1.03603422811446	1.06802489819517	1.09871011567346	1.06802489819517	1.25680042656071	1.20873698436889	1.17895964087938	1.20873698436889	1.20873698436889	1.1789596408841	1.16108545831247	1.1789596408841	1.17895964087938	1.16108545831247	1.27020288772167	1.16108545831247	1.20873698436889	1.1789596408841	1.16108545831247	1.1789596408841
1	1.03076245121643	1.05781724008868	1.03076245121643	1.03076245121643	1.0578172400893	1.08324328205861	1.0578172400893	1.05781724008868	1.08324328205861	1.12708358980978	1.08324328205861	1.03076245121643	1.0578172400893	1.08324328205861	1.0578172400893	1.296889368269	1.25223055624157	1.2218855446935	1.25223055624157	1.25223055624157	1.22188554469659	1.20108146297474	1.22188554469659	1.2218855446935	1.20108146297474	1.3084857372272	1.20108146297474	1.25223055624157	1.22188554469659	1.20108146297474	1.22188554469659
1	1.02653033737694	1.04986303332703	1.02653033737694	1.02653033737694	1.04986303332739	1.07153895745445	1.04986303332739	1.04986303332703	1.07153895745445	1.10944472014642	1.07153895745445	1.02653033737694	1.04986303332739	1.07153895745445	1.04986303332739	1.32376178952094	1.28301703858128	1.25365182728712	1.28301703858128	1.28301703858128	1.25365182728913	1.23210042291652	1.25365182728913	1.25365182728712	1.23210042291652	1.33263390846941	1.23210042291652	1.28301703858128	1.25365182728913	1.23210042291652	1.25365182728913
1	1.02339579857762	1.04408922807595	1.02339579857762	1.02339579857762	1.04408922807616	1.06323076561905	1.04408922807616	1.04408922807595	1.06323076561905	1.0962730825457	1.06323076561905	1.02339579857762	1.04408922807616	1.06323076561905	1.04408922807616	1.34177491217942	1.30476589553166	1.27706845020722	1.30476589553166	1.30476589553166	1.27706845020855	1.25599987209352	1.27706845020855	1.27706845020722	1.25599987209352	1.3480246475949	1.25599987209352	1.30476589553166	1.27706845020855	1.25599987209352	1.27706845020855
1	1.02117435999687	1.04006145797904	1.02117435999687	1.02117435999687	1.04006145797917	1.05754548917039	1.04006145797917	1.04006145797904	1.05754548917039	1.08685825956477	1.05754548917039	1.02117435999687	1.04006145797917	1.05754548917039	1.04006145797916	1.35384946940091	1.32013330293687	1.29437488050426	1.32013330293687	1.32013330293687	1.29437488050515	1.27450028773679	1.29437488050515	1.29437488050426	1.27450028773679	1.35791728075855	1.27450028773679	1.32013330293687	1.29437488050515	1.27450028773679	1.29437488050515
1	1.01964532366599	1.03733159720322	1.01964532366599	1.01964532366599	1.03733159720329	1.05376910260629	1.03733159720329	1.03733159720322	1.05376910260629	1.08031258706071	1.05376910260629	1.01964532366599	1.03733159720329	1.05376910260629	1.03733159720329	1.36194328714874	1.33102185490752	1.30729449899233	1.33102185490752	1.33102185490752	1.30729449899292	1.28904981974478	1.30729449899292	1.30729449899233	1.28904981974478	1.36431364774423	1.28904981974478	1.33102185490752	1.30729449899292	1.28904981974478	1.30729449899292
1	1.01861705384268	1.03553099361631	1.01861705384268	1.01861705384268	1.03553099361635	1.05134307967592	1.03553099361635	1.03553099361631	1.05134307967592	1.07585359007045	1.05134307967592	1.01861705384268	1.03553099361635	1.05134307967592	1.03553099361635	1.36736873541671	1.33878852935573	1.31712344940274	1.33878852935573	1.33878852935573	1.31712344940314	1.30079069727152	1.31712344940314	1.31712344940274	1.30079069727152	1.36846224236717	1.30079069727152	1.33878852935573	1.31712344940314	1.30079069727152	1.31712344940314
1	1.01794224935993	1.03438385736218	1.01794224935992	1.01794224935993	1.03438385736221	1.04986084157184	1.03438385736221	1.03438385736218	1.04986084157184	1.07287400613911	1.04986084157184	1.01794224935993	1.03438385736221	1.04986084157184	1.03438385736221	1.3710055221377	1.34440003838263	1.32481920021264	1.34440003838263	1.34440003838263	1.32481920021291	1.31057960615429	1.32481920021291	1.32481920021264	1.31057960615429	1.37115171608441	1.31057960615429	1.34440003838263	1.32481920021291	1.31057960615429	1.32481920021291
1	1.01751565326124	1.03369618515088	1.01751565326124	1.01751565326124	1.0336961851509	1.04904044205972	1.0336961851509	1.03369618515088	1.04904044205972	1.07093578234209	1.04904044205972	1.01751565326124	1.0336961851509	1.04904044205972	1.0336961851509	1.37344333316922	1.3485472530101	1.33108043713489	1.3485472530101	1.3485472530101	1.33108043713507	1.31903556724538	1.33108043713507	1.33108043713489	1.31903556724538	1.37288397547017	1.31903556724538	1.3485472530101	1.33108043713507	1.31903556724538	1.33108043713507
1	1.01726566145184	1.03333728268817	1.01726566145183	1.01726566145183	1.03333728268818	1.04869291966889	1.03333728268818	1.03333728268817	1.04869291966889	1.06973706836467	1.04869291966889	1.01726566145183	1.03333728268818	1.04869291966889	1.03333728268818	1.37507744678747	1.35172741861645	1.33640886724284	1.35172741861645	1.35172741861645	1.33640886724297	1.32658682967265	1.33640886724297	1.33640886724284	1.32658682967265	1.37397778193724	1.32658682967265	1.35172741861645	1.33640886724297	1.32658682967265	1.33640886724297
1	1.01714297630202	1.03321712127205	1.01714297630202	1.01714297630202	1.03321712127206	1.04868739572876	1.03321712127206	1.03321712127205	1.04868739572876	1.06906658192196	1.04868739572876	1.01714297630202	1.03321712127206	1.04868739572876	1.03321712127206	1.37617282595233	1.35429638274328	1.34114045787236	1.35429638274328	1.35429638274328	1.34114045787245	1.33349045636384	1.34114045787245	1.34114045787236	1.33349045636385	1.37463130945774	1.33349045636385	1.35429638274328	1.34114045787245	1.33349045636385	1.34114045787245
1	1.01710589303941	1.03325730610014	1.01710589303941	1.01710589303941	1.03325730610014	1.04890766299531	1.03325730610014	1.03325730610014	1.04890766299531	1.06874516260132	1.04890766299531	1.01710589303941	1.03325730610014	1.04890766299531	1.03325730610014	1.37690708057366	1.35648776092376	1.34544137491057	1.35648776092376	1.35648776092376	1.34544137491064	1.33981926365615	1.34544137491064	1.34544137491057	1.33981926365615	1.37496133839958	1.33981926365615	1.35648776092376	1.34544137491064	1.33981926365615	1.34544137491064
1	1.01710645986991	1.03336376509459	1.01710645986991	1.01710645986991	1.03336376509459	1.04921177376148	1.03336376509459	1.03336376509459	1.04921177376148	1.06857292853729	1.04921177376148	1.01710645986991	1.03336376509459	1.04921177376148	1.03336376509459	1.37739926617048	1.35840952055872	1.34930467613325	1.35840952055872	1.35840952055872	1.34930467613329	1.34546804516135	1.34930467613329	1.34930467613325	1.34546804516135	1.375034769351	1.34546804516135	1.35840952055872	1.34930467613329	1.34546804516135	1.34930467613329
1	1.01709554767646	1.03343747163444	1.01709554767646	1.01709554767646	1.03343747163444	1.04944908270381	1.03343747163444	1.03343747163444	1.04944908270381	1.06835345351939	1.04944908270381	1.01709554767646	1.03343747163444	1.04944908270381	1.03343747163444	1.377729188046	1.3600673687822	1.35262482450329	1.3600673687822	1.3600673687822	1.35262482450333	1.35026330568989	1.35262482450333	1.35262482450329	1.35026330568989	1.37490442022739	1.35026330568989	1.3600673687822	1.35262482450333	1.35026330568989	1.35262482450333
1	1.01704773303935	1.03342551164446	1.01704773303935	1.01704773303935	1.03342551164447	1.04953827977881	1.03342551164447	1.03342551164446	1.04953827977881	1.06799331569005	1.04953827977881	1.01704773303935	1.03342551164447	1.04953827977881	1.03342551164447	1.37795034129329	1.36143837353104	1.35532975475376	1.36143837353104	1.36143837353104	1.35532975475378	1.35412099035147	1.35532975475378	1.35532975475376	1.35412099035147	1.37463592581918	1.35412099035147	1.36143837353104	1.35532975475378	1.35412099035147	1.35532975475378
1	1.01696802971946	1.03333633186105	1.01696802971946	1.01696802971946	1.03333633186105	1.04949158314637	1.03333633186105	1.03333633186105	1.04949158314637	1.06752277831087	1.04949158314637	1.01696802971946	1.03333633186105	1.04949158314637	1.03333633186105	1.37809858474394	1.36252674783238	1.35744018557966	1.36252674783239	1.36252674783238	1.35744018557967	1.35709513654394	1.35744018557968	1.35744018557966	1.35709513654394	1.37430209427677	1.35709513654394	1.36252674783238	1.35744018557968	1.35709513654394	1.35744018557968
1	1.01687443050375	1.03320579793516	1.01687443050374	1.01687443050374	1.03320579793516	1.04936409712327	1.03320579793516	1.03320579793516	1.04936409712327	1.06702002884952	1.04936409712327	1.01687443050374	1.03320579793516	1.04936409712327	1.03320579793516	1.37819795530163	1.36336600631498	1.35903980679433	1.36336600631498	1.36336600631498	1.35903980679434	1.35932264527958	1.35903980679434	1.35903980679433	1.35932264527958	1.37396173250149	1.35932264527958	1.36336600631498	1.35903980679434	1.35932264527958	1.35903980679434
1	1.01678269717756	1.03306660895864	1.01678269717756	1.01678269717756	1.03306660895864	1.04920735272427	1.03306660895864	1.03306660895864	1.04920735272427	1.06654925091602	1.04920735272427	1.01678269717756	1.03306660895864	1.04920735272427	1.03306660895864	1.37826456538176	1.36400128000121	1.3602305876581	1.36400128000121	1.36400128000121	1.36023058765811	1.36096009254177	1.36023058765811	1.3602305876581	1.36096009254177	1.37365036718979	1.36096009254177	1.36400128000121	1.36023058765811	1.36096009254177	1.36023058765811
1	1.01670182196995	1.03293861406236	1.01670182196995	1.01670182196995	1.03293861406236	1.04905405963378	1.03293861406236	1.03293861406236	1.04905405963377	1.06614422341011	1.04905405963377	1.01670182196995	1.03293861406236	1.04905405963377	1.03293861406236	1.37830921545586	1.36447658448639	1.36110722658947	1.36447658448639	1.36447658448639	1.36110722658948	1.36214952650102	1.36110722658948	1.36110722658947	1.36214952650102	1.37338370768142	1.36214952650102	1.36447658448639	1.36110722658948	1.36214952650102	1.36110722658948
1	1.01663510546845	1.03283044220614	1.01663510546845	1.01663510546845	1.03283044220614	1.04892002881313	1.03283044220614	1.03283044220614	1.04892002881313	1.06581457774151	1.04892002881313	1.01663510546845	1.03283044220614	1.04892002881313	1.03283044220614	1.37833914529718	1.36482954579631	1.36174813747032	1.36482954579631	1.36482954579631	1.36174813747033	1.36300696343596	1.36174813747033	1.36174813747032	1.36300696343596	1.37316484976169	1.36300696343596	1.36482954579631	1.36174813747033	1.36300696343596	1.36174813747033
1	1.01658242498239	1.03274372664923	1.01658242498239	1.01658242498239	1.03274372664923	1.04881022697918	1.03274372664923	1.03274372664923	1.04881022697918	1.06555609720399	1.04881022697918	1.01658242498239	1.03274372664923	1.04881022697918	1.03274372664923	1.3783592078707	1.36509033031722	1.36221464451065	1.36509033031723	1.36509033031722	1.36221464451065	1.36362205951972	1.36221464451065	1.36221464451065	1.36362205951972	1.37299030777902	1.36362205951972	1.36509033031722	1.36221464451065	1.36362205951972	1.36221464451065
1	1.01654204704588	1.032676593304	1.01654204704588	1.01654204704588	1.032676593304	1.04872390572673	1.032676593304	1.032676593304	1.04872390572673	1.06535853232373	1.04872390572673	1.01654204704588	1.032676593304	1.04872390572673	1.032676593304	1.37837265621636	1.36528233176642	1.3625532336987	1.36528233176642	1.36528233176642	1.3625532336987	1.36406193876804	1.3625532336987	1.3625532336987	1.36406193876804	1.37285387897443	1.36406193876804	1.36528233176642	1.3625532336987	1.36406193876804	1.3625532336987
1	1.01651173214058	1.0326258418216	1.01651173214058	1.01651173214058	1.0326258418216	1.04865787700074	1.0326258418216	1.0326258418216	1.04865787700074	1.06521019307177	1.04865787700074	1.01651173214058	1.0326258418216	1.04865787700074	1.0326258418216	1.37838167091213	1.36542331300495	1.36279851578361	1.36542331300495	1.36542331300495	1.36279851578361	1.36437590544754	1.36279851578361	1.36279851578361	1.36437590544754	1.37274878604264	1.36437590544754	1.36542331300495	1.36279851578361	1.36437590544754	1.36279851578361
1	1.01648930208701	1.0325881059466	1.01648930208701	1.01648930208701	1.0325881059466	1.04860830962467	1.0325881059466	1.0325881059466	1.04860830962467	1.06510020574855	1.04860830962467	1.01648930208701	1.0325881059466	1.04860830962467	1.0325881059466	1.37838771364324	1.36552661757254	1.36297597906608	1.36552661757254	1.36552661757254	1.36297597906608	1.36459974181988	1.36297597906608	1.36297597906608	1.36459974181988	1.37266871078248	1.36459974181988	1.36552661757254	1.36297597906608	1.36459974181988	1.36297597906608
