1	1.03986812075521	1.05998630200954	1.03986812075521	1.03986812075522	1.05998630200954	1.09002897065029	1.05998630200954	1.05998630200954	1.09002897065029	1.10526980644401	1.09002897065029	1.03986812075522	1.05998630200954	1.09002897065029	1.05998630200954	0.592975789111914	0.460724465489088	0.39568438313772	0.46072446548909	0.460724465489091	0.395684383137718	0.396193536435939	0.395684383137718	0.395684383137717	0.396193536435936	0.370615369374795	0.396193536435937	0.460724465489092	0.395684383137718	0.39619353643594	0.39568438313772
1	1.04950882436003	1.07201791893537	1.04950882436003	1.04950882436003	1.07201791893537	1.10713806888037	1.07201791893537	1.07201791893537	1.10713806888037	1.12403967846792	1.10713806888037	1.04950882436003	1.07201791893537	1.10713806888037	1.07201791893537	0.643396607094613	0.482231996070528	0.408100674897661	0.482231996070529	0.48223199607053	0.408100674897663	0.408475243596713	0.408100674897663	0.408100674897662	0.408475243596711	0.380662752121003	0.408475243596712	0.482231996070532	0.408100674897664	0.408475243596714	0.408100674897666
1	1.05511231022759	1.07819791712381	1.05511231022759	1.05511231022759	1.07819791712381	1.11597146645308	1.07819791712381	1.07819791712381	1.11597146645308	1.13330589535515	1.11597146645308	1.05511231022759	1.07819791712381	1.11597146645308	1.07819791712381	0.673978379002073	0.494895143509698	0.415181929692178	0.4948951435097	0.4948951435097	0.415181929692181	0.416124095612129	0.41518192969218	0.415181929692179	0.416124095612126	0.386867775946941	0.416124095612127	0.494895143509702	0.41518192969218	0.416124095612129	0.415181929692183
1	1.05838872098139	1.08146433654875	1.05838872098139	1.05838872098139	1.08146433654875	1.12081318109438	1.08146433654875	1.08146433654875	1.12081318109438	1.13818612539139	1.12081318109438	1.05838872098139	1.08146433654875	1.12081318109438	1.08146433654875	0.692527161337375	0.502319082615485	0.4191802272363	0.502319082615487	0.502319082615487	0.419180227236297	0.420742259099074	0.419180227236298	0.419180227236299	0.420742259099074	0.390535425285761	0.420742259099075	0.502319082615489	0.419180227236298	0.420742259099074	0.4191802272363
1	1.06030735686649	1.08322469925054	1.06030735686649	1.06030735686649	1.08322469925054	1.12356101510299	1.08322469925054	1.08322469925054	1.12356101510299	1.14085638405653	1.12356101510299	1.06030735686649	1.08322469925054	1.12356101510299	1.08322469925054	0.703777566565353	0.506658006807076	0.421428129511918	0.506658006807078	0.506658006807072	0.421428129511912	0.423489395847292	0.421428129511913	0.421428129511917	0.423489395847291	0.392663810917312	0.423489395847292	0.506658006807074	0.421428129511913	0.423489395847292	0.421428129511914
1	1.06143037210196	1.08418574103093	1.06143037210196	1.06143037210196	1.08418574103093	1.12514885510435	1.08418574103093	1.08418574103093	1.12514885510435	1.14234795893466	1.12514885510435	1.06143037210196	1.08418574103093	1.12514885510435	1.08418574103093	0.710601282269628	0.509188520615	0.422690241979951	0.509188520615002	0.509188520615	0.422690241979946	0.425111089380468	0.422690241979947	0.42269024197995	0.425111089380466	0.393889330546732	0.425111089380467	0.509188520615001	0.422690241979947	0.425111089380468	0.422690241979949
1	1.06208692162674	1.08471497855556	1.06208692162674	1.06208692162674	1.08471497855556	1.12607425141449	1.08471497855556	1.08471497855556	1.12607425141449	1.14319031756136	1.12607425141449	1.06208692162674	1.08471497855556	1.12607425141449	1.08471497855556	0.714740075041548	0.510662229588776	0.423399028111854	0.510662229588778	0.510662229588776	0.423399028111851	0.426064406827939	0.423399028111853	0.423399028111856	0.426064406827936	0.394592791474481	0.426064406827937	0.510662229588778	0.423399028111853	0.426064406827939	0.423399028111854
1	1.06247025838199	1.08500819531153	1.06247025838199	1.06247025838199	1.08500819531153	1.12661554073456	1.08500819531153	1.08500819531153	1.12661554073456	1.14366888636755	1.12661554073456	1.06247025838199	1.08500819531153	1.12661554073456	1.08500819531152	0.717250379728762	0.51151963503145	0.423797492776491	0.511519635031452	0.511519635031449	0.423797492776489	0.426623440130287	0.423797492776489	0.423797492776493	0.426623440130286	0.394996202789685	0.426623440130287	0.511519635031451	0.423797492776489	0.426623440130288	0.423797492776491
1	1.06269380606656	1.0851713761404	1.06269380606656	1.06269380606656	1.0851713761404	1.1269325519574	1.0851713761404	1.08517137614041	1.1269325519574	1.14394172762606	1.1269325519574	1.06269380606656	1.0851713761404	1.1269325519574	1.0851713761404	0.718772956546391	0.512018126036939	0.424021834019282	0.512018126036941	0.512018126036935	0.424021834019282	0.426950749491093	0.424021834019284	0.424021834019284	0.426950749491094	0.395227557727666	0.426950749491095	0.512018126036937	0.424021834019284	0.426950749491094	0.424021834019285
1	1.06282403728099	1.08526250968756	1.06282403728099	1.06282403728099	1.08526250968756	1.12711823847301	1.08526250968756	1.08526250968756	1.12711823847301	1.14409763248475	1.12711823847301	1.06282403728099	1.08526250968756	1.12711823847301	1.08526250968756	0.719696446062565	0.512307797031734	0.424148354967161	0.512307797031736	0.512307797031731	0.424148354967161	0.427142178686405	0.424148354967163	0.424148354967163	0.427142178686405	0.395360305610289	0.427142178686406	0.512307797031733	0.424148354967163	0.427142178686406	0.424148354967163
1	1.06289984171243	1.08531355597001	1.06289984171243	1.06289984171243	1.08531355597001	1.12722696432984	1.08531355597001	1.08531355597001	1.12722696432984	1.14418686445683	1.12722696432984	1.06289984171243	1.08531355597001	1.12722696432984	1.08531355597001	0.720256570746017	0.512476057410768	0.424219834796323	0.51247605741077	0.512476057410766	0.424219834796322	0.427254046330223	0.424219834796325	0.424219834796323	0.427254046330222	0.395436526920069	0.427254046330223	0.512476057410768	0.424219834796325	0.427254046330224	0.424219834796325
1	1.0629439355649	1.08534222199975	1.0629439355649	1.0629439355649	1.08534222199975	1.1272905922011	1.08534222199975	1.08534222199975	1.1272905922011	1.14423800269812	1.1272905922011	1.0629439355649	1.08534222199975	1.1272905922011	1.08534222199975	0.720596303523854	0.512573763946713	0.424260289959316	0.512573763946715	0.512573763946712	0.424260289959315	0.427319377055801	0.424260289959316	0.424260289959319	0.427319377055802	0.395480324665129	0.427319377055803	0.512573763946713	0.424260289959316	0.427319377055802	0.424260289959317
1	1.06296956981252	1.08535835749512	1.06296956981252	1.06296956981252	1.08535835749512	1.12732780515026	1.08535835749512	1.08535835749513	1.12732780515026	1.14426734175816	1.12732780515026	1.06296956981252	1.08535835749512	1.12732780515026	1.08535835749512	0.720802361965902	0.512630486619263	0.424283225950028	0.512630486619265	0.512630486619261	0.424283225950031	0.427357509538783	0.424283225950032	0.424283225950029	0.427357509538781	0.395505510474251	0.427357509538782	0.512630486619262	0.424283225950032	0.427357509538784	0.424283225950033
1	1.06298446587506	1.08536745936975	1.06298446587506	1.06298446587506	1.08536745936975	1.12734955668595	1.08536745936975	1.08536745936975	1.12734955668595	1.14428419073762	1.12734955668595	1.06298446587506	1.08536745936975	1.12734955668595	1.08536745936975	0.720927342728867	0.512663409503905	0.424296251175609	0.512663409503907	0.512663409503902	0.424296251175613	0.42737975600576	0.424296251175613	0.42429625117561	0.427379756005758	0.39552000387837	0.427379756005759	0.512663409503904	0.424296251175613	0.427379756005761	0.424296251175615
1	1.06299311885254	1.08537260396811	1.06299311885254	1.06299311885254	1.08537260396812	1.12736226378292	1.08537260396812	1.08537260396812	1.12736226378291	1.14429387539655	1.12736226378291	1.06299311885254	1.08537260396812	1.12736226378292	1.08537260396812	0.721003147342936	0.512682515142858	0.424303659902869	0.51268251514286	0.512682515142853	0.424303659902874	0.427392728932752	0.424303659902876	0.424303659902874	0.42739272893275	0.395528349845897	0.427392728932751	0.512682515142855	0.424303659902876	0.427392728932752	0.424303659902876
1	1.0629981438339	1.08537551729864	1.0629981438339	1.0629981438339	1.08537551729864	1.12736968364156	1.08537551729864	1.08537551729864	1.12736968364156	1.14429944664662	1.12736968364156	1.0629981438339	1.08537551729864	1.12736968364156	1.08537551729864	0.721049125055083	0.512693600695378	0.424307880322452	0.51269360069538	0.512693600695373	0.424307880322455	0.427400290914778	0.424307880322456	0.424307880322455	0.427400290914777	0.395533158772884	0.427400290914778	0.512693600695375	0.424307880322456	0.427400290914779	0.424307880322457
1	1.06300106133721	1.08537716998883	1.06300106133721	1.06300106133721	1.08537716998883	1.12737401476368	1.08537716998883	1.08537716998883	1.12737401476368	1.14430265420559	1.12737401476368	1.06300106133721	1.08537716998883	1.12737401476368	1.08537716998883	0.721077011761925	0.512700031856213	0.424310287920269	0.512700031856215	0.512700031856211	0.424310287920268	0.427404696924941	0.42431028792027	0.424310287920271	0.427404696924941	0.395535931117581	0.427404696924941	0.512700031856213	0.42431028792027	0.427404696924942	0.42431028792027
1	1.06300275451464	1.08537810918459	1.06300275451464	1.06300275451464	1.08537810918459	1.12737653973959	1.08537810918459	1.08537810918459	1.12737653973959	1.14430450123788	1.12737653973959	1.06300275451464	1.08537810918459	1.12737653973959	1.08537810918459	0.721093926066328	0.512703762763184	0.424311663212255	0.512703762763186	0.512703762763182	0.424311663212251	0.427407264238291	0.424311663212254	0.424311663212253	0.427407264238289	0.395537530678008	0.42740726423829	0.512703762763183	0.424311663212254	0.427407264238291	0.424311663212254
1	1.0630037370595	1.08537864374514	1.0630037370595	1.0630037370595	1.08537864374514	1.12737801166976	1.08537864374514	1.08537864374514	1.12737801166975	1.14430556571477	1.12737801166975	1.0630037370595	1.08537864374514	1.12737801166976	1.08537864374514	0.721104185208616	0.512705926976872	0.424312449811663	0.512705926976874	0.51270592697687	0.424312449811661	0.427408759613052	0.424312449811662	0.424312449811666	0.427408759613049	0.395538453974475	0.42740875961305	0.512705926976872	0.424312449811663	0.427408759613053	0.424312449811663
1	1.06300430717034	1.08537894844988	1.06300430717034	1.06300430717034	1.08537894844988	1.12737886955357	1.08537894844988	1.08537894844988	1.12737886955357	1.14430617960067	1.12737886955357	1.06300430717034	1.08537894844988	1.12737886955357	1.08537894844988	0.721110407752445	0.512707182292892	0.424312900233907	0.512707182292894	0.512707182292892	0.424312900233904	0.427409630349935	0.424312900233906	0.424312900233906	0.427409630349934	0.395538987143645	0.427409630349935	0.512707182292894	0.424312900233906	0.427409630349936	0.424312900233906
1	1.06300463793932	1.08537912237602	1.06300463793932	1.06300463793932	1.08537912237602	1.12737936942332	1.08537912237602	1.08537912237602	1.12737936942332	1.14430653382972	1.12737936942332	1.06300463793932	1.08537912237602	1.12737936942332	1.08537912237602	0.72111418195214	0.51270791037268	0.424313158434137	0.512707910372682	0.512707910372679	0.424313158434131	0.427410137232637	0.424313158434132	0.424313158434134	0.427410137232636	0.395539295151861	0.427410137232636	0.512707910372681	0.424313158434132	0.427410137232638	0.424313158434133
1	1.06300482982926	1.0853792217826	1.06300482982926	1.06300482982926	1.0853792217826	1.12737966060636	1.0853792217826	1.0853792217826	1.12737966060635	1.14430673833067	1.12737966060635	1.06300482982926	1.0853792217826	1.12737966060636	1.0853792217826	0.721116471141857	0.512708332635516	0.424313306593623	0.512708332635518	0.512708332635515	0.424313306593622	0.427410432234165	0.424313306593623	0.424313306593622	0.427410432234164	0.395539473152187	0.427410432234165	0.512708332635517	0.424313306593623	0.427410432234166	0.424313306593624
1	1.06300494114225	1.08537927866683	1.06300494114225	1.06300494114225	1.08537927866683	1.12737983017989	1.08537927866683	1.08537927866683	1.12737983017989	1.14430685644377	1.12737983017989	1.06300494114225	1.08537927866683	1.12737983017989	1.08537927866683	0.72111785961888	0.512708577524401	0.424313391688974	0.512708577524403	0.512708577524402	0.424313391688975	0.427410603885442	0.424313391688975	0.424313391688976	0.42741060388544	0.395539576055138	0.427410603885441	0.512708577524404	0.424313391688975	0.427410603885443	0.424313391688977
1	1.06300500570918	1.08537931125489	1.06300500570918	1.06300500570918	1.08537931125489	1.12737992890747	1.08537931125489	1.08537931125489	1.12737992890747	1.14430692468924	1.12737992890747	1.06300500570918	1.08537931125489	1.12737992890747	1.08537931125489	0.721118701780816	0.512708719541741	0.424313440605443	0.512708719541743	0.512708719541742	0.424313440605441	0.42741070374365	0.424313440605444	0.424313440605445	0.427410703743649	0.395539635562557	0.427410703743649	0.512708719541744	0.424313440605444	0.427410703743651	0.424313440605444
1	1.06300504315898	1.08537932994363	1.06300504315898	1.06300504315898	1.08537932994363	1.1273799863739	1.08537932994363	1.08537932994363	1.1273799863739	1.14430696413554	1.1273799863739	1.06300504315898	1.08537932994363	1.1273799863739	1.08537932994363	0.721119212582734	0.512708801899215	0.424313468747015	0.512708801899217	0.512708801899214	0.424313468747016	0.427410761825621	0.424313468747018	0.424313468747016	0.42741076182562	0.395539669984783	0.427410761825621	0.512708801899216	0.424313468747018	0.427410761825622	0.424313468747018
