1	1.04660540512092	1.08624570447539	1.04660540512092	1.04660540706565	1.08624572765104	1.10862104490706	1.08624572766798	1.0862457508675	1.10862104633315	1.15223622997675	1.10862104633315	1.04660540706565	1.08624572766798	1.10862104490706	1.08624572765104	0.615397633403582	0.511347043213269	0.479505329835876	0.51134704321327	0.511347047549613	0.479505447477067	0.447843295052336	0.479505447568906	0.479505565338827	0.447843296092891	0.462024156113055	0.447843296092891	0.511347047549615	0.479505447568906	0.447843295052336	0.479505447477069
1	1.05967319300177	1.10202219319299	1.05967319300177	1.05967320715009	1.10202228708601	1.13331927841674	1.10202228717066	1.10202238123487	1.13331929123494	1.18626541666424	1.13331929123494	1.05967320715009	1.10202228717066	1.13331927841674	1.10202228708601	0.667706378518939	0.544131957371221	0.493549006138397	0.544131957371223	0.544131969165041	0.493549349713606	0.46988587467409	0.493549350085558	0.493549694461458	0.46988588778858	0.485887502356195	0.469885887788581	0.544131969165042	0.493549350085558	0.469885874674091	0.493549349713608
1	1.06732786295068	1.11528406149165	1.06732786295068	1.06732787570056	1.1152847009954	1.14620537534282	1.11528470143036	1.11528534121602	1.14620539728301	1.2044221007565	1.14620539728301	1.06732787570056	1.11528470143036	1.14620537534282	1.1152847009954	0.699433236331573	0.563653524015431	0.535073452006185	0.563653524015433	0.563653545467232	0.535076394087511	0.483272387705884	0.535076395991543	0.535079338793774	0.483272436124468	0.501593027614964	0.483272436124468	0.563653545467234	0.535076395991543	0.483272387705884	0.535076394087513
1	1.07151516511688	1.12764692693201	1.07151516511688	1.07151515035766	1.12764871953371	1.15267356946424	1.12764872024667	1.12765051319796	1.1526736400228	1.21435502840509	1.1526736400228	1.07151515035766	1.12764872024667	1.15267356946424	1.12764871953371	0.718676548311902	0.574060786022303	0.559256598888759	0.574060786022304	0.574060671377089	0.559262925018566	0.490478480825712	0.559262926827645	0.559269253786589	0.490478716412482	0.511338064408544	0.490478716412483	0.574060671377091	0.559262926827645	0.490478480825713	0.559262925018568
1	1.07373507993103	1.13641570073935	1.07373507993102	1.07373491800795	1.13641900039098	1.15590703836923	1.13641900113861	1.13642230121504	1.15590714629282	1.22011347569093	1.15590714629282	1.07373491800795	1.13641900113861	1.15590703836923	1.13641900039098	0.730348206990604	0.579618947010509	0.573348570049038	0.579618947010511	0.579618582830196	0.573358927287962	0.494378825233601	0.573358928831445	0.573369286989024	0.494379316258024	0.517352467993341	0.494379316258024	0.579618582830197	0.573358928831445	0.494378825233602	0.573358927287964
1	1.07489219849758	1.14203378624632	1.07489219849758	1.07489187484562	1.14203896238258	1.15753085475578	1.14203896305385	1.14204413972578	1.15753105852883	1.22358340379282	1.15753105852883	1.07489187484562	1.14203896305385	1.15753085475578	1.14203896238258	0.737427425842459	0.582585902471037	0.581532252133712	0.582585902471039	0.582585212345628	0.581547320569857	0.496492283471393	0.581547321816598	0.581562391350062	0.49649311757233	0.521057681284046	0.496493117572331	0.582585212345629	0.581547321816598	0.496492283471393	0.581547320569859
1	1.0754886086533	1.14546308320837	1.0754886086533	1.07548809593466	1.1454704998554	1.15835001159572	1.14547050041461	1.14547791778605	1.15835035532629	1.22572197015559	1.15835035532629	1.07548809593466	1.14547050041462	1.15835001159572	1.1454704998554	0.741721189119814	0.584166025330322	0.586268628944669	0.584166025330324	0.584164943322877	0.586289271018105	0.497635491403702	0.586289271997986	0.586309915503904	0.497636747828187	0.52334023707613	0.497636747828188	0.584164943322878	0.586289271997986	0.497635491403702	0.586289271018106
1	1.07579295710365	1.14750343382239	1.07579295710365	1.07579222050624	1.14751353049398	1.15876341778545	1.14751353094161	1.14752362865864	1.15876393988861	1.22705618203095	1.15876393988861	1.07579222050624	1.14751353094161	1.15876341778545	1.14751353049397	0.744325488187789	0.5850042099816	0.589002206148855	0.585004209981602	0.585002663138419	0.589029573343344	0.498251443569042	0.589029574102118	0.589056943311935	0.498253209450774	0.524747604831173	0.498253209450775	0.585002663138421	0.589029574102118	0.498251443569042	0.589029573343346
1	1.07594650124215	1.14869986670298	1.07594650124215	1.07594549627613	1.14871321548366	1.15897086495191	1.14871321583411	1.14872656619603	1.15897160536999	1.22789387796236	1.15897160536999	1.07594549627613	1.14871321583411	1.15897086495191	1.14871321548365	0.745905075421706	0.585446352492085	0.590575571645866	0.585446352492086	0.585444248744931	0.590611197347107	0.498581358698464	0.590611197930003	0.590646826628769	0.498583741615449	0.525616501428146	0.49858374161545	0.585444248744932	0.590611197930003	0.498581358698464	0.590611197347108
1	1.07602282972298	1.14939493989951	1.07602282972298	1.07602149834291	1.14941229369856	1.15907357010979	1.14941229396956	1.14942965023404	1.15907457618174	1.22842154485765	1.15907457618174	1.07602149834291	1.14941229396956	1.15907357010979	1.14941229369856	0.746863143515578	0.58567792349915	0.591477596053462	0.585677923499152	0.585675142164787	0.591523494004962	0.4987566409262	0.591523494450924	0.59156939703417	0.498759779486136	0.526153774201702	0.498759779486136	0.585675142164789	0.591523494450924	0.4987566409262	0.591523494004964
1	1.07606003158309	1.14979557815598	1.07606003158309	1.07605829782522	1.14981792057532	1.15912321758378	1.14981792078345	1.14984026711716	1.15912454907421	1.22875447503667	1.15912454907421	1.07605829782522	1.14981792078345	1.15912321758378	1.14981792057532	0.747444241217985	0.585798171223791	0.591990806946082	0.585798171223793	0.585794553932238	0.59204958988209	0.49884873525484	0.592049590222581	0.592108380481648	0.49885280949943	0.526486525390684	0.498852809499431	0.58579455393224	0.592049590222581	0.49884873525484	0.592049589882091
1	1.07607769346785	1.15002412052249	1.07607769346785	1.07607545849655	1.15005272483992	1.15914626639869	1.15005272499916	1.15008133558713	1.15914800034805	1.2289647166851	1.15914800034805	1.07607545849655	1.15005272499916	1.15914626639869	1.15005272483992	0.747796694796288	0.585860018727249	0.592277942330055	0.585860018727251	0.585855359286907	0.592352972132286	0.49889634166838	0.592352972391903	0.592428013887819	0.498901584732698	0.526692938486757	0.498901584732699	0.585855359286908	0.592352972391904	0.498896341668381	0.592352972132287
1	1.07608580580574	1.15015197158517	1.07608580580574	1.07608294219896	1.15018847471357	1.15915621569998	1.15018847483498	1.15022498793408	1.15915845187381	1.22909754134584	1.15915845187381	1.07608294219896	1.15018847483498	1.15915621569998	1.15018847471357	0.74801046869709	0.585891551355538	0.592432363526969	0.58589155135554	0.585885583622541	0.592527943549556	0.498920308045358	0.592527943746664	0.592623541992431	0.498927020380527	0.526821177980696	0.498927020380527	0.585885583622543	0.592527943746664	0.498920308045359	0.592527943549557
1	1.0760894107271	1.15022041105573	1.0760894107271	1.07608575438345	1.15026690688217	1.15915988343762	1.15026690697446	1.1503134186077	1.15916275002305	1.22918147605783	1.15916275002305	1.07608575438345	1.15026690697446	1.15915988343762	1.15026690688217	0.748140129120304	0.585907589537952	0.592507250060541	0.585907589537953	0.585899971772723	0.59262887163269	0.498931780566951	0.592628871782091	0.592750521910629	0.498940347274048	0.526900965387396	0.498940347274049	0.585899971772725	0.592628871782091	0.498931780566952	0.592628871632692
1	1.07609101907554	1.15025304800461	1.07609101907554	1.07608635982487	1.15031220750303	1.15916065068548	1.15031220757307	1.15037139228495	1.15916431192515	1.22923452244434	1.15916431192515	1.07608635982487	1.15031220757307	1.15916065068548	1.15031220750303	0.748218772145067	0.585915904653477	0.592532436441755	0.585915904653478	0.585906199412282	0.592687093719146	0.498936656038312	0.59268709383238	0.592841796601611	0.498947569051006	0.526950673318199	0.498947569051007	0.585906199412284	0.592687093832381	0.498936656038313	0.592687093719147
1	1.07609186247309	1.15026314059081	1.07609186247309	1.07608593239701	1.15033836470381	1.15916014220452	1.15033836475692	1.15041362934817	1.15916480822375	1.22926804899181	1.15916480822375	1.07608593239701	1.15033836475692	1.15916014220452	1.15033836470381	0.748266471566416	0.585920549204267	0.592524079581273	0.585920549204269	0.585908198499288	0.592720670833392	0.498937996970957	0.592720670919219	0.59291733527094	0.498951883693148	0.526981679368022	0.498951883693149	0.58590819849929	0.59272067091922	0.498937996970958	0.592720670833394
1	1.07609253871093	1.15025784412	1.07609253871093	1.07608499671332	1.15035345919297	1.15915909558724	1.15035345923324	1.15044913958592	1.1591650346311	1.22928923962873	1.1591650346311	1.07608499671332	1.15035345923324	1.15915909558724	1.15035345919297	0.748295402738362	0.585923635991908	0.592490170730707	0.585923635991909	0.585907929198752	0.592740009134889	0.498937344833999	0.592740009199964	0.59298996576805	0.498955004329407	0.527001040843011	0.498955004329407	0.585907929198754	0.592740009199964	0.498937344833999	0.592740009134891
1	1.07609334204755	1.15024064877054	1.07609334204755	1.07608375411817	1.15036215430937	1.15915780800315	1.15036215433991	1.15048376541169	1.15916536182744	1.2293026343913	1.15916536182744	1.07608375411817	1.15036215433991	1.15915780800315	1.15036215430937	0.748312950387807	0.585926282847434	0.592433634919407	0.585926282847436	0.585906315572559	0.592751098220061	0.498935423251381	0.592751098269414	0.593068753005676	0.498957872199574	0.527013142226571	0.498957872199574	0.58590631557256	0.592751098269414	0.498935423251382	0.592751098220063
1	1.0760944308249	1.15021275284511	1.0760944308249	1.07608224494779	1.1503671369028	1.15915636131134	1.15036713692596	1.15052169170197	1.1591659647866	1.22931110333795	1.1591659647866	1.07608224494779	1.15036713692596	1.15915636131134	1.1503671369028	0.748323593578294	0.58592911227767	0.59235401857136	0.585929112277672	0.585903734593332	0.592757374292224	0.498932510754834	0.592757374329659	0.593161040138184	0.49896104186908	0.527020711199135	0.49896104186908	0.585903734593334	0.592757374329659	0.498932510754835	0.592757374292225
1	1.07609591221307	1.15017380957553	1.07609591221307	1.0760804266659	1.15036994869234	1.15915473267107	1.15036994870991	1.15056636399472	1.15916693879843	1.22931646145222	1.15916693879843	1.0760804266659	1.15036994870991	1.15915473267107	1.15036994869234	0.748330049001052	0.585932516280338	0.592248336565631	0.585932516280339	0.585900266638117	0.592760789352742	0.498928634352204	0.592760789381142	0.593273744345424	0.498964890737189	0.527025446712953	0.49896489073719	0.585900266638119	0.592760789381142	0.498928634352205	0.592760789352743
1	1.07609788575276	1.15012229768397	1.07609788575276	1.0760782087785	1.15037146410746	1.15915284614035	1.15037146412078	1.1506210773327	1.15916835790615	1.22931985752453	1.15916835790615	1.0760782087785	1.15037146412078	1.15915284614035	1.15037146410746	0.748333964413515	0.585936798271981	0.592111400075473	0.585936798271983	0.585895819329531	0.592762420253319	0.498923665159318	0.59276242027487	0.593414253970158	0.498969734928572	0.527028407743504	0.498969734928573	0.585895819329532	0.59276242027487	0.498923665159318	0.592762420253321
1	1.07610046712745	1.15005565816743	1.07610046712745	1.07607546564834	1.15037216238749	1.15915059420806	1.1503721623976	1.15068938984433	1.15917030504822	1.22932202020192	1.15917030504822	1.07607546564834	1.1503721623976	1.15915059420806	1.15037216238749	0.748336339231504	0.585942251942108	0.591935800841245	0.58594225194211	0.585890183401516	0.592762807990314	0.498917360531201	0.592762808006673	0.593591134805012	0.498975896810019	0.527030254207382	0.49897589681002	0.585890183401518	0.592762808006673	0.498917360531202	0.592762807990316
1	1.0761038032824	1.1499702748752	1.0761038032824	1.07607203776189	1.15037227859665	1.15914784403489	1.15037227860432	1.15077545405673	1.15917288925628	1.22932341408305	1.15917288925628	1.07607203776189	1.15037227860432	1.15914784403489	1.15037227859664	0.748337779631552	0.585949208659309	0.591711639631281	0.585949208659311	0.585883051716405	0.592762134517837	0.498909375545104	0.592762134530261	0.593814773441371	0.498983749121895	0.527031396335864	0.498983749121896	0.585883051716407	0.592762134530261	0.498909375545105	0.592762134517839
1	1.07610808585578	1.14986134566064	1.07610808585578	1.07606772549368	1.15037187802909	1.15914443674071	1.15037187803493	1.15088432831782	1.15917625715724	1.2293243392841	1.15917625715724	1.07606772549368	1.15037187803493	1.15914443674071	1.15037187802909	0.748338653278398	0.585958072634617	0.591426062457639	0.585958072634618	0.585874015401784	0.592760279980413	0.498899256873034	0.592760279989879	0.594098070388607	0.49899374850192	0.527032086938988	0.498993748501921	0.585874015401785	0.592760279989879	0.498899256873034	0.592760279980414
1	1.07611355932568	1.14972261455269	1.07611355932568	1.07606228455349	1.15037089498032	1.15914017813766	1.15037089498476	1.15102228852695	1.15918060859161	1.22932499589542	1.15918060859161	1.07606228455349	1.15037089498476	1.15914017813766	1.15037089498032	0.74833918317202	0.585969347017226	0.591062426803633	0.585969347017228	0.585862550628005	0.592756873675735	0.498886420789232	0.592756873682931	0.594457069916218	0.499006470223259	0.527032478139054	0.499006470223259	0.585862550628007	0.592756873682931	0.498886420789232	0.592756873675737
1	1.07612054702634	1.14954608050775	1.07612054702634	1.07605540292967	1.15036910989315	1.15913483886715	1.15036910989653	1.15119719948592	1.15918620295235	1.22932552721886	1.15918620295235	1.07605540292967	1.15036910989653	1.15913483886715	1.15036910989315	0.748339504568765	0.585983665967465	0.590599568109446	0.585983665967467	0.585847989184286	0.592751096788271	0.498870126270591	0.592751096793754	0.594912057351296	0.499022639730973	0.527032655414902	0.499022639730974	0.585847989184288	0.592751096793754	0.498870126270592	0.592751096788272
1	1.07612945614213	1.14932149089057	1.07612945614213	1.07604670012537	1.15036611355034	1.15912813447262	1.15036611355291	1.15141895559891	1.15919338883104	1.22932605097858	1.15919338883104	1.07604670012537	1.15036611355291	1.15912813447262	1.15036611355033	0.748339699505757	0.58600183289271	0.590010276275883	0.586001832892711	0.585829476900517	0.592741636622102	0.498849431216609	0.59274163662628	0.595488334746516	0.499043175944245	0.527032656343323	0.499043175944245	0.585829476900518	0.59274163662628	0.49884943121661	0.592741636622104
1	1.07614081449233	1.14903577517517	1.07614081449233	1.07603569737438	1.15036121527492	1.15911972423616	1.15036121527688	1.15169996795874	1.15920262162626	1.22932668530236	1.15920262162626	1.07603569737438	1.15036121527688	1.15911972423616	1.15036121527492	0.748339817741024	0.586024856487577	0.589259844859363	0.586024856487579	0.585805927767038	0.59272629803819	0.498823141114551	0.592726298041373	0.596217594618914	0.499069239893417	0.527032478775878	0.499069239893418	0.58580592776704	0.592726298041373	0.498823141114552	0.592726298038191
1	1.07615529863193	1.14867230118514	1.07615529863193	1.07602180123375	1.15035328048601	1.15910919987456	1.15035328048751	1.15205578079012	1.15921450212817	1.2293275751403	1.15921450212817	1.07602180123375	1.15035328048751	1.15910919987456	1.15035328048601	0.748339889454341	0.586053999406836	0.588303970471944	0.586053999406838	0.585775958898017	0.592701524825336	0.498789743027992	0.592701524827761	0.597139246027649	0.49910229413756	0.527032080001734	0.499102294137561	0.585775958898018	0.592701524827761	0.498789743027993	0.592701524825338
1	1.07617377529323	1.14820995082786	1.07617377529323	1.07600428127746	1.15034047395992	1.15909608067975	1.15034047396106	1.15250574898048	1.1592298256625	1.22932892477163	1.1592298256625	1.07600428127746	1.15034047396106	1.15909608067975	1.15034047395992	0.748339932950667	0.586090831255828	0.587086202038409	0.58609083125583	0.585737811072164	0.592661594311364	0.498747325360852	0.592661594313212	0.598301872617301	0.499144172400803	0.527031366812189	0.499144172400804	0.585737811072165	0.592661594313212	0.498747325360853	0.592661594311366
1	1.07619735275986	1.14762201594376	1.07619735275986	1.07598224932959	1.15031984881463	1.15907981610078	1.15031984881549	1.15307375551426	1.1592496501993	1.22933104310398	1.1592496501993	1.07598224932959	1.15031984881549	1.15907981610078	1.15031984881463	0.748339959332523	0.586137283388233	0.585534884269323	0.586137283388235	0.585689252504145	0.592597344574855	0.498693483804793	0.592597344576262	0.599764577988991	0.499197157200454	0.527030174567649	0.499197157200455	0.585689252504146	0.592597344576262	0.498693483804794	0.592597344574857
1	1.07622744222664	1.14687495800459	1.07622744222664	1.07595464606928	1.1502867022971	1.15905980287863	1.15028670229776	1.15378885760039	1.15927538991123	1.22933441023098	1.15927538991123	1.07595464606928	1.15028670229776	1.15905980287863	1.1502867022971	0.748339975333928	0.586195695935167	0.583559745195751	0.586195695935169	0.585627468257251	0.592494198505484	0.498625218488621	0.592494198506554	0.601597789352746	0.499264057910434	0.527028231154623	0.499264057910435	0.585627468257252	0.592494198506554	0.498625218488622	0.592494198505485
1	1.07626582542394	1.14592719093087	1.07626582542394	1.07592024661932	1.15023358987063	1.15903542815857	1.15023358987113	1.1546856241779	1.15930894111824	1.22933977578231	1.15930894111824	1.07592024661932	1.15023358987113	1.15903542815857	1.15023358987063	0.748339985039271	0.586268836374776	0.581048654668138	0.586268836374778	0.585548947302058	0.592329178439255	0.498538838586104	0.592329178440068	0.603882682517611	0.499348270822661	0.527025100308719	0.499348270822662	0.585548947302059	0.592329178440068	0.498538838586105	0.592329178439256
1	1.07631471640353	1.1447282894443	1.07631471640353	1.07587770607847	1.1501488713059	1.15900615549051	1.15014887130628	1.15580370611671	1.15935284432293	1.22934829933065	1.15935284432293	1.07587770607847	1.15014887130628	1.15900615549051	1.1501488713059	0.748339990925859	0.58635985048272	0.577865884870324	0.586359850482722	0.585449398857219	0.592066597491418	0.49842991190808	0.592066597492036	0.606707732267803	0.499453782476971	0.527020096330636	0.499453782476971	0.585449398857221	0.592066597492036	0.498429911908081	0.59206659749142
1	1.07637678822577	1.14321948819643	1.07637678822577	1.07582567946944	1.15001470027099	1.15897167629425	1.15001470027127	1.15718583681404	1.15941047257947	1.22936173625259	1.15941047257947	1.07582567946944	1.15001470027127	1.15897167629425	1.15001470027098	0.748339994496255	0.586472075359623	0.573854736020476	0.586472075359624	0.585323771824844	0.59165233826977	0.498293341005315	0.591652338270239	0.610159994023874	0.499585042554435	0.527012166895741	0.499585042554436	0.585323771824846	0.591652338270239	0.498293341005315	0.591652338269771
1	1.07645510584442	1.14133709843069	1.07645510584442	1.07576306412371	1.14980456547352	1.15893214976238	1.14980456547374	1.15887304317973	1.15948619991229	1.22938264691131	1.15948619991229	1.07576306412371	1.14980456547374	1.15893214976238	1.14980456547352	0.74833999666181	0.586608606735541	0.568849869653506	0.586608606735543	0.585166522570881	0.591007453527177	0.498123715935381	0.591007453527532	0.614307955242412	0.499746582036341	0.526999752854971	0.499746582036342	0.585166522570883	0.591007453527532	0.498123715935382	0.591007453527178
1	1.07655286581717	1.1390213990158	1.07655286581717	1.07568940960146	1.14948103709862	1.1588885389029	1.14948103709879	1.16089563930881	1.15958542049806	1.22941454037973	1.15958542049806	1.07568940960146	1.14948103709879	1.1588885389029	1.14948103709862	0.748339997975285	0.58677147282744	0.562707469110986	0.586771472827442	0.584972371727094	0.590023859375972	0.497916183182161	0.59002385937624	0.619173420714433	0.499942189618199	0.526980657202336	0.4999421896182	0.584972371727096	0.59002385937624	0.497916183182162	0.590023859375974
1	1.07667281784505	1.13623383068007	1.07667281784505	1.07560548869097	1.14899545489093	1.15884299660879	1.14899545489105	1.16325934210076	1.15971416300536	1.2294617640237	1.15971416300536	1.07560548869097	1.14899545489105	1.15884299660879	1.14899545489092	0.748339998771948	0.586960353064706	0.55536111371705	0.586960353064708	0.584737853849288	0.588568470118201	0.497668094272979	0.588568470118402	0.62469452777172	0.500173499636828	0.526952059355494	0.500173499636829	0.584737853849289	0.588568470118402	0.49766809427298	0.588568470118203
1	1.0768162967203	1.13298278381224	1.0768162967203	1.07551387059784	1.14829269261114	1.15879915085699	1.14829269261123	1.1659287302839	1.1598779266812	1.22952883310393	1.1598779266812	1.07551387059784	1.14829269261123	1.15879915085699	1.14829269261114	0.748339999255149	0.587170989374823	0.546900025282399	0.587170989374824	0.584463724904653	0.586505651934533	0.497381450962404	0.586505651934683	0.630692949267362	0.500438038937728	0.526910834192722	0.500438038937729	0.584463724904655	0.586505651934683	0.497381450962405	0.586505651934534
1	1.07698201739538	1.12935049939041	1.07698201739538	1.07541913225343	1.14732426524613	1.15876199129276	1.1473242652462	1.16881535189608	1.16007954509475	1.22961898998276	1.16007954509475	1.07541913225343	1.1473242652462	1.15876199129276	1.14732426524613	0.748339999548225	0.58739409946835	0.537637383001566	0.587394099468352	0.584157531398099	0.583744526746123	0.497065343369894	0.583744526746235	0.636871194733689	0.500727475802103	0.526854389242885	0.500727475802104	0.5841575313981	0.583744526746235	0.497065343369895	0.583744526746125
1	1.07716515032069	1.12550322211249	1.07716515032069	1.07532729344744	1.14606903757285	1.15873702723448	1.1460690375729	1.17178127205554	1.16031663436874	1.22973228542888	1.16031663436874	1.07532729344744	1.1460690375729	1.15873702723448	1.14606903757285	0.748339999725985	0.587616061969047	0.528105947056695	0.587616061969049	0.583834484107367	0.580299010584451	0.496736513820162	0.580299010584532	0.642862959645325	0.501027526640939	0.526781881167258	0.50102752664094	0.583834484107368	0.580299010584532	0.496736513820162	0.580299010584453
1	1.07735739487812	1.12166674156566	1.07735739487812	1.07524444649352	1.14455244567009	1.1587287176978	1.14455244567012	1.17466386366043	1.16058018462489	1.22986423129505	1.16058018462489	1.07524444649352	1.14455244567012	1.1587287176978	1.14455244567008	0.748339999833802	0.587822097722156	0.518938922489059	0.587822097722157	0.583514823051384	0.576322318454494	0.496416317845548	0.576322318454553	0.648326081091158	0.501320718032983	0.526695178239325	0.501320718032983	0.583514823051386	0.576322318454553	0.496416317845549	0.576322318454496
1	1.07754842122834	1.11807052826505	1.07754842122834	1.07517517776365	1.14285034029869	1.1587388544753	1.14285034029871	1.17731369777932	1.16085578928316	1.23000621796615	1.16085578928316	1.07517517776365	1.14285034029871	1.15873885447529	1.14285034029868	0.748339999899196	0.588000627552286	0.510684807489246	0.588000627552288	0.58321827609661	0.572079666380898	0.496124855662353	0.572079666380941	0.653028670079648	0.501591120663633	0.526598792514667	0.501591120663634	0.583218276096611	0.572079666380941	0.496124855662354	0.5720796663809
1	1.07772822403499	1.11488959869896	1.07772822403499	1.07512158879989	1.14107152695557	1.15876592597071	1.14107152695559	1.17962688453504	1.16112725887619	1.23014781942078	1.16112725887619	1.07512158879989	1.14107152695559	1.15876592597071	1.14107152695557	0.748339999938859	0.588146113732055	0.503670920221468	0.588146113732056	0.582958885910884	0.567868794897844	0.495875694604737	0.567868794897874	0.65688236087399	0.501828243178307	0.526498692579385	0.501828243178307	0.582958885910885	0.567868794897874	0.495875694604738	0.567868794897846
1	1.07788927309825	1.11221429167383	1.07788927309824	1.07508329774097	1.13932835292487	1.15880584562091	1.13932835292489	1.18155771860287	1.16138061496367	1.23027970452969	1.16138061496367	1.07508329774097	1.13932835292489	1.15880584562091	1.13932835292487	0.748339999962916	0.588258965760846	0.497981954629748	0.588258965760848	0.582742963579715	0.563938928996265	0.495673983711846	0.563938928996286	0.659919702331561	0.502028069833902	0.526400718527938	0.502028069833903	0.582742963579717	0.563938928996286	0.495673983711846	0.563938928996267
1	1.0780275348632	1.11005469303197	1.0780275348632	1.07505817944579	1.13771134346291	1.15885344486916	1.13771134346292	1.18311145213561	1.16160652596388	1.23039561075801	1.16160652596388	1.07505817944579	1.13771134346292	1.15885344486916	1.13771134346291	0.748339999977507	0.588343436493831	0.493525142345802	0.588343436493833	0.582570168879121	0.560448668316111	0.495517869275551	0.560448668316126	0.66224543916233	0.502191659359522	0.526309427589667	0.502191659359522	0.582570168879123	0.560448668316126	0.495517869275552	0.560448668316113
1	1.07814224109434	1.10836561531433	1.07814224109434	1.07504332873442	1.13627731684005	1.15890383979384	1.13627731684006	1.18432674121865	1.16180068981198	1.23049278027837	1.16180068981198	1.07504332873442	1.13627731684006	1.15890383979384	1.13627731684005	0.748339999986358	0.588405242579156	0.490117407246289	0.588405242579157	0.582435998811666	0.557465801748481	0.495401333255102	0.557465801748492	0.663990852278004	0.502322942698599	0.526227653247881	0.5023229426986	0.582435998811667	0.557465801748492	0.495401333255102	0.557465801748483
1	1.07823493489911	1.10707469922505	1.07823493489911	1.07503583118566	1.13505027600785	1.15895320897394	1.13505027600785	1.18525763469212	1.1619628405426	1.23057127738559	1.1619628405426	1.07503583118566	1.13505027600785	1.15895320897394	1.13505027600785	0.748339999991725	0.588449935915611	0.487552936917083	0.588449935915613	0.582334134555714	0.554989955131237	0.495316800771081	0.554989955131247	0.66528385891229	0.502426908884236	0.526156647680386	0.502426908884236	0.582334134555716	0.554989955131247	0.495316800771082	0.554989955131239
1	1.07830839832919	1.10610368228651	1.07830839832919	1.07503320247556	1.134029286272	1.15899900160922	1.134029286272	1.18596037007778	1.16209530883539	1.23063291207864	1.16209530883539	1.07503320247556	1.134029286272	1.15899900160922	1.134029286272	0.748339999994981	0.58848214651397	0.485641458928564	0.588482146513971	0.582258053648734	0.552979573787303	0.49525685880099	0.55297957378731	0.666234563896224	0.502508515756498	0.526096475333798	0.502508515756498	0.582258053648735	0.55297957378731	0.495256858800991	0.552979573787305
1	1.07836581637838	1.10538070246657	1.07836581637838	1.07503353928139	1.13319788113129	1.15903980257876	1.13319788113129	1.18648587168914	1.16220173702015	1.23068028041201	1.16220173702015	1.07503353928138	1.13319788113129	1.15903980257876	1.13319788113129	0.748339999996956	0.58850542026559	0.484223824266792	0.588505420265592	0.582201884219749	0.551373785523212	0.495215112310285	0.551373785523218	0.666931170219159	0.502572183409773	0.526046449712918	0.502572183409774	0.582201884219751	0.551373785523218	0.495215112310286	0.551373785523214
1	1.07841026057645	1.10484550814192	1.07841026057644	1.07503549610749	1.13253196792298	1.15907506261976	1.13253196792298	1.18687667553747	1.1622861708873	1.23071611040927	1.1622861708873	1.07503549610749	1.13253196792298	1.15907506261976	1.13253196792298	0.748339999998154	0.588522340841028	0.483174388802211	0.58852234084103	0.582160740133142	0.550106897403627	0.495186452147966	0.550106897403632	0.667441283238869	0.502621637153981	0.526005485269273	0.502621637153982	0.582160740133144	0.550106897403631	0.495186452147967	0.550106897403628
1	1.07844443601142	1.10445032626663	1.07844443601141	1.07503818484719	1.13200531018518	1.15910481902904	1.13200531018518	1.18716655139252	1.16235251636074	1.23074290018108	1.16235251636074	1.07503818484719	1.13200531018518	1.15910481902904	1.13200531018517	0.74833999999888	0.588534740147044	0.482397339904331	0.588534740147046	0.582130751364305	0.549116625741883	0.495167000542342	0.549116625741886	0.667815322159207	0.502659920171102	0.52597234570447	0.502659920171103	0.582130751364307	0.549116625741886	0.495167000542343	0.549116625741885
1	1.07847059946139	1.10415859792139	1.07847059946139	1.07504105791375	1.13159279272334	1.15912946243969	1.13159279272334	1.18738144685621	1.16240426748405	1.23076276574786	1.16240426748405	1.07504105791375	1.13159279272334	1.15912946243969	1.13159279272334	0.748339999999321	0.588543900943624	0.481821104996587	0.588543900943626	0.582108951255723	0.548347987302849	0.49515391882447	0.548347987302852	0.668090275361171	0.502689474192532	0.525945799723037	0.502689474192532	0.582108951255725	0.548347987302852	0.495153918824471	0.548347987302851
1	1.07849057104384	1.10394296488013	1.07849057104384	1.07504380419902	1.13127205604695	1.15914956456801	1.13127205604695	1.18754088770861	1.16244440679314	1.23077741343462	1.16244440679314	1.07504380419902	1.13127205604695	1.15914956456801	1.13127205604695	0.748339999999588	0.588550720373602	0.481392837322003	0.588550720373604	0.582093117137458	0.547754547203146	0.49514518422466	0.547754547203149	0.668293032811404	0.502712236369366	0.525924707628469	0.502712236369366	0.58209311713746	0.547754547203149	0.495145184224661	0.547754547203148
1	1.07850578726002	1.10378322863739	1.07850578726002	1.07504626773235	1.13102408546615	1.15916576135029	1.13102408546615	1.18765938097991	1.16247540267099	1.23078817440519	1.16247540267099	1.07504626773235	1.13102408546615	1.15916576135028	1.13102408546615	0.74833999999975	0.588555829693835	0.481073737640009	0.588555829693837	0.582081610031619	0.547298226359422	0.495139384671968	0.547298226359426	0.668443065058901	0.5027297320214	0.525908062041897	0.5027297320214	0.58208161003162	0.547298226359426	0.495139384671969	0.547298226359424
1	1.07851736623017	1.10366458469894	1.07851736623017	1.07504838883605	1.1308332005635	1.1591786802798	1.1308332005635	1.18774762900252	1.16249925521125	1.23079606385468	1.16249925521125	1.07504838883605	1.1308332005635	1.1591786802798	1.1308332005635	0.748339999999849	0.588559677576718	0.480835369960646	0.58855967757672	0.582073234202232	0.546948427841904	0.495135549879558	0.546948427841907	0.668554463175743	0.502743155606254	0.525895000115361	0.502743155606255	0.582073234202234	0.546948427841907	0.495135549879558	0.546948427841906
1	1.07852617038784	1.10357621494115	1.07852617038784	1.07505016375711	1.13068674720889	1.15918889896004	1.13068674720889	1.18781350187746	1.16251756034115	1.23080184336846	1.16251756034115	1.07505016375711	1.13068674720889	1.15918889896004	1.13068674720889	0.748339999999908	0.588562586741001	0.48065687667723	0.588562586741003	0.582067123056779	0.546680921007918	0.495133021373269	0.546680921007922	0.668637443767039	0.502753438712697	0.52588479968005	0.502753438712697	0.582067123056781	0.546680921007922	0.495133021373269	0.546680921007921
1	1.07853286120943	1.10351021434809	1.07853286120943	1.07505161839643	1.13057467005855	1.15919692589372	1.13057467005855	1.18786278415028	1.16253157747366	1.23080607790442	1.16253157747366	1.07505161839643	1.13057467005855	1.15919692589372	1.13057467005855	0.748339999999944	0.588564792371187	0.480522923560515	0.588564792371188	0.582062651423827	0.546476718616724	0.49513135687248	0.546476718616727	0.668699438682347	0.502761305140097	0.52587686655846	0.502761305140098	0.582062651423829	0.546476718616727	0.49513135687248	0.546476718616726
1	1.07853794420547	1.10346079558103	1.07853794420547	1.07505279198814	1.13048906873998	1.15920319485003	1.13048906873998	1.18789973285142	1.16254229222229	1.23080918327384	1.16254229222229	1.07505279198814	1.13048906873998	1.15920319485003	1.13048906873998	0.748339999999966	0.588566467794543	0.480422201340311	0.588566467794544	0.58205936904463	0.546321057956258	0.495130261628866	0.546321057956262	0.668745876404001	0.502767315524734	0.525870718462121	0.502767315524735	0.582059369044632	0.546321057956262	0.495130261628867	0.54632105795626
1	1.07854180566875	1.10342371049065	1.07854180566875	1.07505372706984	1.13042378784607	1.15920806829506	1.13042378784607	1.1879274860281	1.16255047054859	1.23081146373248	1.16255047054859	1.07505372706984	1.13042378784607	1.15920806829506	1.13042378784607	0.748339999999979	0.588567742383865	0.480346343786996	0.588567742383867	0.58205695507279	0.546202527040196	0.495129541916946	0.546202527040199	0.668780738698163	0.502771902906281	0.525865967384651	0.502771902906281	0.582056955072792	0.546202527040199	0.495129541916947	0.546202527040198
1	1.07854473749749	1.10339582430996	1.07854473749749	1.0750544657761	1.13037406167156	1.15921184059	1.13037406167156	1.18794837038	1.16255670629775	1.2308131418764	1.16255670629775	1.0750544657761	1.13037406167156	1.15921184059	1.13037406167156	0.748339999999987	0.588568712092536	0.480289128251202	0.588568712092537	0.582055168580668	0.546112344956252	0.49512906668576	0.546112344956253	0.668806963666427	0.502775400897354	0.525862307630572	0.502775400897355	0.58205516858067	0.546112344956253	0.495129066685761	0.546112344956254
1	1.07854696331888	1.10337481994143	1.07854696331888	1.07505504455278	1.13033621856346	1.15921475055546	1.13033621856346	1.18796410881073	1.16256145633061	1.23081437964772	1.16256145633061	1.07505504455278	1.13033621856346	1.15921475055546	1.13033621856346	0.748339999999992	0.588569450206053	0.480245922916729	0.588569450206055	0.582053843401841	0.546043775176861	0.495128751983152	0.546043775176863	0.668826722750629	0.502778066189197	0.525859493801074	0.502778066189198	0.582053843401842	0.546043775176863	0.495128751983153	0.546043775176863
1	1.07854865302172	1.10335897673739	1.07854865302172	1.07505549532804	1.13030743908081	1.15921698896705	1.13030743908081	1.18797598384816	1.16256507188343	1.23081529429755	1.16256507188343	1.07505549532804	1.13030743908081	1.15921698896705	1.13030743908081	0.748339999999995	0.588570012152864	0.480213265511438	0.588570012152865	0.582052858286796	0.545991663755092	0.495128542736208	0.545991663755093	0.668841629853351	0.502780095726855	0.525857333793998	0.502780095726855	0.582052858286798	0.545991663755093	0.495128542736209	0.545991663755094
1	1.07854993571219	1.10334701231971	1.07854993571218	1.07505584472493	1.13028556377462	1.15921870690963	1.13028556377462	1.18798495323968	1.16256782235035	1.23081597169725	1.16256782235034	1.07505584472493	1.13028556377462	1.15921870690963	1.13028556377462	0.748339999999997	0.588570439893194	0.480188561974167	0.588570439893195	0.582052123780378	0.545952075365569	0.495128402869907	0.545952075365571	0.668852889029205	0.502781640197925	0.525855678665656	0.502781640197926	0.58205212378038	0.545952075365571	0.495128402869908	0.545952075365571
1	1.07855090937879	1.10333796839391	1.07855090937879	1.07505611448538	1.13026894311241	1.15922002285662	1.13026894311241	1.18799173387339	1.16256991371397	1.23081647456116	1.16256991371397	1.07505611448538	1.13026894311241	1.15922002285662	1.13026894311241	0.748339999999998	0.588570765405799	0.480169863389079	0.588570765405801	0.582051574800371	0.545922009370814	0.495128308788732	0.545922009370816	0.668861400666779	0.502782814945487	0.525854412181681	0.502782814945487	0.582051574800373	0.545922009370816	0.495128308788733	0.545922009370816
1	1.07855164843205	1.10333112676627	1.07855164843205	1.07505632209485	1.13025631887031	1.1592210292426	1.13025631887031	1.18799686353883	1.16257150328709	1.23081684870849	1.16257150328709	1.07505632209485	1.13025631887031	1.1592210292426	1.13025631887031	0.748339999999999	0.588571013050556	0.480155702981966	0.588571013050558	0.582051163552214	0.545899180457603	0.49512824505125	0.545899180457606	0.668867839988552	0.502783708092046	0.52585344429952	0.502783708092047	0.582051163552215	0.545899180457606	0.49512824505125	0.545899180457605
1	1.07855220937835	1.10332594790294	1.07855220937835	1.07505648145718	1.13024673242577	1.15922179785788	1.13024673242577	1.18800074650885	1.16257271108917	1.23081712770452	1.16257271108917	1.07505648145718	1.13024673242577	1.15922179785788	1.13024673242577	0.748339999999999	0.588571201396562	0.480144975042455	0.588571201396564	0.582050854876816	0.545881849641974	0.495128201523368	0.545881849641978	0.66887271442804	0.502784386893725	0.525852705394784	0.502784386893726	0.582050854876818	0.545881849641978	0.495128201523369	0.545881849641976
1	1.07855263512746	1.10332202568792	1.07855263512746	1.07505660352788	1.1302394540844	1.15922238424243	1.1302394540844	1.18800368720797	1.16257362859993	1.23081733619711	1.16257362859993	1.07505660352788	1.1302394540844	1.15922238424243	1.1302394540844	0.748339999999999	0.588571344596854	0.480136844986995	0.588571344596856	0.582050622791442	0.545868694561047	0.495128171533543	0.545868694561051	0.668876406036346	0.50278490262427	0.525852141803332	0.502784902624271	0.582050622791444	0.545868694561051	0.495128171533543	0.545868694561049
1	1.07855295826378	1.10331905393273	1.07855295826378	1.07505669687602	1.13023392879515	1.15922283122854	1.13023392879515	1.18800591520985	1.16257432549469	1.23081749234416	1.16257432549469	1.07505669687602	1.13023392879515	1.15922283122854	1.13023392879515	0.74834	0.58857145343522	0.480130682209371	0.588571453435222	0.582050448026476	0.545858710189763	0.495128150667193	0.545858710189768	0.668879202896694	0.502785294340073	0.525851712257337	0.502785294340073	0.582050448026478	0.545858710189768	0.495128150667194	0.545858710189765
1	1.07855320353064	1.10331680146721	1.07855320353064	1.07505676816897	1.13022973455985	1.15922317176745	1.13022973455985	1.18800760386284	1.1625748548191	1.23081760956732	1.1625748548191	1.07505676816897	1.13022973455985	1.15922317176745	1.13022973455985	0.74834	0.588571536126141	0.480126009825435	0.588571536126143	0.582050316256626	0.545851133002534	0.495128135982943	0.545851133002538	0.66888132249611	0.502785591766145	0.525851385069145	0.502785591766145	0.582050316256627	0.545851133002538	0.495128135982943	0.545851133002536
1	1.07855338981915	1.10331509289846	1.07855338981915	1.07505682261891	1.13022654954186	1.1592234315414	1.13022654954186	1.18800888467215	1.16257525737715	1.23081769820055	1.16257525737715	1.07505682261891	1.13022654954186	1.1592234315414	1.13022654954186	0.74834	0.588571598881845	0.480122467242304	0.588571598881846	0.582050216769232	0.545845383454501	0.495128125370995	0.545845383454504	0.668882929139644	0.502785817368964	0.525851135867399	0.502785817368964	0.582050216769234	0.545845383454504	0.495128125370996	0.545845383454503
1	1.07855353096553	1.1033137989047	1.07855353096553	1.07505686399774	1.13022413486063	1.15922362827927	1.13022413486063	1.18800985471097	1.16257556200283	1.23081776401474	1.16257556200283	1.07505686399774	1.13022413486063	1.15922362827927	1.13022413486063	0.74834	0.588571646627106	0.480119780128446	0.588571646627107	0.58205014164964	0.545841019998179	0.49512811804054	0.545841019998181	0.668884147346796	0.50278598890859	0.525850946453946	0.502785988908591	0.582050141649642	0.545841019998181	0.49512811804054	0.545841019998181
1	1.07855363800898	1.1033128180618	1.07855363800898	1.07505689546726	1.13022230316093	1.15922377764839	1.13022230316093	1.18801058998031	1.16257579298406	1.23081781337608	1.16257579298406	1.07505689546726	1.13022230316093	1.15922377764839	1.13022230316093	0.74834	0.588571682917912	0.48011774182007	0.588571682917914	0.582050084872803	0.545837708695541	0.49512811286875	0.545837708695543	0.668885071164207	0.50278611922902	0.525850802472192	0.502786119229021	0.582050084872805	0.545837708695543	0.495128112868751	0.545837708695543
1	1.07855371921901	1.1033120742846	1.07855371921901	1.0750569194011	1.1302209133934	1.15922389113009	1.1302209133934	1.18801114751679	1.16257596824439	1.2308178505473	1.16257596824439	1.0750569194011	1.1302209133934	1.15922389113009	1.1302209133934	0.74834	0.588571710488167	0.480116195584412	0.588571710488169	0.58205004192819	0.545835195942121	0.495128109170456	0.545835195942123	0.668885771816157	0.502786218194434	0.525850693040914	0.502786218194435	0.582050041928191	0.545835195942123	0.495128109170457	0.545835195942122
1	1.07855378083858	1.10331151015669	1.07855378083858	1.07505693759918	1.1302198588551	1.15922397735088	1.1302198588551	1.18801157036988	1.16257610125254	1.23081787859148	1.16257610125254	1.07505693759918	1.1302198588551	1.15922397735088	1.1302198588551	0.74834	0.58857173142678	0.480115022574017	0.588571731426782	0.582050009426156	0.545833289210512	0.495128106499668	0.545833289210515	0.668886303263077	0.502786293332047	0.525850609887081	0.502786293332047	0.582050009426158	0.545833289210515	0.495128106499668	0.545833289210514
1	1.07855382759555	1.10331108223485	1.07855382759555	1.07505695143174	1.13021905866875	1.15922404285	1.13021905866875	1.18801189111409	1.16257620219826	1.23081789977253	1.16257620219826	1.07505695143174	1.13021905866875	1.15922404285	1.13021905866875	0.74834	0.588571747325612	0.480114132665508	0.588571747325614	0.58204998481594	0.545831842367562	0.495128104555667	0.545831842367565	0.668886706397526	0.502786350370792	0.52585054671358	0.502786350370793	0.582049984815941	0.545831842367565	0.495128104555667	0.545831842367564
1	1.07855386307512	1.10331075760834	1.07855386307511	1.0750569619428	1.13021845148542	1.1592240925984	1.13021845148542	1.18801213442559	1.1625762788089	1.23081791578206	1.1625762788089	1.0750569619428	1.13021845148542	1.1592240925984	1.13021845148542	0.74834	0.588571759395856	0.480113457511388	0.588571759395858	0.58204996617392	0.545830744506209	0.495128103131244	0.545830744506211	0.668887012217449	0.502786393665985	0.525850498728609	0.502786393665986	0.582049966173921	0.545830744506211	0.495128103131245	0.545830744506211
1	1.07855388999718	1.10331051133029	1.07855388999718	1.07505696992782	1.13021799075622	1.1592241303771	1.13021799075622	1.18801231900832	1.16257633694907	1.2308179278899	1.16257633694907	1.07505696992782	1.13021799075622	1.1592241303771	1.13021799075622	0.74834	0.58857176855845	0.480112945273542	0.588571768558451	0.582049952048399	0.545829911459488	0.495128102081617	0.545829911459492	0.668887244224787	0.502786426526683	0.525850462286272	0.502786426526683	0.582049952048401	0.545829911459492	0.495128102081618	0.54582991145949
1	1.07855391042564	1.10331032448452	1.07855391042564	1.07505697599247	1.13021764115872	1.15922415906176	1.13021764115872	1.18801245904359	1.16257638107048	1.23081793705144	1.16257638107049	1.07505697599247	1.13021764115872	1.15922415906176	1.13021764115872	0.74834	0.588571775513197	0.480112556631997	0.588571775513199	0.582049941342313	0.545829279356256	0.49512810130439	0.54582927935626	0.668887420241377	0.502786451466247	0.525850434613939	0.502786451466247	0.582049941342315	0.54582927935626	0.49512810130439	0.545829279356258
1	1.07855392592664	1.10331018272485	1.07855392592664	1.07505698059777	1.13021737588885	1.15922418083874	1.13021737588885	1.18801256528595	1.16257641455241	1.23081794398652	1.16257641455241	1.07505698059777	1.13021737588885	1.15922418083874	1.13021737588884	0.74834	0.588571780791747	0.480112261759925	0.588571780791749	0.582049933226243	0.54582879972858	0.495128100726493	0.545828799728583	0.668887553783354	0.502786470393199	0.525850413603527	0.5027864703932	0.582049933226244	0.545828799728583	0.495128100726494	0.545828799728582
1	1.07855393768862	1.10331007516976	1.07855393768862	1.07505698409433	1.1302171746068	1.15922419736981	1.1302171746068	1.18801264589216	1.16257643995986	1.23081794923811	1.16257643995986	1.07505698409433	1.1302171746068	1.1592241973698	1.1302171746068	0.74834	0.588571784797859	0.480112038030322	0.588571784797861	0.582049927072526	0.545828435797957	0.495128100295284	0.545828435797961	0.668887655102557	0.50278648475658	0.525850397652861	0.50278648475658	0.582049927072528	0.545828435797961	0.495128100295285	0.545828435797959
1	1.07855394661344	1.10330999356489	1.07855394661344	1.07505698674878	1.13021702187828	1.1592242099176	1.13021702187828	1.18801270704937	1.16257645923972	1.23081795321609	1.16257645923972	1.07505698674878	1.13021702187828	1.1592242099176	1.13021702187828	0.74834	0.588571787838134	0.480111868277347	0.588571787838135	0.582049922406067	0.545828159656537	0.495128099972585	0.545828159656541	0.668887731975452	0.502786495656404	0.525850385544463	0.502786495656405	0.582049922406069	0.545828159656541	0.495128099972586	0.545828159656539
