1	4.60881304968015	1.24644242421626	4.60881305013836	4.60881305907356	1.30935546414152	1.00205412826679	1.30935546653441	1.24644242875168	1.00205412825273	1.40831528481618	1.00205412825273	4.60881303826612	1.30935546653441	1.00205412826679	1.30935546414155	7.75	1.5301201706932	0.178936216429188	1.53012017045515	1.53012016465375	0.203267130622338	0.0125921220734168	0.203267131513791	0.178936218246909	0.0125921220300702	-0.168629036953589	0.012592122030072	1.53012017546944	0.203267131513791	0.0125921220734186	0.20326713062235
1	9.70210743291084	1.20832578187661	9.70210743274626	9.70210747343799	1.22877251981876	1.00147248820246	1.22877255915784	1.20832578131726	1.00147248820892	1.16583680938903	1.00147248820892	9.70210745443573	1.22877255915784	1.00147248820247	1.22877251981877	7.75	3.58995413608701	0.178414484949875	3.58995413610937	3.58995415667368	0.187828646776648	0.0116595589936538	0.187828664583534	0.178414485196123	0.0116595590303055	-0.111471889772068	0.0116595590303072	3.58995415924924	0.187828664583534	0.0116595589936555	0.187828646776658
1	9.41385436422487	1.03550354321933	9.41385436422487	9.41387976229475	1.03547859496714	1.00031717434655	1.03547859500812	1.03550364141165	1.00031717411188	1.03046435362858	1.00031717411188	9.41387976229476	1.03547859500812	1.00031717434655	1.03547859496714	7.75	4.74937056021105	0.0964471930961773	4.74937056021109	4.74939020930868	0.0964127775863702	0.00737854696552519	0.0964127776430265	0.0964474646367675	0.00737854769962982	-0.0630952681863426	0.00737854769963088	4.74939020930872	0.0964127776430265	0.00737854696552626	0.0964127775863742
1	8.72125428291594	1.02363886059351	8.72125428291595	8.73566898158105	1.02363694574528	1.00022456791512	1.02363694574536	1.02364046368878	1.00022423605217	1.02198566460742	1.00022423605217	8.73566898158106	1.02363694574536	1.00022456791512	1.02363694574529	7.75	4.78817147620378	0.0854730877199256	4.78817147620382	4.81035247898606	0.085595488820362	0.00676929121267977	0.0855954888204959	0.0857284036923948	0.00677093807462143	-0.0583489083624221	0.0067709380746224	4.81035247898609	0.0855954888204959	0.00676929121268075	0.0855954888203655
1	1.05269478894441	1.01654749060516	1.05269478894442	8.49866525853762	1.0181074755804	1.00017393435348	1.0181074755804	1.02089680779198	1.0001768961401	1.01710087696156	1.0001768961401	8.49866525853761	1.0181074755804	1.00017393435348	1.0181074755804	7.75	0.151226047569525	0.0593930841668456	0.151226047569528	5.0378415413897	0.0696345287932016	0.00532568761745282	0.0696345287932033	0.0867397714198944	0.00584894116679812	-0.0478389395745916	0.00584894116679897	5.03784154138973	0.069634528793203	0.00532568761745358	0.0696345287932043
1	1.05413152821269	1.02154490364653	1.05413152821269	7.78079666887655	1.01851016318844	1.00020122500949	1.01851016318844	1.01554125223932	1.00017755192779	1.01866958182211	1.00017755192779	7.78079666887655	1.01851016318844	1.00020122500949	1.01851016318844	7.75	0.144431261495511	0.0639176666974092	0.144431261495514	5.05728231619739	0.0698478856387449	0.00556666465896983	0.0698478856387465	0.0820226373665373	0.00596340229798745	-0.0496041015404306	0.00596340229798832	5.05728231619743	0.0698478856387461	0.00556666465897062	0.0698478856387477
1	1.05370214944688	1.02145500191614	1.05370214944688	7.57718686654946	1.01791011934891	1.00019732201894	1.01791011934891	1.01400867652238	1.00017009559981	1.01813870342877	1.00017009559981	7.57718686654946	1.01791011934891	1.00019732201894	1.01791011934891	7.75	0.143615808650109	0.0636823387838024	0.143615808650112	5.06297963426995	0.0691967965941379	0.0055323745281469	0.0691967965941395	0.0800622660993442	0.00590754035743018	-0.0492435628416174	0.00590754035743105	5.06297963426999	0.0691967965941391	0.00553237452814769	0.0691967965941407
1	1.05356868596546	1.02142448030061	1.05356868596547	7.51350773361673	1.01773044301135	1.00019613980903	1.01773044301135	1.01355404706057	1.00016785584477	1.01797866549968	1.00016785584477	7.51350773361674	1.01773044301135	1.00019613980903	1.01773044301135	7.75	0.143370444004738	0.0636089794058578	0.143370444004741	5.0647534956467	0.0690030345356595	0.00552214484966205	0.0690030345356612	0.0794506987835909	0.0058907233472034	-0.049135891240012	0.00589072334720427	5.06475349564674	0.0690030345356608	0.00552214484966284	0.0690030345356623
1	1.05352607937557	1.02141467658724	1.05352607937558	7.49303925795377	1.01767358504857	1.0001957651831	1.01767358504857	1.01341040370683	1.00016714609984	1.01792794972599	1.00016714609984	7.49303925795378	1.01767358504857	1.0001957651831	1.01767358504857	7.75	0.143292608713113	0.0635856961601188	0.143292608713116	5.06532289079581	0.0689418854101144	0.00551892138706542	0.0689418854101159	0.0792544464646352	0.00588539839218104	-0.0491019250600421	0.00588539839218191	5.06532289079585	0.0689418854101155	0.0055189213870662	0.0689418854101171
1	1.05351229623645	1.0214114991836	1.05351229623645	7.48640234582695	1.017655241986	1.0001956442722	1.017655241986	1.01336408507647	1.0001669170256	1.01791158081302	1.0001669170256	7.48640234582695	1.017655241986	1.0001956442722	1.017655241986	7.75	0.143267478893488	0.0635781779582432	0.143267478893491	5.06550743666328	0.0689221762186843	0.005517882937439	0.0689221762186858	0.0791908460502204	0.00588368027991149	-0.0490909789104712	0.00588368027991235	5.06550743666332	0.0689221762186854	0.00551788293743979	0.0689221762186871
1	1.0535078177614	1.02141046614637	1.0535078177614	7.48424423617417	1.01764928721267	1.00019560501498	1.01764928721267	1.01334905087103	1.00016684264977	1.01790626613983	1.00016684264977	7.48424423617417	1.01764928721267	1.00019560501498	1.01764928721267	7.75	0.143259318850741	0.0635757365795536	0.143259318850744	5.06556743652585	0.0689157799041959	0.00551754597873816	0.0689157799041975	0.0791701688844232	0.00588312250451124	-0.049087426748328	0.00588312250451211	5.06556743652589	0.0689157799041971	0.00551754597873895	0.0689157799041987
1	1.05350636052206	1.02141012994335	1.05350636052206	7.48354184410247	1.01764735017038	1.00019559224433	1.01764735017038	1.01334416061087	1.00016681845477	1.01790453723211	1.00016681845477	7.48354184410247	1.01764735017038	1.00019559224433	1.01764735017038	7.75	0.143256664230344	0.0635749423400143	0.143256664230347	5.06558696356331	0.0689136994386	0.00551743638508164	0.0689136994386016	0.0791634395472068	0.00588294106256158	-0.0490862715011676	0.00588294106256246	5.06558696356334	0.0689136994386011	0.00551743638508243	0.0689136994386028
1	1.05350588613548	1.02141002048952	1.05350588613548	7.48331317082782	1.01764671964972	1.00019558808733	1.01764671964972	1.0133425688241	1.000166810579	1.01790397445824	1.000166810579	7.48331317082782	1.01764671964972	1.00019558808733	1.01764671964972	7.75	0.143255800111218	0.0635746838038527	0.143255800111221	5.06559332076023	0.0689130222556138	0.00551740071372915	0.0689130222556153	0.079161248761405	0.00588288200188789	-0.0490858952898476	0.00588288200188876	5.06559332076027	0.068913022255615	0.00551740071372994	0.0689130222556166
1	1.05350573168119	1.02140998485199	1.05350573168119	7.48323871589119	1.01764651436676	1.0001955867339	1.01764651436676	1.01334205057804	1.00016680801483	1.01790379123043	1.00016680801483	7.48323871589119	1.01764651436676	1.0001955867339	1.01764651436676	7.75	0.143255518771218	0.0635745996293291	0.143255518771221	5.06559539062338	0.0689128017827091	0.00551738910010267	0.0689128017827106	0.0791605354561386	0.00588286277306659	-0.049085772824015	0.00588286277306745	5.06559539062341	0.0689128017827102	0.00551738910010346	0.0689128017827119
1	1.05350568139048	1.02140997324829	1.05350568139049	7.48321447295175	1.01764644752674	1.00019558629323	1.01764644752674	1.01334188183766	1.00016680717993	1.01790373156723	1.00016680717993	7.48321447295176	1.01764644752674	1.00019558629323	1.01764644752674	7.75	0.143255427165796	0.0635745722204077	0.143255427165799	5.06559606458121	0.0689127299964301	0.00551738531847635	0.0689127299964318	0.079160303200111	0.00588285651208646	-0.0490857330775183	0.00588285651208733	5.06559606458125	0.0689127299964314	0.00551738531847711	0.0689127299964329
1	1.05350566501557	1.02140996947002	1.05350566501557	7.48320657923858	1.01764642576319	1.00019558614974	1.01764642576319	1.0133418268947	1.00016680690808	1.01790371214504	1.00016680690808	7.48320657923859	1.01764642576319	1.00019558614974	1.01764642576319	7.75	0.143255397339628	0.0635745632976329	0.143255397339631	5.06559628402766	0.0689127066230868	0.0055173840874322	0.0689127066230885	0.0791602275759576	0.00588285447355849	-0.0490857200010755	0.00588285447355936	5.0655962840277	0.068912706623088	0.00551738408743299	0.0689127066230896
1	1.05350565968355	1.02140996823973	1.05350565968356	7.48320400896169	1.01764641867673	1.00019558610302	1.01764641867673	1.01334180900472	1.00016680681956	1.0179037058207	1.00016680681956	7.4832040089617	1.01764641867673	1.00019558610302	1.01764641867673	7.75	0.143255387627733	0.0635745603921916	0.143255387627736	5.06559635548174	0.0689126990124297	0.00551738368657425	0.0689126990124313	0.0791602029518924	0.00588285380978776	-0.0490857157480869	0.00588285380978863	5.06559635548178	0.0689126990124309	0.00551738368657504	0.0689126990124325
1	1.05350565794754	1.02140996783932	1.05350565794754	7.48320317206045	1.01764641636937	1.00019558608781	1.01764641636937	1.01334180317957	1.00016680679074	1.01790370374583	1.00016680679074	7.48320317206045	1.01764641636937	1.00019558608781	1.01764641636937	7.75	0.143255384461758	0.0635745594400674	0.143255384461761	5.06559637874775	0.0689126965319179	0.00551738355510667	0.0689126965319195	0.0791601949328348	0.00588285359335182	-0.0490857148367363	0.00588285359335269	5.06559637874778	0.0689126965319191	0.00551738355510745	0.0689126965319206
1	1.05350565738276	1.02140996770889	1.05350565738276	7.48320289957031	1.01764641561818	1.00019558608286	1.01764641561818	1.01334180128302	1.00016680678136	1.01790370308976	1.00016680678136	7.48320289957031	1.01764641561818	1.00019558608286	1.01764641561818	7.75	0.143255383436024	0.0635745591376198	0.143255383436027	5.065596386323	0.0689126957273896	0.00551738351348553	0.0689126957273911	0.0791601923235447	0.00588285352326591	-0.049085713961817	0.00588285352326678	5.06559638632304	0.0689126957273907	0.00551738351348631	0.0689126957273924
1	1.05350565719813	1.02140996766628	1.05350565719813	7.4832028108253	1.0176464153734	1.00019558608124	1.0176464153734	1.01334180066529	1.0001668067783	1.01790370287007	1.0001668067783	7.4832028108253	1.0176464153734	1.00019558608124	1.0176464153734	7.75	0.143255383099984	0.0635745590368255	0.143255383099988	5.06559638879012	0.068912695464336	0.00551738349956117	0.0689126954643376	0.079160191473169	0.00588285350032099	-0.0490857138439332	0.00588285350032185	5.06559638879015	0.0689126954643372	0.00551738349956197	0.0689126954643388
