1	1.43199426182109	1.09408943329833	1.43199426182111	1.57008997372102	1.09505888521378	1.00354179065422	1.10724101567019	1.12003746326045	1.00341867208807	1.03265966750301	1.00341867208807	1.57008997372104	1.10724101567019	1.00354179065422	1.09505888521379	6.49999999999999	0.313591267450393	0.0960277470148172	0.313591267450402	0.375412803557646	0.0995211517177476	0.015003783953676	0.101788513730432	0.110631395197555	0.0148078816808326	-0.039910325098383	0.0148078816808335	0.375412803557659	0.101788513730432	0.0150037839536769	0.0995211517177518
1	1.42452168946073	1.08360869948628	1.42452168946074	1.79080997797169	1.10132098409913	1.00358111813432	1.10142265979992	1.1349562712514	1.00337382588158	1.03295276412679	1.00337382588158	1.79080997797172	1.10142265979992	1.00358111813432	1.10132098409914	6.49999999999999	0.306881586661419	0.0892743443667107	0.306881586661428	0.462805361289283	0.100420733712792	0.0149901945608958	0.100451260135263	0.118242392092231	0.0146936606164686	-0.0399361667690383	0.0146936606164695	0.4628053612893	0.100451260135263	0.0149901945608967	0.100420733712796
1	1.42204945112578	1.08359922569503	1.42204945112579	1.83443799540086	1.1010099019637	1.00357372157344	1.10101146024785	1.13465228217036	1.00337086463815	1.03295365682144	1.00337086463815	1.8344379954009	1.10101146024785	1.00357372157344	1.1010099019637	6.49999999999999	0.305824888538008	0.0892673981271409	0.305824888538017	0.479121664915042	0.100248476326203	0.0149745509011206	0.100248919075941	0.118105663995634	0.0146873709494971	-0.0399365927515911	0.014687370949498	0.479121664915061	0.100248919075941	0.0149745509011215	0.100248476326207
1	1.42157714247851	1.08360979463252	1.42157714247852	1.84299216193823	1.10094221561849	1.00357231659381	1.10094223678954	1.1345604768797	1.00337040746336	1.03295408073282	1.00337040746336	1.84299216193827	1.10094223678954	1.00357231659381	1.1009422156185	6.49999999999999	0.305628334834487	0.0892745580080291	0.305628334834497	0.482296987447823	0.100213674147018	0.0149717216437834	0.100213680322623	0.118062762973596	0.0146864151979498	-0.039937039076742	0.0146864151979507	0.482296987447842	0.100213680322623	0.0149717216437843	0.100213674147022
1	1.42148653829355	1.08361189656126	1.42148653829357	1.84466974769428	1.10092895507988	1.00357204356109	1.10092896750756	1.13454235687869	1.00337031995833	1.03295416864596	1.00337031995833	1.84466974769432	1.10092896750756	1.00357204356109	1.10092895507989	6.49999999999999	0.305590663960315	0.0892759853023378	0.305590663960325	0.482919015041828	0.100206896996559	0.0149711730240305	0.100206899143943	0.118054301380922	0.0146862334071009	-0.0399371319856021	0.0146862334071018	0.482919015041847	0.100206899143943	0.0149711730240314	0.100206896996563
1	1.42146897990065	1.08361230263923	1.42146897990067	1.84499878124756	1.10092635638466	1.0035719901169	1.10092636780271	1.13453881224826	1.00337030277382	1.03295418560186	1.00337030277382	1.8449987812476	1.10092636780271	1.0035719901169	1.10092635638467	6.49999999999999	0.305583355174302	0.0892762588177681	0.305583355174311	0.483041008807873	0.100205569001124	0.0149710654982095	0.10020557095349	0.118052650938458	0.0146861979308184	-0.0399371502232043	0.0146861979308193	0.483041008807892	0.10020557095349	0.0149710654982104	0.100205569001128
1	1.42146551455495	1.08361238379747	1.42146551455497	1.84506335827787	1.10092584996197	1.00357197962857	1.10092586054522	1.13453811660383	1.00337029947132	1.03295418924275	1.00337029947132	1.84506335827791	1.10092586054522	1.00357197962857	1.10092584996198	6.49999999999999	0.305581918032987	0.0892763149226703	0.305581918032996	0.483064938720719	0.10020530983737	0.0149710444581052	0.100205311646745	0.118052324134285	0.0146861909717226	-0.0399371538833719	0.0146861909717235	0.483064938720738	0.100205311646745	0.0149710444581061	0.100205309837374
1	1.42146482979653	1.08361239964842	1.42146482979654	1.84507602916408	1.10092575090861	1.00357197756384	1.10092576071377	1.13453798025207	1.0033702988263	1.03295418990872	1.0033702988263	1.84507602916412	1.10092576071376	1.00357197756384	1.10092575090861	6.49999999999999	0.305581634995253	0.0892763261816774	0.305581634995263	0.483069632569463	0.100205259058787	0.014971040333713	0.100205260735131	0.11805225971522	0.0146861895993776	-0.0399371545795076	0.0146861895993785	0.483069632569482	0.100205260735131	0.0149710403337139	0.100205259058791
1	1.42146469394961	1.08361240270314	1.42146469394962	1.84507851613352	1.10092573187822	1.0035719771573	1.10092574076625	1.13453795360507	1.00337029870167	1.03295419003761	1.00337029870167	1.84507851613357	1.10092574076625	1.0035719771573	1.10092573187823	6.49999999999999	0.305581579143118	0.0892763284526477	0.305581579143127	0.483070553306819	0.10020524917157	0.0149710395267172	0.100205250691326	0.118052246992494	0.0146861893288009	-0.0399371547363232	0.0146861893288018	0.483070553306838	0.100205250691326	0.0149710395267181	0.100205249171574
1	1.42146466475259	1.08361240316837	1.42146466475261	1.84507900845401	1.10092573024216	1.00357197707521	1.10092573487558	1.13453794856273	1.00337029868045	1.03295419005365	1.00337029868045	1.84507900845405	1.10092573487558	1.00357197707521	1.10092573024217	6.49999999999999	0.305581567636787	0.0892763289795996	0.305581567636796	0.483070734611155	0.100205247603547	0.0149710393718841	0.100205248399537	0.118052244346525	0.0146861892725127	-0.0399371549249627	0.0146861892725136	0.483070734611174	0.100205248399537	0.014971039371885	0.100205247603551
1	1.42146466543248	1.08361240358708	1.4214646654325	1.84507909975952	1.10092573026684	1.00357197706433	1.10092573299171	1.13453794731935	1.00337029866773	1.03295419006704	1.00337029866773	1.84507909975957	1.10092573299171	1.00357197706433	1.10092573026685	6.49999999999999	0.305581566782872	0.0892763288783391	0.305581566782881	0.483070770550502	0.100205247299315	0.0149710393311618	0.100205247766624	0.118052244277856	0.0146861892669816	-0.0399371548107978	0.0146861892669825	0.483070770550521	0.100205247766624	0.0149710393311627	0.100205247299319
