1	1.03333844048158	1.0537524106552	1.03333844048158	1.03333844048221	1.0593922080983	1.08136870668956	1.0593922080983	1.05375241065551	1.08136870668866	1.09675099102437	1.08136870668866	1.03333844048221	1.0593922080983	1.08136870668956	1.0593922080983	0.614044633208458	0.527612495081384	0.471145832836537	0.527612495081385	0.527612495086438	0.49762046360922	0.474275698104464	0.497620463609208	0.471145832836946	0.474275698100543	0.447682424242451	0.474275698100544	0.527612495086439	0.497620463609208	0.474275698104465	0.497620463609221
1	1.04185187375148	1.06525335059668	1.04185187375148	1.04185187375233	1.07313645231176	1.09837394518465	1.07313645231176	1.06525335059694	1.09837394518324	1.11530729896892	1.09837394518324	1.04185187375233	1.07313645231176	1.09837394518465	1.07313645231176	0.66529126225143	0.56299093750016	0.496035229732317	0.562990937500161	0.562990937505405	0.527789554881848	0.501008371848392	0.527789554881842	0.496035229732737	0.501008371844325	0.470032640289	0.501008371844325	0.562990937505406	0.527789554881841	0.501008371848393	0.52778955488185
1	1.04585498077579	1.07002487953133	1.04585498077579	1.04585498077661	1.07924403209847	1.10593277291922	1.07924403209847	1.07002487953152	1.10593277291778	1.12293817408505	1.10593277291777	1.04585498077661	1.07924403209847	1.10593277291922	1.07924403209847	0.688317857052312	0.579175651106879	0.506716445954841	0.57917565110688	0.579175651111441	0.541333691227848	0.513732583702531	0.541333691227846	0.506716445955189	0.513732583698946	0.480143312632233	0.513732583698946	0.579175651111442	0.541333691227846	0.513732583702532	0.54133369122785
1	1.04768993713399	1.07199807326495	1.04768993713399	1.04768993713471	1.08192867880901	1.10939252299995	1.08192867880901	1.0719980732651	1.10939252299865	1.12618419783858	1.10939252299865	1.04768993713471	1.08192867880901	1.10939252299995	1.08192867880901	0.698664373082932	0.586471650381122	0.511286905157961	0.586471650381123	0.58647165038502	0.5473304251476	0.519699120580265	0.5473304251476	0.511286905158246	0.519699120577165	0.484664168229364	0.519699120577165	0.586471650385021	0.5473304251476	0.519699120580265	0.547330425147602
1	1.04851859830433	1.07281756732836	1.04851859830433	1.04851859830496	1.08310210732276	1.11099513514177	1.08310210732276	1.07281756732848	1.11099513514062	1.12759202531258	1.11099513514062	1.04851859830496	1.08310210732276	1.11099513514177	1.08310210732276	0.703313362427815	0.589735691857703	0.513243038210378	0.589735691857704	0.589735691861111	0.549967841198517	0.522475870765838	0.549967841198519	0.513243038210614	0.522475870763115	0.486676944850208	0.522475870763116	0.589735691861112	0.549967841198519	0.522475870765839	0.549967841198519
1	1.04888973758447	1.07315989156549	1.04888973758447	1.04888973758503	1.08361356289552	1.11174038959045	1.08361356289552	1.0731598915656	1.11174038958942	1.12820910913244	1.11174038958942	1.04888973758503	1.08361356289552	1.11174038959045	1.08361356289552	0.705402288056904	0.59119093303667	0.514081509717387	0.591190933036671	0.591190933039731	0.551124188414984	0.523763184794195	0.551124188414987	0.514081509717592	0.523763184791747	0.487571874495723	0.523763184791748	0.591190933039732	0.551124188414987	0.523763184794196	0.551124188414986
1	1.04905524702884	1.07330362835474	1.04905524702884	1.04905524702935	1.08383615727634	1.11208718134975	1.08383615727634	1.07330362835484	1.11208718134882	1.12848115318285	1.11208718134882	1.04905524702935	1.08383615727634	1.11208718134975	1.08383615727634	0.706340902868119	0.591838864001613	0.514441628385517	0.591838864001614	0.591838864004433	0.551630419971023	0.524358782883545	0.551630419971026	0.514441628385703	0.524358782881296	0.48796974939325	0.524358782881297	0.591838864004435	0.551630419971026	0.524358782883546	0.551630419971025
1	1.04912890201214	1.07336423196569	1.04912890201214	1.04912890201261	1.0839329437157	1.11224847857192	1.0839329437157	1.07336423196578	1.11224847857105	1.12860147824822	1.11224847857105	1.04912890201261	1.0839329437157	1.11224847857192	1.0839329437157	0.706762649663021	0.592127241965685	0.514596634198028	0.592127241965686	0.592127241968315	0.551851869441519	0.524634030108523	0.551851869441521	0.514596634198198	0.524634030106434	0.488146721594698	0.524634030106434	0.592127241968316	0.551851869441521	0.524634030108524	0.55185186944152
1	1.04916165096938	1.07338986932219	1.04916165096938	1.04916165096982	1.08397499655878	1.11232343941722	1.08397499655878	1.07338986932227	1.11232343941641	1.12865480661922	1.11232343941641	1.04916165096982	1.08397499655878	1.11232343941722	1.08397499655878	0.706952152779938	0.592255602738192	0.514663501429232	0.592255602738194	0.592255602740664	0.551948698043129	0.524761139425332	0.551948698043132	0.514663501429393	0.524761139423374	0.488225492586777	0.524761139423374	0.592255602740665	0.551948698043132	0.524761139425332	0.551948698043131
1	1.04917620838544	1.07340074473483	1.04917620838543	1.04917620838585	1.083993255676	1.11235824744249	1.083993255676	1.07340074473491	1.11235824744174	1.1286784759746	1.11235824744174	1.04917620838585	1.083993255676	1.11235824744249	1.08399325567599	0.707037302031812	0.592312754764867	0.514692410343108	0.592312754764868	0.592312754767198	0.551991023098223	0.524819808000392	0.551991023098226	0.514692410343261	0.524819807998549	0.488260581534513	0.524819807998549	0.5923127547672	0.551991023098225	0.524819808000392	0.551991023098224
