1	1.06736823259533	1.12683002292673	1.06736823259533	1.06736823161906	1.1268428482947	1.17108838746158	1.12682720609355	1.12682902533491	1.17108831079367	1.30951095741623	1.17108831079367	1.06736823161906	1.12682720609355	1.17108838746158	1.1268428482947	0.822348647547479	0.711154724199787	0.694965582673447	0.711154724199788	0.711154817309934	0.69499329106307	0.657221025661369	0.694959337796127	0.694963806663201	0.657220910488991	0.801212611249828	0.657220910488992	0.711154817309936	0.694959337796127	0.657221025661369	0.694993291063071
1	1.07933425854308	1.14773454514655	1.07933425854308	1.07933425579189	1.14774501090294	1.19449593200382	1.1477321641178	1.14773381207483	1.1944958551972	1.37240115126439	1.1944958551972	1.07933425579189	1.1477321641178	1.19449593200381	1.14774501090294	0.892249007959126	0.759505352632628	0.740550815958772	0.759505352632629	0.759505416083351	0.740570888425897	0.695024656368852	0.740546121390632	0.740549639013493	0.695024549427025	0.880007851732842	0.695024549427025	0.759505416083352	0.740546121390632	0.695024656368853	0.740570888425899
1	1.08306756820165	1.15288341254043	1.08306756820165	1.08306756610173	1.15289087116947	1.19885828324599	1.15288166462535	1.15288292874054	1.19885821950477	1.39454110218297	1.19885821950476	1.08306756610173	1.15288166462535	1.19885828324599	1.15289087116947	0.934645719684456	0.790784396411545	0.766858209334143	0.790784396411546	0.790784438611181	0.766871716462769	0.719172496734709	0.766854959026202	0.766857457473523	0.719172409633075	0.924741158754776	0.719172409633076	0.790784438611182	0.766854959026202	0.719172496734709	0.766871716462771
1	1.08464162600079	1.15405838133421	1.08464162600079	1.08464162459507	1.15406339727029	1.1997860311	1.15405717437372	1.1540580738087	1.19978598183887	1.40293635618924	1.19978598183887	1.08464162459507	1.15405717437372	1.1997860311	1.15406339727029	0.960360625214838	0.811041025269463	0.782664879125622	0.811041025269465	0.811041052467198	0.782673708844358	0.735189402892495	0.782662699605921	0.78266440573033	0.735189335980305	0.948445469087032	0.735189335980306	0.8110410524672	0.782662699605921	0.735189402892495	0.782673708844359
1	1.08569485396516	1.15460108418791	1.08569485396516	1.08569485296639	1.1546043715291	1.20079758064646	1.15460027312715	1.15460089112119	1.20079754382066	1.40628519607064	1.20079754382066	1.08569485296639	1.15460027312715	1.20079758064646	1.1546043715291	0.975957503817252	0.824057596755322	0.792601663704961	0.824057596755324	0.824057613879021	0.79260737208282	0.746169976398133	0.792600219274204	0.792601367058973	0.746169926533485	0.960640112559753	0.746169926533485	0.824057613879022	0.792600219274204	0.746169976398134	0.792607372082821
1	1.08650878482222	1.15510891668574	1.08650878482222	1.08650878405271	1.15511104537348	1.20209942471092	1.15510837841033	1.15510879589111	1.20209939771316	1.40738142287384	1.20209939771316	1.08650878405271	1.15510837841033	1.20209942471091	1.15511104537348	0.985417488854537	0.832405118266277	0.799062776569375	0.832405118266278	0.832405128870152	0.799066449808802	0.753875539725705	0.799061823798001	0.799062590913171	0.753875503268581	0.966818444710509	0.753875503268582	0.832405128870154	0.799061823798001	0.753875539725705	0.799066449808804
1	1.08711935820767	1.15559388176885	1.08711935820767	1.0871193575912	1.15559525220248	1.20342865884325	1.15559352661061	1.15559380620469	1.2034286393202	1.40742235763657	1.2034286393202	1.08711935759119	1.15559352661061	1.20342865884325	1.15559525220247	0.991155259838981	0.837769873962845	0.803362188129518	0.837769873962847	0.837769880452251	0.803364546607382	0.759358645774442	0.803361561038615	0.803362071927266	0.759358619486204	0.96991686529793	0.759358619486205	0.837769880452252	0.803361561038615	0.759358645774443	0.803364546607384
1	1.08755362151833	1.15601208607673	1.08755362151833	1.08755362102381	1.15601296584846	1.20461175516949	1.15601185239479	1.1560120387588	1.20461174120232	1.40702539095036	1.20461174120232	1.0875536210238	1.15601185239479	1.20461175516948	1.15601296584846	0.994635393871149	0.841233035480885	0.806268984941615	0.841233035480887	0.841233039418601	0.806270497553241	0.763289646066397	0.806268572705408	0.806268912162462	0.763289627315464	0.971456256424326	0.763289627315465	0.841233039418602	0.806268572705408	0.763289646066398	0.806270497553243
1	1.08784969038341	1.15634674254406	1.0878496903834	1.08784968999334	1.15634730654585	1.20558771759496	1.15634658900437	1.15634671287127	1.20558770769083	1.40650644194912	1.20558770769083	1.08784968999334	1.15634658900437	1.20558771759496	1.15634730654585	0.996746201865116	0.843481584489009	0.808256624818591	0.843481584489011	0.84348158686346	0.808257594352836	0.766118403598968	0.808256354039615	0.808256579191962	0.766118390342694	0.972212430905913	0.766118390342695	0.843481586863462	0.808256354039615	0.766118403598968	0.808257594352838
1	1.08804571557907	1.15660240546006	1.08804571557907	1.08804571527816	1.15660276679124	1.20635792524003	1.15660230465527	1.15660238682324	1.20635791826974	1.40601060320407	1.20635791826974	1.08804571527816	1.15660230465527	1.20635792524003	1.15660276679124	0.998026471632629	0.844951117372522	0.809627169085815	0.844951117372524	0.84495111879759	0.809627790324192	0.768157276159899	0.809626991332369	0.809627140448879	0.76815726685775	0.972577876588042	0.76815726685775	0.844951118797592	0.809626991332369	0.7681572761599	0.809627790324194
1	1.08817300924533	1.1567922595951	1.08817300924533	1.08817300901821	1.1567924910164	1.20694932738646	1.15679219344609	1.15679224787098	1.20694932251269	1.40559180617749	1.20694932251269	1.08817300901821	1.15679219344609	1.20694932738646	1.1567924910164	0.998802994501827	0.845918259749058	0.810578224800454	0.845918259749059	0.845918260601218	0.810578622796237	0.769627493596415	0.810578108174844	0.810578206804213	0.76962748711014	0.972750065360482	0.76962748711014	0.84591826060122	0.810578108174844	0.769627493596416	0.810578622796239
1	1.08825464569335	1.15693078887489	1.08825464569335	1.08825464552521	1.15693093707647	1.20739537032017	1.15693074548458	1.15693078148762	1.20739536693148	1.40526001775557	1.20739536693148	1.08825464552521	1.15693074548458	1.20739537032017	1.15693093707647	0.999273979432558	0.846559337552553	0.811241436900835	0.846559337552555	0.84655933806064	0.811241691854186	0.770687465457465	0.811241360418376	0.811241425576338	0.770687460959155	0.972827841325532	0.770687460959156	0.846559338060642	0.811241360418376	0.770687465457466	0.811241691854188
1	1.08830660149259	1.15703075444182	1.08830660149259	1.08830660137016	1.15703084934756	1.20772766642481	1.15703072599044	1.15703074977973	1.20772766408024	1.40500681694797	1.20772766408024	1.08830660137016	1.15703072599044	1.20772766642481	1.15703084934756	0.999559646245598	0.846987323479866	0.811705709858127	0.846987323479868	0.846987323782066	0.81170587317313	0.771451270428112	0.811705659724147	0.811705702721991	0.771451267323073	0.972860361225029	0.771451267323073	0.846987323782068	0.811705659724147	0.771451270428113	0.811705873173132
1	1.08833952761351	1.15710238178244	1.08833952761351	1.08833952752559	1.15710244255951	1.20797305165218	1.15710236313338	1.15710237883551	1.20797305003696	1.40481803386024	1.20797305003696	1.08833952752559	1.15710236313338	1.20797305165218	1.15710244255951	0.999732911933186	0.847275042550891	0.81203171513543	0.847275042550893	0.847275042730251	0.812031819748666	0.772001286242067	0.812031682287221	0.8120317106321	0.772001284107471	0.97287184268185	0.772001284107472	0.847275042730252	0.812031682287221	0.772001286242068	0.812031819748668
1	1.08836035795416	1.15715346997032	1.08836035795416	1.08836035789175	1.15715350889294	1.20815307927451	1.15715345775089	1.15715346810459	1.20815307816595	1.40467937402884	1.20815307816595	1.08836035789175	1.15715345775089	1.20815307927451	1.15715350889294	0.999838002887905	0.847469756965816	0.812261195361295	0.847469756965818	0.847469757072063	0.812261262372799	0.772397058976498	0.812261173848064	0.812261192515221	0.772397057514251	0.972874046306091	0.772397057514252	0.847469757072065	0.812261173848064	0.772397058976499	0.812261262372801
1	1.08837353871079	1.15718980166374	1.08837353871079	1.08837353866691	1.1571898265914	1.2082845034645	1.15718979366018	1.15718980048065	1.20828450270619	1.40457852844011	1.20828450270619	1.08837353866691	1.15718979366018	1.2082845034645	1.1571898265914	0.999901743775472	0.847602358612977	0.812423053998055	0.847602358612979	0.847602358675797	0.812423096923846	0.772681632047552	0.812423039914289	0.812423052196647	0.772681631048998	0.972872554916715	0.772681631048999	0.847602358675799	0.812423039914289	0.772681632047553	0.812423096923849
1	1.08838189364015	1.15721559142535	1.08838189364015	1.08838189360955	1.1572156073907	1.20838007695841	1.1572155861851	1.15721559067394	1.2083800764412	1.4045056637747	1.2083800764412	1.08838189360955	1.1572155861851	1.20838007695841	1.1572156073907	0.999940404579034	0.847693187784489	0.812537405747119	0.847693187784491	0.847693187821563	0.812537433244779	0.772886103533345	0.812537396530827	0.812537404605182	0.772886102853312	0.972869921064237	0.772886102853313	0.847693187821564	0.812537396530827	0.772886103533346	0.812537433244781
1	1.08838720562068	1.15723387778695	1.08838720562068	1.08838720559949	1.15723388801262	1.20844936796336	1.15723387435724	1.15723387730895	1.2084493676115	1.40445324610244	1.2084493676115	1.08838720559949	1.15723387435724	1.20844936796336	1.15723388801261	0.999963853542497	0.847755736099755	0.812618305397269	0.847755736099757	0.847755736121592	0.812618323012281	0.773032923189815	0.812618299368578	0.812618304672256	0.773032922727823	0.972867236172392	0.773032922727824	0.847755736121594	0.812618299368578	0.773032923189816	0.812618323012283
1	1.08839059675841	1.15724683607448	1.08839059675841	1.08839059674381	1.15724684262415	1.20849948169381	1.15724683383059	1.15724683576992	1.208499481455	1.40441564732325	1.208499481455	1.08839059674381	1.15724683383059	1.20849948169381	1.15724684262415	0.999978076058419	0.847799017491008	0.812675605262364	0.84779901749101	0.847799017503845	0.812675616546826	0.773138282541537	0.812675601320295	0.812675604801337	0.773138282228349	0.972864906246151	0.77313828222835	0.847799017503847	0.812675601320295	0.773138282541538	0.812675616546828
1	1.08839277253132	1.15725601651446	1.08839277253132	1.08839277252131	1.15725602070976	1.20853565342252	1.15725601504692	1.1572560163201	1.20853565326077	1.40438873095288	1.20853565326077	1.08839277252131	1.15725601504692	1.20853565342252	1.15725602070976	0.999986702453932	0.8478290965592	0.81271622987169	0.847829096559202	0.847829096566727	0.812716237100876	0.773213848553902	0.812716227294985	0.812716229578067	0.773213848341996	0.972863030338406	0.773213848341997	0.847829096566729	0.812716227294985	0.773213848553903	0.812716237100878
1	1.08839417650855	1.15726252051486	1.08839417650855	1.08839417650172	1.1572625232022	1.20856172016729	1.15726251955542	1.15726252039063	1.20856172005793	1.40436948545625	1.20856172005793	1.08839417650172	1.15726251955542	1.20856172016729	1.1572625232022	0.999991934628961	0.847850080900014	0.812745056485636	0.847850080900016	0.847850080904417	0.812745061116999	0.773268019692343	0.812745054801995	0.812745056298336	0.773268019549209	0.97286158158398	0.77326801954921	0.847850080904419	0.812745054801995	0.773268019692343	0.812745061117001
1	1.0883950881837	1.1572671291619	1.0883950881837	1.08839508817905	1.15726713088334	1.20858048006559	1.15726712853485	1.15726712908237	1.20858047999176	1.40435573541795	1.20858047999176	1.08839508817905	1.15726712853485	1.20858048006559	1.15726713088334	0.999995108103977	0.847864769999528	0.812765526492696	0.84786476999953	0.847864770002096	0.812765529459843	0.773306836619469	0.812765525392969	0.812765526373029	0.773306836522936	0.972860490750544	0.773306836522937	0.847864770002098	0.81276552539297	0.77330683661947	0.812765529459845
1	1.08839568417968	1.15727039573612	1.08839568417968	1.08839568417653	1.15727039683886	1.20859396646689	1.15727039532646	1.15727039568513	1.20859396641713	1.40434591636221	1.20859396641713	1.08839568417653	1.15727039532646	1.20859396646689	1.15727039683886	0.999997032913826	0.847875082866356	0.812780071765653	0.847875082866358	0.847875082867849	0.812780073666652	0.773334640668915	0.812780071047571	0.812780071689078	0.773334640603901	0.972859682723188	0.773334640603901	0.84787508286785	0.812780071047572	0.773334640668915	0.812780073666654
1	1.08839607653819	1.15727271190365	1.08839607653819	1.08839607653606	1.15727271261006	1.20860365290843	1.1572727116361	1.1572727118709	1.20860365287493	1.40433890632871	1.20860365287493	1.08839607653606	1.1572727116361	1.20860365290843	1.15727271261006	0.999998200369759	0.847882341916844	0.812790412979103	0.847882341916846	0.847882341917709	0.812790414197072	0.773354549611333	0.81279041251037	0.812790412930027	0.773354549567599	0.972859090676183	0.7733545495676	0.847882341917711	0.81279041251037	0.773354549611333	0.812790414197074
1	1.088396336669	1.15727435485359	1.088396336669	1.08839633666756	1.15727435530612	1.20861060484118	1.15727435467891	1.15727435483253	1.20861060481866	1.4043339022047	1.20861060481866	1.08839633666756	1.15727435467891	1.20861060484118	1.15727435530612	0.999998908467197	0.84788746280303	0.812797768921001	0.847887462803032	0.847887462803529	0.812797769701377	0.773368801039168	0.812797768615126	0.8127977688895	0.773368801009783	0.972858660107863	0.773368801009784	0.84788746280353	0.812797768615126	0.773368801039169	0.812797769701379
1	1.08839651033198	1.15727552075804	1.08839651033198	1.08839651033102	1.15727552104792	1.20861559125391	1.15727552064403	1.15727552074447	1.20861559123879	1.40433032975332	1.20861559123879	1.08839651033101	1.15727552064403	1.20861559125391	1.15727552104792	0.999999337949499	0.847891082240365	0.812803003693863	0.847891082240366	0.847891082240648	0.812803004193885	0.773378999908716	0.812803003494319	0.812803003673611	0.77337899988899	0.972858348607284	0.77337899988899	0.84789108224065	0.812803003494319	0.773378999908716	0.812803004193887
1	1.08839662692482	1.1572763484252	1.08839662692482	1.08839662692417	1.15727634861085	1.20861916740077	1.15727634835083	1.15727634841645	1.20861916739062	1.4043277769943	1.20861916739062	1.08839662692417	1.15727634835083	1.20861916740077	1.15727634861085	0.999999598442234	0.84789364469092	0.812806730448245	0.847893644690922	0.847893644691082	0.812806730768655	0.773386296532559	0.812806730318099	0.812806730435205	0.77338629651933	0.972858124135263	0.77338629651933	0.847893644691084	0.812806730318099	0.77338629653256	0.812806730768656
1	1.08839670607766	1.15727693643492	1.08839670607766	1.08839670607723	1.15727693655384	1.20862172714695	1.15727693638641	1.15727693642926	1.20862172714015	1.40432595874693	1.20862172714015	1.08839670607722	1.15727693638641	1.20862172714695	1.15727693655384	0.999999756440575	0.847895461239634	0.812809384486693	0.847895461239636	0.847895461239726	0.812809384692011	0.773391516617668	0.812809384401836	0.812809384478285	0.773391516608801	0.972857962635945	0.773391516608802	0.847895461239728	0.812809384401836	0.773391516617669	0.812809384692013
1	1.08839676006151	1.15727735428593	1.08839676006151	1.08839676006121	1.15727735436212	1.20862355970727	1.1572773542543	1.15727735428227	1.20862355970271	1.40432466175324	1.20862355970271	1.08839676006121	1.1572773542543	1.20862355970726	1.15727735436212	0.999999852272329	0.847896750578226	0.812811275201862	0.847896750578228	0.847896750578278	0.812811275333433	0.773395250353781	0.812811275146549	0.812811275196433	0.773395250347846	0.972857846699831	0.773395250347846	0.847896750578279	0.81281127514655	0.773395250353782	0.812811275333435
1	1.08839679706816	1.15727765132555	1.08839679706816	1.08839679706796	1.15727765137437	1.20862487152202	1.15727765130493	1.15727765132318	1.20862487151897	1.40432373608093	1.20862487151897	1.08839679706796	1.15727765130493	1.20862487152202	1.15727765137437	0.999999910397782	0.847897666654645	0.81281262252014	0.847897666654646	0.847897666654673	0.812812622604455	0.77339792051742	0.812812622484096	0.81281262251663	0.773397920513449	0.972857763594414	0.773397920513449	0.847897666654675	0.812812622484096	0.773397920517421	0.812812622604457
1	1.08839682256534	1.15727786256482	1.08839682256534	1.08839682256521	1.15727786259609	1.20862581038044	1.15727786255137	1.15727786256328	1.2086258103784	1.40432307527643	1.2086258103784	1.08839682256521	1.15727786255137	1.20862581038044	1.15727786259609	0.999999945652988	0.847898318090124	0.812813582861255	0.847898318090126	0.847898318090139	0.812813582915287	0.77339982980756	0.812813582837773	0.812813582858982	0.773399829804906	0.972857704083143	0.773399829804906	0.84789831809014	0.812813582837773	0.773399829807561	0.812813582915289
1	1.08839684021615	1.15727801284406	1.08839684021615	1.08839684021606	1.1572780128641	1.20862648217201	1.1572780128353	1.15727801284306	1.20862648217064	1.40432260349781	1.20862648217064	1.08839684021606	1.1572780128353	1.20862648217201	1.1572780128641	0.999999967036556	0.847898781672926	0.812814267529518	0.847898781672928	0.847898781672934	0.812814267564143	0.773401194875685	0.812814267514221	0.812814267528043	0.773401194873912	0.972857661498077	0.773401194873912	0.847898781672936	0.812814267514222	0.773401194875686	0.812814267564145
1	1.08839685248803	1.15727811979354	1.08839685248803	1.08839685248798	1.15727811980639	1.20862696276907	1.15727811978784	1.15727811979289	1.20862696276816	1.4043222666477	1.20862696276816	1.08839685248798	1.15727811978784	1.20862696276907	1.15727811980638	0.999999980006469	0.847899111776135	0.812814755758827	0.847899111776137	0.847899111776139	0.812814755781015	0.773402170745562	0.812814755748865	0.812814755757867	0.773402170744378	0.972857631040738	0.773402170744378	0.847899111776141	0.812814755748865	0.773402170745563	0.812814755781017
1	1.08839686105315	1.15727819593189	1.08839686105315	1.08839686105311	1.15727819594012	1.20862730652381	1.15727819592817	1.15727819593146	1.2086273065232	1.40432202612185	1.2086273065232	1.08839686105311	1.15727819592817	1.20862730652381	1.15727819594011	0.999999987873195	0.847899346954111	0.81281510397366	0.847899346954113	0.847899346954112	0.812815103987881	0.773402868319775	0.812815103967177	0.812815103973037	0.773402868318982	0.972857609265374	0.773402868318983	0.847899346954114	0.812815103967177	0.773402868319776	0.812815103987883
1	1.08839686705149	1.15727825015226	1.08839686705149	1.08839686705146	1.15727825015753	1.20862755236047	1.15727825014983	1.15727825015198	1.20862755236006	1.40432185436665	1.20862755236006	1.08839686705146	1.15727825014983	1.20862755236047	1.15727825015753	0.99999999264465	0.847899514576659	0.812815352368319	0.84789951457666	0.847899514576661	0.812815352377432	0.773403366922608	0.812815352364101	0.812815352367915	0.773403366922079	0.972857593701338	0.77340336692208	0.847899514576663	0.812815352364101	0.773403366922609	0.812815352377434
1	1.08839687126476	1.15727828877521	1.08839687126476	1.08839687126475	1.15727828877859	1.20862772814626	1.15727828877363	1.15727828877503	1.20862772814599	1.40432173171356	1.20862772814599	1.08839687126475	1.15727828877363	1.20862772814626	1.15727828877858	0.999999995538712	0.847899634092932	0.812815529583713	0.847899634092934	0.847899634092933	0.812815529589555	0.773403723282755	0.81281552958097	0.812815529583452	0.773403723282402	0.972857582579038	0.773403723282402	0.847899634092935	0.81281552958097	0.773403723282756	0.812815529589557
1	1.08839687423183	1.15727831629483	1.08839687423183	1.08839687423181	1.157278316297	1.20862785382675	1.15727831629381	1.15727831629471	1.20862785382657	1.40432164412138	1.20862785382657	1.08839687423181	1.15727831629381	1.20862785382675	1.157278316297	0.999999997294067	0.847899719335211	0.812815656033544	0.847899719335212	0.847899719335212	0.812815656037289	0.773403977964169	0.812815656031761	0.812815656033373	0.773403977963936	0.972857574631988	0.773403977963936	0.847899719335213	0.812815656031761	0.77340397796417	0.812815656037291
