1	1.09811943358421	1.21932039632356	1.09811943358421	1.08804271482036	1.15709003368164	1.21333961941464	1.15709003339674	1.12474329690101	1.18405374189447	1.3020214353715	1.18405374189447	1.08804271482036	1.15709003339674	1.21333961941464	1.15709003368164	0.83666	0.675389862487251	0.706479648268096	0.675389862487253	0.672840360588017	0.629217254451121	0.597842327600498	0.629217253088853	0.587579601378483	0.568200014316421	0.662723362920486	0.568200014316423	0.672840360588019	0.629217253088853	0.597842327600499	0.629217254451123
1	1.09467074494228	1.19545139986596	1.09467074494228	1.09065523832934	1.15706623125228	1.2076705041178	1.15706623080303	1.13722834177073	1.18862791850292	1.33127011579551	1.18862791850292	1.09065523832934	1.15706623080303	1.2076705041178	1.15706623125228	0.83666	0.673005937956759	0.676818149891506	0.673005937956761	0.670972485798569	0.629672019349773	0.591875964617814	0.629672018343329	0.60617900539818	0.572306803804843	0.695103085275635	0.572306803804844	0.670972485798571	0.629672018343329	0.591875964617814	0.629672019349775
1	1.09282328782946	1.18045206145802	1.09282328782946	1.09107284296218	1.15685587526494	1.20322163983973	1.15685587485666	1.14526378958678	1.19083878134051	1.35418559024731	1.19083878134051	1.09107284296218	1.15685587485666	1.20322163983973	1.15685587526493	0.83666	0.67028298761613	0.659334237740724	0.670282987616132	0.6688574528919	0.629872922428205	0.586946423371264	0.629872921677241	0.617094546352093	0.574168377442245	0.715123207148851	0.574168377442246	0.668857452891902	0.629872921677241	0.586946423371265	0.629872922428207
1	1.09165859964794	1.17133563917988	1.09165859964794	1.09081080404053	1.15667595871184	1.19986131560951	1.15667595838372	1.15018338894276	1.19182422504703	1.36952597408056	1.19182422504703	1.09081080404053	1.15667595838372	1.19986131560951	1.15667595871184	0.83666	0.667984658325743	0.648720190498981	0.667984658325745	0.667035709911546	0.62999767156843	0.583234788242578	0.629997671005145	0.623389913545211	0.574941173334943	0.727128398880583	0.574941173334944	0.667035709911548	0.629997671005145	0.583234788242578	0.629997671568432
1	1.09087651169504	1.16581502349277	1.09087651169504	1.09042104493117	1.15657621405431	1.19743251832128	1.1565762138011	1.15310884406047	1.19222512622629	1.37909707606283	1.19222512622629	1.09042104493117	1.1565762138011	1.19743251832128	1.15657621405431	0.83666	0.666255935309562	0.642170464333845	0.666255935309564	0.665638271097059	0.630104444163626	0.58057467753415	0.630104443739937	0.626958807875606	0.575209941078394	0.734172458376803	0.575209941078395	0.66563827109706	0.630104443739936	0.58057467753415	0.630104444163628
1	1.09034515382235	1.16245190153252	1.09034515382235	1.09007905469094	1.15654336384195	1.19573258565354	1.15654336364938	1.15481269987173	1.19236326888822	1.38485461269789	1.19236326888822	1.09007905469093	1.15654336364938	1.19573258565354	1.15654336384195	0.83666	0.665028959768932	0.6380840920994	0.665028959768934	0.664630627834862	0.630206955773085	0.578722840342136	0.630206955453883	0.628941573535658	0.57525978641571	0.738252695150287	0.575259786415711	0.664630627834864	0.630206955453883	0.578722840342137	0.630206955773087
1	1.08998650232807	1.16038450417354	1.08998650232807	1.08982185757108	1.15655196366697	1.19456835526812	1.15655196352126	1.15578599370452	1.19239072742076	1.38825140815792	1.19239072742076	1.08982185757108	1.15655196352126	1.19456835526812	1.15655196366697	0.83666	0.664186907275214	0.635511552733219	0.664186907275216	0.663930759179188	0.630304606762586	0.577457540983651	0.63030460652186	0.630013747952944	0.575225100125869	0.740601091540014	0.57522510012587	0.66393075917919	0.63030460652186	0.577457540983652	0.630304606762589
1	1.08974704751907	1.15910095275688	1.08974704751907	1.08964158491343	1.15658123313953	1.19378264217512	1.15658123302946	1.15632950426139	1.19237651438905	1.39023598609489	1.19237651438905	1.08964158491343	1.15658123302946	1.19378264217512	1.15658123313953	0.83666	0.663621304298541	0.633878165380492	0.663621304298543	0.663456551163196	0.630394019591523	0.576604100470458	0.630394019409863	0.630570737433364	0.575166374059161	0.74194981443886	0.575166374059162	0.663456551163198	0.630394019409863	0.576604100470459	0.630394019591525
1	1.08958885736454	1.15829589601035	1.08958885736454	1.08952000113257	1.15661780433662	1.19325779219164	1.1566178042535	1.1566238289106	1.19235056237637	1.39139090068516	1.19235056237637	1.08952000113257	1.1566178042535	1.19325779219164	1.15661780433662	0.83666	0.66324695862267	0.632831968599241	0.663246958622672	0.663140817451171	0.630472688754405	0.576033889050979	0.630472688617254	0.630841567087889	0.575108671277087	0.742724802137499	0.575108671277088	0.663140817451173	0.630472688617253	0.57603388905098	0.630472688754407
1	1.08948529211128	1.15778567715077	1.08948529211128	1.08943989799028	1.15665424189182	1.19290980135853	1.15665424182905	1.15677597461795	1.19232487991025	1.39206271246675	1.19232487991025	1.08943989799028	1.15665424182905	1.19290980135853	1.15665424189182	0.83666	0.663001838123937	0.63215563916271	0.663001838123939	0.662933308946771	0.630539634962797	0.575655673122804	0.630539634859221	0.630957452524539	0.575060637986825	0.743171081470037	0.575060637986826	0.662933308946773	0.630539634859221	0.575655673122805	0.630539634962799
1	1.0894179871506	1.15745883934371	1.0894179871506	1.08938793012798	1.15668698864204	1.19268037321114	1.15668698859463	1.15684863633867	1.19230350243255	1.39245418233339	1.19230350243255	1.08938793012798	1.15668698859463	1.19268037321114	1.15668698864203	0.83666	0.66284262151415	0.631714095639869	0.662842621514151	0.662798280463428	0.630595111100473	0.575406244854526	0.630595111022239	0.630992597402165	0.575023764159372	0.743428899318175	0.575023764159372	0.66279828046343	0.630595111022239	0.575406244854527	0.630595111100475
1	1.08937450690552	1.15724714643174	1.08937450690552	1.08935457495048	1.15671475292537	1.19252978331836	1.15671475288956	1.15687811518104	1.1922871075425	1.39268299281942	1.1922871075425	1.08935457495048	1.15671475288956	1.19252978331836	1.15671475292537	0.83666	0.662739845833212	0.631422827482144	0.662739845833214	0.662711097601654	0.630640128648736	0.57524251531929	0.630640128589635	0.630988247414686	0.574996776237436	0.74357841998052	0.574996776237437	0.662711097601656	0.630640128589635	0.575242515319291	0.630640128648738
1	1.08934655137207	1.15710846028403	1.08934655137207	1.08933333399497	1.15673744494096	1.1924312945405	1.15673744491391	1.15688513527993	1.19227511661352	1.39281724618547	1.19227511661352	1.08933333399497	1.15673744491391	1.1924312945405	1.15673744494096	0.83666	0.662673827880474	0.631228613472203	0.662673827880476	0.662655156818534	0.63067605893448	0.575135451488578	0.630676058889825	0.630966778307211	0.574977632652921	0.743665508664075	0.574977632652922	0.662655156818535	0.630676058889825	0.575135451488578	0.630676058934482
1	1.089328645914	1.15701653829468	1.089328645914	1.08931988841893	1.15675553984459	1.1923670717244	1.15675553982415	1.15688130497558	1.19226661242502	1.39289635909088	1.19226661242502	1.08931988841893	1.15675553982415	1.1923670717244	1.15675553984459	0.83666	0.662631586339677	0.631097691438806	0.662631586339679	0.66261944294946	0.630704361502932	0.57506566499666	0.630704361469192	0.630939889758676	0.574964348283597	0.743716467293793	0.574964348283598	0.662619442949462	0.630704361469192	0.575065664996661	0.630704361502934
1	1.08931721260494	1.1569548933924	1.08931721260494	1.08931141727732	1.15676972185192	1.1923252975686	1.15676972183647	1.15687295328244	1.19226070909812	1.39294319193885	1.19226070909812	1.08931141727732	1.15676972183647	1.1923252975686	1.15676972185191	0.83666	0.662604642245409	0.631008470779238	0.66260464224541	0.662596735683638	0.630726422791715	0.575020298651226	0.630726422766222	0.63091333937467	0.574955277288618	0.743746427525094	0.574955277288618	0.66259673568364	0.630726422766222	0.575020298651227	0.630726422791717
1	1.08930992989521	1.15691307196111	1.08930992989521	1.08930610034221	1.15678069896944	1.19229818363344	1.15678069895777	1.15686339253167	1.19225667524266	1.39297104454619	1.19225667524265	1.08930610034221	1.15678069895777	1.19229818363344	1.15678069896944	0.83666	0.662587498556524	0.630947021785111	0.662587498556526	0.662582346418895	0.630743475054507	0.574990873974994	0.630743475035244	0.63088965398166	0.574949158735678	0.743764128079378	0.574949158735679	0.662582346418897	0.630743475035244	0.574990873974995	0.630743475054509
1	1.08930530007428	1.15688437810136	1.08930530007428	1.08930277330331	1.15678911833828	1.19228061653425	1.15678911832946	1.15685423937758	1.19225395151361	1.39298768782449	1.19225395151361	1.08930277330331	1.15678911832946	1.19228061653425	1.15678911833827	0.83666	0.662576612280903	0.630904271457648	0.662576612280904	0.662573253162793	0.630756566396897	0.574971826242236	0.630756566382341	0.630869665580709	0.574945070940595	0.743774636723178	0.574945070940596	0.662573253162795	0.630756566382341	0.574971826242236	0.630756566396899
1	1.08930236132027	1.15686447990453	1.08930236132026	1.08930069666288	1.15679553188316	1.19226925271794	1.1567955318765	1.15684618437037	1.1922521295289	1.39299767911155	1.19225212952889	1.08930069666287	1.1567955318765	1.19226925271794	1.15679553188316	0.83666	0.66256971040609	0.630874248900052	0.662569710406092	0.662567519615374	0.630766561910067	0.574959516442009	0.630766561899069	0.630853366777342	0.574942360599113	0.743780905921653	0.574942360599114	0.662567519615376	0.630766561899069	0.57495951644201	0.630766561910069
1	1.0893004982288	1.1568505434509	1.0893004982288	1.08929940317311	1.15680039229231	1.19226191177002	1.15680039228727	1.15683943014952	1.19225091982867	1.39300370415989	1.19225091982867	1.08929940317311	1.15680039228727	1.19226191177002	1.15680039229231	0.83666	0.662565340077171	0.630852982514756	0.662565340077173	0.662563911088817	0.630774159864977	0.574951572524706	0.630774159856668	0.630840377335665	0.574940574589774	0.743784663831816	0.574940574589774	0.662563911088819	0.630774159856668	0.574951572524707	0.630774159864979
1	1.0892993181944	1.15684069352646	1.0892993181944	1.08929859886353	1.15680406127518	1.19225717525711	1.15680406127138	1.15683393850318	1.19225012151854	1.39300735328482	1.19225012151854	1.08929859886353	1.15680406127138	1.19225717525711	1.15680406127518	0.83666	0.662562575408403	0.630837801515676	0.662562575408404	0.662561643355116	0.630779914558708	0.57494645243859	0.630779914552429	0.630830189843849	0.574939403601753	0.743786926867594	0.574939403601753	0.662561643355118	0.630779914552429	0.574946452438591	0.63077991455871
1	1.08929857131964	1.15683367479039	1.08929857131964	1.08929809943798	1.1568068226647	1.19225412236499	1.15680682266183	1.15682956609731	1.19224959732813	1.39300957264922	1.19224959732813	1.08929809943798	1.15680682266183	1.19225412236499	1.1568068226647	0.83666	0.662560827758372	0.630826890128621	0.662560827758374	0.662560219935806	0.630784260393242	0.574943155978295	0.630784260388497	0.630822292055789	0.574938639062902	0.743788295779412	0.574938639062903	0.662560219935808	0.630784260388497	0.574943155978295	0.630784260393244
1	1.08929818492051	1.15682877983613	1.08929818492051	1.08929770188659	1.15680889511232	1.19225222842046	1.15680889511015	1.15682599206194	1.19224917751139	1.39301092898766	1.19224917751139	1.08929770188659	1.15680889511015	1.19225222842046	1.15680889511232	0.83666	0.662559744938539	0.630818976560762	0.662559744938541	0.662559304617553	0.630787536105098	0.574941080541752	0.630787536101513	0.630816249014847	0.574938090554328	0.743789137809743	0.574938090554328	0.662559304617555	0.630787536101513	0.574941080541753	0.6307875361051
1	1.08929788782924	1.15682512996035	1.08929788782924	1.08929750793218	1.15681045099977	1.19225097417424	1.15681045099813	1.15682333905936	1.19224894083691	1.39301176474031	1.19224894083691	1.08929750793218	1.15681045099813	1.19225097417424	1.15681045099977	0.83666	0.662559054971903	0.630813243548224	0.662559054971904	0.662558737105779	0.630789997851111	0.5749397311617	0.630789997848402	0.630811614359117	0.574937753027021	0.743789646603497	0.574937753027022	0.662558737105781	0.630789997848402	0.5749397311617	0.630789997851113
1	1.08929768096451	1.15682245429944	1.08929768096451	1.08929740727693	1.15681161422872	1.19225015280957	1.15681161422748	1.1568213290427	1.19224880445914	1.3930122764129	1.19224880445914	1.08929740727693	1.15681161422748	1.19225015280957	1.15681161422872	0.83666	0.66255861414243	0.630809062925952	0.662558614142431	0.662558387055236	0.630791845902978	0.574938853859889	0.630791845900933	0.630808086403355	0.574937546474966	0.743789955809422	0.574937546474966	0.662558387055238	0.630791845900933	0.57493885385989	0.63079184590298
1	1.08929754274064	1.15682049793845	1.08929754274063	1.08929735290211	1.15681248357325	1.19224961696585	1.15681248357231	1.15681979734893	1.19224872530861	1.39301259046555	1.19224872530861	1.08929735290211	1.15681248357231	1.19224961696585	1.15681248357324	0.83666	0.662558332186389	0.630806000695932	0.662558332186391	0.66255817181408	0.630793231537028	0.574938283928759	0.630793231535482	0.630805414286962	0.574937420740822	0.743790144518722	0.574937420740823	0.662558171814081	0.630793231535482	0.574938283928759	0.63079323153703
1	1.08929745213322	1.15681906582889	1.08929745213322	1.08929732288651	1.15681313296349	1.19224926811754	1.15681313296279	1.15681863108473	1.19224867948888	1.39301278379219	1.19224867948888	1.08929732288651	1.15681313296279	1.19224926811754	1.15681313296349	0.83666	0.662558151792721	0.630803749950107	0.662558151792723	0.662558039732618	0.630794269417329	0.57493791396034	0.630794269416161	0.630803397426446	0.574937344602182	0.74379026012195	0.574937344602182	0.662558039732619	0.630794269416161	0.57493791396034	0.630794269417331
1	1.08929739329078	1.15681801504948	1.08929739329078	1.08929730618413	1.15681361782974	1.19224904130021	1.1568136178292	1.15681774544262	1.19224865319706	1.39301290314785	1.19224865319706	1.08929730618413	1.1568136178292	1.19224904130021	1.15681361782974	0.83666	0.66255803638163	0.630802091115856	0.662558036381632	0.662557958797222	0.630795046184782	0.574937673963131	0.630795046183899	0.630801879041779	0.574937298751046	0.743790331182259	0.574937298751046	0.662557958797224	0.630795046183899	0.574937673963131	0.630795046184784
1	1.0892973552553	1.15681724215575	1.0892973552553	1.08929729690543	1.15681397971848	1.19224889395862	1.15681397971808	1.15681707485086	1.19224863831911	1.39301297703607	1.19224863831911	1.08929729690543	1.15681397971808	1.19224889395862	1.15681397971848	0.83666	0.662557962555734	0.63080086582055	0.662557962555736	0.66255790925802	0.630795627143737	0.574937518373574	0.630795627143069	0.630800738168119	0.574937271307373	0.743790374997821	0.574937271307374	0.662557909258021	0.630795627143069	0.574937518373575	0.630795627143739
1	1.08929733072722	1.15681667236827	1.08929733072721	1.08929729179802	1.15681424974156	1.19224879831064	1.15681424974125	1.15681656841655	1.19224863006253	1.3930130228913	1.19224863006253	1.08929729179802	1.15681424974125	1.19224879831064	1.15681424974156	0.83666	0.662557915338343	0.630799959125761	0.662557915338345	0.662557878964939	0.630796061417956	0.57493741755957	0.63079606141745	0.630799882250458	0.574937254994576	0.743790402090939	0.574937254994577	0.662557878964941	0.63079606141745	0.574937417559571	0.630796061417958
1	1.08929731492849	1.15681625148747	1.08929731492848	1.08929728903202	1.1568144511746	1.19224873625488	1.15681445117437	1.15681618679851	1.19224862560297	1.39301305141358	1.19224862560297	1.08929728903202	1.15681445117437	1.19224873625488	1.1568144511746	0.83666	0.662557885143106	0.630799287202642	0.662557885143108	0.662557860457476	0.63079638589997	0.574937352268092	0.630796385899586	0.630799240883955	0.574937245375541	0.743790418886755	0.574937245375541	0.662557860457478	0.630796385899586	0.574937352268093	0.630796385899972
1	1.08929730475821	1.15681594008254	1.08929730475821	1.08929728757062	1.15681460141614	1.19224869601259	1.15681460141596	1.15681589975822	1.19224862328692	1.39301306919087	1.19224862328692	1.08929728757062	1.15681460141596	1.19224869601259	1.15681460141614	0.83666	0.662557865834894	0.630798788664914	0.662557865834895	0.662557849160357	0.630796628259981	0.57493730999981	0.630796628259691	0.630798760743094	0.574937239757149	0.743790429323256	0.57493723975715	0.662557849160359	0.630796628259691	0.574937309999811	0.630796628259983
1	1.08929729821282	1.15681570935912	1.08929729821282	1.08929728682664	1.1568147134628	1.1922486699267	1.15681471346266	1.15681568417801	1.1922486221557	1.39301308029141	1.1922486221557	1.08929728682664	1.15681471346266	1.1922486699267	1.1568147134628	0.83666	0.662557853488758	0.630798418410984	0.66255785348876	0.662557842270847	0.630796809229047	0.574937282646016	0.630796809228826	0.630798401570238	0.574937236513019	0.743790435821762	0.57493723651302	0.662557842270849	0.630796809228826	0.574937282646017	0.63079680922905
