1	1.00922960363283	1.01662390193492	1.00922960363283	1.00929158911422	1.01702496719718	1.02446439813187	1.01702496719712	1.01786046577025	1.02410219014541	1.03085888178544	1.02410219014541	1.00929158911422	1.01702496719712	1.02446439813187	1.01702496719718	0.424037887638112	0.376380664526155	0.353778185003672	0.376380664526155	0.380487683273636	0.360120536254867	0.350953772206345	0.360120536254165	0.371955245084548	0.348599276664678	0.340206554825068	0.348599276664678	0.380487683273637	0.360120536254165	0.350953772206345	0.360120536254868
1	1.02597336503972	1.04409746526441	1.02597336503972	1.02205702928824	1.04577601785222	1.06433458577756	1.04577601785206	1.0426701174641	1.06034001261821	1.07799832913135	1.06034001261821	1.02205702928824	1.04577601785206	1.06433458577756	1.04577601785222	0.580032708617722	0.535398889447719	0.490861739446468	0.53539888944772	0.529898513188827	0.525861370989037	0.50083738890266	0.525861370988166	0.523981460202336	0.497203652181477	0.483913527318895	0.497203652181477	0.529898513188828	0.525861370988166	0.50083738890266	0.525861370989038
1	1.02669929425858	1.0502267825345	1.02669929425858	1.02712967041923	1.051395800953	1.07242931120319	1.05139580095331	1.05179110817326	1.07063801773195	1.09513035922553	1.07063801773195	1.02712967041923	1.05139580095331	1.07242931120319	1.051395800953	0.637419996304297	0.588977713684505	0.590041003737245	0.588977713684506	0.594716709222872	0.580602057968658	0.570941002309971	0.580602057971735	0.582154209241275	0.560744171873638	0.575928572768819	0.560744171873638	0.594716709222872	0.580602057971735	0.570941002309971	0.580602057968659
1	1.02632315391412	1.05361966901345	1.02632315391412	1.0266599804621	1.04991674926916	1.07313902898331	1.04991674926945	1.05078935809748	1.07016986381693	1.10301907482841	1.07016986381693	1.0266599804621	1.04991674926945	1.07313902898331	1.04991674926916	0.658531599669019	0.607109939167548	0.624167846975152	0.607109939167548	0.614961145116667	0.594711119985915	0.594485703371989	0.594711119987195	0.60415357323261	0.581869278052461	0.624557603737559	0.581869278052461	0.614961145116668	0.594711119987195	0.594485703371989	0.594711119985915
1	1.02571493681885	1.05360489755579	1.02571493681885	1.0260135885852	1.04799854686999	1.07154285627407	1.04799854687012	1.04994928328652	1.06858201283873	1.10714284663615	1.06858201283873	1.0260135885852	1.04799854687012	1.07154285627407	1.04799854686999	0.666298124525113	0.612171304217016	0.63068911467649	0.612171304217017	0.618629567090114	0.59417205184307	0.596622151107027	0.594172051843557	0.610895945355225	0.584979898979699	0.64542804740653	0.5849798989797	0.618629567090115	0.594172051843557	0.596622151107028	0.594172051843071
1	1.02547511308751	1.0531245024587	1.02547511308751	1.02572186591494	1.04696009302918	1.07028294480497	1.04696009302923	1.04971795899144	1.06766648107448	1.10946409825269	1.06766648107448	1.02572186591493	1.04696009302923	1.07028294480497	1.04696009302918	0.669155269355702	0.61355831270799	0.630362993853088	0.61355831270799	0.618765853909103	0.591992799904674	0.594509542493689	0.591992799904855	0.612603177773244	0.584319169131353	0.653239126937805	0.584319169131353	0.618765853909103	0.591992799904855	0.594509542493689	0.591992799904674
1	1.02542032779711	1.05278316453625	1.02542032779711	1.02562020021195	1.04649854146523	1.06955973251255	1.04649854146525	1.04969256331891	1.06724696797114	1.11064409644669	1.06724696797114	1.02562020021195	1.04649854146525	1.06955973251255	1.04649854146523	0.670206354182834	0.613867164745427	0.629105622848555	0.613867164745427	0.61835658461934	0.590421799717203	0.592451642475303	0.59042179971727	0.612888682110802	0.583351722990325	0.656079248722022	0.583351722990325	0.618356584619341	0.59042179971727	0.592451642475304	0.590421799717204
1	1.02541118736173	1.05256667342529	1.02541118736173	1.02558340682293	1.04628711136155	1.06914241719594	1.04628711136156	1.04969950646407	1.06704151808855	1.11119256263515	1.06704151808855	1.02558340682293	1.04628711136156	1.06914241719594	1.04628711136155	0.670593026689332	0.613865869305396	0.628046185438253	0.613865869305396	0.617968690827169	0.589447816257816	0.590985962361783	0.589447816257841	0.612808693651287	0.582612032494821	0.657130319291352	0.582612032494821	0.617968690827169	0.589447816257841	0.590985962361784	0.589447816257817
1	1.02540998985965	1.05243062948293	1.02540998985965	1.02556807219375	1.0461826118054	1.0688928288071	1.0461826118054	1.04970501994653	1.06693029259618	1.11144694105317	1.06693029259618	1.02556807219375	1.0461826118054	1.0688928288071	1.0461826118054	0.670735275573289	0.613795308699171	0.627308003098527	0.613795308699172	0.617688163037302	0.588861550905849	0.590020755536216	0.588861550905859	0.612669347042114	0.58211296875656	0.657538105377796	0.582112968756561	0.617688163037302	0.588861550905859	0.590020755536216	0.58886155090585
1	1.0254096119939	1.05234549816403	1.0254096119939	1.02556072192275	1.04612739036329	1.0687403506398	1.04612739036329	1.0497070926201	1.06686599313346	1.11157095674318	1.06686599313346	1.02556072192275	1.04612739036329	1.0687403506398	1.04612739036329	0.670787606037816	0.613726238490811	0.626826008648654	0.613726238490811	0.617502098322384	0.588509914668188	0.589404165302527	0.588509914668192	0.612551028959782	0.581791157464389	0.657707973419381	0.58179115746439	0.617502098322385	0.588509914668192	0.589404165302527	0.588509914668189
1	1.0254091928284	1.05229246721908	1.0254091928284	1.02555683226663	1.04609674529305	1.06864632451706	1.04609674529305	1.04970745602894	1.06682752957502	1.11163551021888	1.06682752957502	1.02555683226663	1.04609674529305	1.06864632451706	1.04609674529305	0.670806857347368	0.613674306935503	0.626520141145252	0.613674306935504	0.617383230095697	0.588298338712216	0.589016007360871	0.588298338712219	0.612466316062212	0.58158793029129	0.657785124811746	0.581587930291291	0.617383230095698	0.588298338712219	0.589016007360872	0.588298338712217
1	1.02540878325756	1.05225955112717	1.02540878325756	1.02555464527142	1.04607915074514	1.06858814481871	1.04607915074514	1.04970723746775	1.06680414015465	1.11167112880277	1.06680414015465	1.02555464527142	1.04607915074514	1.06858814481871	1.04607915074514	0.670813939511805	0.613638891693139	0.626328726979813	0.613638891693139	0.617308659081456	0.588170442775756	0.588773583406231	0.588170442775759	0.612409807617397	0.581460970128859	0.65782337207507	0.581460970128859	0.617308659081457	0.588170442775759	0.588773583406231	0.588170442775757
