1	1.05182382714845	1.0898149867592	1.05182382714845	1.05182381899499	1.08981497856476	1.12021152791444	1.08981497856475	1.08981497042689	1.12021152048593	1.13640308447316	1.12021152048593	1.05182381899499	1.08981497856475	1.12021152791444	1.08981497856476	0.657878918017122	0.540399321747346	0.486203225907335	0.540399321747347	0.540399320789398	0.48620322277812	0.47258378696704	0.4862032227781	0.486203219765818	0.472583782156199	0.435031636537098	0.4725837821562	0.540399320789399	0.4862032227781	0.472583786967041	0.486203222778122
1	1.06556573905383	1.10283813003202	1.06556573905383	1.06556573340469	1.10283812462319	1.14572240762056	1.10283812462319	1.10283811925611	1.14572240137503	1.16310459794954	1.14572240137503	1.06556573340469	1.10283812462319	1.14572240762056	1.10283812462319	0.713799206244203	0.571919305772774	0.492350702265805	0.571919305772776	0.571919304388191	0.492350700170242	0.493236285659424	0.492350700170226	0.492350698135501	0.49323628106925	0.451327410915084	0.493236281069251	0.571919304388193	0.492350700170226	0.493236285659424	0.492350700170245
1	1.07398211675377	1.10811151088139	1.07398211675377	1.07398211326287	1.10811150768729	1.15991813103231	1.10811150768729	1.10811150451902	1.15991812642649	1.17704929245292	1.15991812642649	1.07398211326287	1.10811150768729	1.15991813103231	1.10811150768729	0.747716575531943	0.591635734978203	0.496781527588873	0.591635734978205	0.591635733677004	0.496781526218906	0.506971011868455	0.496781526218897	0.49678152488112	0.5069710082285	0.461833757212719	0.506971008228501	0.591635733677006	0.496781526218897	0.506971011868456	0.496781526218908
1	1.07916216287058	1.11046942424013	1.07916216287058	1.07916216057734	1.11046942227003	1.16833673054255	1.11046942227002	1.11046942031484	1.16833672714582	1.18480705491902	1.16833672714582	1.07916216057734	1.11046942227002	1.16833673054255	1.11046942227003	0.768288499926333	0.603893178947393	0.499696177865954	0.603893178947395	0.603893177872527	0.499696176993197	0.515886576311459	0.499696176993193	0.499696176137629	0.515886573541974	0.468357315166551	0.515886573541975	0.603893177872529	0.499696176993193	0.51588657631146	0.499696176993199
1	1.0823535219847	1.11162980155397	1.08235352198469	1.08235352037024	1.11162980026445	1.17351031174035	1.11162980026445	1.11162979898327	1.17351030920755	1.18927628397169	1.17351030920754	1.08235352037024	1.11162980026445	1.17351031174035	1.11162980026445	0.780766002820319	0.611477005759399	0.501542798018086	0.611477005759401	0.611477004914349	0.501542797465461	0.521604149500177	0.501542797465459	0.501542796922061	0.521604147414512	0.47234296097572	0.521604147414513	0.611477004914351	0.501542797465459	0.521604149500178	0.501542797465463
1	1.08431838864303	1.11224635270025	1.08431838864303	1.08431838746093	1.11224635181905	1.17674601170855	1.11224635181905	1.11224635094243	1.17674600981014	1.19189728905704	1.17674600981014	1.08431838746093	1.11224635181905	1.17674601170855	1.11224635181905	0.788333990916514	0.616154108429324	0.50269318068371	0.616154108429326	0.616154107779487	0.502693180330848	0.525246527669275	0.502693180330849	0.502693179982945	0.525246526103321	0.474760540091318	0.525246526103322	0.616154107779489	0.502693180330849	0.525246527669276	0.502693180330851
1	1.0855267622507	1.11259186032135	1.0855267622507	1.08552676137171	1.11259185970314	1.17878559148819	1.11259185970314	1.11259185908743	1.17878559006449	1.19344828089086	1.17878559006449	1.08552676137171	1.11259185970314	1.17878559148819	1.11259185970314	0.792924207734246	0.619032971696407	0.503404277944086	0.619032971696408	0.619032971202424	0.503404277715098	0.527557771892684	0.503404277715098	0.503404277488773	0.527557770718916	0.476222356774442	0.527557770718916	0.619032971202426	0.503404277715098	0.527557771892684	0.503404277715101
1	1.08626912582937	1.11279211451075	1.08626912582937	1.08626912517325	1.11279211407012	1.18007511223094	1.11279211407012	1.11279211363083	1.18007511116469	1.1943704464778	1.18007511116469	1.08626912517325	1.11279211407012	1.18007511223094	1.11279211407012	0.795708314974423	0.620803144714777	0.503842304554786	0.620803144714779	0.620803144341873	0.5038423044033	0.529020686263963	0.503842304403301	0.503842304253239	0.529020685385491	0.477105203902083	0.529020685385491	0.620803144341875	0.503842304403301	0.529020686263964	0.503842304403302
1	1.08672485412257	1.11291056394786	1.08672485412257	1.08672485363298	1.11291056363056	1.18089106723455	1.11291056363056	1.11291056331399	1.18089106643742	1.19492023534499	1.18089106643742	1.08672485363298	1.11291056363056	1.18089106723455	1.11291056363056	0.797396961370937	0.621891129729629	0.504111750256904	0.621891129729631	0.621891129449431	0.504111750154731	0.529945073572613	0.504111750154733	0.504111750053316	0.5299450729161	0.477638279941102	0.529945072916101	0.621891129449432	0.504111750154733	0.529945073572614	0.504111750154734
1	1.08700450126653	1.11298147931882	1.08700450126653	1.0870045009017	1.11298147908868	1.18140728154002	1.11298147908868	1.11298147885893	1.18140728094504	1.19524860440718	1.18140728094504	1.08700450090169	1.11298147908868	1.18140728154002	1.11298147908868	0.798421177190269	0.622559796103676	0.504277441350344	0.622559796103678	0.622559795893827	0.504277441280185	0.530528459386742	0.504277441280186	0.504277441210429	0.530528458896731	0.477960261542848	0.530528458896732	0.622559795893829	0.504277441280186	0.530528459386742	0.504277441280188
1	1.08717607611007	1.11302424803431	1.08717607611007	1.08717607583855	1.11302424786649	1.1817336798174	1.11302424786649	1.11302424769887	1.18173367937386	1.19544499238788	1.18173367937386	1.08717607583854	1.11302424786649	1.1817336798174	1.11302424786649	0.799042395509041	0.62297083104154	0.504379350769137	0.622970831041542	0.622970830884754	0.504379350720205	0.530896291436719	0.504379350720206	0.504379350671479	0.530896291071388	0.478154857966143	0.530896291071389	0.622970830884756	0.504379350720206	0.53089629143672	0.504379350720208
1	1.0872813529499	1.11305016055165	1.08728135294989	1.08728135274802	1.11305016042875	1.18193991514053	1.11305016042875	1.11305016030597	1.18193991481023	1.19556258024348	1.18193991481023	1.08728135274801	1.11305016042875	1.18193991514053	1.11305016042875	0.799419183466836	0.623223582103237	0.50444205991774	0.623223582103239	0.623223581986305	0.504442059883157	0.531128038451794	0.504442059883158	0.504442059848676	0.531128038179666	0.478272555974444	0.531128038179667	0.623223581986307	0.504442059883158	0.531128038451795	0.504442059883159
1	1.08734596576292	1.11306590854446	1.08734596576292	1.08734596561293	1.11306590845419	1.18207013179744	1.11306590845419	1.11306590836397	1.18207013155165	1.19563305934547	1.18207013155165	1.08734596561293	1.11306590845419	1.18207013179744	1.11306590845419	0.799647716911908	0.623379067239232	0.504480670129319	0.623379067239234	0.623379067152136	0.504480670104611	0.53127395432608	0.504480670104613	0.504480670079949	0.531273954123524	0.478343803951273	0.531273954123525	0.623379067152138	0.504480670104613	0.531273954326081	0.504480670104614
1	1.08738563556513	1.11307550019427	1.08738563556513	1.08738563545373	1.11307550012779	1.18215229361035	1.11307550012779	1.11307550006134	1.18215229342756	1.19567534444569	1.18215229342756	1.08738563545373	1.11307550012779	1.18215229361035	1.11307550012779	0.799786329448331	0.623474761737745	0.504504457689112	0.623474761737747	0.623474761672934	0.504504457671312	0.531365777331586	0.504504457671314	0.50450445765352	0.531365777180907	0.478386972411105	0.531365777180908	0.623474761672936	0.504504457671314	0.531365777331587	0.504504457671315
1	1.08741000176602	1.11308135218842	1.08741000176602	1.08741000168332	1.11308135213938	1.18220410011173	1.11308135213938	1.11308135209035	1.18220409997586	1.19570073848148	1.18220409997586	1.08741000168332	1.11308135213938	1.18220410011173	1.11308135213938	0.799870402228846	0.623533686572435	0.504519122502423	0.623533686572437	0.623533686524244	0.504519122489509	0.531423532449482	0.504519122489512	0.504519122476584	0.531423532337449	0.478413152023451	0.53142353233745	0.623533686524246	0.504519122489511	0.531423532449482	0.504519122489511
1	1.08742497532324	1.11308492743591	1.08742497532324	1.08742497526186	1.11308492739969	1.18223674705927	1.11308492739969	1.11308492736346	1.18223674695832	1.1957160033497	1.18223674695832	1.08742497526186	1.11308492739969	1.18223674705927	1.11308492739969	0.799921394961362	0.623569988274469	0.504528169031358	0.623569988274471	0.623569988238656	0.50452816902194	0.531459843320309	0.504528169021941	0.504528169012504	0.531459843237047	0.478429043580092	0.531459843237048	0.623569988238657	0.504528169021942	0.53145984332031	0.504528169021942
1	1.08743418160434	1.11308711425367	1.08743418160434	1.08743418155879	1.11308711422688	1.18225730914194	1.11308711422688	1.11308711420009	1.18225730906695	1.19572518814866	1.18225730906695	1.08743418155879	1.11308711422688	1.18225730914194	1.11308711422688	0.79995232361434	0.623592363789132	0.504533753209495	0.623592363789134	0.62359236376253	0.504533753202595	0.531482662765218	0.504533753202599	0.504533753195679	0.53148266270336	0.478438699136434	0.531482662703361	0.623592363762532	0.504533753202599	0.531482662765219	0.504533753202598
1	1.08743984493299	1.11308845320904	1.08743984493299	1.08743984489921	1.11308845318922	1.18227025337856	1.11308845318922	1.1130884531694	1.18227025332289	1.19573071986323	1.18227025332289	1.08743984489921	1.11308845318922	1.18227025337856	1.11308845318922	0.799971082779162	0.623606162371491	0.504537202254446	0.623606162371493	0.623606162351737	0.504537202249376	0.531496998117926	0.50453720224938	0.504537202244289	0.531496998071984	0.478444571255665	0.531496998071984	0.623606162351739	0.50453720224938	0.531496998117927	0.504537202249378
1	1.08744333065679	1.11308927373909	1.08744333065679	1.08744333063174	1.11308927372443	1.1822783986744	1.11308927372443	1.11308927370976	1.18227839863308	1.19573405460012	1.18227839863308	1.08744333063173	1.11308927372443	1.1822783986744	1.11308927372443	0.799982460766882	0.623614675849912	0.504539333811794	0.623614675849914	0.623614675835249	0.504539333808061	0.531506000377383	0.504539333808063	0.504539333804312	0.531506000343274	0.478448145770981	0.531506000343275	0.623614675835251	0.504539333808063	0.531506000377384	0.504539333808063
1	1.0874454773504	1.11308977669654	1.0874454773504	1.08744547733183	1.11308977668569	1.18228352392175	1.11308977668569	1.11308977667482	1.1822835238911	1.19573606675162	1.1822835238911	1.08744547733183	1.11308977668569	1.18228352392175	1.11308977668569	0.799989361815663	0.623619930950352	0.504540652052346	0.623619930950354	0.623619930939474	0.504540652049592	0.531511651057138	0.504540652049594	0.504540652046825	0.531511651031823	0.478450323723483	0.531511651031823	0.623619930939476	0.504540652049594	0.531511651057139	0.504540652049594
1	1.08744679975724	1.11309008603541	1.08744679975724	1.08744679974349	1.11309008602737	1.18228674264671	1.11309008602737	1.11309008601933	1.18228674262398	1.19573728211051	1.18228674262398	1.08744679974348	1.11309008602737	1.18228674264671	1.11309008602737	0.799993547553349	0.623623176429218	0.504541467314124	0.623623176429219	0.62362317642115	0.504541467312091	0.531515198345636	0.504541467312093	0.504541467310045	0.531515198326855	0.478451651883842	0.531515198326856	0.623623176421152	0.504541467312093	0.531515198345637	0.504541467312093
1	1.08744761486547	1.11309027624424	1.08744761486547	1.08744761485529	1.1130902762383	1.18228876449807	1.1130902762383	1.11309027623235	1.18228876448122	1.19573801688797	1.18228876448122	1.08744761485529	1.1130902762383	1.18228876449806	1.1130902762383	0.799996086355861	0.623625181716923	0.50454197182659	0.623625181716924	0.623625181710944	0.50454197182509	0.531517424381259	0.504541971825091	0.504541971823575	0.531517424367334	0.478452462561313	0.531517424367335	0.623625181710946	0.504541971825091	0.53151742438126	0.504541971825092
1	1.08744811756056	1.11309039323741	1.08744811756055	1.08744811755303	1.11309039323303	1.18229003441604	1.11309039323303	1.11309039322863	1.18229003440356	1.19573846154492	1.18229003440356	1.08744811755303	1.11309039323303	1.18229003441604	1.11309039323303	0.799997626232145	0.623626421278987	0.504542284202088	0.623626421278989	0.623626421274561	0.504542284200982	0.531518820866431	0.504542284200984	0.504542284199858	0.531518820856114	0.47845295781568	0.531518820856114	0.623626421274563	0.504542284200984	0.531518820866432	0.504542284200984
1	1.08744842774523	1.1130904652357	1.08744842774522	1.08744842773967	1.11309046523246	1.1822908318743	1.11309046523246	1.11309046522922	1.18229083186507	1.19573873089178	1.18229083186507	1.08744842773967	1.11309046523246	1.1822908318743	1.11309046523246	0.799998560223252	0.623627187841569	0.504542477705106	0.62362718784157	0.623627187838292	0.50454247770429	0.531519696708251	0.504542477704292	0.504542477703454	0.531519696700613	0.478453260633802	0.531519696700614	0.623627187838294	0.504542477704292	0.531519696708252	0.504542477704292
1	1.08744861923786	1.11309050957111	1.08744861923786	1.08744861923376	1.11309050956872	1.1822913325151	1.11309050956872	1.11309050956632	1.18229133250827	1.19573889420187	1.18229133250827	1.08744861923376	1.11309050956872	1.18229133251509	1.11309050956872	0.799999126722911	0.623627662093315	0.504542597624077	0.623627662093317	0.62362766209089	0.504542597623473	0.531520245883455	0.504542597623476	0.504542597622853	0.531520245877802	0.478453445944469	0.531520245877803	0.623627662090892	0.504542597623476	0.531520245883455	0.504542597623476
1	1.08744873751243	1.11309053688942	1.08744873751243	1.0874487375094	1.11309053688766	1.18229164672948	1.11309053688766	1.1130905368859	1.18229164672444	1.19573899331346	1.18229164672443	1.0874487375094	1.11309053688766	1.18229164672948	1.11309053688766	0.799999470325607	0.623627955619271	0.504542671971344	0.623627955619273	0.623627955617479	0.504542671970898	0.531520590154113	0.504542671970901	0.504542671970436	0.531520590149935	0.478453559439208	0.531520590149936	0.623627955617481	0.504542671970901	0.531520590154114	0.504542671970901
1	1.08744881059785	1.11309055373274	1.08744881059785	1.08744881059563	1.11309055373145	1.18229184388531	1.11309055373145	1.11309055373015	1.18229184388159	1.19573905351979	1.18229184388159	1.08744881059563	1.11309055373145	1.18229184388531	1.11309055373145	0.79999967873317	0.623628137360984	0.50454271808278	0.623628137360986	0.623628137359661	0.504542718082451	0.531520805928272	0.504542718082454	0.504542718082107	0.531520805925184	0.478453629005571	0.531520805925185	0.623628137359663	0.504542718082454	0.531520805928273	0.504542718082454
1	1.08744885577967	1.11309056412388	1.08744885577967	1.08744885577803	1.11309056412293	1.18229196756027	1.11309056412294	1.11309056412198	1.18229196755753	1.19573909012662	1.18229196755753	1.08744885577803	1.11309056412293	1.18229196756027	1.11309056412293	0.799999805139954	0.623628249932249	0.504542746692238	0.623628249932251	0.623628249931273	0.504542746691995	0.531520941140143	0.504542746691998	0.504542746691737	0.531520941137865	0.478453671679476	0.531520941137866	0.623628249931275	0.504542746691998	0.531520941140144	0.504542746691998
