1	1.16339621788444	1.17372064590871	1.16339621788444	1.16339621788444	1.22813991223845	1.24393076492554	1.22813991223846	1.17372064590871	1.24393076492554	1.25576154196764	1.24393076492554	1.16339621788444	1.22813991223846	1.24393076492554	1.22813991223845	1.03673334031411	0.473461190887187	0.335737707244016	0.473461190887191	0.473461190887182	0.39285121964543	0.325944260251967	0.392851219645437	0.335737707244019	0.325944260251969	0.286549012325056	0.325944260251971	0.473461190887186	0.392851219645437	0.325944260251969	0.392851219645434
1	1.17994833704566	1.18730348179387	1.17994833704566	1.17994833704566	1.24796267362629	1.26143532429532	1.2479626736263	1.18730348179387	1.26143532429533	1.27232482828962	1.26143532429533	1.17994833704566	1.2479626736263	1.26143532429533	1.24796267362629	1.07265404225513	0.462399890165598	0.321470655554003	0.462399890165602	0.462399890165594	0.379070457630464	0.310698887478391	0.379070457630471	0.321470655554004	0.310698887478394	0.272175220546144	0.310698887478395	0.462399890165598	0.379070457630471	0.310698887478392	0.379070457630468
1	1.19144315285701	1.19517718887042	1.19144315285701	1.19144315285701	1.26021545889028	1.27076260850979	1.26021545889028	1.19517718887042	1.2707626085098	1.28064065713771	1.2707626085098	1.19144315285701	1.26021545889028	1.2707626085098	1.26021545889028	1.10515643745346	0.45507609221816	0.313211365366053	0.455076092218165	0.455076092218158	0.370873685933403	0.3023386280512	0.370873685933408	0.313211365366056	0.302338628051202	0.264959267873966	0.302338628051204	0.455076092218162	0.370873685933408	0.302338628051201	0.370873685933407
1	1.19945058232444	1.19976795765337	1.19945058232444	1.19945058232444	1.26787312437398	1.27570986827267	1.26787312437399	1.19976795765337	1.27570986827267	1.28487529543331	1.27570986827267	1.19945058232444	1.26787312437399	1.27570986827267	1.26787312437398	1.13456582080466	0.450335718510394	0.30847128776093	0.450335718510399	0.450335718510392	0.366084544979236	0.297770091824989	0.366084544979239	0.308471287760933	0.297770091824991	0.261346922409467	0.297770091824992	0.450335718510396	0.366084544979239	0.29777009182499	0.36608454497924
1	1.20507229799224	1.20246897753053	1.20507229799224	1.20507229799224	1.27274346245552	1.27831123176413	1.27274346245553	1.20246897753054	1.27831123176413	1.28707061482904	1.27831123176413	1.20507229799224	1.27274346245553	1.27831123176413	1.27274346245552	1.16117653130216	0.447337860973669	0.305767577038967	0.447337860973674	0.447337860973667	0.363340077706934	0.295269725611984	0.363340077706938	0.305767577038973	0.295269725611985	0.259536753476104	0.295269725611986	0.447337860973671	0.363340077706938	0.295269725611985	0.363340077706938
1	1.20906506986302	1.20407868928076	1.20906506986302	1.20906506986302	1.27591600510733	1.27965682227801	1.27591600510733	1.20407868928076	1.27965682227802	1.28823573746347	1.27965682227802	1.20906506986302	1.27591600510733	1.27965682227801	1.27591600510733	1.18525489788069	0.445494185613296	0.304234208865576	0.4454941856133	0.445494185613294	0.361807399641564	0.293893825764012	0.361807399641568	0.304234208865578	0.293893825764012	0.258627713104608	0.293893825764013	0.445494185613298	0.361807399641568	0.293893825764013	0.361807399641568
1	1.21194306920137	1.20505502275002	1.21194306920137	1.21194306920137	1.27804555502393	1.28033167801483	1.27804555502393	1.20505502275003	1.28033167801483	1.28887364215127	1.28033167801483	1.21194306920137	1.27804555502393	1.28033167801483	1.27804555502393	1.20704190492594	0.4444032785289	0.30337077789854	0.444403278528904	0.4444032785289	0.360985062031727	0.293129805460603	0.360985062031729	0.303370777898546	0.293129805460603	0.258170870674636	0.293129805460605	0.444403278528905	0.360985062031729	0.293129805460604	0.360985062031731
1	1.21405378538762	1.20566115207886	1.21405378538762	1.21405378538762	1.2795258322317	1.28065019017182	1.2795258322317	1.20566115207886	1.28065019017182	1.2892373771109	1.28065019017182	1.21405378538762	1.2795258322317	1.28065019017182	1.2795258322317	1.22675560412731	0.443795924971956	0.302889778926111	0.44379592497196	0.443795924971958	0.360574140960222	0.29269999475118	0.360574140960226	0.302889778926113	0.292699994751182	0.257942241577836	0.292699994751183	0.443795924971963	0.360574140960226	0.292699994751181	0.360574140960226
1	1.21563167316665	1.2060487858534	1.21563167316665	1.21563167316665	1.2805943310817	1.28078143162426	1.2805943310817	1.2060487858534	1.28078143162426	1.28945563578489	1.28078143162426	1.21563167316666	1.2805943310817	1.28078143162426	1.2805943310817	1.24459329681206	0.443493905462645	0.302626512399119	0.44349390546265	0.443493905462646	0.3603977844581	0.292453893040423	0.360397784458104	0.302626512399118	0.292453893040424	0.257829543703784	0.292453893040425	0.44349390546265	0.360397784458104	0.292453893040424	0.360397784458104
1	1.2168351101652	1.20630574213762	1.21683511016521	1.2168351101652	1.28139518542481	1.28081628281901	1.28139518542481	1.20630574213762	1.28081628281902	1.28959471375478	1.28081628281902	1.21683511016521	1.28139518542481	1.28081628281902	1.28139518542481	1.26073350860392	0.443380531469812	0.302486767562926	0.443380531469817	0.443380531469814	0.360352081810795	0.292309693696429	0.360352081810797	0.302486767562929	0.292309693696431	0.257776095431055	0.292309693696432	0.443380531469819	0.360352081810797	0.29230969369643	0.360352081810799
1	1.21777148415742	1.20648314035846	1.21777148415742	1.21777148415742	1.28201671060846	1.28080346360433	1.28201671060846	1.20648314035846	1.28080346360433	1.28968928866763	1.28080346360433	1.21777148415742	1.28201671060846	1.28080346360433	1.28201671060846	1.27533777616877	0.443380201218476	0.302416697861839	0.443380201218481	0.443380201218478	0.360376444052699	0.292222717566544	0.360376444052702	0.30241669786184	0.292222717566545	0.257753036763584	0.292222717566546	0.443380201218483	0.360376444052702	0.292222717566545	0.360376444052703
1	1.21851406759376	1.20661096148326	1.21851406759376	1.21851406759376	1.28251377552715	1.28076892140174	1.28251377552715	1.20661096148327	1.28076892140174	1.28975783230342	1.28076892140174	1.21851406759377	1.28251377552715	1.28076892140174	1.28251377552715	1.28855226392317	0.443444484226866	0.302385550563309	0.44344448422687	0.443444484226866	0.360435890131421	0.29216840037674	0.360435890131422	0.302385550563309	0.292168400376741	0.257745533078445	0.292168400376743	0.44344448422687	0.360435890131422	0.292168400376741	0.360435890131425
1	1.21911330263094	1.20670696730058	1.21911330263094	1.21911330263094	1.28292112404275	1.28072629191591	1.28292112404276	1.20670696730059	1.28072629191592	1.28981039950016	1.28072629191592	1.21911330263094	1.28292112404276	1.28072629191591	1.28292112404276	1.30050922689921	0.44354277275529	0.302375784886495	0.443542772755294	0.44354277275529	0.360510508653953	0.292133117264351	0.360510508653953	0.302375784886498	0.292133117264352	0.257745885012714	0.292133117264354	0.443542772755294	0.360510508653953	0.292133117264352	0.360510508653957
1	1.21960432052393	1.20678182327518	1.21960432052394	1.21960432052393	1.28326130849485	1.28068255774361	1.28326130849485	1.20678182327518	1.28068255774361	1.28985260656857	1.28068255774362	1.21960432052394	1.28326130849485	1.28068255774361	1.28326130849486	1.31132833439592	0.443656061325408	0.302377421698337	0.443656061325413	0.443656061325407	0.360589213022185	0.292109224182953	0.360589213022185	0.302377421698338	0.292109224182954	0.257750061967992	0.292109224182955	0.443656061325411	0.360589213022185	0.292109224182954	0.360589213022189
1	1.22001194252191	1.20684204888931	1.22001194252191	1.22001194252191	1.28354942152366	1.280641117789	1.28354942152366	1.20684204888931	1.280641117789	1.28988768883209	1.28064111778901	1.22001194252191	1.28354942152366	1.280641117789	1.28354942152366	1.32111786767516	0.443772838160336	0.302384811533035	0.44377283816034	0.443772838160331	0.360666051902043	0.292092368779518	0.360666051902044	0.302384811533036	0.29209236877952	0.257755941733002	0.292092368779522	0.443772838160335	0.360666051902044	0.292092368779519	0.360666051902047
1	1.22035400413031	1.20689172224635	1.22035400413031	1.22035400413031	1.28379592613005	1.28060345586974	1.28379592613005	1.20689172224635	1.28060345586974	1.28991757963714	1.28060345586974	1.22035400413031	1.28379592613005	1.28060345586974	1.28379592613006	1.32997580369423	0.443886388413375	0.302394784438614	0.44388638841338	0.443886388413371	0.360738035918578	0.292080025625925	0.36073803591858	0.302394784438618	0.292080025625926	0.257762406845667	0.292080025625927	0.443886388413376	0.360738035918581	0.292080025625927	0.360738035918583
1	1.220643566405	1.20693346856094	1.22064356640501	1.220643566405	1.28400835616691	1.28057004804165	1.28400835616691	1.20693346856094	1.28057004804165	1.2899434846779	1.28057004804165	1.220643566405	1.28400835616691	1.28057004804165	1.28400835616691	1.33799079565348	0.443993034592198	0.302405590085674	0.443993034592203	0.443993034592196	0.360803861562364	0.292070694869434	0.360803861562368	0.302405590085674	0.292070694869434	0.257768875336048	0.292070694869435	0.443993034592201	0.360803861562368	0.292070694869435	0.360803861562368
1	1.22089039155595	1.20696903708688	1.22089039155595	1.22089039155594	1.28419234598191	1.28054085722467	1.28419234598191	1.20696903708688	1.28054085722467	1.28996619327319	1.28054085722467	1.22089039155595	1.28419234598191	1.28054085722467	1.28419234598191	1.34524306028586	0.44409099396473	0.302416288866025	0.444090993964735	0.444090993964731	0.360863164466843	0.292063459353996	0.360863164466844	0.302416288866024	0.292063459353997	0.257775053433672	0.292063459353998	0.444090993964735	0.360863164466844	0.292063459353997	0.360863164466848
1	1.22110193080688	1.20699963938903	1.22110193080688	1.22110193080688	1.28435225973568	1.28051560082625	1.28435225973568	1.20699963938903	1.28051560082625	1.28998624978072	1.28051560082626	1.22110193080688	1.28435225973568	1.28051560082625	1.28435225973568	1.35180518069289	0.444179641903114	0.302426402371376	0.444179641903119	0.444179641903119	0.360916085336226	0.29205773885831	0.360916085336226	0.302426402371374	0.29205773885831	0.257780803685668	0.292057738858311	0.444179641903123	0.360916085336226	0.292057738858311	0.36091608533623
1	1.22128398986264	1.20702614945816	1.22128398986264	1.22128398986264	1.28449158176721	1.2804938944392	1.28449158176721	1.20702614945816	1.2804938944392	1.29000404984888	1.2804938944392	1.22128398986265	1.28449158176721	1.2804938944392	1.28449158176721	1.35774283278078	0.444259040235513	0.302435712426015	0.444259040235518	0.444259040235521	0.360963019572686	0.292053152109436	0.360963019572687	0.302435712426014	0.292053152109437	0.257786073578312	0.292053152109438	0.444259040235526	0.360963019572687	0.292053152109437	0.36096301957269
1	1.22144118081853	1.20704922333588	1.22144118081853	1.22144118081853	1.28461316345227	1.28047532754275	1.28461316345227	1.20704922333588	1.28047532754275	1.29001989553257	1.28047532754275	1.22144118081853	1.28461316345227	1.28047532754275	1.28461316345228	1.36311544256695	0.444329638045348	0.302444145528571	0.444329638045353	0.444329638045354	0.361004474693115	0.292049438357612	0.361004474693114	0.30244414552857	0.292049438357614	0.257790856395826	0.292049438357615	0.444329638045359	0.361004474693114	0.292049438357614	0.36100447469312
1	1.22157723225898	1.20706937159175	1.22157723225898	1.22157723225898	1.28471938324041	1.28045950192001	1.28471938324041	1.20706937159175	1.28045950192001	1.29003402751616	1.28045950192001	1.22157723225898	1.28471938324041	1.28045950192001	1.28471938324041	1.36797678093558	0.444392084188135	0.302451706494563	0.444392084188139	0.44439208418814	0.361040990770633	0.292046412127039	0.361040990770632	0.302451706494563	0.292046412127041	0.257795169512536	0.292046412127042	0.444392084188145	0.361040990770632	0.29204641212704	0.361040990770637
1	1.22169520482336	1.20708700399885	1.22169520482336	1.22169520482337	1.28481225361321	1.28044604972157	1.28481225361321	1.20708700399885	1.28044604972158	1.29004664438106	1.28044604972158	1.22169520482337	1.2848122536132	1.28044604972157	1.28481225361321	1.37237550179469	0.444447111817435	0.302458440486214	0.44444711181744	0.44444711181744	0.361073097539456	0.292043936622005	0.361073097539457	0.302458440486214	0.292043936622008	0.257799042255117	0.292043936622009	0.444447111817444	0.361073097539456	0.292043936622006	0.361073097539461
1	1.22179764340509	1.20710245767968	1.22179764340509	1.22179764340509	1.28489349512088	1.28043464053621	1.28489349512088	1.20710245767967	1.28043464053621	1.29005791441875	1.28043464053621	1.22179764340509	1.28489349512088	1.28043464053621	1.28489349512088	1.37635562902082	0.444495469042646	0.302464411445533	0.44449546904265	0.444495469042652	0.361101292661264	0.292041907740825	0.361101292661264	0.302464411445531	0.292041907740828	0.257802509094839	0.292041907740829	0.444495469042656	0.361101292661264	0.292041907740826	0.361101292661268
1	1.22188668655597	1.20711601532142	1.22188668655597	1.22188668655598	1.28496458960153	1.28042498265275	1.28496458960153	1.20711601532142	1.28042498265275	1.29006798308398	1.28042498265275	1.22188668655598	1.28496458960153	1.28042498265275	1.28496458960154	1.37995699706475	0.444537878910235	0.302469690008513	0.44453787891024	0.444537878910242	0.36112603205812	0.292040244204702	0.361126032058119	0.302469690008513	0.292040244204705	0.25780560584806	0.292040244204706	0.444537878910247	0.361126032058119	0.292040244204703	0.361126032058125
1	1.22196414670747	1.20712791734597	1.22196414670747	1.22196414670747	1.28502681990708	1.2804168213819	1.28502681990707	1.20712791734597	1.2804168213819	1.29007697785549	1.2804168213819	1.22196414670748	1.28502681990707	1.2804168213819	1.28502681990708	1.38321564962809	0.444575017830691	0.302474346897788	0.444575017830696	0.444575017830698	0.361147726991344	0.292038881268796	0.361147726991344	0.302474346897788	0.292038881268796	0.257808367593597	0.292038881268798	0.444575017830703	0.361147726991344	0.292038881268797	0.361147726991348
1	1.22203157024723	1.20713837033819	1.22203157024723	1.22203157024723	1.28508130061417	1.2804099360174	1.28508130061417	1.20713837033819	1.28040993601741	1.29008501152914	1.28040993601741	1.22203157024724	1.28508130061417	1.2804099360174	1.28508130061418	1.38616420040074	0.444607505440624	0.302478449469669	0.444607505440629	0.444607505440629	0.361166744789475	0.292037766574209	0.361166744789474	0.302478449469667	0.292037766574209	0.257810827578114	0.29203776657421	0.444607505440634	0.361166744789474	0.29203776657421	0.361166744789479
1	1.22209028348396	1.20714755310929	1.22209028348396	1.22209028348397	1.28512900249875	1.28040413629568	1.28512900249875	1.20714755310929	1.28040413629568	1.29009218454535	1.28040413629568	1.22209028348397	1.28512900249875	1.28040413629568	1.28512900249875	1.3888321594697	0.444635901405618	0.302482060067649	0.444635901405623	0.444635901405621	0.361183411435094	0.292036857309221	0.361183411435093	0.302482060067647	0.292036857309223	0.257813016692065	0.292036857309224	0.444635901405626	0.361183411435093	0.292036857309222	0.361183411435098
1	1.22214142855517	1.20715562122689	1.22214142855518	1.22214142855518	1.28517077253122	1.28039925881017	1.28517077253122	1.20715562122689	1.28039925881017	1.29009858670919	1.28039925881017	1.22214142855518	1.28517077253122	1.28039925881017	1.28517077253122	1.39124622866587	0.444660706301306	0.302485235396351	0.44466070630131	0.444660706301308	0.361198014988437	0.292036118193979	0.361198014988436	0.302485235396349	0.292036118193981	0.25781496327441	0.292036118193982	0.444660706301312	0.361198014988436	0.29203611819398	0.361198014988442
1	1.22218599202738	1.20716271052035	1.22218599202738	1.22218599202738	1.28520735053152	1.28039516361099	1.28520735053152	1.20716271052035	1.280395163611	1.29010429851856	1.280395163611	1.22218599202738	1.28520735053152	1.28039516361099	1.28520735053152	1.39343056880501	0.444682364766073	0.302488026460612	0.444682364766078	0.444682364766074	0.361210809274515	0.292035519998999	0.361210809274514	0.302488026460611	0.292035519999	0.25781669310433	0.292035519999001	0.444682364766078	0.361210809274514	0.292035519999	0.361210809274519
1	1.22222482807464	1.20716893987749	1.22222482807464	1.22222482807464	1.28523938324471	1.28039173109564	1.28523938324471	1.20716893987748	1.28039173109564	1.29010939223211	1.28039173109564	1.22222482807465	1.28523938324471	1.28039173109564	1.28523938324472	1.39540704149728	0.44470126979893	0.302490478803886	0.444701269798935	0.444701269798931	0.361222017522744	0.292035038422106	0.361222017522745	0.302490478803886	0.292035038422107	0.257818229496388	0.292035038422109	0.444701269798935	0.361222017522745	0.292035038422107	0.361222017522748
1	1.22225867754702	1.20717441353298	1.22225867754702	1.22225867754702	1.28526743636325	1.28038885922726	1.28526743636325	1.20717441353298	1.28038885922726	1.29011393275749	1.28038885922727	1.22225867754702	1.28526743636325	1.28038885922726	1.28526743636325	1.39719542794555	0.444717767512935	0.302492632893998	0.444717767512939	0.444717767512933	0.361231835799438	0.292034653214245	0.36123183579944	0.302492632894001	0.292034653214247	0.257819593449522	0.292034653214249	0.444717767512938	0.36123183579944	0.292034653214246	0.361231835799443
1	1.22228818385598	1.20717922297856	1.22228818385598	1.22228818385598	1.28529200487331	1.28038646108086	1.2852920048733	1.20717922297856	1.28038646108086	1.2901179784108	1.28038646108086	1.22228818385598	1.2852920048733	1.28038646108086	1.28529200487331	1.39881362692239	0.44473216193285	0.302494524568242	0.444732161932854	0.444732161932849	0.361240436160514	0.292034347484633	0.361240436160513	0.302494524568242	0.292034347484635	0.257820803820654	0.292034347484637	0.444732161932853	0.361240436160513	0.292034347484634	0.361240436160518
1	1.22231390634458	1.20718344858183	1.22231390634458	1.22231390634458	1.28531352200642	1.28038446269863	1.28531352200642	1.20718344858183	1.28038446269863	1.29012158157918	1.28038446269863	1.22231390634458	1.28531352200642	1.28038446269863	1.28531352200642	1.40027783390694	0.444744719602264	0.302496185489528	0.444744719602269	0.444744719602263	0.361247969500345	0.292034107139028	0.361247969500343	0.302496185489526	0.292034107139029	0.257821877505581	0.29203410713903	0.444744719602268	0.361247969500343	0.292034107139029	0.361247969500349
1	1.22233633163341	1.20718716097367	1.22233633163341	1.22233633163341	1.28533236701329	1.28038280122762	1.28533236701329	1.20718716097367	1.28038280122762	1.2901247893074	1.28038280122762	1.22233633163341	1.28533236701329	1.28038280122762	1.28533236701329	1.40160270317475	0.444755673875674	0.302497643586755	0.444755673875679	0.444755673875672	0.36125456809956	0.292033920419981	0.361254568099561	0.302497643586751	0.29203392041998	0.257822829617309	0.292033920419982	0.444755673875677	0.361254568099561	0.292033920419982	0.361254568099565
1	1.22235588331097	1.20719042224706	1.22235588331097	1.22235588331097	1.28534887193211	1.28038142330977	1.28534887193211	1.20719042224706	1.28038142330977	1.29012764382249	1.28038142330977	1.22235588331097	1.28534887193211	1.28038142330977	1.28534887193211	1.40280149446266	0.44476522883933	0.30249892346644	0.444765228839335	0.444765228839329	0.361260347888098	0.292033777526919	0.3612603478881	0.302498923466439	0.292033777526918	0.257823673656228	0.29203377752692	0.444765228839334	0.3612603478881	0.29203377752692	0.361260347888102
1	1.22237293025156	1.20719328699895	1.22237293025156	1.22237293025156	1.28536332749208	1.28038028369469	1.28536332749208	1.20719328699895	1.2803802836947	1.29013018300578	1.2803802836947	1.22237293025156	1.28536332749208	1.28038028369469	1.28536332749208	1.40388620567674	0.44477356284567	0.302500046789498	0.444773562845674	0.444773562845667	0.361265410446326	0.292033670300112	0.361265410446329	0.302500046789498	0.292033670300113	0.257824421669359	0.292033670300115	0.444773562845672	0.361265410446328	0.292033670300113	0.36126541044633
1	1.22238779378259	1.20719580323954	1.22238779378259	1.22238779378259	1.28537598826888	1.28037934404733	1.28537598826888	1.20719580323954	1.28037934404733	1.29013244081955	1.28037934404733	1.22238779378259	1.28537598826888	1.28037934404733	1.28537598826888	1.40486769297132	0.444780831670159	0.302501032612027	0.444780831670163	0.444780831670154	0.361269844769213	0.292033591956494	0.361269844769217	0.302501032612024	0.292033591956492	0.257825084397403	0.292033591956493	0.444780831670159	0.361269844769216	0.292033591956495	0.361269844769217
1	1.22240075387847	1.20719801318813	1.22240075387847	1.22240075387847	1.28538707719075	1.28037857192503	1.28538707719075	1.20719801318813	1.28037857192503	1.2901344476933	1.28037857192503	1.22240075387847	1.28538707719075	1.28037857192503	1.28538707719075	1.40575577940107	0.444787171312517	0.302501897690611	0.444787171312522	0.444787171312513	0.361273728818395	0.292033536868048	0.3612737288184	0.30250189769061	0.292033536868045	0.257825671409321	0.292033536868047	0.444787171312518	0.3612737288184	0.292033536868049	0.3612737288184
1	1.2224120545252	1.20719995397102	1.2224120545252	1.2224120545252	1.28539678947929	1.28037793990128	1.28539678947929	1.20719995397101	1.28037793990128	1.29013623087398	1.28037793990128	1.2224120545252	1.28539678947929	1.28037793990128	1.28539678947929	1.40655935323343	0.444792700470757	0.302502656754606	0.444792700470761	0.444792700470756	0.361277130885731	0.292033500375554	0.361277130885737	0.302502656754604	0.292033500375552	0.25782619122473	0.292033500375553	0.444792700470761	0.361277130885737	0.292033500375555	0.361277130885736
1	1.22242190837437	1.20720165823441	1.22242190837437	1.22242190837437	1.2854052960973	1.28037742481595	1.28540529609731	1.20720165823441	1.28037742481595	1.2901378147435	1.28037742481596	1.22242190837437	1.2854052960973	1.28037742481596	1.2854052960973	1.40728645690534	0.44479752271882	0.302503322747686	0.444797522718825	0.44479752271882	0.36128011079011	0.292033478631775	0.361280110790114	0.302503322747687	0.292033478631775	0.257826651424745	0.292033478631777	0.444797522718825	0.361280110790114	0.292033478631776	0.361280110790114
1	1.22243050078585	1.20720315468317	1.22243050078585	1.22243050078585	1.28541274676613	1.28037700713453	1.28541274676613	1.20720315468317	1.28037700713453	1.29013922110661	1.28037700713453	1.22243050078585	1.28541274676613	1.28037700713453	1.28541274676613	1.40794436751469	0.444801728418625	0.30250390704185	0.444801728418629	0.444801728418625	0.361282720927187	0.29203346846936	0.361282720927194	0.302503907041852	0.292033468469361	0.257827058751963	0.292033468469362	0.44480172841863	0.361282720927194	0.292033468469361	0.361282720927192
1	1.22243799334268	1.20720446855469	1.22243799334268	1.22243799334268	1.28541927260686	1.28037667040087	1.28541927260686	1.20720446855469	1.28037667040087	1.29014046945156	1.28037667040087	1.22243799334268	1.28541927260686	1.28037667040087	1.28541927260686	1.40853966965195	0.444805396395813	0.302504419626357	0.444805396395818	0.444805396395815	0.36128500718972	0.292033467289515	0.361285007189727	0.302504419626359	0.292033467289516	0.257827419200481	0.292033467289517	0.44480539639582	0.361285007189727	0.292033467289516	0.361285007189724
1	1.22244452690917	1.20720562203575	1.22244452690917	1.22244452690917	1.28542498845254	1.28037640077032	1.28542498845254	1.20720562203575	1.28037640077032	1.29014157718616	1.28037640077032	1.22244452690917	1.28542498845254	1.28037640077032	1.28542498845254	1.40907832130096	0.444808595406496	0.302504869274535	0.4448085954065	0.444808595406495	0.361287009774173	0.292033472968201	0.36128700977418	0.302504869274537	0.292033472968201	0.257827738096757	0.292033472968202	0.4448085954065	0.36128700977418	0.292033472968202	0.361287009774177
1	1.22245022429313	1.20720663462949	1.22245022429313	1.22245022429313	1.28542999487255	1.28037618661167	1.28542999487255	1.20720663462949	1.28037618661167	1.29014255985117	1.28037618661167	1.22245022429313	1.28542999487255	1.28037618661167	1.28542999487255	1.40956571346843	0.44481138541975	0.302505263690743	0.444811385419755	0.44481138541975	0.361288763887522	0.292033483777136	0.361288763887528	0.302505263690747	0.292033483777137	0.257828020172117	0.292033483777138	0.444811385419754	0.361288763887528	0.292033483777137	0.361288763887526
1	1.22245519256419	1.20720752347836	1.22245519256419	1.22245519256419	1.28543437994518	1.28037601816802	1.28543437994519	1.20720752347836	1.28037601816802	1.29014343131307	1.28037601816802	1.22245519256419	1.28543437994519	1.28037601816802	1.28543437994519	1.41000672413895	0.444813818738239	0.302505609639846	0.444813818738244	0.44481381873824	0.361290300366474	0.292033498317281	0.361290300366482	0.302505609639844	0.292033498317282	0.257828269627718	0.292033498317283	0.444813818738244	0.361290300366482	0.292033498317282	0.361290300366478
1	1.22245952507337	1.20720830364837	1.22245952507337	1.22245952507337	1.28543822080973	1.28037588726807	1.28543822080973	1.20720830364837	1.28037588726807	1.29014420393808	1.28037588726808	1.22245952507337	1.28543822080973	1.28037588726807	1.28543822080973	1.41040576709553	0.444815940976855	0.302505913061133	0.44481594097686	0.444815940976855	0.361291646219958	0.292033515462934	0.361291646219964	0.302505913061132	0.292033515462935	0.257828490192668	0.292033515462937	0.44481594097686	0.361291646219964	0.292033515462935	0.361291646219962
1	1.22246330321268	1.20720898837932	1.22246330321268	1.22246330321268	1.28544158502557	1.28037578708053	1.28544158502558	1.20720898837932	1.28037578708053	1.29014488874897	1.28037578708053	1.22246330321268	1.28544158502558	1.28037578708053	1.28544158502557	1.41076683609416	0.444817791917001	0.302506179168603	0.444817791917006	0.444817791917002	0.361292825104273	0.292033534314708	0.361292825104278	0.302506179168601	0.29203353431471	0.257828685175981	0.292033534314711	0.444817791917007	0.361292825104278	0.292033534314709	0.361292825104278
1	1.22246659794854	1.20720958930503	1.22246659794854	1.22246659794854	1.28544453176239	1.2803757119053	1.2854445317624	1.20720958930502	1.2803757119053	1.29014549556635	1.2803757119053	1.22246659794854	1.2854445317624	1.2803757119053	1.28544453176239	1.41109354483473	0.444819406252134	0.302506412539093	0.444819406252138	0.444819406252134	0.36129385773931	0.292033554160106	0.361293857739316	0.302506412539093	0.292033554160108	0.257828857512966	0.29203355416011	0.444819406252138	0.361293857739316	0.292033554160108	0.361293857739314
1	1.22246947115823	1.20721011664714	1.22246947115823	1.22246947115823	1.28544711284236	1.28037565699619	1.28544711284237	1.20721011664714	1.28037565699619	1.29014603313579	1.28037565699619	1.22246947115823	1.28544711284237	1.28037565699619	1.28544711284236	1.41138916312809	0.444820814238261	0.302506617189841	0.444820814238266	0.444820814238259	0.3612947622731	0.292033574440492	0.361294762273108	0.302506617189843	0.292033574440493	0.257829009806685	0.292033574440494	0.444820814238263	0.361294762273108	0.292033574440493	0.361294762273104
1	1.22247197679477	1.20721057938571	1.22247197679477	1.22247197679476	1.28544937365287	1.28037561841031	1.28544937365288	1.20721057938571	1.28037561841031	1.29014650924206	1.28037561841032	1.22247197679477	1.28544937365288	1.28037561841031	1.28544937365288	1.41165664962146	0.444822042261404	0.302506796646619	0.444822042261409	0.444822042261402	0.36129555460111	0.292033594723417	0.361295554601118	0.302506796646619	0.29203359472342	0.257829144364867	0.292033594723421	0.444822042261407	0.361295554601118	0.292033594723418	0.361295554601114
1	1.22247416190231	1.20721098540925	1.22247416190231	1.22247416190231	1.2854513539458	1.2803755928805	1.28545135394581	1.20721098540925	1.2803755928805	1.29014693081178	1.2803755928805	1.22247416190231	1.28545135394581	1.2803755928805	1.28545135394581	1.41189868140957	0.444823113332602	0.302506954003634	0.444823113332607	0.4448231133326	0.361296248645901	0.292033614679549	0.361296248645908	0.302506954003632	0.29203361467955	0.257829263232875	0.292033614679551	0.444823113332605	0.361296248645908	0.29203361467955	0.361296248645906
1	1.22247606750136	1.20721134164681	1.22247606750136	1.22247606750136	1.28545308853749	1.28037557770708	1.28545308853749	1.20721134164681	1.28037557770708	1.29014730400553	1.28037557770709	1.22247606750136	1.28545308853749	1.28037557770708	1.28545308853749	1.41211768082787	0.444824047519611	0.302507091976152	0.444824047519615	0.444824047519612	0.361296856602048	0.292033634063385	0.361296856602055	0.302507091976148	0.292033634063388	0.257829368223028	0.292033634063389	0.444824047519617	0.361296856602055	0.292033634063387	0.361296856602052
1	1.22247772936043	1.20721165418411	1.22247772936043	1.22247772936043	1.2854546079217	1.28037557066633	1.28545460792171	1.20721165418411	1.28037557066633	1.29014763430045	1.28037557066633	1.22247772936043	1.28545460792171	1.28037557066633	1.28545460792171	1.41231583969615	0.444824862323455	0.302507212946753	0.44482486232346	0.444824862323454	0.361297389150676	0.292033652697259	0.361297389150685	0.302507212946751	0.292033652697262	0.257829460940769	0.292033652697264	0.444824862323458	0.361297389150685	0.292033652697261	0.36129738915068
1	1.22247917866878	1.20721192836571	1.22247917866878	1.22247917866878	1.28545593880652	1.28037556993299	1.28545593880652	1.20721192836571	1.28037556993299	1.2901479265642	1.28037556993299	1.22247917866878	1.28545593880652	1.28037556993299	1.28545593880652	1.41249514125493	0.444825573006778	0.302507319005959	0.444825573006782	0.444825573006774	0.361297855647333	0.292033670458035	0.36129785564734	0.302507319005957	0.292033670458036	0.257829542807916	0.292033670458038	0.444825573006779	0.36129785564734	0.292033670458036	0.361297855647337
1	1.22248044262297	1.2072121688849	1.22248044262297	1.22248044262297	1.2854571045844	1.28037557401486	1.28545710458441	1.2072121688849	1.28037557401486	1.29014818512126	1.28037557401486	1.22248044262297	1.28545710458441	1.28037557401486	1.2854571045844	1.41265738001449	0.444826192880213	0.302507411987908	0.444826192880218	0.444826192880211	0.361298264286535	0.292033687266077	0.361298264286543	0.30250741198791	0.292033687266078	0.257829615083353	0.292033687266079	0.444826192880215	0.361298264286543	0.292033687266078	0.36129826428654
1	1.22248154493819	1.20721237986269	1.22248154493819	1.22248154493818	1.28545812574399	1.28037558169753	1.285458125744	1.20721237986269	1.28037558169753	1.29014841381221	1.28037558169753	1.22248154493819	1.285458125744	1.28037558169753	1.285458125744	1.41280417971484	0.444826733552125	0.302507493501712	0.44482673355213	0.444826733552123	0.361298622245908	0.292033703076203	0.361298622245915	0.302507493501713	0.292033703076204	0.257829678881462	0.292033703076205	0.444826733552128	0.361298622245915	0.292033703076204	0.361298622245912
1	1.2224825062941	1.20721256491732	1.2224825062941	1.2224825062941	1.28545902023066	1.28037559199785	1.28545902023067	1.20721256491732	1.28037559199785	1.29014861604673	1.28037559199785	1.2224825062941	1.28545902023067	1.28037559199785	1.28545902023066	1.41293700957672	0.444827205146367	0.30250756495897	0.444827205146371	0.444827205146363	0.361298935812404	0.292033717870165	0.36129893581241	0.302507564958971	0.292033717870167	0.257829735188481	0.292033717870168	0.444827205146367	0.36129893581241	0.292033717870166	0.361298935812408
1	1.22248334472357	1.20721272722534	1.22248334472357	1.22248334472357	1.28545980376231	1.28037560412467	1.28545980376231	1.20721272722534	1.28037560412467	1.29014879485099	1.28037560412467	1.22248334472357	1.28545980376231	1.28037560412467	1.28545980376231	1.41305719900602	0.444827616492195	0.302507627597944	0.444827616492199	0.444827616492194	0.361299210492854	0.292033731650544	0.361299210492858	0.302507627597942	0.292033731650546	0.257829784877046	0.292033731650548	0.444827616492198	0.361299210492858	0.292033731650545	0.361299210492859
1	1.22248407595154	1.20721286957531	1.22248407595154	1.22248407595154	1.28546049010594	1.28037561744593	1.28546049010595	1.20721286957531	1.28037561744593	1.29014895290992	1.28037561744593	1.22248407595154	1.28546049010595	1.28037561744593	1.28546049010594	1.41316595089894	0.444827975289888	0.302507682504782	0.444827975289893	0.444827975289885	0.361299451110802	0.292033744435724	0.361299451110802	0.30250768250478	0.292033744435725	0.257829828719128	0.292033744435726	0.44482797528989	0.361299451110802	0.292033744435725	0.361299451110806
1	1.22248471369057	1.20721299441502	1.22248471369057	1.22248471369057	1.2854610913199	1.28037563146092	1.28546109131991	1.20721299441502	1.28037563146092	1.29014909260502	1.28037563146092	1.22248471369057	1.28546109131991	1.28037563146092	1.28546109131991	1.41326435368097	0.444828288255149	0.30250773063216	0.444828288255153	0.444828288255147	0.361299661891299	0.29203375625584	0.361299661891302	0.302507730632159	0.292033756255841	0.257829867397493	0.292033756255843	0.444828288255151	0.361299661891302	0.292033756255841	0.361299661891304
1	1.22248526989845	1.20721310389297	1.22248526989845	1.22248526989844	1.28546161796599	1.28037564577709	1.28546161796599	1.20721310389297	1.2803756457771	1.29014921604801	1.2803756457771	1.22248526989845	1.28546161796599	1.28037564577709	1.28546161796599	1.41335339220021	0.444828561245052	0.302507772815632	0.444828561245057	0.44482856124505	0.361299846535199	0.292033767149476	0.361299846535204	0.302507772815631	0.292033767149476	0.257829901515888	0.292033767149477	0.444828561245054	0.361299846535204	0.292033767149477	0.361299846535203
1	1.22248575500284	1.20721319989481	1.22248575500284	1.22248575500284	1.28546207929523	1.28037566009064	1.28546207929524	1.20721319989481	1.28037566009064	1.29014932511091	1.28037566009064	1.22248575500284	1.28546207929524	1.28037566009064	1.28546207929523	1.4134339575841	0.44482879936786	0.30250780978799	0.444828799367865	0.444828799367861	0.361300008284202	0.292033777161035	0.361300008284207	0.302507809787989	0.292033777161033	0.257829931608104	0.292033777161035	0.444828799367866	0.361300008284207	0.292033777161037	0.361300008284206
1	1.2224861780972	1.20721328407541	1.2224861780972	1.2224861780972	1.28546248341066	1.28037567417022	1.28546248341066	1.20721328407541	1.28037567417022	1.29014942145274	1.28037567417022	1.2224861780972	1.28546248341066	1.28037567417022	1.28546248341066	1.41350685615806	0.444829007078811	0.302507842191879	0.444829007078816	0.44482900707881	0.361300149977842	0.29203378633862	0.361300149977846	0.302507842191877	0.292033786338619	0.257829958145972	0.29203378633862	0.444829007078814	0.361300149977846	0.292033786338622	0.361300149977846
1	1.2224865471115	1.20721335788702	1.2224865471115	1.2224865471115	1.28546283740975	1.28037568784348	1.28546283740976	1.20721335788701	1.28037568784348	1.29014950654343	1.28037568784348	1.2224865471115	1.28546283740976	1.28037568784348	1.28546283740976	1.41357281751553	0.444829188263614	0.302507870590849	0.444829188263618	0.444829188263612	0.361300274103385	0.29203379473238	0.361300274103388	0.302507870590844	0.29203379473238	0.257829981546487	0.292033794732381	0.444829188263616	0.361300274103388	0.292033794732382	0.361300274103389
1	1.2224868689612	1.20721342260393	1.2224868689612	1.2224868689612	1.28546314750931	1.28037570098573	1.28546314750932	1.20721342260392	1.28037570098573	1.29014958168502	1.28037570098573	1.2224868689612	1.28546314750932	1.28037570098573	1.28546314750931	1.41363250181993	0.44482934631129	0.302507895479071	0.444829346311295	0.444829346311288	0.361300382839552	0.29203380239321	0.361300382839556	0.302507895479065	0.29203380239321	0.257830002178128	0.292033802393211	0.444829346311293	0.361300382839556	0.292033802393211	0.361300382839556
1	1.22248714967708	1.20721347934427	1.22248714967708	1.22248714967708	1.28546341915472	1.28037571351062	1.28546341915473	1.20721347934427	1.28037571351062	1.29014964803054	1.28037571351062	1.22248714967708	1.28546341915473	1.28037571351062	1.28546341915473	1.41368650641183	0.4448294841777	0.302507917289858	0.444829484177705	0.444829484177701	0.361300478094799	0.292033809371744	0.361300478094801	0.302507917289853	0.292033809371743	0.257830020366429	0.292033809371745	0.444829484177705	0.361300478094801	0.292033809371745	0.361300478094804
1	1.22248739451846	1.20721352908908	1.22248739451846	1.22248739451845	1.28546365711575	1.28037572536242	1.28546365711575	1.20721352908907	1.28037572536242	1.29014970660087	1.28037572536242	1.22248739451846	1.28546365711575	1.28037572536242	1.28546365711575	1.41373537178735	0.444829604440915	0.302507936403142	0.444829604440919	0.444829604440917	0.361300561540851	0.292033815717593	0.361300561540853	0.302507936403137	0.292033815717594	0.257830036398942	0.292033815717595	0.444829604440922	0.361300561540853	0.292033815717594	0.361300561540856
1	1.2224876080719	1.20721357269902	1.2224876080719	1.2224876080719	1.28546386557034	1.28037573650956	1.28546386557034	1.20721357269901	1.28037573650956	1.29014975829963	1.28037573650956	1.2224876080719	1.28546386557034	1.28037573650956	1.28546386557035	1.41377958700758	0.444829709349528	0.302507953152037	0.444829709349532	0.444829709349529	0.361300634642081	0.292033821478801	0.36130063464208	0.302507953152033	0.292033821478802	0.257830050529632	0.292033821478803	0.444829709349534	0.36130063464208	0.292033821478802	0.361300634642085
1	1.22248779433736	1.20721361092913	1.22248779433737	1.22248779433736	1.28546404817813	1.28037574693944	1.28546404817813	1.20721361092913	1.28037574693945	1.29014980392648	1.28037574693945	1.22248779433737	1.28546404817813	1.28037574693945	1.28546404817813	1.41381959459331	0.444829800864781	0.302507967828594	0.444829800864785	0.444829800864781	0.361300698681227	0.292033826701421	0.361300698681228	0.302507967828591	0.292033826701422	0.257830062982766	0.292033826701424	0.444829800864786	0.361300698681228	0.292033826701422	0.361300698681232
1	1.2224879568032	1.20721364444178	1.2224879568032	1.2224879568032	1.28546420814471	1.2803757566541	1.28546420814471	1.20721364444177	1.2803757566541	1.29014984418896	1.2803757566541	1.2224879568032	1.28546420814471	1.2803757566541	1.28546420814471	1.41385579495389	0.444829880697296	0.302507980688855	0.4448298806973	0.444829880697297	0.361300754781937	0.292033831429259	0.361300754781938	0.302507980688852	0.292033831429259	0.257830073956342	0.292033831429261	0.444829880697302	0.361300754781938	0.29203383142926	0.361300754781942
1	1.22248809851163	1.20721367381793	1.22248809851163	1.22248809851163	1.28546434827802	1.28037576566666	1.28546434827802	1.20721367381793	1.28037576566666	1.29014987971295	1.28037576566666	1.22248809851163	1.28546434827802	1.28037576566666	1.28546434827802	1.4138885503947	0.444829950339123	0.302507991957277	0.444829950339128	0.444829950339124	0.361300803928494	0.292033835703685	0.361300803928493	0.302507991957275	0.292033835703686	0.257830083625153	0.292033835703687	0.444829950339128	0.361300803928493	0.292033835703686	0.361300803928498
1	1.22248822211587	1.20721369956721	1.22248822211587	1.22248822211587	1.28546447103765	1.28037577399849	1.28546447103765	1.20721369956721	1.28037577399849	1.29014991105196	1.28037577399849	1.22248822211587	1.28546447103765	1.28037577399849	1.28546447103765	1.4139181887432	0.444830011091674	0.302508001830632	0.444830011091679	0.444830011091674	0.361300846983112	0.292033839563556	0.361300846983111	0.302508001830631	0.292033839563558	0.257830092143489	0.29203383956356	0.444830011091679	0.361300846983111	0.292033839563557	0.361300846983117
1	1.22248832992982	1.20721372213657	1.22248832992982	1.22248832992982	1.28546457857811	1.28037578167691	1.28546457857811	1.20721372213656	1.28037578167692	1.29014993869546	1.28037578167692	1.22248832992982	1.28546457857811	1.28037578167691	1.28546457857811	1.41394500662994	0.444830064090088	0.302508010481401	0.444830064090092	0.444830064090087	0.361300884701082	0.29203384304518	0.361300884701081	0.302508010481402	0.292033843045182	0.257830099647503	0.292033843045183	0.444830064090091	0.361300884701081	0.292033843045182	0.361300884701086
1	1.22248842397153	1.20721374191801	1.22248842397153	1.22248842397153	1.28546467278664	1.28037578873331	1.28546467278664	1.207213741918	1.28037578873332	1.29014996307614	1.28037578873332	1.22248842397153	1.28546467278664	1.28037578873332	1.28546467278665	1.41396927245734	0.444830110324487	0.302508018060777	0.444830110324491	0.444830110324487	0.361300917744024	0.292033846182338	0.361300917744023	0.302508018060776	0.292033846182338	0.257830106257336	0.29203384618234	0.444830110324491	0.361300917744023	0.292033846182339	0.361300917744028
1	1.22248850600104	1.2072137592553	1.22248850600104	1.22248850600104	1.28546475531642	1.28037579520167	1.28546475531642	1.2072137592553	1.28037579520168	1.29014998457648	1.28037579520168	1.22248850600104	1.28546475531642	1.28037579520168	1.28546475531642	1.41399122908596	0.444830150658517	0.302508024701284	0.444830150658522	0.444830150658515	0.361300946691518	0.292033849006331	0.361300946691517	0.30250802470128	0.292033849006331	0.257830112078995	0.292033849006332	0.44483015065852	0.361300946691517	0.292033849006332	0.361300946691522
1	1.22248857755334	1.20721377444994	1.22248857755334	1.22248857755334	1.28546482761555	1.2803758011174	1.28546482761555	1.20721377444994	1.2803758011174	1.2901500035345	1.2803758011174	1.22248857755334	1.28546482761555	1.2803758011174	1.28546482761555	1.41401109626512	0.444830185845498	0.302508030519075	0.444830185845503	0.444830185845495	0.361300972051272	0.29203385154608	0.361300972051273	0.302508030519069	0.292033851546078	0.257830117205995	0.292033851546079	0.444830185845499	0.361300972051273	0.292033851546081	0.361300972051277
1	1.22248863996722	1.20721378776628	1.22248863996722	1.22248863996721	1.28546489095255	1.28037580651641	1.28546489095255	1.20721378776627	1.28037580651641	1.29015002024884	1.28037580651642	1.22248863996722	1.28546489095255	1.28037580651642	1.28546489095255	1.41402907283222	0.444830216542534	0.302508035615957	0.444830216542539	0.444830216542529	0.361300994268047	0.292033853828211	0.361300994268048	0.302508035615951	0.292033853828209	0.257830121720815	0.29203385382821	0.444830216542533	0.361300994268048	0.292033853828213	0.361300994268052
1	1.22248869441029	1.20721379943613	1.22248869441029	1.22248869441029	1.28546494643861	1.28037581143444	1.28546494643861	1.20721379943612	1.28037581143444	1.29015003498336	1.28037581143444	1.22248869441029	1.28546494643861	1.28037581143444	1.28546494643862	1.41404533870278	0.444830243322798	0.302508040081157	0.444830243322803	0.444830243322795	0.361301013731446	0.292033855877172	0.361301013731448	0.30250804008115	0.292033855877169	0.257830125696207	0.29203385587717	0.444830243322799	0.361301013731448	0.292033855877173	0.361301013731451
1	1.22248874190094	1.20721380966274	1.22248874190094	1.22248874190093	1.28546499504712	1.28037581590649	1.28546499504712	1.20721380966274	1.28037581590649	1.29015004797113	1.28037581590649	1.22248874190093	1.28546499504712	1.28037581590649	1.28546499504712	1.41406005667111	0.444830266686267	0.302508043992874	0.444830266686271	0.444830266686262	0.361301030782773	0.292033857715363	0.361301030782776	0.302508043992867	0.292033857715362	0.257830129196312	0.292033857715363	0.444830266686266	0.361301030782776	0.292033857715364	0.361301030782778
1	1.22248878332737	1.20721381862434	1.22248878332737	1.22248878332737	1.28546503763074	1.28037581996643	1.28546503763074	1.20721381862434	1.28037581996643	1.29015005941795	1.28037581996643	1.22248878332737	1.28546503763074	1.28037581996643	1.28546503763074	1.41407337403957	0.444830287069062	0.302508047419636	0.444830287069066	0.444830287069058	0.361301045721013	0.292033859363262	0.361301045721015	0.302508047419629	0.29203385936326	0.257830132277694	0.292033859363261	0.444830287069062	0.361301045721015	0.292033859363263	0.361301045721017
1	1.22248881946428	1.20721382647717	1.22248881946428	1.22248881946427	1.28546507493641	1.28037582364675	1.28546507493641	1.20721382647717	1.28037582364675	1.29015006950559	1.28037582364675	1.22248881946428	1.28546507493641	1.28037582364675	1.28546507493641	1.41408542409287	0.444830304851622	0.302508050421501	0.444830304851627	0.444830304851619	0.361301058808084	0.292033860839541	0.361301058808085	0.302508050421494	0.292033860839538	0.257830134990226	0.292033860839539	0.444830304851623	0.361301058808085	0.292033860839542	0.361301058808089
1	1.22248885098734	1.20721383335821	1.22248885098734	1.22248885098734	1.28546510761843	1.28037582697834	1.28546510761843	1.2072138333582	1.28037582697834	1.2901500783945	1.28037582697834	1.22248885098734	1.28546510761843	1.28037582697834	1.28546510761843	1.41409632743199	0.444830320365801	0.302508053051095	0.444830320365805	0.444830320365798	0.361301070273427	0.2920338621612	0.361301070273428	0.302508053051091	0.292033862161197	0.257830137377861	0.292033862161198	0.444830320365803	0.361301070273428	0.292033862161201	0.361301070273431
1	1.22248887848589	1.20721383938754	1.22248887848589	1.22248887848589	1.28546513624998	1.28037582999037	1.28546513624998	1.20721383938753	1.28037582999037	1.29015008622633	1.28037582999037	1.22248887848589	1.28546513624998	1.28037582999038	1.28546513624998	1.41410619318121	0.444830333901083	0.302508055354542	0.444830333901088	0.444830333901082	0.361301080318047	0.292033863343694	0.361301080318049	0.302508055354537	0.292033863343692	0.257830139479352	0.292033863343693	0.444830333901086	0.361301080318049	0.292033863343696	0.361301080318051
1	1.22248890247396	1.20721384467044	1.22248890247396	1.22248890247396	1.28546516133317	1.28037583271024	1.28546516133317	1.20721384467044	1.28037583271024	1.2901500931261	1.28037583271024	1.22248890247396	1.28546516133317	1.28037583271024	1.28546516133317	1.41411512008026	0.444830345709997	0.302508057372252	0.444830345710002	0.444830345709995	0.361301089118026	0.292033864401049	0.361301089118026	0.302508057372244	0.292033864401047	0.257830141328844	0.292033864401048	0.444830345709999	0.361301089118026	0.29203386440105	0.36130108911803
1	1.22248892339988	1.2072138492992	1.22248892339988	1.22248892339988	1.28546518330784	1.28037583516353	1.28546518330784	1.20721384929919	1.28037583516353	1.29015009920413	1.28037583516353	1.22248892339988	1.28546518330784	1.28037583516353	1.28546518330784	1.41412319747256	0.444830356012826	0.302508059139635	0.44483035601283	0.444830356012825	0.361301096827616	0.292033865345974	0.361301096827619	0.302508059139627	0.29203386534597	0.257830142956433	0.292033865345971	0.44483035601283	0.361301096827619	0.292033865345975	0.36130109682762
1	1.22248894165472	1.2072138533547	1.22248894165472	1.22248894165472	1.28546520255931	1.28037583737407	1.28546520255931	1.20721385335469	1.28037583737407	1.29015010455779	1.28037583737407	1.22248894165472	1.28546520255931	1.28037583737407	1.28546520255931	1.41413050619935	0.44483036500174	0.302508060687717	0.444830365001744	0.444830365001741	0.361301103581954	0.292033866189962	0.361301103581957	0.302508060687711	0.29203386618996	0.257830144388636	0.292033866189962	0.444830365001745	0.361301103581957	0.292033866189963	0.361301103581958
1	1.22248895757957	1.20721385690785	1.22248895757957	1.22248895757957	1.28546521942512	1.28037583936392	1.28546521942512	1.20721385690784	1.28037583936392	1.29015010927296	1.28037583936392	1.22248895757957	1.28546521942512	1.28037583936392	1.28546521942512	1.41413711940883	0.444830372844375	0.302508062043684	0.44483037284438	0.444830372844376	0.361301109499422	0.292033866943411	0.361301109499425	0.302508062043681	0.292033866943411	0.257830145648814	0.292033866943412	0.44483037284438	0.361301109499425	0.292033866943412	0.361301109499426
1	1.22248897147196	1.2072138600208	1.22248897147196	1.22248897147196	1.28546523420097	1.28037584115346	1.28546523420097	1.20721386002079	1.28037584115346	1.29015011342541	1.28037584115346	1.22248897147196	1.28546523420097	1.28037584115346	1.28546523420097	1.41414310328822	0.444830379686966	0.302508063231355	0.444830379686971	0.444830379686968	0.361301114683724	0.2920338676157	0.361301114683727	0.302508063231352	0.292033867615697	0.25783014675755	0.292033867615699	0.444830379686972	0.361301114683727	0.292033867615701	0.361301114683728
1	1.22248898359139	1.20721386274801	1.22248898359139	1.22248898359139	1.28546524714588	1.28037584276146	1.28546524714588	1.20721386274801	1.28037584276146	1.29015011708197	1.28037584276146	1.22248898359139	1.28546524714588	1.28037584276146	1.28546524714588	1.4141485177262	0.444830385657089	0.3025080642716	0.444830385657093	0.444830385657092	0.361301119225717	0.292033868215286	0.361301119225721	0.302508064271598	0.292033868215283	0.257830147732974	0.292033868215284	0.444830385657096	0.361301119225722	0.292033868215287	0.361301119225721
1	1.22248899416422	1.20721386513723	1.22248899416422	1.22248899416422	1.28546525848678	1.28037584420516	1.28546525848678	1.20721386513723	1.28037584420515	1.29015012030157	1.28037584420515	1.22248899416423	1.28546525848678	1.28037584420516	1.28546525848678	1.41415341691229	0.444830390866038	0.302508065182706	0.444830390866043	0.44483039086604	0.361301123204997	0.292033868749793	0.361301123205001	0.302508065182703	0.292033868749791	0.257830148591059	0.292033868749792	0.444830390866044	0.361301123205001	0.292033868749795	0.361301123205001
1	1.22248900338792	1.2072138672303	1.22248900338792	1.22248900338792	1.28546526842247	1.28037584550033	1.28546526842247	1.2072138672303	1.28037584550033	1.29015012313619	1.28037584550033	1.22248900338792	1.28546526842247	1.28037584550033	1.28546526842247	1.41415784987918	0.444830395410903	0.302508065980689	0.444830395410907	0.444830395410904	0.361301126691288	0.29203386922608	0.361301126691292	0.302508065980685	0.292033869226076	0.257830149345869	0.292033869226078	0.444830395410908	0.361301126691292	0.292033869226081	0.361301126691293
1	1.2224890114347	1.20721386906389	1.2224890114347	1.2224890114347	1.28546527712709	1.28037584666141	1.28546527712709	1.20721386906388	1.28037584666141	1.29015012563165	1.28037584666141	1.22248901143471	1.28546527712709	1.28037584666142	1.28546527712709	1.41416186099349	0.444830399376383	0.302508066679584	0.444830399376388	0.444830399376384	0.361301129745679	0.29203386965031	0.361301129745684	0.302508066679579	0.292033869650306	0.257830150009787	0.292033869650307	0.444830399376389	0.361301129745684	0.292033869650311	0.361301129745683
1	1.22248901845481	1.20721387067012	1.22248901845481	1.22248901845481	1.28546528475321	1.28037584770157	1.28546528475321	1.20721387067011	1.28037584770156	1.29015012782836	1.28037584770156	1.22248901845481	1.28546528475321	1.28037584770157	1.28546528475321	1.41416549039981	0.444830402836372	0.302508067291685	0.444830402836377	0.444830402836372	0.361301132421684	0.292033870028022	0.36130113242169	0.30250806729168	0.292033870028019	0.257830150593719	0.29203387002802	0.444830402836377	0.36130113242169	0.292033870028024	0.361301132421689
1	1.22248902457929	1.20721387207716	1.22248902457929	1.22248902457929	1.28546529143448	1.28037584863277	1.28546529143448	1.20721387207715	1.28037584863277	1.29015012976192	1.28037584863277	1.22248902457929	1.28546529143448	1.28037584863277	1.28546529143448	1.41416877442246	0.444830405855334	0.302508067827762	0.444830405855338	0.444830405855334	0.361301134766187	0.292033870364188	0.361301134766193	0.302508067827756	0.292033870364186	0.25783015110727	0.292033870364187	0.444830405855338	0.361301134766193	0.29203387036419	0.361301134766192
1	1.22248902992245	1.20721387330968	1.22248902992245	1.22248902992245	1.28546529728798	1.28037584946592	1.28546529728798	1.20721387330968	1.28037584946592	1.29015013146371	1.28037584946592	1.22248902992246	1.28546529728798	1.28037584946592	1.28546529728798	1.41417174592903	0.444830408489508	0.302508068297251	0.444830408489513	0.444830408489508	0.361301136820263	0.292033870663268	0.361301136820268	0.302508068297246	0.292033870663265	0.257830151558896	0.292033870663267	0.444830408489513	0.361301136820268	0.292033870663269	0.361301136820267
1	1.22248903458402	1.20721387438932	1.22248903458402	1.22248903458402	1.28546530241629	1.28037585021089	1.2854653024163	1.20721387438931	1.28037585021089	1.29015013296141	1.28037585021089	1.22248903458402	1.2854653024163	1.28037585021089	1.28546530241629	1.41417443465937	0.444830410787961	0.302508068708415	0.444830410787966	0.444830410787961	0.361301138619893	0.292033870929258	0.361301138619897	0.302508068708413	0.292033870929258	0.257830151956037	0.292033870929259	0.444830410787965	0.361301138619897	0.29203387092926	0.361301138619897
1	1.22248903865098	1.20721387533501	1.22248903865098	1.22248903865098	1.28546530690927	1.28037585087664	1.28546530690928	1.207213875335	1.28037585087664	1.29015013427939	1.28037585087664	1.22248903865098	1.28546530690928	1.28037585087664	1.28546530690927	1.41417686752318	0.444830412793497	0.302508069068496	0.444830412793502	0.444830412793497	0.361301140196602	0.292033871165744	0.361301140196608	0.302508069068495	0.292033871165744	0.257830152305245	0.292033871165745	0.444830412793502	0.361301140196608	0.292033871165745	0.361301140196606
1	1.2224890421992	1.20721387616335	1.2224890421992	1.2224890421992	1.28546531084565	1.28037585147128	1.28546531084565	1.20721387616335	1.28037585147127	1.29015013543913	1.28037585147127	1.2224890421992	1.28546531084565	1.28037585147128	1.28546531084565	1.4141790688694	0.444830414543466	0.302508069383841	0.444830414543471	0.444830414543464	0.36130114157801	0.292033871375926	0.361301141578017	0.302508069383838	0.292033871375927	0.25783015261229	0.292033871375928	0.444830414543469	0.361301141578017	0.292033871375927	0.361301141578014
1	1.22248904529488	1.2072138768889	1.22248904529488	1.22248904529488	1.28546531429438	1.28037585200212	1.28546531429439	1.2072138768889	1.28037585200211	1.29015013645956	1.28037585200212	1.22248904529488	1.28546531429439	1.28037585200212	1.28546531429438	1.41418106072982	0.444830416070446	0.302508069659997	0.444830416070451	0.444830416070443	0.361301142788309	0.29203387156267	0.361301142788316	0.302508069659994	0.292033871562672	0.257830152882243	0.292033871562674	0.444830416070447	0.361301142788316	0.292033871562672	0.361301142788313
1	1.22248904799576	1.2072138775244	1.22248904799576	1.22248904799576	1.2854653173159	1.28037585247577	1.2854653173159	1.20721387752439	1.28037585247577	1.29015013735734	1.28037585247577	1.22248904799576	1.2854653173159	1.28037585247577	1.2854653173159	1.41418286303967	0.444830417402862	0.302508069901834	0.444830417402867	0.444830417402859	0.361301143848698	0.29203387172854	0.361301143848705	0.30250806990183	0.292033871728542	0.257830153119574	0.292033871728544	0.444830417402864	0.361301143848705	0.292033871728541	0.361301143848702
1	1.22248905035222	1.20721387808101	1.22248905035222	1.22248905035222	1.28546531996312	1.28037585289821	1.28546531996313	1.20721387808101	1.28037585289821	1.29015013814716	1.28037585289821	1.22248905035222	1.28546531996313	1.28037585289821	1.28546531996312	1.41418449383705	0.44483041856552	0.302508070113613	0.444830418565525	0.444830418565517	0.361301144777749	0.292033871875825	0.361301144777756	0.30250807011361	0.292033871875828	0.257830153328213	0.292033871875829	0.444830418565521	0.361301144777756	0.292033871875827	0.361301144777753
1	1.22248905240819	1.20721387856852	1.22248905240819	1.22248905240819	1.28546532228243	1.28037585327479	1.28546532228244	1.20721387856852	1.28037585327479	1.29015013884195	1.28037585327479	1.22248905240819	1.28546532228244	1.28037585327479	1.28546532228244	1.41418596944355	0.444830419580054	0.302508070299069	0.444830419580058	0.444830419580051	0.361301145591732	0.292033872006572	0.361301145591738	0.302508070299065	0.292033872006576	0.257830153511615	0.292033872006577	0.444830419580055	0.361301145591738	0.292033872006573	0.361301145591736
1	1.222489054202	1.2072138789955	1.22248905420201	1.222489054202	1.28546532431446	1.28037585361035	1.28546532431446	1.2072138789955	1.28037585361035	1.29015013945311	1.28037585361035	1.22248905420201	1.28546532431446	1.28037585361035	1.28546532431446	1.41418730462753	0.444830420465343	0.302508070461471	0.444830420465348	0.444830420465342	0.361301146304899	0.292033872122603	0.361301146304906	0.302508070461468	0.292033872122607	0.257830153672827	0.292033872122608	0.444830420465346	0.361301146304905	0.292033872122604	0.361301146304903
1	1.22248905576711	1.20721387936946	1.22248905576711	1.22248905576711	1.28546532609478	1.28037585390923	1.28546532609479	1.20721387936946	1.28037585390923	1.29015013999067	1.28037585390923	1.22248905576711	1.28546532609479	1.28037585390923	1.28546532609479	1.41418851275195	0.444830421237862	0.302508070603684	0.444830421237867	0.444830421237862	0.361301146929741	0.292033872225549	0.361301146929746	0.30250807060368	0.292033872225554	0.257830153814526	0.292033872225555	0.444830421237867	0.361301146929746	0.29203387222555	0.361301146929745
1	1.22248905713268	1.20721387969698	1.22248905713268	1.22248905713268	1.2854653276546	1.28037585417534	1.2854653276546	1.20721387969698	1.28037585417534	1.29015014046346	1.28037585417534	1.22248905713268	1.2854653276546	1.28037585417534	1.2854653276546	1.41418960590813	0.444830421911982	0.302508070728215	0.444830421911986	0.444830421911981	0.361301147477196	0.292033872316862	0.361301147477203	0.302508070728212	0.292033872316866	0.257830153939068	0.292033872316867	0.444830421911986	0.361301147477203	0.292033872316863	0.361301147477201
1	1.22248905832416	1.20721387998382	1.22248905832416	1.22248905832416	1.28546532902121	1.28037585441217	1.28546532902122	1.20721387998382	1.28037585441218	1.29015014087926	1.28037585441218	1.22248905832416	1.28546532902122	1.28037585441217	1.28546532902121	1.41419059503674	0.44483042250024	0.302508070837263	0.444830422500245	0.44483042250024	0.361301147956852	0.292033872397836	0.361301147956859	0.30250807083726	0.29203387239784	0.257830154048524	0.292033872397841	0.444830422500244	0.361301147956859	0.292033872397838	0.361301147956856
1	1.22248905936375	1.20721388023503	1.22248905936375	1.22248905936375	1.28546533021856	1.28037585462288	1.28546533021857	1.20721388023503	1.28037585462289	1.29015014124491	1.28037585462289	1.22248905936376	1.28546533021857	1.28037585462288	1.28546533021856	1.41419149003733	0.444830423013578	0.302508070932749	0.444830423013582	0.444830423013579	0.361301148377107	0.292033872469624	0.361301148377113	0.302508070932747	0.292033872469629	0.257830154144716	0.29203387246963	0.444830423013583	0.361301148377113	0.292033872469625	0.361301148377112
