1	1.2825183246262	1.00461567511907	1.28251832462622	1.28251832426621	1.00541810315197	1.09764168331516	1.00541810315181	1.00461567511577	1.09764168333906	2.42773073255005	1.09764168333905	1.28251832426623	1.00541810315181	1.09764168331516	1.00541810315197	5.49999999999999	0.237384062583127	0.0201066301847458	0.237384062583136	0.237384062425958	0.0217887448280233	-0.0772402666659181	0.0217887448276903	0.020106630178617	-0.0772402666771967	-0.326977310032037	-0.0772402666771955	0.237384062425966	0.0217887448276903	-0.0772402666659169	0.0217887448280267
1	1.30456674879764	1.00452974214273	1.30456674879766	1.3045667487703	1.00528086456653	1.09711566292401	1.00528086456653	1.00452974214269	1.09711566292433	3.20340766417743	1.09711566292433	1.30456674877032	1.00528086456653	1.097115662924	1.00528086456653	5.49999999999999	0.24706834819316	0.0198705192877702	0.247068348193169	0.247068348181223	0.0214588450660198	-0.0768380662269568	0.0214588450660211	0.0198705192877451	-0.0768380662271554	-0.448744780123942	-0.0768380662271542	0.247068348181232	0.0214588450660211	-0.0768380662269556	0.0214588450660231
1	1.30515988882938	1.00451495593087	1.30515988882939	1.30515988882739	1.0052640228327	1.09682640614755	1.0052640228327	1.00451495593086	1.09682640614756	3.65859308295124	1.09682640614755	1.30515988882741	1.0052640228327	1.09682640614754	1.0052640228327	5.49999999999999	0.247330613079574	0.0198371845439038	0.247330613079582	0.247330613078706	0.0214236413094628	-0.0767151503911109	0.0214236413094645	0.0198371845439038	-0.0767151503911191	-0.518903915479642	-0.0767151503911179	0.247330613078715	0.0214236413094645	-0.0767151503911098	0.0214236413094661
1	1.3049806313588	1.0045077226946	1.30498063135882	1.30498063135866	1.00525664906957	1.09669955880689	1.00525664906957	1.0045077226946	1.09669955880689	3.96567468988255	1.09669955880689	1.30498063135868	1.00525664906957	1.09669955880688	1.00525664906957	5.49999999999999	0.247260428404658	0.0198222209335008	0.247260428404667	0.247260428404598	0.0214096380258754	-0.0766663113497603	0.0214096380258767	0.0198222209335008	-0.0766663113497612	-0.565855756165727	-0.07666631134976	0.247260428404607	0.0214096380258767	-0.0766663113497591	0.0214096380258787
1	1.30485117043264	1.00450308102112	1.30485117043266	1.30485117043262	1.00525194752816	1.09662067123491	1.00525194752816	1.00450308102112	1.09662067123491	4.18840691832656	1.0966206712349	1.30485117043264	1.00525194752816	1.0966206712349	1.00525194752816	5.49999999999999	0.247215060886944	0.0198131165902038	0.247215060886953	0.247215060886935	0.0214012535931924	-0.0766379497587975	0.021401253593194	0.019813116590204	-0.0766379497587977	-0.599768204142392	-0.0766379497587965	0.247215060886944	0.021401253593194	-0.0766379497587964	0.0214012535931957
1	1.30476598762789	1.00449980214965	1.30476598762791	1.30476598762789	1.00524861490899	1.09656572085787	1.00524861490899	1.00449980214965	1.09656572085787	4.35736874345656	1.09656572085787	1.30476598762791	1.00524861490899	1.09656572085787	1.00524861490899	5.49999999999999	0.247188867046017	0.0198069206041524	0.247188867046025	0.247188867046017	0.0213955625493171	-0.0766191530192583	0.0213955625493188	0.0198069206041525	-0.0766191530192586	-0.625428303438154	-0.0766191530192574	0.247188867046025	0.0213955625493188	-0.0766191530192571	0.0213955625493204
1	1.30470645680314	1.00449735871845	1.30470645680315	1.30470645680314	1.00524612288657	1.09652515128706	1.00524612288657	1.00449735871845	1.09652515128706	4.48948343689434	1.09652515128706	1.30470645680316	1.00524612288657	1.09652515128706	1.00524612288657	5.49999999999999	0.247172761489644	0.0198024298205516	0.247172761489652	0.247172761489644	0.021391441261988	-0.0766057958093131	0.0213914412619894	0.0198024298205518	-0.0766057958093134	-0.645458439014687	-0.0766057958093122	0.247172761489653	0.0213914412619894	-0.076605795809312	0.0213914412619913
1	1.30466275004394	1.00449547261483	1.30466275004395	1.30466275004393	1.00524419370415	1.09649404833469	1.00524419370415	1.00449547261483	1.09649404833469	4.59504897959069	1.09649404833469	1.30466275004395	1.00524419370415	1.09649404833469	1.00524419370415	5.49999999999999	0.247162290025432	0.0197990366916023	0.247162290025441	0.24716229002543	0.0213883281467196	-0.0765958594367658	0.0213883281467213	0.0197990366916022	-0.0765958594367659	-0.661444173985416	-0.0765958594367647	0.247162290025439	0.0213883281467213	-0.0765958594367645	0.021388328146723
1	1.30462950412945	1.0044939800756	1.30462950412947	1.30462950412945	1.00524266335918	1.09646956289371	1.00524266335918	1.0044939800756	1.09646956289371	4.68077209265758	1.09646956289371	1.30462950412947	1.00524266335918	1.09646956289371	1.00524266335918	5.49999999999999	0.247155187751577	0.0197963964151504	0.247155187751586	0.247155187751578	0.0213859056390319	-0.0765882240306719	0.0213859056390334	0.0197963964151504	-0.0765882240306721	-0.67441363293922	-0.0765882240306708	0.247155187751586	0.0213859056390334	-0.0765882240306707	0.0213859056390352
1	1.30460354685094	1.0044927771293	1.30460354685096	1.30460354685094	1.00524142740184	1.09644990792677	1.00524142740184	1.0044927771293	1.09644990792677	4.75124902889996	1.09644990792677	1.30460354685096	1.00524142740184	1.09644990792677	1.00524142740184	5.49999999999999	0.247150210066198	0.0197942969260363	0.247150210066207	0.247150210066198	0.0213839788761298	-0.0765822142861439	0.0213839788761317	0.019794296926036	-0.0765822142861433	-0.685069180841244	-0.076582214286142	0.247150210066206	0.0213839788761317	-0.0765822142861426	0.0213839788761331
1	1.30458287461417	1.00449179396569	1.30458287461419	1.30458287461416	1.00524041548973	1.09643389547923	1.00524041548973	1.00449179396569	1.09643389547923	4.80975675515864	1.09643389547923	1.30458287461418	1.00524041548973	1.09643389547923	1.00524041548973	5.49999999999999	0.247146628285522	0.0197925997104314	0.24714662828553	0.247146628285519	0.0213824207896658	-0.07657739680751	0.0213824207896672	0.0197925997104312	-0.0765773968075102	-0.693910378827498	-0.076577396807509	0.247146628285527	0.0213824207896672	-0.0765773968075088	0.0213824207896691
1	1.30456615545078	1.00449098164058	1.3045661554508	1.30456615545078	1.00523957816252	1.09642069960727	1.00523957816252	1.00449098164058	1.09642069960727	4.85870628199639	1.09642069960726	1.30456615545079	1.00523957816252	1.09642069960726	1.00523957816252	5.49999999999999	0.247143994098824	0.0197912099512054	0.247143994098833	0.247143994098821	0.0213811444911778	-0.0765734795231089	0.0213811444911793	0.0197912099512056	-0.0765734795231087	-0.701304101091754	-0.0765734795231075	0.247143994098829	0.0213811444911793	-0.0765734795231077	0.0213811444911811
1	1.30455246686766	1.00449030463912	1.30455246686767	1.30455246686766	1.00523887943184	1.09640972518137	1.00523887943184	1.00449030463912	1.09640972518137	4.89991744217868	1.09640972518137	1.30455246686767	1.00523887943184	1.09640972518136	1.00523887943184	5.49999999999999	0.247142020745133	0.0197900603140784	0.247142020745142	0.247142020745134	0.0213800883145841	-0.0765702580162974	0.0213800883145858	0.0197900603140783	-0.0765702580162984	-0.707526824563865	-0.0765702580162971	0.247142020745142	0.0213800883145858	-0.0765702580162962	0.0213800883145874
1	1.30454114857193	1.00448973646985	1.30454114857195	1.30454114857193	1.00523829238346	1.09640053096254	1.00523829238346	1.00448973646985	1.09640053096254	4.93479282152503	1.09640053096253	1.30454114857195	1.00523829238346	1.09640053096254	1.00523829238346	5.49999999999999	0.247140518660267	0.0197891014696804	0.247140518660275	0.247140518660265	0.0213792070971445	-0.0765675843657307	0.0213792070971463	0.0197891014696803	-0.0765675843657305	-0.712791397991039	-0.0765675843657292	0.247140518660274	0.0213792070971463	-0.0765675843657295	0.0213792070971478
1	1.30453171458014	1.00448925691303	1.30453171458016	1.30453171458014	1.00523779642485	1.09639278187633	1.00523779642485	1.00448925691303	1.09639278187633	4.96443262263738	1.09639278187633	1.30453171458016	1.00523779642485	1.09639278187633	1.00523779642485	5.49999999999999	0.247139359248609	0.0197882963975531	0.247139359248618	0.24713935924861	0.0213784669450139	-0.0765653488762508	0.0213784669450153	0.0197882963975531	-0.0765653488762511	-0.717264597170833	-0.0765653488762499	0.247139359248619	0.0213784669450153	-0.0765653488762496	0.0213784669450172
1	1.30452379904127	1.00448885024434	1.30452379904129	1.30452379904126	1.00523737550594	1.0963862185227	1.00523737550594	1.00448885024434	1.0963862185227	4.98971246881511	1.09638621852269	1.30452379904127	1.00523737550594	1.09638621852269	1.00523737550594	5.49999999999999	0.247138453068921	0.0197876166770872	0.247138453068929	0.247138453068915	0.0213778418355739	-0.0765634680845395	0.0213778418355756	0.0197876166770872	-0.0765634680845395	-0.721079079254811	-0.0765634680845383	0.247138453068924	0.0213778418355756	-0.0765634680845383	0.0213778418355772
1	1.30451712081809	1.00448850403328	1.30451712081811	1.3045171208181	1.00523701691235	1.09638063657185	1.00523701691235	1.00448850403328	1.09638063657185	5.01133822922694	1.09638063657184	1.30451712081811	1.00523701691235	1.09638063657184	1.00523701691235	5.49999999999999	0.247137736985388	0.0197870401798681	0.247137736985397	0.247137736985391	0.0213773114992179	-0.0765618777495741	0.0213773114992195	0.0197870401798682	-0.0765618777495751	-0.724341661186657	-0.0765618777495739	0.247137736985399	0.0213773114992195	-0.076561877749573	0.0213773114992212
1	1.30451146061925	1.00448820832752	1.30451146061927	1.30451146061926	1.00523671044534	1.09637587301023	1.00523671044534	1.00448820832752	1.09637587301023	5.02988467778837	1.09637587301023	1.30451146061928	1.00523671044534	1.09637587301023	1.00523671044535	5.49999999999999	0.247137165453449	0.0197865493545116	0.247137165453458	0.247137165453452	0.021376859854005	-0.0765605272628881	0.0213768598540067	0.0197865493545117	-0.0765605272628876	-0.727139295845128	-0.0765605272628864	0.247137165453461	0.0213768598540067	-0.076560527262887	0.0213768598540083
1	1.30450664469398	1.00448795506356	1.30450664469399	1.30450664469397	1.0052364478275	1.09637179612897	1.0052364478275	1.00448795506356	1.09637179612897	5.04582420795219	1.09637179612897	1.30450664469398	1.0052364478275	1.09637179612897	1.0052364478275	5.49999999999999	0.247136705096364	0.0197861301084302	0.247136705096373	0.24713670509636	0.0213764739819397	-0.0765593762454381	0.0213764739819417	0.0197861301084301	-0.0765593762454377	-0.72954342267183	-0.0765593762454365	0.247136705096369	0.0213764739819416	-0.0765593762454369	0.021376473981943
1	1.30450253363078	1.00448773764267	1.3045025336308	1.30450253363078	1.00523622227463	1.09636829839284	1.00523622227463	1.00448773764267	1.09636829839284	5.05954818781694	1.09636829839284	1.3045025336308	1.00523622227463	1.09636829839284	1.00523622227463	5.49999999999999	0.247136331261411	0.0197857710337813	0.24713633126142	0.247136331261412	0.0213761434206019	-0.0765583922950156	0.0213761434206037	0.0197857710337814	-0.0765583922950155	-0.731613180532752	-0.0765583922950143	0.247136331261421	0.0213761434206037	-0.0765583922950143	0.0213761434206052
1	1.30449901453345	1.00448755062235	1.30449901453346	1.30449901453345	1.00523602818341	1.09636529131503	1.00523602818341	1.00448755062235	1.09636529131503	5.07138290288232	1.09636529131502	1.30449901453347	1.00523602818341	1.09636529131503	1.00523602818341	5.49999999999999	0.247136025459151	0.0197854627890818	0.24713602545916	0.247136025459153	0.0213758595985342	-0.0765575490283526	0.0213758595985357	0.0197854627890816	-0.0765575490283523	-0.733397858618256	-0.0765575490283511	0.247136025459162	0.0213758595985357	-0.0765575490283514	0.0213758595985375
1	1.30449599506587	1.00448738948082	1.30449599506588	1.30449599506586	1.00523586089269	1.09636270151932	1.00523586089269	1.00448738948082	1.09636270151932	5.08160194511213	1.09636270151932	1.30449599506588	1.00523586089269	1.09636270151932	1.00523586089269	5.49999999999999	0.247135773605911	0.0197851976532708	0.24713577360592	0.24713577360591	0.021375615428552	-0.0765568247163217	0.0213756154285537	0.0197851976532705	-0.0765568247163217	-0.73493878346215	-0.0765568247163205	0.247135773605919	0.0213756154285537	-0.0765568247163205	0.0213756154285553
1	1.30449339903763	1.00448725043642	1.30449339903764	1.30449339903762	1.00523571649986	1.09636046772858	1.00523571649986	1.00448725043642	1.09636046772858	5.09043593601131	1.09636046772857	1.30449339903764	1.00523571649986	1.09636046772858	1.00523571649986	5.49999999999999	0.247135564928805	0.019784969216842	0.247135564928813	0.247135564928803	0.0213754050243672	-0.0765562014291233	0.021375405024369	0.019784969216842	-0.0765562014291224	-0.73627077312978	-0.0765562014291212	0.247135564928811	0.021375405024369	-0.0765562014291221	0.0213754050243705
1	1.30449116322499	1.00448713031103	1.30449116322501	1.30449116322499	1.00523559172191	1.09635853852852	1.00523559172192	1.00448713031103	1.09635853852852	5.09808005005696	1.09635853852851	1.304491163225	1.00523559172192	1.09635853852851	1.00523559172192	5.49999999999999	0.247135391043753	0.0197847721095391	0.247135391043762	0.24713539104375	0.0213752234525833	-0.0765556641738227	0.021375223452585	0.019784772109539	-0.0765556641738233	-0.737423296953204	-0.076555664173822	0.247135391043759	0.021375223452585	-0.0765556641738215	0.0213752234525866
1	1.30448923475546	1.00448702641962	1.30448923475548	1.30448923475546	1.00523548378279	1.09635687052447	1.00523548378279	1.00448702641962	1.09635687052446	5.10470014934143	1.09635687052446	1.30448923475548	1.00523548378279	1.09635687052446	1.00523548378279	5.49999999999999	0.247135245432839	0.0197846018261238	0.247135245432847	0.247135245432839	0.0213750665724199	-0.0765552004477029	0.0213750665724213	0.0197846018261238	-0.0765552004477021	-0.738421383814008	-0.0765552004477009	0.247135245432847	0.0213750665724213	-0.0765552004477016	0.0213750665724232
1	1.30448756925192	1.00448693648589	1.30448756925193	1.30448756925192	1.00523539032719	1.09635542697137	1.00523539032719	1.00448693648589	1.09635542697138	5.11043759372025	1.09635542697137	1.30448756925194	1.00523539032719	1.09635542697137	1.00523539032719	5.49999999999999	0.247135122982067	0.0197844545656863	0.247135122982075	0.24713512298207	0.0213749308890874	-0.0765547997492634	0.021374930889089	0.0197844545656863	-0.0765547997492636	-0.739286358225416	-0.0765547997492624	0.247135122982079	0.021374930889089	-0.0765547997492622	0.0213749308890907
1	1.30448612930572	1.00448685857394	1.30448612930574	1.30448612930573	1.0052353093506	1.0963541766564	1.0052353093506	1.00448685857394	1.0963541766564	5.11541315889506	1.0963541766564	1.30448612930575	1.0052353093506	1.0963541766564	1.00523530935061	5.49999999999999	0.247135019573213	0.0197843270930276	0.247135019573221	0.247135019573217	0.0213748134274683	-0.0765544531242259	0.0213748134274698	0.0197843270930277	-0.076554453124225	-0.740036448878741	-0.0765544531242238	0.247135019573225	0.0213748134274698	-0.0765544531242246	0.0213748134274716
1	1.30448488315952	1.0044867910304	1.30448488315953	1.30448488315952	1.00523523914007	1.0963530929303	1.00523523914007	1.0044867910304	1.0963530929303	5.1197303721676	1.0963530929303	1.30448488315953	1.00523523914007	1.0963530929303	1.00523523914008	5.49999999999999	0.247134931950423	0.0197842166671096	0.247134931950431	0.247134931950422	0.0213747116657368	-0.0765541530413347	0.0213747116657386	0.0197842166671097	-0.0765541530413352	-0.740687267593929	-0.0765541530413339	0.247134931950431	0.0213747116657386	-0.0765541530413335	0.0213747116657401
1	1.30448380387704	1.00448673244167	1.30448380387706	1.30448380387703	1.00523517823024	1.09635215303918	1.00523517823024	1.00448673244167	1.09635215303918	5.12347807501411	1.09635215303918	1.30448380387705	1.00523517823024	1.09635215303918	1.00523517823024	5.49999999999999	0.247134857431801	0.0197841209346794	0.247134857431809	0.247134857431796	0.0213746234388008	-0.0765538930042514	0.0213746234388025	0.0197841209346793	-0.0765538930042522	-0.741252223741651	-0.0765538930042509	0.247134857431805	0.0213746234388025	-0.0765538930042502	0.0213746234388041
1	1.30448286840746	1.00448668159386	1.30448286840747	1.30448286840745	1.00523512536221	1.09635133743797	1.00523512536221	1.00448668159386	1.09635133743797	5.12673275276216	1.09635133743797	1.30448286840746	1.00523512536221	1.09635133743796	1.00523512536221	5.49999999999999	0.247134793908472	0.0197840378998617	0.24713479390848	0.247134793908468	0.0213745469092528	-0.0765536675698719	0.0213745469092544	0.0197840378998617	-0.0765536675698726	-0.741742843245289	-0.0765536675698714	0.247134793908477	0.0213745469092544	-0.0765536675698707	0.0213745469092561
1	1.30448205712699	1.00448663744541	1.304482057127	1.30448205712697	1.00523507945531	1.09635062938292	1.00523507945531	1.00448663744541	1.09635062938292	5.12956023832435	1.09635062938291	1.30448205712698	1.00523507945531	1.09635062938291	1.00523507945531	5.49999999999999	0.247134739610919	0.0197839658382113	0.247134739610928	0.24713473961091	0.0213744804897052	-0.076553472002045	0.0213744804897069	0.0197839658382114	-0.0765534720020443	-0.74216905892171	-0.076553472002043	0.247134739610919	0.0213744804897069	-0.0765534720020438	0.0213744804897085
1	1.30448135316185	1.00448659909888	1.30448135316187	1.30448135316184	1.00523503957813	1.09635001444375	1.00523503957813	1.00448659909888	1.09635001444375	5.13201735533702	1.09635001444375	1.30448135316186	1.00523503957813	1.09635001444375	1.00523503957813	5.49999999999999	0.247134693093961	0.0197839032723484	0.24713469309397	0.247134693093956	0.02137442281983	-0.0765533022622229	0.0213744228198319	0.0197839032723482	-0.0765533022622231	-0.742539438978555	-0.0765533022622219	0.247134693093965	0.0213744228198319	-0.0765533022622216	0.0213744228198333
1	1.30448074203884	1.00448656578088	1.30448074203886	1.30448074203885	1.00523500492769	1.0963494801934	1.00523500492769	1.00448656578088	1.0963494801934	5.13415318021831	1.09634948019339	1.30448074203886	1.00523500492769	1.0963494801934	1.00523500492769	5.49999999999999	0.247134653155587	0.0197838489283721	0.247134653155595	0.247134653155589	0.0213743727265181	-0.0765531548659502	0.0213743727265197	0.0197838489283721	-0.07655315486595	-0.742861385171932	-0.0765531548659488	0.247134653155598	0.0213743727265197	-0.076553154865949	0.0213743727265214
1	1.3044802112901	1.00448653682345	1.30448021129012	1.30448021129009	1.00523497481031	1.09634901589918	1.00523497481031	1.00448653682345	1.09634901589918	5.13601016338824	1.09634901589918	1.30448021129011	1.00523497481031	1.09634901589918	1.00523497481031	5.49999999999999	0.24713461881736	0.0197838017130531	0.247134618817368	0.247134618817355	0.0213743292026977	-0.0765530268421511	0.0213743292026993	0.0197838017130532	-0.0765530268421508	-0.743141294814819	-0.0765530268421496	0.247134618817364	0.0213743292026993	-0.0765530268421499	0.0213743292027011
1	1.30447975019629	1.0044865116498	1.3044797501963	1.3044797501963	1.00523494862685	1.09634861230077	1.00523494862685	1.0044865116498	1.09634861230077	5.13762502530467	1.09634861230076	1.30447975019631	1.00523494862685	1.09634861230076	1.00523494862685	5.49999999999999	0.247134589252131	0.0197837606798525	0.247134589252139	0.247134589252136	0.0213742913764109	-0.07655291561137	0.0213742913764128	0.0197837606798526	-0.0765529156113696	-0.743384704502294	-0.0765529156113684	0.247134589252145	0.0213742913764129	-0.0765529156113688	0.0213742913764142
1	1.30447934950803	1.00448648976114	1.30447934950804	1.30447934950803	1.00523492585906	1.09634826139441	1.00523492585906	1.00448648976114	1.09634826139441	5.13902955925609	1.09634826139441	1.30447934950804	1.00523492585906	1.09634826139441	1.00523492585907	5.49999999999999	0.247134563726164	0.0197837250025831	0.247134563726173	0.247134563726164	0.0213742584868757	-0.0765528188972958	0.0213742584868774	0.0197837250025828	-0.0765528188972957	-0.743596415277889	-0.0765528188972944	0.247134563726173	0.0213742584868774	-0.0765528188972946	0.021374258486879
1	1.30447900116838	1.00448647072413	1.30447900116839	1.30447900116837	1.00523490605665	1.09634795621062	1.00523490605665	1.00448647072413	1.09634795621062	5.14025139478206	1.09634795621061	1.30447900116839	1.00523490605665	1.09634795621061	1.00523490605665	5.49999999999999	0.247134541727969	0.0197836939911436	0.247134541727978	0.247134541727968	0.0213742298974849	-0.0765527348787218	0.0213742298974864	0.0197836939911437	-0.0765527348787218	-0.743780575739374	-0.0765527348787206	0.247134541727976	0.0213742298974864	-0.0765527348787205	0.0213742298974882
1	1.30447869835753	1.00448645416626	1.30447869835755	1.30447869835753	1.00523488883242	1.09634769079396	1.00523488883242	1.00448645416626	1.09634769079396	5.14131436206177	1.09634769079395	1.30447869835755	1.00523488883242	1.09634769079395	1.00523488883242	5.49999999999999	0.247134522672784	0.01978366701104	0.247134522672792	0.247134522672783	0.0213742050245056	-0.0765526617596515	0.0213742050245073	0.0197836670110404	-0.0765526617596518	-0.743940799929456	-0.0765526617596506	0.247134522672792	0.0213742050245073	-0.0765526617596503	0.0213742050245089
1	1.3044784349828	1.00448643976107	1.30447843498282	1.30447843498281	1.00523487384704	1.09634745988519	1.00523487384704	1.00448643976107	1.0963474598852	5.14223928514039	1.09634745988519	1.30447843498282	1.00523487384704	1.09634745988519	1.00523487384704	5.49999999999999	0.247134506189187	0.019783643545413	0.247134506189195	0.24713450618919	0.0213741833910787	-0.0765525981798018	0.0213741833910802	0.0197836435454129	-0.0765525981798031	-0.744080212917926	-0.0765525981798019	0.247134506189198	0.0213741833910802	-0.0765525981798007	0.021374183391082
1	1.30447820590993	1.00448642722765	1.30447820590994	1.30447820590993	1.00523486080847	1.09634725898786	1.00523486080847	1.00448642722765	1.09634725898786	5.14304415923143	1.09634725898785	1.30447820590995	1.00523486080847	1.09634725898785	1.00523486080848	5.49999999999999	0.247134491924902	0.0197836231330947	0.247134491924911	0.247134491924905	0.0213741645721909	-0.0765525428844433	0.0213741645721925	0.0197836231330948	-0.0765525428844434	-0.744201528935018	-0.0765525428844422	0.247134491924914	0.0213741645721925	-0.0765525428844422	0.0213741645721942
1	1.30447800664356	1.00448641632175	1.30447800664358	1.30447800664356	1.00523484946274	1.09634708418387	1.00523484946274	1.00448641632175	1.09634708418387	5.14374461808403	1.09634708418386	1.30447800664358	1.00523484946274	1.09634708418387	1.00523484946274	5.49999999999999	0.247134479565868	0.0197836053733162	0.247134479565877	0.247134479565868	0.021374148198551	-0.076552494779318	0.0213741481985528	0.0197836053733163	-0.0765524947793167	-0.744307106357861	-0.0765524947793155	0.247134479565877	0.0213741481985528	-0.0765524947793168	0.0213741481985543
1	1.30447783327856	1.0044864068311	1.30447783327858	1.30447783327856	1.00523483958913	1.09634693206812	1.00523483958913	1.0044864068311	1.09634693206812	5.14435425293443	1.09634693206811	1.30447783327858	1.00523483958913	1.09634693206811	1.00523483958913	5.49999999999999	0.247134468848671	0.0197835899194744	0.24713446884868	0.247134468848673	0.021374133950719	-0.0765524529227732	0.0213741339507208	0.0197835899194741	-0.0765524529227727	-0.74439899411811	-0.0765524529227715	0.247134468848681	0.0213741339507208	-0.0765524529227719	0.0213741339507223
1	1.30447768242932	1.00448639857133	1.30447768242934	1.30447768242933	1.00523483099592	1.09634679968358	1.00523483099592	1.00448639857133	1.09634679968358	5.14488487698143	1.09634679968358	1.30447768242934	1.00523483099592	1.09634679968358	1.00523483099592	5.49999999999999	0.247134459552656	0.0197835764714849	0.247134459552665	0.247134459552659	0.0213741215520615	-0.0765524165028307	0.0213741215520631	0.0197835764714853	-0.0765524165028305	-0.744478972280091	-0.0765524165028293	0.247134459552667	0.0213741215520631	-0.0765524165028295	0.0213741215520648
1	1.30447755116176	1.00448639138236	1.30447755116178	1.30447755116177	1.00523482351661	1.09634668446402	1.00523482351661	1.00448639138236	1.09634668446402	5.14534675408646	1.09634668446401	1.30447755116179	1.00523482351661	1.09634668446402	1.00523482351662	5.49999999999999	0.24713445148324	0.019783564767459	0.247134451483248	0.247134451483243	0.0213741107612044	-0.0765523848070251	0.0213741107612061	0.019783564767459	-0.076552384807024	-0.744548588640908	-0.0765523848070228	0.247134451483252	0.0213741107612061	-0.0765523848070239	0.0213741107612077
1	1.30447743692216	1.00448638512496	1.30447743692217	1.30447743692217	1.00523481700641	1.09634658417661	1.00523481700641	1.00448638512496	1.09634658417661	5.14574881184289	1.09634658417661	1.30447743692218	1.00523481700641	1.09634658417661	1.00523481700641	5.49999999999999	0.247134444474665	0.0197835545803756	0.247134444474674	0.247134444474668	0.0213741013688792	-0.0765523572195689	0.0213741013688811	0.0197835545803757	-0.0765523572195684	-0.744609188910418	-0.0765523572195672	0.247134444474677	0.0213741013688811	-0.0765523572195677	0.0213741013688826
1	1.3044773374915	1.00448637967804	1.30447733749151	1.3044773374915	1.00523481133937	1.09634649687929	1.00523481133937	1.00448637967804	1.09634649687929	5.14609881664072	1.09634649687929	1.30447733749152	1.00523481133937	1.09634649687929	1.00523481133937	5.49999999999999	0.247134438392342	0.0197835457146376	0.247134438392351	0.247134438392344	0.0213740931947044	-0.0765523332156176	0.0213740931947062	0.0197835457146374	-0.0765523332156178	-0.744661942173354	-0.0765523332156166	0.247134438392353	0.0213740931947062	-0.0765523332156164	0.0213740931947077
1	1.30447725094934	1.00448637493649	1.30447725094936	1.30447725094935	1.00523480640615	1.09634642088738	1.00523480640615	1.00448637493649	1.09634642088738	5.14640351605805	1.09634642088737	1.30447725094937	1.00523480640615	1.09634642088737	1.00523480640615	5.49999999999999	0.247134433119374	0.0197835379998373	0.247134433119382	0.247134433119377	0.0213740860815338	-0.0765523123365614	0.0213740860815353	0.0197835379998371	-0.0765523123365605	-0.744707864653313	-0.0765523123365593	0.247134433119386	0.0213740860815353	-0.0765523123365602	0.0213740860815371
1	1.30447717563468	1.00448637080915	1.30447717563469	1.30447717563468	1.00523480211193	1.09634635474329	1.00523480211193	1.00448637080915	1.09634635474329	5.146668764789	1.09634635474329	1.30447717563469	1.00523480211193	1.09634635474329	1.00523480211193	5.49999999999999	0.247134428521935	0.0197835312807018	0.247134428521944	0.247134428521933	0.0213740798865031	-0.076552294141348	0.0213740798865048	0.0197835312807015	-0.0765522941413482	-0.744747844731364	-0.076552294141347	0.247134428521942	0.0213740798865049	-0.0765522941413468	0.0213740798865064
1	1.30447711006139	1.00448636721585	1.30447711006141	1.30447711006139	1.00523479837331	1.09634629715601	1.00523479837331	1.00448636721585	1.09634629715601	5.14689969691694	1.09634629715601	1.30447711006141	1.00523479837331	1.09634629715601	1.00523479837331	5.49999999999999	0.24713442452261	0.0197835254314598	0.247134424522619	0.247134424522611	0.0213740744935023	-0.0765522783019898	0.021374074493504	0.01978352543146	-0.0765522783019905	-0.744782652192009	-0.0765522783019892	0.24713442452262	0.021374074493504	-0.0765522783019886	0.0213740744935056
1	1.30447705297717	1.0044863640875	1.30447705297719	1.30447705297716	1.00523479511842	1.09634624702036	1.00523479511842	1.0044863640875	1.09634624702036	5.14710075678881	1.09634624702036	1.30447705297717	1.00523479511842	1.09634624702036	1.00523479511842	5.49999999999999	0.247134421046236	0.019783520339503	0.247134421046244	0.247134421046229	0.021374069798689	-0.0765522645145793	0.0213740697986907	0.019783520339503	-0.0765522645145794	-0.744812956839494	-0.0765522645145781	0.247134421046238	0.0213740697986907	-0.0765522645145782	0.0213740697986923
1	1.30447700328107	1.00448636136384	1.30447700328108	1.30447700328108	1.00523479228458	1.0963462033704	1.00523479228458	1.00448636136384	1.09634620337041	5.14727581269623	1.0963462033704	1.3044770032811	1.00523479228458	1.0963462033704	1.00523479228458	5.49999999999999	0.247134418028208	0.0197835159075766	0.247134418028217	0.247134418028215	0.021374065712361	-0.0765522525182967	0.0213740657123628	0.0197835159075765	-0.0765522525182983	-0.74483934097352	-0.076552252518297	0.247134418028224	0.0213740657123628	-0.0765522525182955	0.0213740657123643
1	1.30447696001896	1.00448635899254	1.30447696001898	1.30447696001896	1.00523478981735	1.0963461653677	1.00523478981735	1.00448635899254	1.0963461653677	5.14742822713594	1.0963461653677	1.30447696001897	1.00523478981735	1.0963461653677	1.00523478981735	5.49999999999999	0.247134415410825	0.0197835120506369	0.247134415410833	0.247134415410822	0.0213740621561006	-0.0765522420835889	0.0213740621561021	0.0197835120506368	-0.0765522420835888	-0.744862311228257	-0.0765522420835876	0.247134415410831	0.0213740621561021	-0.0765522420835877	0.0213740621561039
1	1.30447692236336	1.00448635692817	1.30447692236337	1.30447692236336	1.00523478766944	1.09634613228551	1.00523478766944	1.00448635692817	1.09634613228551	5.14756092075667	1.0963461322855	1.30447692236337	1.00523478766944	1.0963461322855	1.00523478766944	5.49999999999999	0.247134413129211	0.0197835086915164	0.247134413129219	0.247134413129212	0.021374059058893	-0.0765522329918392	0.0213740590588946	0.0197835086915165	-0.0765522329918392	-0.744882310604799	-0.0765522329918381	0.247134413129221	0.0213740590588946	-0.0765522329918381	0.0213740590588963
1	1.30447688957947	1.00448635513087	1.30447688957949	1.30447688957947	1.0052347857994	1.09634610348411	1.0052347857994	1.00448635513087	1.0963461034841	5.14767644908411	1.0963461034841	1.30447688957948	1.0052347857994	1.0963461034841	1.00523478579941	5.49999999999999	0.247134411129307	0.0197835057638972	0.247134411129315	0.247134411129305	0.0213740563596775	-0.0765522250581449	0.0213740563596791	0.0197835057638967	-0.0765522250581441	-0.744899725636507	-0.0765522250581428	0.247134411129314	0.0213740563596791	-0.0765522250581437	0.0213740563596808
1	1.30447686102471	1.00448635356579	1.30447686102473	1.30447686102471	1.00523478417097	1.09634607840252	1.00523478417097	1.00448635356579	1.09634607840252	5.14777704853188	1.09634607840252	1.30447686102472	1.00523478417097	1.09634607840252	1.00523478417097	5.49999999999999	0.24713440938297	0.0197835032139075	0.247134409382979	0.247134409382968	0.021374054008676	-0.0765522181449817	0.0213740540086777	0.0197835032139073	-0.0765522181449814	-0.744914890906465	-0.0765522181449802	0.247134409382977	0.0213740540086777	-0.0765522181449805	0.0213740540086793
1	1.3044768361524	1.00448635220275	1.30447683615242	1.3044768361524	1.00523478275277	1.09634605655669	1.00523478275277	1.00448635220275	1.09634605655669	5.14786465923554	1.09634605655669	1.30447683615242	1.00523478275277	1.09634605655669	1.00523478275277	5.49999999999999	0.247134407880074	0.0197835009973037	0.247134407880083	0.247134407880073	0.0213740519648724	-0.0765522121481326	0.0213740519648742	0.0197835009973039	-0.0765522121481328	-0.7449280944997	-0.0765522121481316	0.247134407880082	0.0213740519648742	-0.0765522121481314	0.0213740519648757
1	1.30447681451057	1.00448635101614	1.30447681451059	1.30447681451057	1.00523478151813	1.09634603754087	1.00523478151813	1.00448635101614	1.09634603754086	5.14794093807134	1.09634603754086	1.30447681451059	1.00523478151813	1.09634603754086	1.00523478151813	5.49999999999999	0.247134406574675	0.0197834990672853	0.247134406574683	0.247134406574675	0.0213740501852962	-0.0765522069268192	0.0213740501852978	0.019783499067285	-0.0765522069268179	-0.744939590476746	-0.0765522069268168	0.247134406574684	0.0213740501852978	-0.076552206926818	0.0213740501852995
1	1.30447679566974	1.00448634998303	1.30447679566976	1.30447679566973	1.0052347804432	1.0963460209857	1.0052347804432	1.00448634998303	1.0963460209857	5.1480073500626	1.0963460209857	1.30447679566975	1.0052347804432	1.0963460209857	1.0052347804432	5.49999999999999	0.247134405432091	0.0197834973854729	0.247134405432099	0.247134405432087	0.0213740486346408	-0.0765522023724167	0.0213740486346423	0.0197834973854729	-0.0765522023724162	-0.744949600735346	-0.0765522023724149	0.247134405432095	0.0213740486346423	-0.0765522023724154	0.0213740486346441
1	1.30447677925996	1.00448634908342	1.30447677925997	1.30447677925996	1.00523477950716	1.09634600656886	1.00523477950716	1.00448634908342	1.09634600656886	5.14806517927004	1.09634600656886	1.30447677925998	1.00523477950716	1.09634600656886	1.00523477950717	5.49999999999999	0.247134404435992	0.0197834959209605	0.247134404436	0.247134404435993	0.0213740472843479	-0.0765521984060043	0.0213740472843496	0.0197834959209608	-0.0765521984060046	-0.744958317369422	-0.0765521984060033	0.247134404436001	0.0213740472843496	-0.0765521984060031	0.0213740472843512
1	1.30447676496546	1.00448634829992	1.30447676496548	1.30447676496546	1.00523477869196	1.09634599401083	1.00523477869196	1.00448634829992	1.09634599401083	5.14811554240934	1.09634599401082	1.30447676496548	1.00523477869196	1.09634599401083	1.00523477869196	5.49999999999999	0.247134403588226	0.019783494650015	0.247134403588235	0.247134403588227	0.0213740461123341	-0.0765521949776038	0.0213740461123357	0.019783494650015	-0.0765521949776027	-0.744965904666477	-0.0765521949776015	0.247134403588236	0.0213740461123357	-0.0765521949776026	0.0213740461123374
1	1.30447675254378	1.00448634761822	1.30447675254379	1.30447675254378	1.00523477798266	1.09634598308982	1.00523477798266	1.00448634761822	1.09634598308982	5.14815937193891	1.09634598308981	1.30447675254379	1.00523477798266	1.09634598308981	1.00523477798266	5.49999999999999	0.247134402828138	0.0197834935380137	0.247134402828146	0.247134402828139	0.0213740450871245	-0.0765521919603253	0.021374045087126	0.0197834935380141	-0.0765521919603242	-0.744972512989114	-0.0765521919603229	0.247134402828148	0.021374045087126	-0.076552191960324	0.0213740450871278
1	1.30447674170668	1.00448634702433	1.30447674170669	1.30447674170668	1.00523477736471	1.09634597357172	1.00523477736471	1.00448634702433	1.09634597357172	5.14819754681445	1.09634597357171	1.3044767417067	1.00523477736471	1.09634597357172	1.00523477736471	5.49999999999999	0.247134402164323	0.0197834925700989	0.247134402164331	0.247134402164324	0.0213740441947569	-0.0765521893349003	0.0213740441947587	0.0197834925700989	-0.0765521893348986	-0.744978268147028	-0.0765521893348974	0.247134402164333	0.0213740441947587	-0.0765521893348991	0.0213740441947602
1	1.30447673226568	1.00448634650701	1.30447673226569	1.30447673226567	1.00523477682645	1.09634596527935	1.00523477682645	1.00448634650701	1.09634596527935	5.1482307993535	1.09634596527935	1.30447673226569	1.00523477682645	1.09634596527935	1.00523477682645	5.49999999999999	0.247134401603653	0.0197834917309086	0.247134401603661	0.247134401603651	0.0213740434208989	-0.0765521870707671	0.0213740434209005	0.0197834917309085	-0.0765521870707671	-0.744983277756714	-0.0765521870707659	0.24713440160366	0.0213740434209005	-0.0765521870707659	0.0213740434209022
1	1.30447672406192	1.00448634605685	1.30447672406194	1.30447672406192	1.00523477635807	1.09634595806683	1.00523477635807	1.00448634605685	1.09634595806683	5.14825974161207	1.09634595806683	1.30447672406193	1.00523477635807	1.09634595806683	1.00523477635807	5.49999999999999	0.247134401110151	0.0197834909985131	0.24713440111016	0.247134401110148	0.0213740427455861	-0.0765521850892747	0.0213740427455878	0.0197834909985133	-0.0765521850892742	-0.744987639808621	-0.076552185089273	0.247134401110157	0.0213740427455878	-0.0765521850892734	0.0213740427455894
1	1.304476716914	1.00448634566487	1.30447671691402	1.30447671691401	1.00523477595021	1.09634595178558	1.00523477595021	1.00448634566487	1.09634595178558	5.14828494124172	1.09634595178557	1.30447671691403	1.00523477595021	1.09634595178558	1.00523477595021	5.49999999999999	0.247134400675189	0.0197834903599462	0.247134400675198	0.247134400675194	0.0213740421568351	-0.0765521833585782	0.0213740421568368	0.0197834903599461	-0.0765521833585779	-0.744991438556498	-0.0765521833585767	0.247134400675203	0.0213740421568368	-0.0765521833585771	0.0213740421568384
1	1.30447671068589	1.00448634532347	1.3044767106859	1.30447671068588	1.00523477559499	1.0963459463142	1.00523477559499	1.00448634532347	1.0963459463142	5.14830688739406	1.09634594631419	1.3044767106859	1.00523477559499	1.09634594631419	1.00523477559499	5.49999999999999	0.247134400297824	0.0197834898043171	0.247134400297832	0.247134400297821	0.0213740416445364	-0.0765521818540297	0.021374041644538	0.0197834898043169	-0.0765521818540297	-0.744994746412858	-0.0765521818540285	0.24713440029783	0.021374041644538	-0.0765521818540284	0.0213740416445397
1	1.30447670526302	1.00448634502617	1.30447670526304	1.30447670526301	1.00523477528565	1.0963459415495	1.00523477528565	1.00448634502617	1.0963459415495	5.14832599898138	1.0963459415495	1.30447670526303	1.00523477528565	1.0963459415495	1.00523477528565	5.49999999999999	0.24713439997337	0.0197834893213177	0.247134399973379	0.247134399973365	0.0213740411991637	-0.076552180548889	0.0213740411991655	0.0197834893213177	-0.0765521805488885	-0.744997626265093	-0.0765521805488873	0.247134399973373	0.0213740411991655	-0.0765521805488877	0.021374041199167
1	1.30447670054864	1.00448634476746	1.30447670054865	1.30447670054863	1.00523477501647	1.09634593740548	1.00523477501647	1.00448634476746	1.09634593740548	5.14834263247107	1.09634593740548	1.30447670054865	1.00523477501647	1.09634593740548	1.00523477501647	5.49999999999999	0.247134399676452	0.0197834888974649	0.24713439967646	0.247134399676448	0.0213740408084751	-0.076552179392965	0.0213740408084768	0.0197834888974648	-0.0765521793929655	-0.745000135805389	-0.0765521793929642	0.247134399676456	0.0213740408084768	-0.0765521793929638	0.0213740408084784
1	1.30447669642535	1.00448634454182	1.30447669642536	1.30447669642533	1.0052347747817	1.09634593378723	1.0052347747817	1.00448634454182	1.09634593378723	5.14835713291	1.09634593378723	1.30447669642535	1.0052347747817	1.09634593378723	1.0052347747817	5.49999999999999	0.24713439943223	0.0197834885319279	0.247134399432239	0.247134399432224	0.0213740404713883	-0.0765521784076228	0.0213740404713898	0.0197834885319277	-0.0765521784076226	-0.745002319977472	-0.0765521784076214	0.247134399432233	0.0213740404713898	-0.0765521784076215	0.0213740404713916
1	1.30447669285153	1.00448634434562	1.30447669285154	1.30447669285154	1.00523477457754	1.09634593064442	1.00523477457754	1.00448634434562	1.09634593064442	5.14836974961819	1.09634593064442	1.30447669285155	1.00523477457754	1.09634593064442	1.00523477457754	5.49999999999999	0.247134399211143	0.0197834882112195	0.247134399211151	0.247134399211147	0.0213740401757358	-0.0765521775355533	0.0213740401757375	0.0197834882112197	-0.0765521775355549	-0.745004222805097	-0.0765521775355537	0.247134399211156	0.0213740401757375	-0.0765521775355521	0.0213740401757391
1	1.30447668972956	1.0044863441746	1.30447668972957	1.30447668972956	1.0052347743996	1.0963459279033	1.0052347743996	1.0044863441746	1.0963459279033	5.14838074188525	1.0963459279033	1.30447668972958	1.0052347743996	1.0963459279033	1.0052347743996	5.49999999999999	0.247134399019242	0.0197834879324222	0.24713439901925	0.247134399019244	0.0213740399187061	-0.0765521767789053	0.0213740399187077	0.0197834879324221	-0.076552176778905	-0.745005880064325	-0.0765521767789038	0.247134399019253	0.0213740399187077	-0.0765521767789041	0.0213740399187094
1	1.30447668701246	1.00448634402567	1.30447668701247	1.30447668701245	1.00523477424464	1.09634592551672	1.00523477424464	1.00448634402567	1.09634592551672	5.14839031533477	1.09634592551672	1.30447668701246	1.00523477424464	1.09634592551672	1.00523477424464	5.49999999999999	0.247134398851723	0.0197834876894254	0.247134398851732	0.24713439885172	0.0213740396946877	-0.0765521761189508	0.0213740396946893	0.0197834876894256	-0.0765521761189508	-0.745007323585376	-0.0765521761189496	0.247134398851729	0.0213740396946893	-0.0765521761189495	0.021374039694691
1	1.30447668464426	1.00448634389592	1.30447668464428	1.30447668464426	1.00523477410964	1.09634592343697	1.00523477410964	1.00448634389592	1.09634592343697	5.14839865534589	1.09634592343697	1.30447668464428	1.00523477410964	1.09634592343697	1.00523477410964	5.49999999999999	0.247134398709268	0.0197834874785605	0.247134398709276	0.247134398709268	0.0213740395002567	-0.076552175548762	0.0213740395002585	0.0197834874785606	-0.0765521755487619	-0.745008580390474	-0.0765521755487606	0.247134398709277	0.0213740395002585	-0.0765521755487607	0.02137403950026
1	1.30447668258297	1.00448634378293	1.30447668258299	1.30447668258296	1.00523477399207	1.0963459216255	1.00523477399207	1.00448634378293	1.0963459216255	5.14840591909392	1.0963459216255	1.30447668258298	1.00523477399207	1.0963459216255	1.00523477399207	5.49999999999999	0.247134398592732	0.0197834872964781	0.247134398592741	0.247134398592728	0.021374039332294	-0.0765521750613831	0.0213740393322956	0.0197834872964782	-0.0765521750613828	-0.745009673618301	-0.0765521750613816	0.247134398592737	0.0213740393322956	-0.0765521750613819	0.0213740393322973
1	1.30447668079817	1.00448634368476	1.30447668079819	1.30447668079817	1.00523477388993	1.09634592005404	1.00523477388993	1.00448634368476	1.09634592005404	5.14841223316185	1.09634592005404	1.30447668079819	1.00523477388993	1.09634592005404	1.00523477388993	5.49999999999999	0.247134398480113	0.0197834871353257	0.247134398480121	0.247134398480111	0.0213740391837537	-0.0765521746213406	0.0213740391837553	0.0197834871353257	-0.0765521746213397	-0.745010626483939	-0.0765521746213385	0.24713439848012	0.0213740391837553	-0.0765521746213394	0.021374039183757
1	1.30447667923362	1.00448634359912	1.30447667923363	1.3044766792336	1.00523477380082	1.09634591868131	1.00523477380082	1.00448634359912	1.09634591868131	5.14841773678261	1.09634591868131	1.30447667923362	1.00523477380082	1.09634591868131	1.00523477380082	5.49999999999999	0.247134398381102	0.0197834869951757	0.24713439838111	0.247134398381096	0.0213740390545732	-0.0765521742391385	0.0213740390545748	0.0197834869951759	-0.076552174239138	-0.745011456736865	-0.0765521742391368	0.247134398381105	0.0213740390545748	-0.0765521742391373	0.0213740390545765
1	1.30447667786925	1.00448634352447	1.30447667786926	1.30447667786925	1.00523477372314	1.09634591748401	1.00523477372314	1.00448634352447	1.09634591748401	5.14842253470841	1.096345917484	1.30447667786927	1.00523477372314	1.096345917484	1.00523477372314	5.49999999999999	0.247134398301973	0.0197834868745999	0.247134398301981	0.247134398301973	0.0213740389433659	-0.076552173915278	0.0213740389433675	0.0197834868745999	-0.0765521739152784	-0.745012179110444	-0.0765521739152772	0.247134398301982	0.0213740389433675	-0.0765521739152769	0.0213740389433692
1	1.30447667668633	1.00448634345953	1.30447667668635	1.30447667668632	1.00523477365557	1.09634591644326	1.00523477365558	1.00448634345953	1.09634591644326	5.14842671019663	1.09634591644325	1.30447667668634	1.00523477365558	1.09634591644325	1.00523477365558	5.49999999999999	0.247134398236783	0.019783486770211	0.247134398236791	0.247134398236778	0.021374038847056	-0.0765521736368472	0.0213740388470579	0.0197834867702107	-0.0765521736368473	-0.745012807300011	-0.076552173636846	0.247134398236787	0.0213740388470579	-0.076552173636846	0.0213740388470593
1	1.30447667565892	1.00448634340306	1.30447667565893	1.30447667565892	1.00523477359682	1.09634591553835	1.00523477359682	1.00448634340306	1.09634591553835	5.14843034188972	1.09634591553835	1.30447667565894	1.00523477359682	1.09634591553835	1.00523477359682	5.49999999999999	0.247134398182157	0.0197834866797809	0.247134398182166	0.24713439818216	0.0213740387636058	-0.0765521733968771	0.0213740387636075	0.0197834866797809	-0.0765521733968773	-0.745013353357403	-0.0765521733968761	0.247134398182169	0.0213740387636075	-0.0765521733968759	0.0213740387636091
1	1.304476674772	1.00448634335411	1.30447667477201	1.30447667477201	1.00523477354588	1.09634591475612	1.00523477354588	1.00448634335411	1.09634591475613	5.14843349234503	1.09634591475612	1.30447667477203	1.00523477354588	1.09634591475612	1.00523477354588	5.49999999999999	0.247134398116733	0.0197834865971447	0.247134398116742	0.24713439811674	0.0213740386875278	-0.0765521731645193	0.0213740386875296	0.0197834865971445	-0.0765521731645198	-0.745013830782501	-0.0765521731645185	0.247134398116748	0.0213740386875296	-0.0765521731645181	0.0213740386875311
1	1.30447667397759	1.00448634331105	1.3044766739776	1.3044766739776	1.00523477350109	1.09634591406313	1.00523477350109	1.00448634331105	1.09634591406313	5.14843625464883	1.09634591406313	1.30447667397761	1.00523477350109	1.09634591406313	1.00523477350109	5.49999999999999	0.247134398079408	0.0197834865300258	0.247134398079416	0.247134398079412	0.0213740386255367	-0.076552172990976	0.0213740386255383	0.0197834865300257	-0.0765521729909763	-0.745014244608577	-0.0765521729909751	0.247134398079421	0.0213740386255383	-0.0765521729909748	0.02137403862554
1	1.30447667330853	1.00448634327395	1.30447667330854	1.30447667330853	1.00523477346248	1.09634591347056	1.00523477346248	1.00448634327395	1.09634591347056	5.1484386445496	1.09634591347056	1.30447667330855	1.00523477346248	1.09634591347056	1.00523477346248	5.49999999999999	0.247134398037247	0.0197834864687673	0.247134398037256	0.247134398037249	0.021374038569074	-0.0765521728232565	0.0213740385690756	0.0197834864687675	-0.0765521728232565	-0.745014605524159	-0.0765521728232552	0.247134398037258	0.0213740385690756	-0.0765521728232553	0.0213740385690772
1	1.30447667271356	1.00448634324146	1.30447667271358	1.30447667271356	1.00523477342868	1.09634591294899	1.00523477342868	1.00448634324146	1.09634591294899	5.14844073129432	1.09634591294899	1.30447667271357	1.00523477342868	1.09634591294899	1.00523477342868	5.49999999999999	0.247134398005733	0.0197834864170364	0.247134398005742	0.247134398005732	0.0213740385213326	-0.0765521726864484	0.0213740385213342	0.0197834864170365	-0.0765521726864477	-0.745014919067264	-0.0765521726864465	0.24713439800574	0.0213740385213342	-0.0765521726864472	0.0213740385213359
1	1.30447667220455	1.00448634321335	1.30447667220456	1.30447667220455	1.00523477339943	1.09634591249978	1.00523477339943	1.00448634321335	1.09634591249978	5.148442540761	1.09634591249978	1.30447667220456	1.00523477339943	1.09634591249978	1.00523477339943	5.49999999999999	0.247134397969633	0.0197834863698794	0.247134397969641	0.247134397969633	0.021374038477905	-0.0765521725547968	0.0213740384779067	0.0197834863698795	-0.0765521725547968	-0.745015193008354	-0.0765521725547956	0.247134397969641	0.0213740384779067	-0.0765521725547956	0.0213740384779083
1	1.30447667174916	1.00448634318864	1.30447667174917	1.30447667174916	1.00523477337372	1.09634591210205	1.00523477337372	1.00448634318864	1.09634591210205	5.1484441263796	1.09634591210205	1.30447667174917	1.00523477337372	1.09634591210205	1.00523477337372	5.49999999999999	0.247134397950192	0.0197834863317488	0.247134397950201	0.247134397950192	0.0213740384426684	-0.0765521724575279	0.0213740384426699	0.0197834863317488	-0.0765521724575276	-0.74501543020268	-0.0765521724575264	0.247134397950201	0.0213740384426699	-0.0765521724575267	0.0213740384426717
1	1.30447667137135	1.0044863431675	1.30447667137136	1.30447667137134	1.00523477335171	1.09634591176635	1.00523477335171	1.0044863431675	1.09634591176635	5.14844549053784	1.09634591176635	1.30447667137136	1.00523477335171	1.09634591176635	1.00523477335172	5.49999999999999	0.247134397910202	0.01978348629307	0.247134397910211	0.2471343979102	0.0213740384071728	-0.0765521723403742	0.0213740384071745	0.0197834862930703	-0.0765521723403739	-0.745015639516404	-0.0765521723403726	0.247134397910209	0.0213740384071745	-0.076552172340373	0.0213740384071761
1	1.30447667101054	1.00448634314846	1.30447667101056	1.30447667101054	1.00523477333191	1.09634591145664	1.00523477333191	1.00448634314845	1.09634591145664	5.14844670637883	1.09634591145664	1.30447667101055	1.00523477333191	1.09634591145664	1.00523477333191	5.49999999999999	0.247134397905861	0.0197834862668026	0.24713439790587	0.247134397905858	0.0213740383827812	-0.0765521722824635	0.0213740383827825	0.0197834862668023	-0.0765521722824634	-0.745015818728556	-0.0765521722824622	0.247134397905867	0.0213740383827825	-0.0765521722824623	0.0213740383827845
1	1.30447667072941	1.00448634313244	1.30447667072943	1.30447667072941	1.00523477331524	1.09634591120226	1.00523477331524	1.00448634313244	1.09634591120226	5.1484477430886	1.09634591120226	1.30447667072943	1.00523477331524	1.09634591120226	1.00523477331524	5.49999999999999	0.247134397894205	0.0197834862411637	0.247134397894214	0.247134397894204	0.0213740383590937	-0.0765521722156637	0.0213740383590956	0.0197834862411637	-0.0765521722156637	-0.7450159744881	-0.0765521722156624	0.247134397894213	0.0213740383590956	-0.0765521722156625	0.0213740383590971
1	1.30447667047913	1.00448634311853	1.30447667047914	1.30447667047912	1.00523477330076	1.09634591098084	1.00523477330076	1.00448634311853	1.09634591098084	5.14844863922622	1.09634591098084	1.30447667047914	1.00523477330076	1.09634591098084	1.00523477330076	5.49999999999999	0.247134397868658	0.0197834862160137	0.247134397868666	0.247134397868657	0.0213740383360057	-0.0765521721400856	0.0213740383360074	0.0197834862160134	-0.0765521721400847	-0.745016111751076	-0.0765521721400835	0.247134397868665	0.0213740383360074	-0.0765521721400844	0.021374038336009
1	1.30447667024441	1.00448634310607	1.30447667024442	1.3044766702444	1.00523477328781	1.0963459107789	1.00523477328781	1.00448634310607	1.0963459107789	5.14844943511715	1.09634591077889	1.30447667024442	1.00523477328781	1.09634591077889	1.00523477328781	5.49999999999999	0.247134397861892	0.01978348619788	0.247134397861901	0.24713439786189	0.0213740383192119	-0.0765521720967832	0.0213740383192135	0.0197834861978795	-0.076552172096783	-0.74501622990083	-0.0765521720967818	0.247134397861899	0.0213740383192135	-0.076552172096782	0.0213740383192152
