1	1.0025869365916	1.00457940325565	1.0025869365916	1.00259391990126	1.00474414845293	1.0069799114606	1.00474414845296	1.00505811060502	1.00696054111833	1.00869152411421	1.00696054111833	1.00259391990126	1.00474414845296	1.0069799114606	1.00474414845293	0.199896934798545	0.182825991333897	0.169762875763216	0.182825991333897	0.183144106441799	0.173468644016706	0.171489382775807	0.173468644017416	0.180395481062436	0.171204510425571	0.164548998999923	0.171204510425571	0.183144106441799	0.173468644017416	0.171489382775807	0.173468644016707
1	1.00665389234043	1.01303997910067	1.00665389234043	1.0067704105548	1.01224675363305	1.01716615534919	1.0122467536436	1.01247419806041	1.01711108614979	1.02275100925615	1.01711108614979	1.0067704105548	1.0122467536436	1.01716615534919	1.01224675363305	0.27343490739503	0.242100036796893	0.244564313822107	0.242100036796893	0.243155655787132	0.232102450076631	0.222991930317872	0.232102450211797	0.231363422909782	0.222112276014638	0.224884779385636	0.222112276014638	0.243155655787133	0.232102450211797	0.222991930317873	0.232102450076631
1	1.00881178356719	1.01839518472922	1.00881178356719	1.00890153535458	1.01604670889383	1.02213812428897	1.01604670890301	1.01592226508451	1.02185400588788	1.03113959788727	1.02185400588788	1.00890153535458	1.01604670890301	1.02213812428897	1.01604670889383	0.300488015644518	0.260888761366434	0.269443244080782	0.260888761366434	0.262652454408278	0.24903557747993	0.238681447688834	0.249035577524103	0.247746349656847	0.236913760772116	0.248292269928494	0.236913760772116	0.262652454408279	0.249035577524103	0.238681447688834	0.249035577479931
1	1.00961435795471	1.02034004139942	1.00961435795471	1.00974398249431	1.01722054855432	1.02388912012061	1.01722054855809	1.01745162896224	1.02352774445289	1.03584081344336	1.02352774445289	1.00974398249431	1.01722054855809	1.02388912012061	1.01722054855432	0.310440298019106	0.266751147429152	0.275236741321594	0.266751147429152	0.268679664319373	0.251929698635259	0.243153141454144	0.251929698649263	0.255132902185425	0.241224377711513	0.261992468102079	0.241224377711513	0.268679664319373	0.251929698649263	0.243153141454144	0.25192969863526
1	1.00987783011985	1.02062372738731	1.00987783011985	1.01001471631545	1.01729466372368	1.02437978433661	1.01729466372497	1.01825024149887	1.02404250712561	1.03884240991722	1.02404250712561	1.01001471631545	1.01729466372497	1.02437978433661	1.01729466372368	0.314101538133236	0.268459650248111	0.273984857829843	0.268459650248112	0.270154807961059	0.250366357581389	0.244034279330324	0.250366357585685	0.259445218079018	0.242377648872317	0.270752940616483	0.242377648872317	0.27015480796106	0.250366357585685	0.244034279330324	0.250366357581389
1	1.0099602870043	1.02039177319528	1.0099602870043	1.01007441201653	1.01709207711345	1.0244644715498	1.01709207711386	1.01868623580964	1.02417714865181	1.04064407390449	1.02417714865181	1.01007441201653	1.01709207711386	1.0244644715498	1.01709207711345	0.315448433113659	0.268891050641508	0.271644879633471	0.268891050641509	0.270282832461377	0.248571947162703	0.243962916723798	0.248571947164001	0.261729868698606	0.242615270640466	0.275405834943508	0.242615270640466	0.270282832461377	0.248571947164001	0.243962916723798	0.248571947162703
1	1.00998481882123	1.02013933158037	1.00998481882123	1.01007452862114	1.0169179842541	1.02444990213641	1.01691798425423	1.01890634195623	1.02420280465481	1.04158474264013	1.02420280465481	1.01007452862113	1.01691798425423	1.02444990213641	1.0169179842541	0.315943928089984	0.268973931746405	0.270067072661516	0.268973931746405	0.270154988718694	0.24750822886983	0.243781056297457	0.24750822887022	0.262796770408052	0.242632030480675	0.27757210104432	0.242632030480676	0.270154988718694	0.24750822887022	0.243781056297458	0.247508228869831
1	1.00999139311266	1.0199785150115	1.00999139311266	1.01006523104777	1.01681794955131	1.0244257441752	1.01681794955135	1.01900919186817	1.02420316346944	1.04202895033794	1.02420316346944	1.01006523104777	1.01681794955135	1.0244257441752	1.01681794955131	0.316126210514494	0.268976517420099	0.269222987082454	0.268976517420099	0.270039617225922	0.246981624785058	0.243656428361446	0.246981624785176	0.263268215935553	0.242613061881939	0.278528359098505	0.242613061881939	0.270039617225922	0.246981624785176	0.243656428361447	0.246981624785059
1	1.00999282197663	1.0198928951926	1.00999282197663	1.01005808007415	1.01676829282234	1.02440951787256	1.01676829282235	1.01905517015224	1.02419999578701	1.04222809693158	1.02419999578701	1.01005808007415	1.01676829282235	1.02440951787256	1.01676829282234	0.316193268478709	0.268967025594266	0.26880946804918	0.268967025594267	0.269970142180877	0.246737337271792	0.243588443785105	0.246737337271827	0.263472911649753	0.242596991555693	0.27894331455852	0.242596991555693	0.269970142180877	0.246737337271827	0.243588443785105	0.246737337271793
1	1.00999296400922	1.01985085680131	1.00999296400922	1.01005395581941	1.01674514890707	1.02440067009199	1.01674514890707	1.01907532391387	1.02419761808694	1.04231541549999	1.02419761808694	1.01005395581941	1.01674514890707	1.02440067009199	1.01674514890707	0.316217937731521	0.268959508396407	0.26861499096455	0.268959508396408	0.269933611799373	0.246626940302409	0.243554593411031	0.246626940302419	0.26356156098877	0.242587656800478	0.2791228455389	0.242587656800478	0.269933611799374	0.246626940302419	0.243554593411031	0.24662694030241
