1	1.04019805690984	1.05121949900666	1.04019805690983	1.04494388570656	1.05525424138595	1.0673653429019	1.05525424138595	1.06608162825447	1.06310764816852	1.07367558595699	1.06310764816852	1.04494388570656	1.05525424138595	1.0673653429019	1.05525424138595	0.657516782559138	0.329487824554756	0.256251944442121	0.329487824554759	0.36450234370589	0.272090500758158	0.240987199622752	0.272090500758162	0.306549689349913	0.234818862236167	0.217053375536542	0.234818862236168	0.364502343705892	0.272090500758162	0.240987199622753	0.272090500758161
1	1.04604539953897	1.05681709239084	1.04604539953897	1.05220810844969	1.061616044406	1.07396875078329	1.061616044406	1.07460596753425	1.06903236392498	1.07991532470513	1.06903236392498	1.05220810844969	1.061616044406	1.07396875078329	1.061616044406	0.695307231837361	0.326623720329892	0.249395515337968	0.326623720329895	0.365738528578733	0.265840386565391	0.233636054352664	0.265840386565395	0.302155048570957	0.227336026072117	0.209475164877414	0.227336026072118	0.365738528578736	0.265840386565394	0.233636054352665	0.265840386565393
1	1.04969522751489	1.05969951112876	1.04969522751489	1.05715257666446	1.06502833832768	1.07713611291894	1.06502833832768	1.07958674949517	1.07179660165047	1.08263785655694	1.07179660165047	1.05715257666446	1.06502833832768	1.07713611291894	1.06502833832768	0.726247434833621	0.325186859229422	0.246229122112427	0.325186859229424	0.366976827315254	0.262900871333216	0.230475457020277	0.262900871333218	0.300159577151696	0.224162517679259	0.206504378612425	0.22416251767926	0.366976827315256	0.262900871333218	0.230475457020278	0.262900871333219
1	1.05199678285784	1.06123084566019	1.05199678285784	1.06054361559161	1.06691152151932	1.07872031651068	1.06691152151932	1.08257332636345	1.07314064127551	1.0838959637783	1.07314064127551	1.06054361559161	1.06691152151932	1.07872031651068	1.06691152151932	0.751579130531951	0.324519879265889	0.244794290433476	0.324519879265892	0.368077188471824	0.261554317899851	0.229142536914898	0.261554317899854	0.299334624146558	0.222837990356045	0.20535955030005	0.222837990356046	0.368077188471826	0.261554317899854	0.229142536914898	0.261554317899854
1	1.05346613476958	1.06207491017438	1.05346613476958	1.06288780865004	1.06798544957744	1.07955370962464	1.06798544957744	1.08441505537592	1.07382818101316	1.08452043873566	1.07382818101316	1.06288780865004	1.06798544957744	1.07955370962464	1.06798544957744	0.772318968827036	0.324250038545762	0.244160717818305	0.324250038545765	0.36899267629609	0.260961014688115	0.228597240063866	0.260961014688117	0.299058155987698	0.222299253526383	0.204932107688859	0.222299253526384	0.368992676296093	0.260961014688117	0.228597240063867	0.260961014688117
1	1.05441663432783	1.06255928855704	1.05441663432783	1.06452061177008	1.06861968255663	1.08001736548129	1.06861968255663	1.08558306749482	1.07420088735585	1.08485625900803	1.07420088735585	1.06452061177008	1.06861968255663	1.08001736548129	1.06861968255663	0.789299312248931	0.324174056683765	0.243892310485487	0.324174056683768	0.369724256564125	0.26071656489673	0.228386335892001	0.260716564896733	0.299023080057279	0.222090500127737	0.204783036845509	0.222090500127738	0.369724256564128	0.260716564896733	0.228386335892002	0.260716564896732
1	1.05503962056981	1.06284879451207	1.05503962056981	1.06566570227824	1.06900745488647	1.08029017000603	1.06900745488647	1.08634346089478	1.07441538392931	1.08505152339876	1.07441538392931	1.06566570227825	1.06900745488647	1.08029017000603	1.06900745488647	0.803201641602862	0.324184976378753	0.243786889884535	0.324184976378756	0.370293616658645	0.260628891421395	0.228314052400324	0.260628891421399	0.299082300051461	0.222017597141027	0.204739399644388	0.222017597141028	0.370293616658647	0.260628891421399	0.228314052400324	0.260628891421398
1	1.05545305470384	1.06302849733901	1.05545305470384	1.06647357226956	1.0692522442649	1.08045897093556	1.0692522442649	1.08685003678628	1.07454585012335	1.08517282500726	1.07454585012335	1.06647357226956	1.0692522442649	1.08045897093556	1.0692522442649	0.814583906172698	0.324228816264803	0.243751877937734	0.324228816264806	0.370728746582275	0.26060826571341	0.228296801138877	0.260608265713411	0.299168408210193	0.221998591963716	0.204733670311507	0.221998591963717	0.370728746582278	0.26060826571341	0.228296801138877	0.260608265713412
1	1.05573054779732	1.06314373758913	1.05573054779732	1.06704645167706	1.06941110102446	1.08056780260735	1.06941110102447	1.08719410175155	1.07462895184861	1.08525201344896	1.07462895184861	1.06704645167706	1.06941110102447	1.08056780260735	1.06941110102446	0.823902916202633	0.324279878078066	0.243745595369846	0.324279878078069	0.371057026752743	0.260613750016178	0.228299557909671	0.260613750016178	0.299252777558481	0.221999411454338	0.204739962720729	0.221999411454338	0.371057026752746	0.260613750016178	0.228299557909671	0.260613750016181
1	1.05591866601291	1.06321960718621	1.05591866601291	1.06745444329173	1.06951654218561	1.08064017925963	1.06951654218561	1.0874314456935	1.07468378476526	1.0853054972131	1.07468378476526	1.06745444329173	1.06951654218561	1.08064017925963	1.06951654218561	0.831532676308431	0.324327076401951	0.243749761322934	0.324327076401955	0.371302380392023	0.260627356299771	0.228308133476223	0.260627356299772	0.299325051343533	0.222006285475698	0.204748740680478	0.222006285475699	0.371302380392026	0.260627356299772	0.228308133476224	0.260627356299774
1	1.05604729022408	1.06327057020112	1.05604729022408	1.06774604321867	1.06958776831236	1.08068938230113	1.06958776831236	1.08759715833826	1.07472088992108	1.08534242091897	1.07472088992108	1.06774604321867	1.06958776831236	1.08068938230113	1.06958776831236	0.837779395481891	0.324366559576872	0.243756703055186	0.324366559576875	0.371484485227007	0.260641690638611	0.228317145412057	0.26064169063861	0.299383043835737	0.222013953917123	0.204756800509894	0.222013953917124	0.37148448522701	0.26064169063861	0.228317145412058	0.260641690638614
1	1.05613586763832	1.06330531073129	1.05613586763833	1.06795506641489	1.06963651982192	1.08072333468848	1.06963651982192	1.0877139202196	1.07474643521918	1.08536826234714	1.07474643521918	1.06795506641489	1.06963651982192	1.08072333468848	1.06963651982192	0.842893776096442	0.324397831343498	0.243763456912817	0.324397831343501	0.371618942772639	0.260654109364306	0.228324836775614	0.260654109364305	0.299427887623208	0.222020646670341	0.204763317844405	0.222020646670342	0.371618942772642	0.260654109364305	0.228324836775615	0.260654109364308
1	1.05619722723153	1.06332924279197	1.05619722723153	1.06810525535034	1.06967021140005	1.08074699630466	1.06967021140005	1.0877967521582	1.07476422475026	1.08538650008449	1.07476422475026	1.06810525535034	1.06967021140005	1.08074699630466	1.06967021140005	0.847081076892116	0.324421777340434	0.243769076870216	0.324421777340437	0.371717828707463	0.26066399471071	0.228330868379433	0.26066399471071	0.299461786767475	0.222025963916047	0.204768302033156	0.222025963916048	0.371717828707466	0.26066399471071	0.228330868379433	0.260663994710713
1	1.05623993515577	1.06334584970431	1.05623993515577	1.06821337867568	1.06969365550905	1.08076359169754	1.06969365550905	1.08785580632868	1.07477670553716	1.0853994371645	1.07477670553716	1.06821337867568	1.06969365550905	1.08076359169754	1.06969365550905	0.850509348910736	0.324439709439512	0.243773431765238	0.324439709439515	0.371790334948675	0.260671518540772	0.228335402637089	0.260671518540772	0.299487041863644	0.222030000036754	0.204772008359592	0.222030000036755	0.371790334948677	0.260671518540772	0.228335402637089	0.260671518540775
1	1.0562697739251	1.06335743116249	1.0562697739251	1.0682913397181	1.06971004779868	1.08077527862654	1.06971004779868	1.08789806044063	1.07478550396669	1.08540864291663	1.07478550396669	1.0682913397181	1.06971004779868	1.08077527862654	1.06971004779868	0.853316180711739	0.324452931757321	0.243776680403788	0.324452931757324	0.371843375565215	0.260677096353277	0.228338732541218	0.260677096353276	0.299505677191145	0.22203298896734	0.204774722845576	0.22203298896734	0.371843375565218	0.260677096353276	0.228338732541218	0.26067709635328
1	1.05629068377034	1.06336553539066	1.05629068377034	1.06834762296258	1.06972154775514	1.08078353014299	1.06972154775514	1.08792837233251	1.07479172566928	1.08541520621635	1.07479172566928	1.06834762296258	1.06972154775514	1.08078353014299	1.06972154775515	0.85561422028279	0.324462574103608	0.243779050292118	0.324462574103611	0.371882107284994	0.260681164558218	0.228341144635439	0.260681164558217	0.299519338370616	0.222035171032922	0.204776693682315	0.222035171032923	0.371882107284997	0.260681164558216	0.228341144635439	0.260681164558221
1	1.05630537075281	1.06337121942765	1.05630537075281	1.06838829687099	1.06972963399264	1.08078936553656	1.06972963399264	1.08795015755313	1.07479613401901	1.08541989124814	1.07479613401901	1.06838829687099	1.06972963399264	1.08078936553656	1.06972963399264	0.857495695997948	0.324469549251007	0.243780755337083	0.32446954925101	0.371910351213185	0.260684100662043	0.228342877432027	0.260684100662043	0.299529308503619	0.222036750494736	0.204778117318744	0.222036750494737	0.371910351213188	0.260684100662042	0.228342877432027	0.260684100662046
1	1.05631570539694	1.06337521218226	1.05631570539694	1.06841771405314	1.06973532866553	1.08079349641781	1.06973532866553	1.08796583534245	1.0747992615373	1.0854232381292	1.0747992615373	1.06841771405314	1.06973532866553	1.08079349641781	1.06973532866553	0.859036118065226	0.324474564803352	0.243781971282862	0.324474564803355	0.371930925191726	0.260686205026807	0.228344115820924	0.260686205026808	0.299536562452624	0.222037887786172	0.204779142525265	0.222037887786173	0.371930925191729	0.260686205026808	0.228344115820925	0.260686205026809
1	1.05632298747717	1.06337801980453	1.05632298747717	1.06843900352459	1.06973934322901	1.08079642246305	1.06973934322901	1.08797712852162	1.07480148221202	1.08542563027966	1.07480148221202	1.06843900352459	1.06973934322901	1.08079642246305	1.06973934322901	0.860297309015629	0.324478155015651	0.243782833473905	0.324478155015654	0.37194589961859	0.260687706230826	0.22834499797026	0.260687706230827	0.299541828886344	0.2220387040089	0.204779879412195	0.222038704008901	0.371945899618593	0.260687706230827	0.228344997970261	0.260687706230828
1	1.05632812396689	1.06337999544289	1.05632812396689	1.06845441881047	1.06974217526548	1.08079849582943	1.06974217526548	1.08798526878016	1.07480305984336	1.0854273406265	1.07480305984337	1.06845441881047	1.06974217526548	1.08079849582943	1.06974217526548	0.861329884857773	0.324480716091966	0.243783442521418	0.324480716091969	0.37195679146118	0.260688773740271	0.228345625022107	0.260688773740272	0.299545646636827	0.222039288583918	0.204780408434895	0.222039288583918	0.371956791461183	0.260688773740272	0.228345625022107	0.260688773740273
1	1.05633174984763	1.06338138629353	1.05633174984763	1.06846558530118	1.06974417393883	1.08079996528908	1.06974417393883	1.08799113916909	1.07480418103603	1.08542856378057	1.07480418103603	1.06846558530118	1.06974417393883	1.08079996528908	1.06974417393883	0.862175286475538	0.324482538175178	0.243783871660968	0.324482538175181	0.371964709802191	0.260689531171033	0.228346070117098	0.260689531171035	0.299548411297102	0.222039706693434	0.204780787941617	0.222039706693435	0.371964709802194	0.260689531171035	0.228346070117098	0.260689531171036
1	1.05633431083041	1.06338236576615	1.05633431083041	1.06847367672333	1.06974558482478	1.08080100684007	1.06974558482478	1.08799537406485	1.07480497803196	1.08542943866306	1.07480497803196	1.06847367672333	1.06974558482478	1.08080100684007	1.06974558482478	0.862867442795827	0.324483831808322	0.243784173514792	0.324483831808325	0.371970464167154	0.26069006775538	0.228346385752146	0.260690067755383	0.299550411872563	0.222040005480858	0.204781060057451	0.222040005480859	0.371970464167157	0.260690067755383	0.228346385752146	0.260690067755383
