1	1.02788988836444	1.03941921750446	1.02788988836444	1.02788988836444	1.04316561883758	1.05199463622813	1.04316561883758	1.03941921750446	1.05199463622813	1.06108903083117	1.05199463622813	1.02788988836444	1.04316561883758	1.05199463622813	1.04316561883758	0.568110370130364	0.384574696302575	0.316298502979603	0.384574696302576	0.384574696302576	0.332814968541553	0.294438256067464	0.332814968541555	0.316298502979605	0.294438256067466	0.274755064785059	0.294438256067467	0.384574696302578	0.332814968541555	0.294438256067465	0.332814968541555
1	1.0339562703305	1.04579248108601	1.0339562703305	1.0339562703305	1.05059822813901	1.05934893468873	1.05059822813901	1.04579248108601	1.05934893468873	1.06881234728629	1.05934893468873	1.0339562703305	1.05059822813901	1.05934893468873	1.05059822813901	0.613932464885524	0.395779921567987	0.318814839901111	0.395779921567989	0.395779921567986	0.33687445010623	0.294919371971913	0.336874450106234	0.318814839901114	0.294919371971915	0.274027470854913	0.294919371971916	0.395779921567988	0.336874450106234	0.294919371971914	0.336874450106233
1	1.03749155349069	1.04888845777372	1.03749155349069	1.03749155349069	1.05435828653566	1.06265932802889	1.05435828653566	1.04888845777372	1.06265932802889	1.07208531048763	1.06265932802889	1.03749155349069	1.05435828653566	1.06265932802889	1.05435828653566	0.644647933529735	0.401927501421867	0.320389262037521	0.401927501421869	0.401927501421865	0.339236627612694	0.295666123822643	0.339236627612696	0.320389262037524	0.295666123822644	0.274338972170626	0.295666123822644	0.401927501421867	0.339236627612696	0.295666123822644	0.339236627612696
1	1.0395225909988	1.05042687951831	1.0395225909988	1.0395225909988	1.05629164194206	1.06422244650115	1.05629164194206	1.05042687951831	1.06422244650115	1.07357656704989	1.06422244650115	1.0395225909988	1.05629164194206	1.06422244650115	1.05629164194206	0.665237127854424	0.405308893650635	0.3213164887931	0.405308893650637	0.405308893650634	0.34057852630794	0.29623141408859	0.340578526307941	0.321316488793101	0.296231414088592	0.274723241710893	0.296231414088593	0.405308893650636	0.340578526307941	0.296231414088591	0.340578526307942
1	1.04067759147183	1.0512061936207	1.04067759147183	1.04067759147183	1.0572994394081	1.06499061443611	1.0572994394081	1.0512061936207	1.06499061443611	1.07429746789246	1.06499061443611	1.04067759147183	1.0572994394081	1.06499061443611	1.0572994394081	0.679038477420426	0.407172621524113	0.321844205688584	0.407172621524115	0.40717262152411	0.34132910277133	0.296590476134142	0.341329102771331	0.321844205688583	0.296590476134142	0.274997290030899	0.296590476134143	0.407172621524113	0.341329102771331	0.296590476134143	0.341329102771333
1	1.04132969827821	1.05160704838539	1.04132969827821	1.04132969827821	1.057830444416	1.06537974185118	1.057830444416	1.05160704838539	1.06537974185118	1.0746611571771	1.06537974185118	1.04132969827821	1.057830444416	1.06537974185118	1.057830444416	0.688289798691063	0.408201512587548	0.322138417078628	0.408201512587551	0.408201512587545	0.341744642286114	0.296802235748928	0.341744642286115	0.322138417078626	0.296802235748927	0.275165976187571	0.296802235748928	0.408201512587547	0.341744642286115	0.296802235748929	0.341744642286116
1	1.04169601069489	1.05181564451466	1.04169601069489	1.04169601069489	1.05811249076073	1.06558114851259	1.05811249076073	1.05181564451466	1.06558114851259	1.07484987800796	1.06558114851259	1.04169601069489	1.05811249076073	1.06558114851259	1.05811249076073	0.694491144764809	0.408770221408436	0.322300342662516	0.408770221408438	0.408770221408435	0.341973109615598	0.296922528351708	0.3419731096156	0.322300342662515	0.296922528351707	0.275263620222651	0.296922528351707	0.408770221408437	0.3419731096156	0.296922528351709	0.341973109615601
1	1.04190104606816	1.05192512904374	1.04190104606816	1.04190104606816	1.05826317982137	1.06568692613979	1.05826317982137	1.05192512904374	1.06568692613979	1.07494954414956	1.06568692613979	1.04190104606816	1.05826317982137	1.0656869261398	1.05826317982137	0.698648031290405	0.409084858165748	0.322388733110626	0.40908485816575	0.409084858165751	0.342098131642179	0.296989471078836	0.342098131642182	0.322388733110628	0.296989471078835	0.275318483264815	0.296989471078836	0.409084858165753	0.342098131642182	0.296989471078837	0.342098131642181
1	1.04201551917613	1.05198295291394	1.04201551917613	1.04201551917613	1.0583440231719	1.06574301685979	1.0583440231719	1.05198295291394	1.06574301685979	1.07500274230593	1.06574301685979	1.04201551917613	1.0583440231719	1.06574301685979	1.0583440231719	0.701434475616414	0.409259047944964	0.322436729933589	0.409259047944967	0.409259047944966	0.342166324906646	0.297026288793877	0.342166324906648	0.322436729933587	0.297026288793875	0.275348837245337	0.297026288793876	0.409259047944969	0.342166324906648	0.297026288793878	0.342166324906648
1	1.0420793151868	1.05201362999224	1.0420793151868	1.0420793151868	1.05838752033682	1.0657729463153	1.05838752033682	1.05201362999224	1.0657729463153	1.07503131847134	1.0657729463153	1.0420793151868	1.05838752033682	1.0657729463153	1.05838752033682	0.703302285221695	0.409355530831624	0.322462705705427	0.409355530831626	0.409355530831623	0.342203437622144	0.297046399402726	0.342203437622147	0.322462705705425	0.297046399402725	0.275365493341619	0.297046399402726	0.409355530831626	0.342203437622147	0.297046399402726	0.342203437622147
1	1.04211482287345	1.05202995781605	1.04211482287345	1.04211482287345	1.05841096992957	1.06578898079002	1.05841096992957	1.05202995781605	1.06578898079001	1.07504672686292	1.06578898079001	1.04211482287345	1.05841096992957	1.06578898079002	1.05841096992957	0.704554315525071	0.409408991253799	0.322476734474997	0.409408991253801	0.409408991253797	0.342223603867134	0.297057339973904	0.342223603867137	0.322476734474995	0.297057339973903	0.275374592500538	0.297057339973904	0.4094089912538	0.342223603867137	0.297057339973905	0.342223603867137
1	1.04213456744884	1.0520386687684	1.04213456744884	1.04213456744884	1.05842362853683	1.0657975935418	1.05842362853683	1.0520386687684	1.0657975935418	1.07505505419595	1.0657975935418	1.04213456744884	1.05842362853683	1.0657975935418	1.05842362853683	0.70539357652576	0.409438620783066	0.322484301556429	0.409438620783069	0.409438620783065	0.342234549717984	0.297063277850038	0.342234549717989	0.322484301556427	0.297063277850038	0.275379551526221	0.297063277850039	0.409438620783068	0.342234549717989	0.297063277850038	0.342234549717987
1	1.04214553934747	1.0520433241893	1.04214553934747	1.04214553934747	1.05843046790143	1.06580222769912	1.05843046790143	1.0520433241893	1.06580222769912	1.07505956104745	1.06580222769912	1.04214553934747	1.05843046790143	1.06580222769912	1.05843046790143	0.705956149933549	0.409455045403596	0.322488380400211	0.409455045403598	0.409455045403598	0.342240486267978	0.297066496234969	0.34224048626798	0.322488380400209	0.297066496234971	0.275382250850862	0.297066496234971	0.4094550454036	0.34224048626798	0.29706649623497	0.34224048626798
