1	1.280123929947	1.24133127659163	1.280123929947	1.30502499065166	1.30894031481722	1.39356247480445	1.30894031484862	1.58864649651025	1.36768574439021	1.37373016718158	1.36768574439021	1.30502499065166	1.30894031484862	1.39356247480445	1.30894031481722	1.41419999988364	0.492511691988765	0.320803941542067	0.49251169198877	0.525816491546629	0.371820457139156	0.347994586387845	0.371820457304718	0.548207167453204	0.336468847820599	0.293065428945534	0.336468847820601	0.525816491546634	0.371820457304718	0.347994586387846	0.371820457139161
1	1.27998689678069	1.24135409196807	1.27998689678069	1.30479080953903	1.3090386069436	1.39379348328863	1.30903860701432	1.58874808763851	1.36785551224116	1.37374581235977	1.36785551224116	1.30479080953903	1.30903860701432	1.39379348328863	1.3090386069436	1.41419999989471	0.492166040185442	0.320846545047464	0.492166040185446	0.525196757743958	0.371971334531195	0.348252959057361	0.371971334647922	0.548308084355494	0.336656931789881	0.293073934408813	0.336656931789883	0.525196757743963	0.371971334647922	0.348252959057362	0.371971334531199
1	1.27981089806515	1.24138134363289	1.27981089806515	1.30448287221657	1.3091565167155	1.39406908226836	1.30915651680412	1.58886624442131	1.36805464363081	1.37376048841938	1.36805464363081	1.30448287221657	1.30915651680412	1.39406908226836	1.3091565167155	1.41419999990473	0.491900378282853	0.320875531765581	0.491900378282857	0.524710681061915	0.372078828714359	0.34843539628741	0.372078828803648	0.548391444009786	0.336786872113972	0.293078521089794	0.336786872113973	0.52471068106192	0.372078828803648	0.348435396287412	0.372078828714363
1	1.27962074722254	1.24140946517234	1.27962074722254	1.30414440935323	1.30927818202181	1.39435137550253	1.30927818211696	1.58898898293911	1.36825603168861	1.37377322691435	1.36825603168861	1.30414440935323	1.30927818211696	1.39435137550253	1.30927818202181	1.4141999999138	0.491691098608717	0.320895878070337	0.491691098608722	0.524321050610102	0.372158603948574	0.348572020891394	0.372158604020848	0.54846244359593	0.336882067170097	0.29308089387354	0.336882067170099	0.524321050610107	0.372158604020848	0.348572020891395	0.372158603948578
1	1.27943094521807	1.24143656512005	1.27943094521807	1.30380154813491	1.30939531656625	1.39462195832289	1.30939531666175	1.58910959655056	1.36844679561966	1.37378377027078	1.36844679561967	1.30380154813491	1.30939531666175	1.39462195832289	1.30939531656625	1.414199999922	0.491522593119991	0.320910678823599	0.491522593119995	0.524002602436686	0.37222011616196	0.348679644781051	0.372220116222841	0.548524346169488	0.336955512768394	0.293082026173989	0.336955512768396	0.524002602436691	0.372220116222841	0.348679644781052	0.372220116161964
1	1.27924960389507	1.24146172454396	1.27924960389507	1.30346956178279	1.30950394576428	1.39487269499915	1.30950394585682	1.58922456161013	1.36862150361577	1.3737922108496	1.36862150361578	1.3034695617828	1.30950394585682	1.39487269499915	1.30950394576428	1.41419999992942	0.491384364154014	0.320921853649105	0.491384364154018	0.52373793336386	0.372269142644664	0.348767822677335	0.372269142697324	0.548579216236681	0.337014561744517	0.293082464748049	0.337014561744518	0.523737933363866	0.372269142697324	0.348767822677336	0.372269142644668
1	1.27908091762531	1.2414845839727	1.27908091762531	1.30315685909218	1.30960250451432	1.39510077659427	1.30960250460217	1.58933220480464	1.3687785393374	1.3737987901545	1.3687785393374	1.30315685909218	1.30960250460217	1.39510077659427	1.30960250451433	1.41419999993614	0.491269211750668	0.320930593600055	0.491269211750673	0.52351485478273	0.372309275142869	0.348842136188163	0.37230927518922	0.548628400136475	0.337063485529177	0.293082513127645	0.337063485529178	0.523514854782735	0.37230927518922	0.348842136188165	0.372309275142873
1	1.27892670191058	1.24150508946283	1.27892670191058	1.3028675555394	1.3096907363394	1.39530607695812	1.30969073642173	1.5894319176552	1.36891817206645	1.37380379308004	1.36891817206645	1.3028675555394	1.30969073642173	1.39530607695812	1.3096907363394	1.41419999994222	0.491172088438422	0.320937642785157	0.491172088438427	0.523324667744706	0.372342801815899	0.348905973402252	0.372342801857153	0.548672807519301	0.337104862107811	0.293082338802892	0.337104862107813	0.523324667744711	0.372342801857153	0.348905973402253	0.372342801815903
1	1.27878735690523	1.24152334452199	1.27878735690523	1.30260312293866	1.30976906193569	1.39548974855547	1.30976906201221	1.58952368374123	1.36904153860387	1.37380749703647	1.36904153860387	1.30260312293866	1.30976906201221	1.39548974855547	1.30976906193569	1.41419999994772	0.491089369782899	0.320943472294799	0.491089369782904	0.523161032771154	0.3723712274353	0.348961497479774	0.372371227472294	0.548713083127448	0.337140327618945	0.293082034231142	0.337140327618946	0.523161032771159	0.372371227472294	0.348961497479775	0.372371227435304
1	1.27866246729592	1.24153952531735	1.27866246729592	1.30236344345318	1.30983822252952	1.39565348953836	1.30983822260025	1.58960780182741	1.3691501165075	1.37381014926549	1.3691501165075	1.30236344345318	1.30983822260025	1.39565348953836	1.30983822252952	1.41419999995269	0.491018387409023	0.320948386787197	0.491018387409028	0.52301922688903	0.372395579744519	0.349010171992362	0.37239557977786	0.548749708858466	0.337170982745062	0.293081651861575	0.337170982745063	0.523019226889035	0.37239557977786	0.349010171992363	0.372395579744524
1	1.27855117535592	1.24155383375655	1.27855117535592	1.30214748266368	1.30989908122995	1.39579916387102	1.30989908129508	1.5896847239356	1.36924545590603	1.37381196080551	1.36924545590603	1.30214748266368	1.30989908129508	1.39579916387102	1.30989908122996	1.41419999995719	0.490957125934996	0.320952589045213	0.490957125935001	0.522895649768138	0.372416591091378	0.349053050864147	0.372416591121529	0.548783064898024	0.337197615562662	0.293081222524038	0.337197615562663	0.522895649768142	0.372416591121529	0.349053050864148	0.372416591091382
1	1.27845240985181	1.24156647257578	1.27845240985181	1.30195371462473	1.30995251618968	1.39592861340259	1.30995251624948	1.58975496375116	1.36932905031257	1.37381310719958	1.36932905031257	1.30195371462473	1.30995251624948	1.39592861340259	1.30995251618969	1.41419999996127	0.490904025148157	0.320956218945835	0.490904025148162	0.522787494219172	0.372434806171913	0.34909093777011	0.372434806199242	0.548813465740732	0.337220823539867	0.293080765444859	0.337220823539868	0.522787494219177	0.372434806199242	0.349090937770112	0.372434806171917
1	1.27836502445068	1.24157763302205	1.27836502445068	1.30178038746472	1.30999936590568	1.39604357033053	1.30999936596048	1.58981904611157	1.36940227966677	1.37381373226113	1.36940227966677	1.30178038746472	1.30999936596048	1.39604357033053	1.30999936590569	1.41419999996495	0.49085784920518	0.320959376928965	0.490857849205184	0.522692524089062	0.372450646493958	0.349124475329389	0.372450646518771	0.548841181354737	0.337241081512931	0.293080293538093	0.337241081512932	0.522692524089067	0.372450646518771	0.34912447532939	0.372450646493962
1	1.27828787924972	1.24158748955564	1.27828787924972	1.30162568632633	1.31004040384518	1.39614562194616	1.31004040389533	1.58987748035953	1.3694663904899	1.3738139527446	1.3694663904899	1.30162568632633	1.31004040389533	1.39614562194616	1.31004040384518	1.41419999996829	0.49081759898243	0.320962138122198	0.490817598982435	0.522608922975087	0.372464449457501	0.349154196049496	0.372464449480056	0.54886644971149	0.337258780359636	0.293079816098013	0.337258780359638	0.522608922975092	0.372464449480056	0.349154196049497	0.372464449457505
1	1.27821988671464	1.24159619832775	1.27821988671465	1.30148783046163	1.3100763292347	1.39623620198102	1.31007632928055	1.5899307473444	1.36952249451581	1.3738138629135	1.36952249451581	1.30148783046164	1.31007632928055	1.39623620198102	1.3100763292347	1.41419999997131	0.490782452419987	0.320964560899852	0.490782452419992	0.52253518986643	0.372476492467832	0.349180552332654	0.372476492488351	0.548889484242977	0.33727424976044	0.293079340187169	0.337274249760442	0.522535189866435	0.372476492488351	0.349180552332655	0.372476492467836
1	1.27816003552847	1.24160389758852	1.27816003552847	1.30136512833676	1.3101077664762	1.39631659494425	1.31010776651809	1.58997929404938	1.36957157599065	1.37381353859719	1.36957157599065	1.30136512833676	1.31010776651809	1.39631659494425	1.3101077664762	1.41419999997404	0.490751723181267	0.320966692113166	0.490751723181271	0.522470066100314	0.372487008221957	0.349203934920404	0.372487008240635	0.548910478430684	0.337287772205544	0.293078871326487	0.337287772205545	0.522470066100319	0.372487008240635	0.349203934920406	0.372487008221961
1	1.27810740090406	1.24161070899368	1.27810740090406	1.30125600620525	1.31013526891939	1.3963879463099	1.31013526895763	1.59002353235833	1.36961450255709	1.37381304062376	1.36961450255709	1.30125600620525	1.31013526895763	1.3963879463099	1.31013526891939	1.41419999997651	0.490724831417927	0.320968570351051	0.490724831417931	0.522412483355025	0.372496194721184	0.349224684867302	0.372496194738192	0.54892960872988	0.337299592147104	0.293078413870795	0.337299592147106	0.52241248335503	0.372496194738192	0.349224684867303	0.372496194721188
1	1.27806114677494	1.24161673925347	1.27806114677494	1.30115902014602	1.31015932460498	1.39645127487271	1.31015932463989	1.59006383996121	1.36965203714609	1.37381241765149	1.36965203714609	1.30115902014602	1.31015932463989	1.39645127487271	1.31015932460499	1.41419999997874	0.490701282628019	0.320970228018927	0.490701282628023	0.522361525914558	0.372504222112906	0.349243101811183	0.3725042221284	0.548947036579172	0.337309922369695	0.293077971217279	0.337309922369697	0.522361525914563	0.3725042221284	0.349243101811184	0.37250422211291
1	1.27802052327486	1.24162208183357	1.27802052327486	1.30107285801583	1.31018036267548	1.39650748542585	1.31018036270734	1.59010056228067	1.36968484962401	1.37381170847371	1.36968484962401	1.30107285801583	1.31018036270734	1.39650748542586	1.31018036267549	1.41419999998077	0.490680652001566	0.320971692714041	0.49068065200157	0.522316402710131	0.372511237574281	0.349259450054868	0.372511237588399	0.548962909876288	0.337318948726422	0.293077545952259	0.337318948726423	0.522316402710136	0.372511237588399	0.349259450054869	0.372511237574285
1	1.27798486164283	1.24162681856832	1.27798486164284	1.3009963354555	1.31019875976565	1.39655738088194	1.31019875979471	1.59013401480525	1.36971352763222	1.37381094388397	1.36971352763223	1.3009963354555	1.31019875979471	1.39655738088195	1.31019875976565	1.4141999999826	0.490662572545912	0.32097298816944	0.490662572545916	0.522276426152593	0.372517368964712	0.349273963293458	0.372517368977578	0.548977364163215	0.33732683385017	0.293077139961237	0.337326833850171	0.522276426152598	0.372517368977578	0.34927396329346	0.372517368964717
1	1.27795356787644	1.24163102112645	1.27795356787645	1.30092838858976	1.31021484603165	1.39660167346059	1.31021484605816	1.59016448550721	1.36973858641024	1.37381014818344	1.36973858641024	1.30092838858976	1.31021484605816	1.3966016734606	1.31021484603165	1.41419999998425	0.490646725864395	0.320974134933646	0.490646725864399	0.522240995747598	0.372522727668112	0.349286848454942	0.37252272767984	0.548990523630175	0.337333720191528	0.293076754528875	0.33733372019153	0.522240995747603	0.37252272767984	0.349286848454943	0.372522727668116
1	1.27792611593971	1.24163475231239	1.27792611593971	1.30086806508509	1.31022891066967	1.39664099482182	1.31022891069385	1.59019223718347	1.3697604775682	1.37380934040073	1.3697604775682	1.30086806508509	1.31022891069385	1.39664099482182	1.31022891066967	1.41419999998575	0.490632834835743	0.320975150879893	0.490632834835748	0.522209585141803	0.372527410884847	0.34929828892132	0.372527410895536	0.549002502012884	0.337339732574058	0.293076390427667	0.337339732574059	0.522209585141807	0.372527410895536	0.349298288921322	0.372527410884851
1	1.27790204100364	1.2416380672069	1.27790204100364	1.30081451459905	1.31024120687863	1.39667590514968	1.31024120690068	1.59021750964784	1.36977959685743	1.37380853528152	1.36977959685743	1.30081451459905	1.31024120690068	1.39667590514968	1.31024120687863	1.41419999998711	0.490620657686922	0.320976051604366	0.490620657686926	0.522181731675297	0.372531503527346	0.349308447289201	0.372531503537091	0.549013403409801	0.337344980387331	0.293076048001611	0.337344980387332	0.522181731675302	0.372531503537091	0.349308447289202	0.37253150352735
1	1.27788093299098	1.24164101416002	1.27788093299098	1.30076697924665	1.31025195627564	1.39670690124848	1.31025195629575	1.59024052174906	1.36979629102185	1.37380774409416	1.36979629102186	1.30076697924665	1.31025195629575	1.39670690124848	1.31025195627565	1.41419999998833	0.490609983111123	0.320976850746735	0.490609983111128	0.522157027805458	0.372535079820179	0.34931746776846	0.372535079829061	0.549023323041178	0.337349559488203	0.293075727241474	0.337349559488204	0.522157027805463	0.372535079829062	0.349317467768462	0.372535079820183
1	1.27786243056727	1.2416436356526	1.27786243056727	1.30072478444772	1.31026135279903	1.39673442373604	1.31026135281736	1.5902614732134	1.36981086382368	1.37380697528761	1.36981086382368	1.30072478444772	1.31026135281736	1.39673442373604	1.31026135279903	1.41419999998944	0.490600626188864	0.320977560255381	0.490600626188869	0.522135113957029	0.372538204667654	0.349325478284425	0.372538204675751	0.54903234795472	0.337353553861527	0.293075427853148	0.337353553861528	0.522135113957034	0.372538204675751	0.349325478284426	0.372538204667658
1	1.2778462156407	1.24164596904299	1.2778462156407	1.30068733035265	1.31026956614454	1.39675886342448	1.31026956616126	1.59028054632076	1.36982358133572	1.3738062350302	1.36982358133572	1.30068733035265	1.31026956616126	1.39675886342448	1.31026956614455	1.41419999999045	0.490592424939933	0.32097819061024	0.490592424939938	0.522115672484225	0.37254093483417	0.349332592329598	0.372540934841552	0.549040557684551	0.337357037074957	0.293075149317772	0.337357037074959	0.52211567248423	0.372540934841552	0.349332592329599	0.372540934834174
1	1.27783200838491	1.2416480472142	1.27783200838491	1.30065408393901	1.31027674478319	1.39678056697544	1.31027674479843	1.59029790742829	1.36983467658612	1.37380552765191	1.36983467658612	1.30065408393901	1.31027674479843	1.39678056697544	1.31027674478319	1.41419999999136	0.490585237381473	0.320978751012846	0.490585237381477	0.522098422517046	0.372543319968289	0.34933891059985	0.37254331997502	0.549048024864345	0.337360073556229	0.293074890944093	0.33736007355623	0.522098422517051	0.37254331997502	0.349338910599851	0.372543319968294
1	1.27781956277113	1.24164989913514	1.27781956277113	1.300624571807	1.3102830186077	1.39679984191075	1.3102830186216	1.59031370835561	1.36984435363351	1.37380485600796	1.36984435363351	1.300624571807	1.3102830186216	1.39679984191075	1.31028301860771	1.41419999999218	0.490578938999482	0.320979249549432	0.490578938999487	0.522083115524881	0.372545403494874	0.349344522442511	0.372545403501013	0.549054815797534	0.337362719715197	0.293074651913362	0.337362719715198	0.522083115524886	0.372545403501013	0.349344522442513	0.372545403494878
1	1.27780866258012	1.24165155034792	1.27780866258012	1.30059837366268	1.3102885012513	1.39681696105143	1.31028850126397	1.59032808764564	1.3698527911417	1.37380422177789	1.3698527911417	1.30059837366268	1.31028850126397	1.39681696105143	1.3102885012513	1.41419999999292	0.490573420563446	0.320979693331882	0.490573420563451	0.522069531471503	0.372547223393852	0.349349507139357	0.37254722339945	0.549060990985784	0.337365024929688	0.293074431317046	0.337365024929689	0.522069531471508	0.37254722339945	0.349349507139358	0.372547223393856
1	1.27779911785707	1.24165302339154	1.27779911785707	1.30057511645588	1.31029329211821	1.39683216645046	1.31029329212976	1.59034117171351	1.36986014551524	1.37380362571174	1.36986014551524	1.30057511645588	1.31029329212976	1.39683216645046	1.31029329211821	1.4141999999936	0.490568586229434	0.320980088619905	0.490568586229439	0.522057475465051	0.372548812880984	0.349353935043857	0.372548812886087	0.549066605617836	0.337367032411851	0.293074228188478	0.337367032411852	0.522057475465056	0.372548812886087	0.349353935043858	0.372548812880988
1	1.27779076176961	1.24165433817055	1.27779076176961	1.30055446912792	1.31029747816135	1.39684567287745	1.31029747817189	1.59035307589459	1.36986655364971	1.37380306783229	1.36986655364971	1.30055446912792	1.31029747817189	1.39684567287745	1.31029747816135	1.41419999999421	0.490564351888188	0.320980440927251	0.490564351888193	0.522046774827356	0.372550201003439	0.349357868589556	0.372550201008093	0.549071710020796	0.33736877996891	0.293074041528492	0.337368779968912	0.522046774827361	0.372550201008093	0.349357868589557	0.372550201003443
1	1.27778344782919	1.24165551227638	1.2777834478292	1.30053613791924	1.31030113543836	1.3968576709065	1.31030113544796	1.59036390540145	1.36987213534403	1.37380254760105	1.36987213534403	1.30053613791924	1.31030113544796	1.3968576709065	1.31030113543836	1.41419999999476	0.490560643723148	0.320980755114117	0.490560643723152	0.52203727652196	0.372551413160995	0.349361363184263	0.372551413165239	0.549076350075702	0.337370300671539	0.293073870326531	0.337370300671541	0.522037276521964	0.372551413165239	0.349361363184265	0.372551413160999
1	1.27777704743792	1.24165656126767	1.27777704743792	1.30051986218605	1.31030433047343	1.39686832965294	1.31030433048219	1.59037375619826	1.36987699541619	1.3738020640542	1.36987699541619	1.30051986218605	1.31030433048219	1.39686832965295	1.31030433047344	1.41419999999526	0.490557396949398	0.320981035467757	0.490557396949403	0.522028844891622	0.372552471562307	0.349364468003113	0.372552471566174	0.549080567600068	0.33737162344021	0.293073713577069	0.337371623440212	0.522028844891627	0.372552471566174	0.349364468003114	0.372552471562311
1	1.27777144772514	1.24165749891514	1.27777144772514	1.30050541067643	1.31030712144933	1.39687779919901	1.31030712145731	1.59038271580029	1.36988122555893	1.37380161591339	1.36988122555893	1.30050541067643	1.31030712145731	1.39687779919902	1.31030712144933	1.41419999999571	0.490554554709389	0.32098128577275	0.490554554709394	0.522021359664266	0.372553395624213	0.34936722669186	0.37255339562774	0.549084400698911	0.337372773560193	0.293073570292836	0.337372773560194	0.522021359664271	0.37255339562774	0.349367226691861	0.372553395624217
1	1.27776654964152	1.24165833741562	1.27776654964152	1.30049257821916	1.31030955925046	1.39688621274418	1.31030955925774	1.590390864005	1.36988490596705	1.37380120167584	1.36988490596705	1.30049257821917	1.31030955925774	1.39688621274418	1.31030955925046	1.41419999999612	0.490552067104971	0.320981509372363	0.490552067104975	0.522014714193243	0.372554202321418	0.349369677990674	0.372554202324634	0.549087884087262	0.337373773132983	0.293073439514536	0.337373773132985	0.522014714193248	0.372554202324634	0.349369677990676	0.372554202321422
1	1.27776226628095	1.24165908757942	1.27776226628095	1.30048118278194	1.31031168837588	1.39689368851149	1.31031168838252	1.59039827356098	1.36988810676452	1.37380081968708	1.36988810676452	1.30048118278195	1.31031168838252	1.39689368851149	1.31031168837589	1.41419999999649	0.490549890348374	0.320981709222163	0.490549890348379	0.522008813902527	0.372554906492383	0.34937185628736	0.372554906495313	0.54909104938538	0.337374641472639	0.293073320318431	0.33737464147264	0.522008813902532	0.372554906495313	0.349371856287361	0.372554906492388
1	1.27775852140396	1.24165975899442	1.27775852140397	1.3004710628592	1.31031354773825	1.3969003314378	1.3103135477443	1.59040501077985	1.36989088925583	1.37380046819931	1.36989088925583	1.30047106285921	1.3103135477443	1.3969003314378	1.31031354773825	1.41419999999682	0.490547986017022	0.320981887936842	0.490547986017027	0.522003574912052	0.372555521107215	0.349373792108027	0.372555521109885	0.549093925389598	0.337375395452963	0.293073211821408	0.337375395452965	0.522003574912057	0.372555521109885	0.349373792108028	0.372555521107219
1	1.27775524813891	1.24166036016993	1.27775524813892	1.30046207515373	1.31031517136302	1.39690623467251	1.31031517136853	1.5904111360961	1.36989330702308	1.37380014541789	1.36989330702308	1.30046207515373	1.31031517136853	1.39690623467251	1.31031517136302	1.41419999999712	0.490546320399395	0.320982047831259	0.4905463203994	0.521998922821376	0.372556057501963	0.349375512552305	0.372556057504399	0.549096538319837	0.337376049812229	0.2930731131847	0.33737604981223	0.521998922821381	0.372556057504399	0.349375512552306	0.372556057501968
1	1.27775238783995	1.24166089866292	1.27775238783995	1.30045409251955	1.31031658900034	1.39691148090658	1.31031658900537	1.59041670457922	1.36989540688779	1.37379984953792	1.36989540688779	1.30045409251955	1.31031658900537	1.39691148090658	1.31031658900034	1.4141999999974	0.490544863920507	0.320982190956218	0.490544863920512	0.521994791633088	0.372556525583765	0.349377041679322	0.372556525585985	0.5490989120464	0.337376617419937	0.293073023615809	0.337376617419938	0.521994791633093	0.372556525585985	0.349377041679323	0.37255652558377
1	1.27774988908307	1.24166138118887	1.27774988908308	1.30044700213707	1.31031782666056	1.39691614355117	1.31031782666515	1.59042176640219	1.36989722975398	1.37379957877268	1.36989722975398	1.30044700213707	1.31031782666515	1.39691614355117	1.31031782666057	1.41419999999764	0.490543590637403	0.320982319129965	0.490543590637407	0.521991122799411	0.372556934010223	0.349378400850114	0.372556934012244	0.549101068297034	0.337377109510898	0.293072942369656	0.3373771095109	0.521991122799416	0.372556934012244	0.349378400850116	0.372556934010228
1	1.27774770678388	1.24166181371917	1.27774770678388	1.30044070389447	1.31031890708278	1.39692028778293	1.31031890708696	1.59042636726984	1.36989881134705	1.3737993313754	1.36989881134705	1.30044070389447	1.31031890708696	1.39692028778293	1.31031890708278	1.41419999999787	0.490542477795913	0.320982433965638	0.490542477795918	0.52198786437777	0.372557290346446	0.349379609031307	0.372557290348287	0.549103026846468	0.337377535890014	0.293072868748532	0.337377535890015	0.521987864377775	0.372557290348287	0.349379609031308	0.372557290346451
1	1.27774580142218	1.24166220156681	1.27774580142218	1.30043510895217	1.31031985014485	1.39692397147114	1.31031985014866	1.59043054881056	1.3699001828613	1.37379910565547	1.3699001828613	1.30043510895217	1.31031985014866	1.39692397147114	1.31031985014485	1.41419999999807	0.490541505441389	0.320982536895435	0.490541505441394	0.521984970282587	0.372557601202332	0.349380683064535	0.372557601204009	0.549104805689303	0.337377905111979	0.293072802101632	0.337377905111981	0.521984970282592	0.372557601204009	0.349380683064536	0.372557601202336
1	1.27774413836094	1.24166254946176	1.27774413836094	1.30043013846971	1.3103206732222	1.39692724600005	1.31032067322567	1.59043434893443	1.36990137152726	1.37379889999021	1.36990137152727	1.30043013846971	1.31032067322567	1.39692724600005	1.31032067322221	1.41419999999826	0.490540656076679	0.320982629191785	0.490540656076683	0.521982399622332	0.372557872352775	0.349381637905398	0.372557872354305	0.549106421198174	0.337378224638346	0.293072741823748	0.337378224638347	0.521982399622337	0.372557872354305	0.3493816379054	0.372557872352779
1	1.27774268724787	1.24166286161739	1.27774268724788	1.30042572247674	1.31032139150173	1.39693015699839	1.3103213915049	1.59043780216046	1.36990240110872	1.37379871283303	1.36990240110872	1.30042572247675	1.3103213915049	1.39693015699839	1.31032139150174	1.41419999999842	0.490539914361738	0.320982711985933	0.490539914361743	0.521980116111921	0.372558108842666	0.349382486835521	0.372558108844061	0.54910788826789	0.337378500975356	0.293072687353895	0.337378500975358	0.521980116111926	0.372558108844061	0.349382486835522	0.37255810884267
1	1.27774142148997	1.24166314178903	1.27774142148997	1.30042179887183	1.31032201825646	1.39693274498649	1.31032201825935	1.59044093991563	1.36990329233805	1.37379854271856	1.36990329233805	1.30042179887183	1.31032201825935	1.39693274498649	1.31032201825647	1.41419999999857	0.490539266849722	0.320982786284268	0.490539266849727	0.521978087551919	0.372558315078863	0.3493832416506	0.372558315080133	0.549109220447277	0.337378739794329	0.293072638173312	0.337378739794331	0.521978087551924	0.372558315080133	0.349383241650602	0.372558315078867
1	1.27774031779193	1.2416633933256	1.27774031779193	1.30041831253449	1.31032256508584	1.39693504595034	1.31032256508847	1.59044379080804	1.36990406329745	1.37379838826552	1.36990406329745	1.30041831253449	1.31032256508847	1.39693504595034	1.31032256508584	1.41419999999871	0.49053870175523	0.320982852982702	0.490538701755235	0.521976285366804	0.372558494910506	0.349383912827319	0.372558494911666	0.549110430059183	0.337378946037303	0.293072593803575	0.337378946037305	0.521976285366809	0.372558494911666	0.34938391282732	0.372558494910511
1	1.27773935575091	1.24166361921514	1.27773935575091	1.30041521453782	1.31032304212594	1.39693709185097	1.31032304212834	1.59044638087644	1.36990472975285	1.3737982481777	1.36990472975285	1.30041521453782	1.31032304212834	1.39693709185097	1.31032304212594	1.41419999999883	0.490538208750715	0.320982912879313	0.49053820875072	0.5219746841957	0.372558651699372	0.349384509671411	0.372558651700431	0.549111528310249	0.337379124009253	0.293072553804347	0.337379124009254	0.521974684195705	0.372558651700431	0.349384509671412	0.372558651699377
1	1.27773851750074	1.24166382212517	1.27773851750074	1.30041246145008	1.31032345823339	1.39693891107634	1.31032345823557	1.590448733818	1.36990530544607	1.37379812124351	1.36990530544607	1.30041246145008	1.31032345823557	1.39693891107634	1.31032345823339	1.41419999999894	0.490537778787685	0.320982966685455	0.49053777878769	0.521973261529414	0.372558788381259	0.349385040449042	0.372558788382226	0.549112525390753	0.337379277458958	0.293072517771221	0.337379277458959	0.521973261529419	0.372558788382226	0.349385040449043	0.372558788381263
1	1.27773778739951	1.24166400443818	1.27773778739951	1.30041001471539	1.31032382114621	1.39694052884236	1.3103238211482	1.5904508711963	1.36990580235074	1.3737980063344	1.36990580235074	1.30041001471539	1.3103238211482	1.39694052884236	1.31032382114621	1.41419999999904	0.490537403939728	0.32098301503558	0.490537403939733	0.521971997388683	0.372558907519805	0.349385512503414	0.372558907520682	0.5491134305659	0.337379409649604	0.293072485333425	0.337379409649606	0.521971997388688	0.372558907520682	0.349385512503416	0.37255890751981
1	1.27773715175542	1.24166416828318	1.27773715175542	1.30040784010438	1.31032413762453	1.39694196754868	1.31032413762634	1.5904528126311	1.36990623089609	1.3737979024024	1.36990623089609	1.30040784010438	1.31032413762634	1.39694196754868	1.31032413762453	1.41419999999913	0.490537077264618	0.320983058495908	0.490537077264623	0.521970874038781	0.372559011353401	0.349385932358225	0.372559011354201	0.549114252258812	0.337379523420665	0.293072456151669	0.337379523420666	0.521970874038786	0.372559011354201	0.349385932358226	0.372559011353406
1	1.27773659858612	1.24166431556357	1.27773659858612	1.30040590722693	1.31032441357366	1.39694324709445	1.31032441357532	1.59045457597157	1.36990660016287	1.37379780847713	1.36990660016288	1.30040590722693	1.31032441357532	1.39694324709445	1.31032441357367	1.41419999999922	0.490536792683281	0.320983097572015	0.490536792683286	0.521969875736487	0.372559101836315	0.349386305809468	0.372559101837043	0.549114998126375	0.33737962124185	0.293072429915885	0.337379621241851	0.521969875736492	0.372559101837043	0.349386305809469	0.372559101836319
1	1.27773611740749	1.24166444798176	1.27773611740749	1.30040418910003	1.31032465415174	1.39694438515857	1.31032465415325	1.59045617745427	1.36990691805474	1.37379772366232	1.36990691805474	1.30040418910003	1.31032465415325	1.39694438515857	1.31032465415174	1.41419999999929	0.49053654487354	0.32098313271561	0.490536544873545	0.521968988505627	0.372559180674565	0.349386638006954	0.372559180675228	0.549115675128188	0.337379705260451	0.293072406343216	0.337379705260453	0.521968988505632	0.372559180675228	0.349386638006955	0.372559180674569
1	1.27773569904838	1.24166456706114	1.27773569904838	1.30040266176437	1.31032486386383	1.39694539744834	1.3103248638652	1.59045763184725	1.36990719144805	1.37379764713199	1.36990719144805	1.30040266176438	1.3103248638652	1.39694539744834	1.31032486386383	1.41419999999936	0.490536329176816	0.320983164330495	0.490536329176821	0.521968199938068	0.372559249357348	0.349386933526639	0.372559249357954	0.549116289589535	0.337379777342554	0.2930723851759	0.337379777342556	0.521968199938073	0.372559249357954	0.34938693352664	0.372559249357352
1	1.277735335488	1.24166467416544	1.277735335488	1.30040130394428	1.31032504664427	1.39694629792025	1.31032504664552	1.59045895258152	1.36990742632296	1.37379757812662	1.36990742632297	1.30040130394428	1.31032504664552	1.39694629792025	1.31032504664427	1.41419999999942	0.490536141516259	0.320983192777824	0.490536141516264	0.521967499017123	0.372559309184429	0.349387196434808	0.372559309184985	0.549116847258599	0.337379839109184	0.293072366179412	0.337379839109186	0.521967499017128	0.372559309184985	0.349387196434809	0.372559309184433
1	1.2777350197133	1.24166477051595	1.2777350197133	1.30040009674599	1.31032520592864	1.39694709897587	1.31032520592978	1.59046015187086	1.369907627878	1.37379751594906	1.369907627878	1.30040009674599	1.31032520592978	1.39694709897587	1.31032520592864	1.41419999999947	0.490535978324894	0.320983218380782	0.490535978324899	0.521966875960976	0.37255936129016	0.3493874303451	0.372559361290664	0.549117353358712	0.337379891967785	0.293072349140574	0.337379891967786	0.521966875960981	0.372559361290665	0.349387430345101	0.372559361290164
1	1.27773474559386	1.24166485720687	1.27773474559386	1.30039902339001	1.31032534471669	1.39694781163579	1.31032534471773	1.59046124082103	1.36990780063017	1.37379745996059	1.36990780063017	1.30039902339002	1.31032534471773	1.39694781163579	1.31032534471669	1.41419999999952	0.490535836482568	0.320983241428711	0.490535836482573	0.521966322083751	0.372559406664395	0.349387638469081	0.372559406664855	0.549117812635823	0.337379937139787	0.293072333865875	0.337379937139788	0.521966322083756	0.372559406664855	0.349387638469082	0.372559406664399
1	1.2777345077722	1.24166493521885	1.2777345077722	1.30039806897365	1.31032546562738	1.39694844569399	1.31032546562833	1.59046222952938	1.36990794850246	1.37379740957695	1.36990794850246	1.30039806897365	1.31032546562833	1.39694844569399	1.31032546562738	1.41419999999957	0.490535713260621	0.320983262180775	0.490535713260626	0.521965829672284	0.372559446170837	0.34938782366117	0.372559446171257	0.549118229401794	0.337379975684606	0.293072320179791	0.337379975684607	0.521965829672289	0.372559446171257	0.349387823661172	0.372559446170841
1	1.27773430156756	1.24166500543114	1.27773430156757	1.30039722026024	1.31032557094699	1.39694900985494	1.31032557094786	1.59046312717553	1.36990807490029	1.37379736426453	1.36990807490029	1.30039722026024	1.31032557094786	1.39694900985494	1.31032557094699	1.41419999999961	0.490535606273365	0.320983280869222	0.49053560627337	0.52196539187677	0.372559480563013	0.349387988458502	0.372559480563397	0.549118607573767	0.337380008520674	0.293072307923328	0.337380008520676	0.521965391876775	0.372559480563397	0.349387988458504	0.372559480563018
1	1.27773412289158	1.2416650686323	1.27773412289158	1.30039646549224	1.31032566267115	1.39694951185524	1.31032566267194	1.59046394210406	1.36990818277826	1.37379732353664	1.36990818277826	1.30039646549224	1.31032566267194	1.39694951185524	1.31032566267116	1.41419999999965	0.490535513435484	0.320983297702263	0.490535513435488	0.521965002613794	0.372559510498276	0.34938813511636	0.372559510498625	0.549118950710045	0.337380036443708	0.293072296952564	0.337380036443709	0.521965002613799	0.372559510498625	0.349388135116362	0.372559510498281
1	1.27773396817431	1.24166512552985	1.27773396817432	1.30039579422527	1.31032574254163	1.39694995857171	1.31032574254235	1.59046468189983	1.36990827469847	1.37379728694995	1.36990827469847	1.30039579422527	1.31032574254235	1.39694995857171	1.31032574254163	1.41419999999968	0.490535432924732	0.320983312866649	0.490535432924737	0.521964656480239	0.372559536549994	0.349388265639611	0.372559536550311	0.549119262042679	0.337380060142727	0.293072287137359	0.337380060142728	0.521964656480244	0.372559536550311	0.349388265639613	0.372559536549999
1	1.27773383429946	1.24166517675871	1.27773383429946	1.30039519718091	1.31032581207843	1.3969503561173	1.31032581207909	1.59046535345655	1.36990835288136	1.37379725410118	1.36990835288136	1.30039519718091	1.31032581207909	1.3969503561173	1.31032581207844	1.41419999999971	0.490535363149161	0.320983326529928	0.490535363149166	0.521964348676941	0.372559559218244	0.349388381810606	0.372559559218533	0.5491195445072	0.337380080213952	0.293072278360106	0.337380080213953	0.521964348676946	0.372559559218533	0.349388381810607	0.372559559218248
1	1.27773371854755	1.2416652228889	1.27773371854755	1.30039466611602	1.31032587260793	1.39695070992628	1.31032587260852	1.59046596303924	1.36990841925016	1.37379722462384	1.36990841925016	1.30039466611602	1.31032587260852	1.39695070992628	1.31032587260793	1.41419999999974	0.490535302718431	0.320983338842498	0.490535302718436	0.521964074940916	0.372559578939117	0.349388485213998	0.372559578939379	0.549119800769608	0.337380097172993	0.293072270514648	0.337380097172994	0.521964074940921	0.372559578939379	0.349388485214	0.372559578939121
1	1.2777336185462	1.24166526443229	1.27773361854621	1.30039419370676	1.31032592528734	1.39695102482989	1.31032592528788	1.59046651634114	1.36990847546961	1.37379719818526	1.36990847546961	1.30039419370676	1.31032592528788	1.39695102482989	1.31032592528734	1.41419999999976	0.490535250418641	0.320983349939407	0.490535250418645	0.521963831485232	0.372559596092866	0.34938857725875	0.372559596093104	0.549120033250966	0.337380111465411	0.293072263505209	0.337380111465413	0.521963831485237	0.372559596093104	0.349388577258752	0.37255959609287
1	1.27773353222652	1.24166530184865	1.27773353222652	1.30039377344569	1.31032597112623	1.39695130512355	1.31032597112672	1.59046701853549	1.36990852297975	1.37379717448378	1.36990852297975	1.30039377344569	1.31032597112672	1.39695130512355	1.31032597112623	1.41419999999979	0.490535205190258	0.320983359941945	0.490535205190263	0.521963614945635	0.372559611011006	0.349388659197703	0.372559611011221	0.549120244149738	0.337380123475963	0.293072257245462	0.337380123475964	0.52196361494564	0.372559611011221	0.349388659197704	0.37255961101101
1	1.27773345778489	1.24166533555106	1.27773345778489	1.30039339955036	1.31032601100521	1.3969515546265	1.31032601100566	1.59046747432268	1.36990856302537	1.37379715324612	1.36990856302537	1.30039339955036	1.31032601100566	1.3969515546265	1.31032601100521	1.41419999999981	0.490535166108789	0.320983368959114	0.490535166108794	0.521963422333207	0.372559623982543	0.349388732144937	0.37255962398274	0.549120435462145	0.337380133536629	0.293072251657633	0.33738013353663	0.521963422333212	0.37255962398274	0.349388732144939	0.372559623982548
