1	1.00490287091365	1.00869552418439	1.00490287091365	1.00490287091365	1.00918289502264	1.01305735216783	1.00918289502264	1.00869552418439	1.01305735216782	1.0163772827235	1.01305735216782	1.00490287091365	1.00918289502264	1.01305735216783	1.00918289502264	0.282694904937127	0.25721598477564	0.239243358183677	0.257215984775641	0.257215984775543	0.247307502225283	0.239552066896047	0.247307502225338	0.239243358183653	0.239552066895945	0.230963910774076	0.239552066895945	0.257215984775544	0.247307502225338	0.239552066896047	0.247307502225284
1	1.01294850664753	1.02118744473521	1.01294850664753	1.01294850664751	1.02330241813873	1.03307724573065	1.02330241813874	1.02118744473519	1.03307724573062	1.03920138744262	1.03307724573062	1.01294850664751	1.02330241813874	1.03307724573065	1.02330241813873	0.386692548502683	0.347509160085915	0.310943015271105	0.347509160085916	0.347509160085875	0.328276907410861	0.320061355111499	0.328276907410881	0.310943015271103	0.320061355111443	0.299459575925826	0.320061355111443	0.347509160085876	0.328276907410881	0.3200613551115	0.328276907410862
1	1.01714651211806	1.02684792123231	1.01714651211806	1.01714651211805	1.030105301887	1.04307312818095	1.030105301887	1.0268479212323	1.04307312818093	1.0492989092102	1.04307312818093	1.01714651211805	1.030105301887	1.04307312818095	1.030105301887	0.424951143438109	0.379858901352424	0.334473715797046	0.379858901352425	0.379858901352407	0.355459959649388	0.34870896415687	0.355459959649396	0.334473715797062	0.348708964156838	0.321738942305601	0.348708964156839	0.379858901352408	0.355459959649396	0.348708964156871	0.355459959649389
1	1.01886060530572	1.0289250821589	1.01886060530572	1.01886060530576	1.0326764753366	1.04706533202536	1.0326764753366	1.02892508215897	1.0470653320254	1.05293052292566	1.0470653320254	1.01886060530576	1.0326764753366	1.04706533202536	1.0326764753366	0.439025693938587	0.391173241570258	0.342256301912904	0.391173241570258	0.391173241570272	0.364492093874452	0.358810825772704	0.364492093874455	0.342256301912988	0.358810825772759	0.329096202989888	0.358810825772759	0.391173241570272	0.364492093874455	0.358810825772704	0.364492093874453
1	1.01949660761071	1.02963808187693	1.01949660761071	1.01949660761118	1.03356968431653	1.04854177385324	1.03356968431653	1.0296380818777	1.04854177385375	1.0541646117464	1.04854177385375	1.01949660761118	1.03356968431653	1.04854177385324	1.03356968431653	0.444203431668798	0.395074618659097	0.344830568425623	0.395074618659098	0.395074618659303	0.367478163314643	0.362345463682361	0.367478163314645	0.344830568426239	0.362345463683071	0.331537240879659	0.362345463683072	0.395074618659303	0.367478163314645	0.362345463682361	0.367478163314644
1	1.01972234321062	1.02987651147076	1.01972234321062	1.01972234321465	1.03386941357138	1.04907051750964	1.03386941357138	1.02987651147726	1.04907051751398	1.05457661001002	1.04907051751398	1.01972234321465	1.03386941357138	1.04907051750964	1.03386941357138	0.446108214948427	0.396411763338329	0.345682431137184	0.396411763338329	0.396411763340071	0.368463659188948	0.363578165259573	0.368463659188948	0.345682431142185	0.363578165265633	0.332349473923625	0.363578165265634	0.396411763340071	0.368463659188948	0.363578165259573	0.368463659188949
1	1.01980079742055	1.02995539762129	1.01980079742055	1.01980079745546	1.03396849016487	1.04925725757022	1.03396849016487	1.02995539767752	1.0492572576078	1.05471346518633	1.0492572576078	1.01980079745546	1.03396849016487	1.04925725757022	1.03396849016487	0.446808945587539	0.396868876824792	0.345964510111338	0.396868876824793	0.396868876839846	0.36878865820051	0.364007637836966	0.36878865820051	0.345964510154424	0.364007637889401	0.332620370466297	0.364007637889401	0.396868876839846	0.36878865820051	0.364007637836966	0.368788658200511
1	1.01971324629407	1.03200836374155	1.01971324629407	1.01971324629958	1.0343920513436	1.0491266485981	1.03439205133839	1.03200836374779	1.04912664860944	1.0598908571463	1.04912664860944	1.01971324629958	1.03439205133839	1.0491266485981	1.0343920513436	0.447066730192122	0.394756243053232	0.363396100828701	0.394756243053233	0.394756243068823	0.371737640299912	0.362620718004055	0.371737640256435	0.363396100811246	0.362620718027118	0.35574149936267	0.362620718027118	0.394756243068824	0.371737640256435	0.362620718004055	0.371737640299912
1	1.0195633482183	1.03359489627258	1.0195633482183	1.01956334821987	1.03458601293498	1.04882383975276	1.03458601293071	1.03359489627231	1.04882383975703	1.06401334542362	1.04882383975703	1.01956334821987	1.03458601293071	1.04882383975276	1.03458601293498	0.447161563848136	0.393940876937713	0.369503626991809	0.393940876937713	0.393940876943078	0.372514741942068	0.361988799606886	0.372514741926321	0.369503626986146	0.361988799615162	0.364305820380124	0.361988799615162	0.393940876943079	0.372514741926321	0.361988799606886	0.372514741942068
1	1.01949296907409	1.03426640735169	1.01949296907409	1.01949296907458	1.03464097571067	1.04867149350346	1.03464097570882	1.03426640735132	1.04867149350502	1.06582237180463	1.04867149350502	1.01949296907458	1.03464097570882	1.04867149350346	1.03464097571067	0.447196451200303	0.393635967663104	0.371628737841037	0.393635967663105	0.393635967664946	0.372710619057947	0.361724683061856	0.37271061905223	0.371628737839177	0.361724683064831	0.367429523996875	0.361724683064831	0.393635967664947	0.37271061905223	0.361724683061856	0.372710619057948
1	1.01946540826126	1.03451600840197	1.01946540826126	1.01946540826143	1.03465295096893	1.04860808264578	1.03465295096822	1.03451600840182	1.04860808264634	1.06652053130511	1.04860808264634	1.01946540826143	1.03465295096822	1.04860808264578	1.03465295096893	0.447209285540041	0.393523307192586	0.372366731802554	0.393523307192587	0.393523307193218	0.372754843031177	0.36161819177035	0.372754843029097	0.372366731801941	0.361618191771421	0.368560315284798	0.361618191771421	0.393523307193219	0.372754843029097	0.36161819177035	0.372754843031177
1	1.01945519309881	1.03460494579297	1.01945519309881	1.01945519309887	1.03465440074973	1.04858317633216	1.03465440074947	1.03460494579292	1.04858317633236	1.06677887252704	1.04858317633236	1.01945519309887	1.03465440074947	1.04858317633216	1.03465440074973	0.447214007029936	0.393481900788293	0.372623095984549	0.393481900788294	0.39348190078851	0.372762257359708	0.361576087842641	0.372762257358952	0.372623095984347	0.361576087843027	0.368968589985088	0.361576087843027	0.39348190078851	0.372762257358952	0.361576087842642	0.372762257359709
1	1.01945147907689	1.0346361746582	1.01945147907689	1.01945147907691	1.03465395228667	1.04857361087429	1.03465395228658	1.03463617465819	1.04857361087436	1.06687303767587	1.04857361087436	1.01945147907691	1.03465395228658	1.04857361087429	1.03465395228667	0.447215743969022	0.393466726497426	0.372712247913929	0.393466726497427	0.3934667264975	0.372762138175791	0.361559656427065	0.372762138175517	0.372712247913861	0.361559656427205	0.369115904411899	0.361559656427205	0.393466726497501	0.372762138175517	0.361559656427066	0.372762138175791
