1	3.29440141869383	1.22688547564907	3.29440141869394	3.1872060834253	1.21008816080619	1.00754042330238	1.21008816084154	1.17327784664041	1.00870200528908	1.08228983063806	1.00870200528908	3.18720608342539	1.21008816084154	1.00754042330238	1.21008816080621	6.49999999999999	0.939698688683604	0.150466525196628	0.939698688683645	1.08446491357028	0.152259821464443	0.0216589287221585	0.152259821477644	0.155497222002215	0.0245942232796747	-0.0637053732839962	0.0245942232796763	1.08446491357032	0.152259821477643	0.0216589287221598	0.15225982146445
1	5.85452269646016	1.20240769158173	5.85452269646027	5.87610803319167	1.19669385624156	1.00643510052032	1.19669385624239	1.18148213068889	1.00733111890563	1.06622417182193	1.00733111890563	5.87610803319175	1.19669385624239	1.00643510052032	1.19669385624157	6.49999999999999	1.75816621314266	0.143894905470989	1.75816621314271	2.12722380976736	0.149906059788926	0.0203934884926168	0.149906059789272	0.16344925556521	0.0230532305905316	-0.058081915064018	0.023053230590533	2.12722380976741	0.149906059789272	0.0203934884926181	0.149906059788933
1	7.76860552777979	1.16838368462804	7.76860552777988	7.66504529331619	1.16740857197552	1.00544576681117	1.16740857197554	1.16452056693963	1.00612948938421	1.05298232179772	1.00612948938421	7.66504529331623	1.16740857197554	1.00544576681117	1.16740857197553	6.49999999999999	2.41039423651418	0.133683030932321	2.41039423651423	2.93797920682972	0.142503722154746	0.019391155860818	0.142503722154756	0.163131453567397	0.0219509210406414	-0.0537438608014496	0.0219509210406428	2.93797920682975	0.142503722154756	0.0193911558608192	0.142503722154752
1	9.18837231900569	1.14533980999509	9.18837231900576	8.01938454146073	1.14233795814175	1.00480388472468	1.14233795814175	1.13558153886709	1.00551187152564	1.04474088807592	1.00551187152564	8.01938454146076	1.14233795814175	1.00480388472468	1.14233795814176	6.49999999999999	2.94563043492971	0.127336352698235	2.94563043492975	3.21575311142919	0.135554377485956	0.0188626811667783	0.13555437748596	0.153775833577895	0.0216537212868766	-0.05119403130878	0.021653721286878	3.21575311142923	0.135554377485959	0.0188626811667794	0.135554377485962
1	10.6064587209942	1.09011542434642	10.6064587209943	4.15162668985184	1.07728566745294	1.00305368016269	1.07728566745294	1.06053764823784	1.00304202740921	1.02708540412409	1.00304202740921	4.15162668985192	1.07728566745294	1.0030536801627	1.07728566745295	6.49999999999999	3.98444652269339	0.11579936545504	3.98444652269342	1.65156900867333	0.108867819200033	0.0170105498381293	0.108867819200035	0.102363517161325	0.017425071563029	-0.0440999095594614	0.0174250715630301	1.65156900867338	0.108867819200035	0.0170105498381303	0.108867819200037
1	8.70851345107302	1.03172481037572	8.70851345107302	1.06371418090475	1.02666120269048	1.00121747986372	1.02666120269048	1.02177212268958	1.00118873947593	1.01239446052435	1.00118873947593	1.06371418090475	1.02666120269048	1.00121747986372	1.02666120269048	6.49999999999999	4.22748870140644	0.0877278996126696	4.22748870140647	0.154249743744708	0.0738480351530629	0.0130577696534618	0.0738480351530641	0.0631078108931117	0.0123376119641461	-0.0351359511559581	0.0123376119641468	0.154249743744712	0.0738480351530642	0.0130577696534626	0.0738480351530657
1	8.05609806556925	1.02262217408911	8.05609806556925	1.0452133803657	1.02084674003995	1.00098410124913	1.02084674003995	1.01968994901268	1.00101977705419	1.01063864322464	1.00101977705419	1.0452133803657	1.02084674003995	1.00098410124913	1.02084674003996	6.49999999999999	4.25503300951908	0.0805118165543478	4.2550330095191	0.129568073234063	0.0677008761088029	0.0123672716408035	0.067700876108804	0.060082064729283	0.0117209942663665	-0.033829793911955	0.0117209942663672	0.129568073234066	0.0677008761088042	0.0123672716408043	0.0677008761088054
1	7.90036134902672	1.02091925102902	7.90036134902672	1.04392763402675	1.01988161455772	1.00093829857966	1.01988161455772	1.01944766914607	1.00098947562711	1.01028059710597	1.00098947562712	1.04392763402675	1.01988161455772	1.00093829857966	1.01988161455772	6.49999999999999	4.26105082139677	0.0790513927621685	4.2610508213968	0.127512239047184	0.0666044424269411	0.0122150171061177	0.0666044424269424	0.0596328122008057	0.0115966752478402	-0.03351325935185	0.0115966752478409	0.127512239047187	0.0666044424269426	0.0122150171061185	0.0666044424269436
1	7.86063283833053	1.02050640172859	7.86063283833053	1.04364978701604	1.01965312068452	1.00092721684069	1.01965312068452	1.01939643716085	1.00098234394748	1.01019462686589	1.00098234394748	1.04364978701604	1.01965312068452	1.00092721684069	1.01965312068452	6.49999999999999	4.2625655015226	0.0786894399821911	4.26256550152263	0.127050347030355	0.0663415374591197	0.0121776621254713	0.0663415374591211	0.0595303355999241	0.0115670197640267	-0.0334365378673935	0.0115670197640273	0.127050347030358	0.0663415374591212	0.012177662125472	0.0663415374591222
1	7.85028792784821	1.02040015406574	7.85028792784821	1.04357896220499	1.0195944959274	1.00092436463704	1.0195944959274	1.01938342804515	1.00098051522219	1.01017252007921	1.00098051522219	1.04357896220499	1.0195944959274	1.00092436463704	1.0195944959274	6.49999999999999	4.26295866977235	0.0785956357924969	4.26295866977238	0.126932016662862	0.0662738723641347	0.0121680163269054	0.0662738723641358	0.0595040760368726	0.0115594009784998	-0.0334167839339562	0.0115594009785005	0.126932016662865	0.0662738723641361	0.0121680163269062	0.0662738723641371
1	7.84757937215476	1.0203724178855	7.84757937215476	1.04356049701031	1.0195792010007	1.00092362	1.0195792010007	1.01938003798826	1.00098003814303	1.01016674956377	1.00098003814303	1.04356049701031	1.0195792010007	1.00092362	1.0195792010007	6.49999999999999	4.26306152848258	0.0785711003457396	4.26306152848261	0.126901136769146	0.0662562044646525	0.0121654958800383	0.0662562044646536	0.0594972226864895	0.0115574125856612	-0.0334116261963496	0.0115574125856619	0.126901136769149	0.0662562044646538	0.0121654958800391	0.066256204464655
1	7.8468691778182	1.02036515088601	7.8468691778182	1.04355566030729	1.01957519425439	1.0009234249003	1.01957519425439	1.01937915012507	1.00097991316688	1.01016523769756	1.00097991316688	1.04355566030729	1.01957519425439	1.0009234249003	1.01957519425439	6.49999999999999	4.26308849276331	0.0785646685841564	4.26308849276334	0.126893046395727	0.0662515750797849	0.0121648353625481	0.0662515750797859	0.059495427155908	0.0115568916522269	-0.0334102749749793	0.0115568916522276	0.126893046395729	0.0662515750797861	0.0121648353625489	0.0662515750797874
1	7.84668289125033	1.02036324511124	7.84668289125034	1.04355439197242	1.01957414352331	1.00092337373506	1.01957414352331	1.01937891730821	1.00097988039322	1.01016484121928	1.00097988039322	1.04355439197242	1.01957414352331	1.00092337373506	1.01957414352331	6.49999999999999	4.26309556520363	0.0785629816249261	4.26309556520366	0.126890924717448	0.0662503610000422	0.0121646621309556	0.0662503610000433	0.0594949562854218	0.0115567550398842	-0.0334099203509052	0.0115567550398849	0.126890924717451	0.0662503610000435	0.0121646621309564	0.0662503610000446
1	7.84663402273171	1.02036274519582	7.84663402273171	1.04355405927341	1.01957386790241	1.00092336031359	1.01957386790241	1.01937885623831	1.00097987179626	1.01016473720861	1.00097987179626	1.04355405927341	1.01957386790241	1.00092336031359	1.01957386790241	6.49999999999999	4.26309742048867	0.0785625390918869	4.26309742048869	0.126890368166741	0.0662500425250107	0.0121646166885683	0.0662500425250117	0.0594948327665731	0.0115567192038867	-0.0334098276147167	0.0115567192038874	0.126890368166744	0.0662500425250119	0.012164616688569	0.0662500425250131
1	7.84662120273384	1.02036261405158	7.84662120273384	1.043553971996	1.01957379559818	1.00092335679269	1.01957379559818	1.01937884021774	1.000979869541	1.0101647099327	1.000979869541	1.043553971996	1.01957379559818	1.00092335679269	1.01957379559818	6.49999999999999	4.26309790719582	0.0785624230003446	4.26309790719585	0.126890222166894	0.0662499589794038	0.012164604767791	0.0662499589794048	0.0594948003662986	0.0115567098035785	-0.033409802954162	0.0115567098035791	0.126890222166897	0.066249958979405	0.0121646047677917	0.0662499589794063
1	7.84661783954542	1.0203625796474	7.84661783954542	1.04355394909965	1.01957377663	1.00092335586903	1.01957377663	1.01937883601491	1.00097986894936	1.01016470277412	1.00097986894936	1.04355394909965	1.01957377663	1.00092335586903	1.01957377663	6.49999999999999	4.26309803487809	0.0785623925448203	4.26309803487812	0.126890183864914	0.0662499370618651	0.0121646016404143	0.0662499370618661	0.0594947918655856	0.0115567073373013	-0.033409796588895	0.011556707337302	0.126890183864916	0.0662499370618663	0.0121646016404151	0.0662499370618676
1	7.84661695725292	1.02036257062187	7.84661695725291	1.04355394309313	1.01957377165393	1.00092335562671	1.01957377165393	1.01937883491238	1.00097986879415	1.01016470089408	1.00097986879415	1.04355394309313	1.01957377165394	1.00092335562671	1.01957377165394	6.49999999999999	4.26309806837402	0.0785623845550553	4.26309806837405	0.126890173816539	0.0662499313118439	0.0121646008199177	0.066249931311845	0.0594947896349189	0.0115567066901704	-0.0334097949936392	0.0115567066901711	0.126890173816541	0.0662499313118452	0.0121646008199184	0.0662499313118463
1	7.84661672579571	1.02036256825417	7.84661672579571	1.04355394151744	1.01957377034854	1.00092335556315	1.01957377034854	1.01937883462315	1.00097986875344	1.01016470040284	1.00097986875344	1.04355394151744	1.01957377034854	1.00092335556315	1.01957377034854	6.49999999999999	4.2630980771612	0.07856238245917	4.26309807716123	0.126890171180844	0.0662499298036115	0.0121646006047345	0.0662499298036128	0.059494789050303	0.0115567065205376	-0.0334097945068557	0.0115567065205383	0.126890171180847	0.066249929803613	0.0121646006047352	0.066249929803614
1	7.84661666507901	1.02036256763301	7.84661666507902	1.04355394110408	1.0195737700061	1.00092335554647	1.0195737700061	1.01937883454734	1.00097986874276	1.01016470026433	1.00097986874276	1.04355394110408	1.0195737700061	1.00092335554647	1.0195737700061	6.49999999999999	4.26309807946633	0.0785623819088011	4.26309807946636	0.126890170487805	0.066249929406953	0.0121646005479763	0.0662499294069541	0.0594947888941324	0.0115567064753957	-0.0334097947198979	0.0115567064753964	0.126890170487807	0.0662499294069544	0.012164600547977	0.0662499294069555
