1	1.18202668781087	1.32737176872473	1.18202668781087	1.18202668781184	1.32737176765243	1.38040963601737	1.32737177298452	1.32737176872709	1.38040963602136	1.8998091456035	1.38040963602136	1.18202668781183	1.32737177298452	1.38040963601737	1.32737176765243	1.07481703306206	0.803033930377023	0.77208201742025	0.803033930377026	0.803033930377783	0.772082015922937	0.674799566344223	0.772082023248819	0.772082017421566	0.674799566347048	1.0044106658488	0.67479956634705	0.803033930377786	0.772082023248819	0.674799566344224	0.77208201592294
1	1.21918831139462	1.39026606200418	1.21918831139461	1.2191883113956	1.39026606047108	1.44247455855376	1.39026606802357	1.3902660620065	1.44247455855774	2.12142114620973	1.44247455855774	1.2191883113956	1.39026606802357	1.44247455855376	1.39026606047108	1.13633918633597	0.826032321527855	0.795716913802193	0.826032321527858	0.826032321528585	0.795716911456418	0.6831686121583	0.795716922936221	0.795716913803386	0.683168612160865	1.08868878376041	0.683168612160867	0.826032321528588	0.795716922936221	0.683168612158302	0.795716911456421
1	1.24369974124433	1.43151510986772	1.24369974124433	1.24369974124522	1.43151510756515	1.47634198108287	1.43151511886027	1.43151510986975	1.47634198108654	2.2847241279212	1.47634198108653	1.24369974124522	1.43151511886027	1.47634198108287	1.43151510756514	1.18670926521776	0.840751743161789	0.816794646361941	0.840751743161793	0.84075174316247	0.816794642631216	0.689940716107671	0.816794660880567	0.816794646363027	0.689940716109947	1.16050757469933	0.689940716109949	0.840751743162473	0.816794660880567	0.689940716107673	0.81679464263122
1	1.25854315277898	1.45836981799928	1.25854315277898	1.25854315277975	1.45836981453378	1.49286408614478	1.45836983148879	1.45836981800102	1.49286408614803	2.40088559770753	1.49286408614803	1.25854315277974	1.45836983148879	1.49286408614478	1.45836981453378	1.22794879783349	0.849655890504816	0.834635044053967	0.849655890504821	0.849655890505429	0.834635038427662	0.694530549747805	0.834635065891769	0.834635044054947	0.694530549749792	1.21565724789809	0.694530549749793	0.849655890505433	0.834635065891769	0.694530549747806	0.834635038427666
1	1.26697131925879	1.47650448476131	1.26697131925879	1.26697131925944	1.47650447971993	1.49980287498214	1.47650450431445	1.47650448476279	1.49980287498497	2.48116324501857	1.49980287498497	1.26697131925944	1.47650450431445	1.49980287498214	1.47650447971993	1.26171287142869	0.855092163459773	0.84940480110962	0.855092163459777	0.855092163460314	0.849404793177428	0.697436933409396	0.849404831759368	0.849404801110488	0.697436933411117	1.25496987497186	0.697436933411119	0.855092163460318	0.849404831759369	0.697436933409398	0.849404793177432
1	1.27155520344335	1.4896137920352	1.27155520344334	1.2715552034439	1.48961378504021	1.50199025041546	1.4896138190405	1.48961379203646	1.5019902504179	2.53535315756454	1.5019902504179	1.27155520344389	1.4896138190405	1.50199025041546	1.48961378504021	1.28935655683009	0.858590872735844	0.861556487151545	0.858590872735848	0.858590872736317	0.861556476632996	0.699247150628277	0.861556527549727	0.861556487152305	0.699247150629754	1.28160160455481	0.699247150629755	0.858590872736321	0.861556527549727	0.699247150628279	0.861556476633
1	1.27397911419018	1.49977593663775	1.27397911419018	1.27397911419064	1.49977592737931	1.50206161224111	1.49977597217557	1.49977593663882	1.5020616122432	2.57106226520575	1.5020616122432	1.27397911419064	1.49977597217557	1.50206161224111	1.49977592737931	1.31198929219607	0.860995153364624	0.871562301547582	0.860995153364628	0.860995153365032	0.871562288269828	0.700380228903656	0.871562352168142	0.871562301548241	0.700380228904922	1.29903428988041	0.700380228904924	0.860995153365037	0.871562352168142	0.700380228903657	0.871562288269832
1	1.27523862480584	1.50806814740555	1.27523862480584	1.27523862480624	1.50806813564397	1.50132075180127	1.5080681922406	1.50806814740646	1.50132075180306	2.59397563193176	1.50132075180306	1.27523862480624	1.5080681922406	1.50132075180127	1.50806813564396	1.33051940866622	0.862747390254453	0.879829430024442	0.862747390254457	0.862747390254806	0.879829413864634	0.701100358636732	0.879829491108038	0.879829430025006	0.701100358637816	1.31018277086703	0.701100358637818	0.86274739025481	0.879829491108038	0.701100358636734	0.879829413864638
1	1.2758897092605	1.51503928289252	1.27588970926049	1.27588970926083	1.51503926844243	1.50036433536609	1.51503933753759	1.5150392828933	1.50036433536762	2.60825592676324	1.50036433536762	1.27588970926083	1.51503933753759	1.50036433536609	1.51503926844243	1.34569058487722	0.864084554341355	0.88668770663732	0.864084554341359	0.864084554341658	0.886687687492453	0.701569924529768	0.886687778311289	0.886687706637802	0.701569924530696	1.31719643327864	0.701569924530697	0.864084554341663	0.886687778311289	0.70156992452977	0.886687687492457
1	1.27623228098521	1.52098373969933	1.27623228098521	1.2762322809855	1.52098372241617	1.49944266540763	1.52098380447308	1.52098373969999	1.49944266540893	2.61686704226341	1.49944266540893	1.2762322809855	1.52098380447308	1.49944266540763	1.52098372241617	1.35811169339697	0.865141032937229	0.892399154590631	0.865141032937234	0.86514103293749	0.892399132379719	0.701888806493876	0.892399236873016	0.892399154591044	0.701888806494668	1.32155361422512	0.70188880649467	0.865141032937494	0.892399236873016	0.701888806493877	0.892399132379723
1	1.27642392212721	1.52607905014208	1.27642392212721	1.27642392212746	1.52607902990434	1.49864570723859	1.52607912524161	1.52607905014265	1.4986457072397	2.62185058979874	1.4986457072397	1.27642392212745	1.52607912524161	1.49864570723858	1.52607902990434	1.36828123692865	0.865998298613768	0.897171453472385	0.865998298613773	0.865998298613992	0.897171428097098	0.702118429718375	0.897171546418057	0.897171453472742	0.702118429719051	1.32423030128024	0.702118429719053	0.865998298613996	0.897171546418057	0.702118429718376	0.897171428097102
1	1.27654524636612	1.53044927802607	1.27654524636612	1.27654524636633	1.53044925472671	1.49799314438825	1.53044936356811	1.53044927802656	1.4979931443892	2.6245690538323	1.4979931443892	1.27654524636633	1.53044936356811	1.49799314438825	1.53044925472671	1.37660735496273	0.866708739091065	0.901170030386872	0.86670873909107	0.866708739091258	0.901170001764991	0.702296224256834	0.90117013398452	0.901170030387177	0.702296224257412	1.32585505276418	0.702296224257413	0.866708739091263	0.90117013398452	0.702296224256836	0.901170001764995
1	1.27663609876253	1.53419247105527	1.27663609876253	1.2766360987627	1.53419244459061	1.49747624427091	1.53419256712254	1.53419247105569	1.49747624427172	2.62590738478079	1.49747624427172	1.2766360987627	1.53419256712254	1.49747624427091	1.53419244459061	1.38342420385282	0.867307592060834	0.904527700126703	0.867307592060839	0.867307592061	0.904527668145668	0.702444551813589	0.904527814455476	0.904527700126965	0.702444551814083	1.32682654471244	0.702444551814085	0.867307592061005	0.904527814455476	0.702444551813591	0.904527668145672
1	1.27671517934148	1.53739195555529	1.27671517934148	1.27671517934163	1.5373919258103	1.49707664039025	1.53739206225051	1.53739195555564	1.49707664039094	2.62642764571494	1.49707664039094	1.27671517934163	1.53739206225051	1.49707664039025	1.5373919258103	1.38900536768033	0.867819362473772	0.907352022984089	0.867819362473776	0.867819362473913	0.90735198750193	0.702576357329641	0.907352148208785	0.90735202298431	0.702576357330064	1.32739522337867	0.702576357330065	0.867819362473918	0.907352148208785	0.702576357329642	0.907351987501934
1	1.2767905117659	1.5401208103557	1.2767905117659	1.27679051176603	1.54012077719727	1.49677437395173	1.54012092782657	1.54012081035601	1.49677437395232	2.62648010674789	1.49677437395232	1.27679051176603	1.54012092782657	1.49677437395173	1.54012077719727	1.39357483814481	0.868261545746796	0.909730835264409	0.8682615457468	0.868261545746917	0.909730796114258	0.702698785784308	0.909730971619601	0.909730835264602	0.702698785784668	1.32771740785209	0.702698785784669	0.868261545746922	0.909730971619601	0.70269878578431	0.909730796114262
1	1.2768649374818	1.54244366430327	1.2768649374818	1.27686493748191	1.54244362757708	1.49655105124997	1.54244379275313	1.54244366430353	1.49655105125047	2.62627924618082	1.49655105125047	1.27686493748191	1.54244379275313	1.49655105124997	1.54244362757708	1.39731600413991	0.868646927576316	0.911736399422094	0.86864692757632	0.86864692757642	0.911736356411734	0.702815492219236	0.911736547211404	0.911736399422259	0.702815492219545	1.32789019325151	0.702815492219547	0.868646927576424	0.911736547211404	0.702815492219238	0.911736356411738
1	1.27693894052031	1.54441755701449	1.27693894052031	1.27693894052041	1.54441751654405	1.49639084265971	1.54441769670544	1.54441755701471	1.49639084266014	2.62595396567488	1.49639084266014	1.27693894052041	1.54441769670544	1.49639084265971	1.54441751654405	1.40037901179285	0.868985067008954	0.913428538080266	0.868985067008958	0.868985067009044	0.913428490994997	0.70292810184792	0.913428697665948	0.913428538080407	0.702928101848188	1.32797362260939	0.70292810184819	0.868985067009048	0.913428697665948	0.702928101847922	0.913428490995001
1	1.27701205833767	1.54609253869659	1.27701205833767	1.27701205833775	1.5460924942829	1.49628057410244	1.54609268994956	1.54609253869678	1.49628057410281	2.62557997276623	1.49628057410281	1.27701205833775	1.54609268994956	1.49628057410244	1.5460924942829	1.40288679035548	0.86928327802384	0.914857027465734	0.869283278023845	0.869283278023916	0.914856976067301	0.703037117614242	0.914857199269853	0.914857027465856	0.703037117614472	1.32800464515711	0.703037117614474	0.86928327802392	0.914857199269853	0.703037117614244	0.914856976067305
1	1.27708355560656	1.54751223873628	1.27708355560656	1.27708355560663	1.54751219015777	1.49620947387888	1.54751240192988	1.54751223873644	1.49620947387919	2.62520031071479	1.49620947387919	1.27708355560663	1.54751240192988	1.49620947387887	1.54751219015777	1.40493998578679	0.869547288949822	0.916063450482042	0.869547288949827	0.869547288949888	0.916063394509854	0.703142471868529	0.91606363498105	0.916063450482146	0.703142471868728	1.32800585749952	0.70314247186873	0.869547288949892	0.91606363498105	0.703142471868531	0.916063394509858
1	1.27715272221835	1.54871445668054	1.27715272221835	1.27715272221841	1.54871440369325	1.49616882092199	1.54871463224895	1.54871445668068	1.49616882092227	2.62483821533684	1.49616882092227	1.27715272221841	1.54871463224895	1.49616882092199	1.54871440369325	1.40662100002862	0.869781689503514	0.917082652333057	0.869781689503519	0.869781689503571	0.91708259150414	0.703243851786782	0.917082850056085	0.917082652333144	0.703243851786949	1.32799096030414	0.703243851786951	0.869781689503575	0.917082850056085	0.703243851786784	0.917082591504144
1	1.277218985788	1.54973176825247	1.277218985788	1.27721898578805	1.54973171059071	1.4961515959158	1.54973195668203	1.54973176825259	1.49615159591604	2.62450509103213	1.49615159591604	1.27721898578805	1.54973195668203	1.4961515959158	1.5497317105907	1.40799729808486	0.869990236015238	0.917943900003589	0.869990236015242	0.869990236015288	0.917943834014681	0.703340883229698	0.917944111525081	0.917943900003665	0.703340883229843	1.32796815760845	0.703340883229844	0.869990236015293	0.917944111525081	0.703340883229699	0.917943834014685
1	1.27728193714345	1.55059212420228	1.27728193714345	1.27728193714349	1.55059206157906	1.49615217199072	1.55059232602863	1.55059212420238	1.49615217199092	2.6242054186273	1.49615217199092	1.27728193714349	1.55059232602863	1.49615217199072	1.55059206157906	1.40912411562899	0.870176061438435	0.918671817525441	0.870176061438439	0.870176061438478	0.918671746051854	0.703433227736284	0.91867204346664	0.918671817525504	0.703433227736409	1.32794227105408	0.703433227736411	0.870176061438483	0.91867204346664	0.703433227736285	0.918671746051858
1	1.27734131851579	1.55131942158996	1.27734131851579	1.27734131851583	1.55131935369716	1.49616605377608	1.55131963739598	1.55131942159005	1.49616605377625	2.62393975027158	1.49616605377625	1.27734131851583	1.55131963739598	1.49616605377608	1.55131935369716	1.41004667580555	0.870341821282433	0.919287148554774	0.870341821282437	0.870341821282471	0.919287071250897	0.703520627518029	0.91928738958087	0.919287148554828	0.703520627518135	1.32791605275019	0.703520627518136	0.870341821282476	0.91928738958087	0.703520627518031	0.919287071250901
1	1.27739699862093	1.55193403345318	1.27739699862093	1.27739699862097	1.55193395996102	1.49618966241078	1.5519342638688	1.55193403345326	1.49618966241093	2.62370651895445	1.49618966241093	1.27739699862097	1.5519342638688	1.49618966241078	1.55193395996102	1.41080200419372	0.870489796361997	0.919807383665552	0.870489796362001	0.870489796362031	0.919807300162183	0.70360292036349	0.919807640491026	0.9198073836656	0.703602920363582	1.32789099891241	0.703602920363584	0.870489796362035	0.919807640491026	0.703602920363492	0.919807300162187
1	1.27744894572791	1.55245328918639	1.27744894572791	1.27744894572794	1.5524532097428	1.49622016037121	1.55245353488853	1.55245328918645	1.49622016037134	2.62350311733642	1.49622016037134	1.27744894572794	1.55245353488853	1.49622016037121	1.5524532097428	1.41142041477384	0.870621966372069	0.920247280004515	0.870621966372074	0.870621966372097	0.920247189909544	0.703680038002837	0.92024755338969	0.920247280004555	0.703680038002914	1.32786785275667	0.703680038002916	0.870621966372101	0.92024755338969	0.703680038002839	0.920247189909548
1	1.27749720328136	1.55289190294458	1.27749720328135	1.27749720328138	1.5528918171727	1.49625530938081	1.55289216466192	1.55289190294463	1.49625530938092	2.62332652858583	1.49625530938092	1.27749720328138	1.55289216466192	1.49625530938081	1.5528918171727	1.41192672653386	0.870740063671506	0.920619294114235	0.87074006367151	0.870740063671528	0.92061919700389	0.703751996142215	0.920619584885555	0.920619294114269	0.70375199614228	1.32784691413869	0.703751996142282	0.870740063671532	0.920619584885556	0.703751996142216	0.920619197003894
1	1.27754186952532	1.55326235082255	1.27754186952532	1.27754186952534	1.55326225831782	1.49629335527123	1.55326262934092	1.5532623508226	1.49629335527133	2.62317368431251	1.49629335527133	1.27754186952534	1.55326262934092	1.49629335527123	1.55326225831782	1.41234125954249	0.870845613530744	0.920933943931234	0.870845613530748	0.870845613530759	0.920933839350603	0.703818881023725	0.920934252977607	0.920933943931262	0.703818881023785	1.3278282291531	0.703818881023786	0.870845613530764	0.920934252977607	0.703818881023727	0.920933839350607
1	1.27758308118947	1.55357519962598	1.27758308118947	1.27758308118948	1.55357509995423	1.49633293465283	1.55357549579108	1.55357519962602	1.49633293465291	2.62304165839516	1.49633293465291	1.27758308118948	1.55357549579108	1.49633293465283	1.55357509995422	1.41268065046522	0.870939965034325	0.921200112479013	0.870939965034329	0.870939965034338	0.92119999994025	0.703880835251919	0.921200440753992	0.921200112479038	0.70388083525197	1.32781170527318	0.703880835251971	0.870939965034342	0.921200440753992	0.70388083525192	0.921199999940254
1	1.27762100075743	1.55383939159392	1.27762100075742	1.27762100075744	1.55383928428958	1.49637299903132	1.55383970631369	1.55383939159395	1.49637299903139	2.62292776012691	1.49637299903139	1.27762100075744	1.55383970631369	1.49637299903132	1.55383928428958	1.41295852025137	0.871024315423931	0.921425303120536	0.871024315423936	0.871024315423943	0.921425182101364	0.70393804442618	0.921425651643789	0.921425303120557	0.703938044426225	1.3277971805391	0.703938044426227	0.871024315423948	0.921425651643789	0.703938044426181	0.921425182101368
1	1.27765580669585	1.55406248909184	1.27765580669585	1.27765580669586	1.55406237365619	1.49641275323442	1.55406282333866	1.55406248909187	1.49641275323448	2.62282957261994	1.49641275323448	1.27765580669586	1.55406282333866	1.49641275323442	1.55406237365619	1.4131860207909	0.871099729754969	0.921615854571445	0.871099729754973	0.871099729754977	0.921615724513187	0.703990725186813	0.921616224431328	0.921615854571466	0.703990725186852	1.3277844642884	0.703990725186854	0.871099729754982	0.921616224431328	0.703990725186814	0.921615724513191
