1	1.06072977142227	1.09279388849451	1.06072977142227	1.06072977142229	1.09279388849453	1.14447394926618	1.09279388849453	1.09279388849455	1.14447394926621	1.29606224517689	1.14447394926621	1.06072977142229	1.09279388849453	1.14447394926618	1.09279388849453	0.735527434125701	0.609270552902682	0.526098742189315	0.609270552902683	0.609270552902701	0.526098742189337	0.541506261852595	0.526098742189338	0.526098742189349	0.541506261852635	0.706737925375385	0.541506261852636	0.609270552902703	0.526098742189338	0.541506261852596	0.526098742189339
1	1.07540611992327	1.11103224390314	1.07540611992327	1.07540611992329	1.11103224390316	1.17257813342311	1.11103224390316	1.11103224390317	1.17257813342313	1.38027702385359	1.17257813342313	1.07540611992328	1.11103224390316	1.1725781334231	1.11103224390316	0.798046787141183	0.640179004065646	0.547031370255823	0.640179004065648	0.640179004065665	0.547031370255842	0.563502642776541	0.547031370255843	0.547031370255843	0.56350264277657	0.773037963880095	0.563502642776571	0.640179004065667	0.547031370255843	0.563502642776542	0.547031370255845
1	1.08222847420995	1.11896351645355	1.08222847420995	1.08222847420996	1.11896351645356	1.18415120346087	1.11896351645356	1.11896351645356	1.18415120346089	1.42866729549557	1.18415120346089	1.08222847420996	1.11896351645356	1.18415120346087	1.11896351645356	0.835966691585863	0.652783619370338	0.557097546494651	0.65278361937034	0.652783619370356	0.557097546494675	0.573188954444581	0.557097546494675	0.557097546494666	0.573188954444603	0.811094159615163	0.573188954444604	0.652783619370358	0.557097546494675	0.573188954444582	0.557097546494677
1	1.08513978110143	1.12245358684655	1.08513978110143	1.08513978110144	1.12245358684657	1.18877097852648	1.12245358684657	1.12245358684657	1.18877097852649	1.45563350767253	1.18877097852649	1.08513978110144	1.12245358684657	1.18877097852648	1.12245358684657	0.858966276234901	0.657773050065218	0.561971708782733	0.65777305006522	0.657773050065235	0.561971708782756	0.57743821098022	0.561971708782757	0.561971708782744	0.577438210980237	0.8313779389976	0.577438210980238	0.657773050065238	0.561971708782757	0.577438210980221	0.561971708782759
1	1.08632657903532	1.124072983397	1.08632657903532	1.08632657903533	1.12407298339701	1.19065340369596	1.12407298339701	1.12407298339701	1.19065340369597	1.4701844796774	1.19065340369597	1.08632657903533	1.12407298339701	1.19065340369596	1.12407298339701	0.872916229479003	0.659791147056482	0.564420728486487	0.659791147056484	0.659791147056498	0.564420728486515	0.579387487202282	0.564420728486513	0.564420728486497	0.579387487202296	0.841745053579311	0.579387487202297	0.6597911470565	0.564420728486513	0.579387487202283	0.564420728486518
1	1.08679582614271	1.12487053491922	1.08679582614271	1.08679582614272	1.12487053491923	1.19145717727029	1.12487053491923	1.12487053491923	1.1914571772703	1.47778504784439	1.1914571772703	1.08679582614272	1.12487053491923	1.19145717727029	1.12487053491923	0.881377303798052	0.660629628595116	0.565691874587371	0.660629628595119	0.660629628595129	0.565691874587395	0.580323116890639	0.565691874587392	0.565691874587375	0.580323116890649	0.84692556784413	0.58032311689065	0.660629628595131	0.565691874587392	0.58032311689064	0.565691874587398
1	1.08697540888244	1.12528292851891	1.08697540888244	1.08697540888245	1.12528292851892	1.19181955008096	1.12528292851892	1.12528292851892	1.19181955008097	1.48165287784803	1.19181955008097	1.08697540888245	1.12528292851892	1.19181955008096	1.12528292851892	0.886509204764085	0.660982486063683	0.566366116263245	0.660982486063685	0.660982486063697	0.566366116263271	0.580787206454684	0.566366116263266	0.566366116263249	0.580787206454694	0.849484180661105	0.580787206454695	0.660982486063699	0.566366116263266	0.580787206454685	0.566366116263274
1	1.08704071914306	1.12550363976599	1.08704071914306	1.08704071914307	1.125503639766	1.19199158208834	1.125503639766	1.12550363976599	1.19199158208834	1.48358569214999	1.19199158208834	1.08704071914307	1.125503639766	1.19199158208834	1.125503639766	0.889621859939223	0.661130443336499	0.566728918607281	0.661130443336501	0.661130443336512	0.56672891860731	0.581022905391499	0.566728918607303	0.566728918607285	0.581022905391509	0.850740303824139	0.581022905391509	0.661130443336515	0.566728918607303	0.5810229053915	0.566728918607313
1	1.08706226686802	1.12562451518649	1.08706226686802	1.08706226686802	1.1256245151865	1.19207705758018	1.1256245151865	1.12562451518649	1.19207705758019	1.48454016048012	1.19207705758019	1.08706226686802	1.1256245151865	1.19207705758018	1.1256245151865	0.891509780760564	0.661191434557294	0.566926243760971	0.661191434557297	0.661191434557309	0.566926243761003	0.581145014048325	0.566926243760996	0.566926243760975	0.581145014048332	0.851355033152726	0.581145014048333	0.661191434557311	0.566926243760996	0.581145014048325	0.566926243761005
1	1.08706789433838	1.12569174722431	1.08706789433838	1.08706789433838	1.12569174722433	1.1921212625557	1.12569174722432	1.12569174722432	1.1921212625557	1.48500788869395	1.1921212625557	1.08706789433838	1.12569174722432	1.1921212625557	1.12569174722433	0.892654862526462	0.661215915646973	0.567034565205287	0.661215915646975	0.661215915646989	0.567034565205317	0.581209543004189	0.56703456520531	0.567034565205292	0.581209543004196	0.851655306326892	0.581209543004197	0.661215915646992	0.56703456520531	0.58120954300419	0.56703456520532
1	1.0870682950133	1.12572955539557	1.08706829501329	1.0870682950133	1.12572955539559	1.19214497346169	1.12572955539558	1.12572955539558	1.19214497346169	1.48523587490225	1.19214497346169	1.0870682950133	1.12572955539558	1.19214497346169	1.12572955539559	0.89334938973934	0.661225453074289	0.567094555864186	0.661225453074291	0.661225453074307	0.567094555864214	0.581244389548399	0.567094555864207	0.56709455586419	0.581244389548405	0.851801770223447	0.581244389548406	0.661225453074309	0.567094555864207	0.5812443895484	0.567094555864217
1	1.08706736842855	1.12575099845101	1.08706736842855	1.08706736842856	1.12575099845103	1.1921581369332	1.12575099845102	1.12575099845102	1.1921581369332	1.48534652633924	1.1921581369332	1.08706736842856	1.12575099845102	1.1921581369332	1.12575099845103	0.893770641874092	0.661229110143749	0.567128076312736	0.661229110143751	0.661229110143769	0.567128076312764	0.581263662543874	0.567128076312758	0.567128076312742	0.581263662543881	0.851873108180961	0.581263662543882	0.661229110143771	0.567128076312758	0.581263662543875	0.567128076312767
1	1.08706639310799	1.12576324862302	1.08706639310799	1.087066393108	1.12576324862304	1.19216568893991	1.12576324862303	1.12576324862303	1.19216568893991	1.48540000367999	1.19216568893991	1.08706639310799	1.12576324862303	1.19216568893991	1.12576324862304	0.894026144058261	0.661230575576363	0.567146977778903	0.661230575576366	0.661230575576383	0.567146977778934	0.581274600148749	0.567146977778928	0.567146977778911	0.581274600148755	0.8519077926306	0.581274600148756	0.661230575576386	0.567146977778928	0.58127460014875	0.567146977778937
1	1.08706568810493	1.12577029434848	1.08706568810493	1.08706568810493	1.1257702943485	1.19217015791607	1.12577029434849	1.12577029434849	1.19217015791608	1.48542571993378	1.19217015791608	1.08706568810493	1.12577029434849	1.19217015791607	1.12577029434849	0.894181113701983	0.661231277066125	0.567157736995619	0.661231277066127	0.661231277066145	0.567157736995651	0.581280974439746	0.567157736995645	0.567157736995629	0.581280974439751	0.85192461522939	0.581280974439752	0.661231277066147	0.567157736995645	0.581280974439747	0.567157736995654
1	1.08706525680744	1.12577437440764	1.08706525680744	1.08706525680745	1.12577437440766	1.19217287887809	1.12577437440765	1.12577437440765	1.1921728788781	1.48543800404064	1.1921728788781	1.08706525680745	1.12577437440765	1.19217287887809	1.12577437440766	0.894275106750857	0.661231726166705	0.567163921294478	0.661231726166707	0.661231726166723	0.567163921294513	0.581284787309472	0.567163921294506	0.567163921294487	0.581284787309478	0.851932746157828	0.581284787309479	0.661231726166725	0.567163921294506	0.581284787309473	0.567163921294516
1	1.08706502588698	1.12577675169784	1.08706502588698	1.08706502588699	1.12577675169786	1.19217457624926	1.12577675169785	1.12577675169785	1.19217457624927	1.4854438179046	1.19217457624927	1.08706502588699	1.12577675169785	1.19217457624926	1.12577675169786	0.894332116961828	0.661232083605194	0.567167513007614	0.661232083605196	0.661232083605213	0.567167513007649	0.581287124603145	0.567167513007643	0.567167513007623	0.581287124603151	0.851936657529431	0.581287124603152	0.661232083605216	0.567167513007643	0.581287124603146	0.567167513007652
1	1.08706492040152	1.12577814706705	1.08706492040152	1.08706492040152	1.12577814706707	1.19217565753243	1.12577814706706	1.12577814706706	1.19217565753243	1.48544653372975	1.19217565753243	1.08706492040152	1.12577814706706	1.19217565753243	1.12577814706707	0.89436669573328	0.661232389848682	0.567169620824583	0.661232389848685	0.6612323898487	0.567169620824619	0.581288588850949	0.567169620824613	0.567169620824592	0.581288588850957	0.851938525577363	0.581288588850958	0.661232389848702	0.567169620824613	0.58128858885095	0.567169620824622
1	1.08706488578427	1.12577897236783	1.08706488578427	1.08706488578427	1.12577897236785	1.19217635819264	1.12577897236785	1.12577897236784	1.19217635819265	1.48544777723121	1.19217635819265	1.08706488578427	1.12577897236785	1.19217635819264	1.12577897236785	0.894387669018849	0.661232650520161	0.567170871080552	0.661232650520163	0.661232650520179	0.567170871080587	0.581289523364182	0.567170871080579	0.567170871080561	0.58128952336419	0.851939408298165	0.581289523364191	0.661232650520181	0.56717087108058	0.581289523364183	0.56717087108059
1	1.08706488715335	1.12577946441666	1.08706488715335	1.08706488715336	1.12577946441667	1.19217681834866	1.12577946441667	1.12577946441666	1.19217681834867	1.48544832877374	1.19217681834867	1.08706488715335	1.12577946441667	1.19217681834866	1.12577946441667	0.894400390081199	0.661232865712293	0.567171620756487	0.661232865712296	0.661232865712311	0.567171620756521	0.581290129000104	0.567171620756515	0.567171620756495	0.581290129000113	0.851939818765709	0.581290129000114	0.661232865712314	0.567171620756515	0.581290129000105	0.567171620756524
1	1.08706490411179	1.12577976024285	1.08706490411179	1.08706490411179	1.12577976024286	1.19217712368135	1.12577976024286	1.12577976024285	1.19217712368136	1.48544856052334	1.19217712368136	1.08706490411179	1.12577976024286	1.19217712368135	1.12577976024286	0.894408105869302	0.661233037630351	0.567172075200938	0.661233037630354	0.66123303763037	0.567172075200971	0.581290526345135	0.567172075200964	0.567172075200946	0.581290526345144	0.851940004907274	0.581290526345145	0.661233037630372	0.567172075200964	0.581290526345136	0.567172075200974
1	1.08706492567452	1.12577993964944	1.08706492567452	1.08706492567453	1.12577993964946	1.19217732785494	1.12577993964946	1.12577993964945	1.19217732785494	1.48544864828738	1.19217732785494	1.08706492567453	1.12577993964946	1.19217732785494	1.12577993964946	0.894412785776091	0.661233171079804	0.567172353676935	0.661233171079807	0.661233171079822	0.567172353676969	0.581290789550442	0.567172353676962	0.567172353676943	0.581290789550451	0.85194008590853	0.581290789550452	0.661233171079824	0.567172353676962	0.581290789550443	0.567172353676971
1	1.08706494649546	1.12578004942828	1.08706494649546	1.08706494649546	1.1257800494283	1.19217746516676	1.12578004942829	1.12578004942829	1.19217746516676	1.48544867394729	1.19217746516676	1.08706494649546	1.12578004942829	1.19217746516676	1.1257800494283	0.894415624310181	0.661233272231886	0.567172526141913	0.661233272231888	0.661233272231904	0.567172526141947	0.581290965192207	0.56717252614194	0.567172526141922	0.581290965192215	0.851940118634107	0.581290965192216	0.661233272231906	0.56717252614194	0.581290965192208	0.56717252614195
1	1.0870649643823	1.12578011721333	1.0870649643823	1.0870649643823	1.12578011721335	1.19217755789848	1.12578011721335	1.12578011721334	1.19217755789848	1.48544867482224	1.19217755789848	1.0870649643823	1.12578011721335	1.19217755789848	1.12578011721335	0.894417345984594	0.661233347436979	0.567172634053085	0.661233347436981	0.661233347436997	0.567172634053119	0.581291083059673	0.567172634053111	0.567172634053093	0.581291083059679	0.851940129912341	0.58129108305968	0.661233347436999	0.567172634053111	0.581291083059674	0.567172634053121
1	1.08706497877995	1.1257801594495	1.08706497877995	1.08706497877996	1.12578015944951	1.19217762071283	1.12578015944951	1.1257801594495	1.19217762071283	1.48544866734199	1.19217762071283	1.08706497877996	1.12578015944951	1.19217762071283	1.12578015944951	0.894418390242896	0.661233402485877	0.56717270223588	0.66123340248588	0.661233402485894	0.567172702235916	0.581291162490557	0.567172702235906	0.567172702235891	0.581291162490564	0.851940132187418	0.581291162490564	0.661233402485897	0.567172702235906	0.581291162490558	0.567172702235918
1	1.0870649898995	1.1257801860023	1.0870649898995	1.08706498989951	1.12578018600232	1.19217766335406	1.12578018600231	1.12578018600231	1.19217766335406	1.48544865831963	1.19217766335406	1.0870649898995	1.12578018600231	1.19217766335406	1.12578018600232	0.894419023623627	0.661233442276149	0.567172745713894	0.661233442276152	0.661233442276165	0.56717274571393	0.581291216187797	0.56717274571392	0.567172745713905	0.581291216187802	0.851940131079604	0.581291216187803	0.661233442276168	0.56717274571392	0.581291216187798	0.567172745713932
1	1.08706499824697	1.12578020284043	1.08706499824697	1.08706499824698	1.12578020284044	1.1921776923456	1.12578020284044	1.12578020284043	1.19217769234561	1.48544865026481	1.19217769234561	1.08706499824698	1.12578020284044	1.1921776923456	1.12578020284044	0.894419407792133	0.661233470744828	0.567172773675288	0.66123347074483	0.661233470744844	0.567172773675322	0.581291252573646	0.567172773675314	0.567172773675297	0.581291252573652	0.851940129017258	0.581291252573653	0.661233470744846	0.567172773675314	0.581291252573646	0.567172773675325
