1	7.7563637069261	4.38095846804218	7.75636377228838	7.75636373790789	3.31953853035056	1.5477131713447	3.31953853015011	4.38095847557614	1.54771317135456	1.12255795280051	1.54771317135458	7.75636374154895	3.31953853015011	1.54771317134472	3.31953853035074	7.99999999999999	2.46635709896841	0.967102013353624	2.46635707636304	2.46635708813091	0.717698471183184	0.218689926462416	0.717698471135522	0.967102015028348	0.21868992645879	0.0817726512832249	0.218689926458794	2.46635708687174	0.717698471135523	0.218689926462421	0.717698471183232
1	10.5248374087811	2.38988498592834	10.5248374079846	10.5248374087852	5.37140483337636	1.30202831262175	5.37140483332094	2.38988499928214	1.30202831331961	1.07062470800256	1.30202831331961	10.5248374337065	5.37140483332094	1.30202831262176	5.37140483337646	8	6.31985671808042	0.925822985514956	6.31985671809373	6.31985671412169	2.25099307713552	0.290388607452949	2.25099307711147	0.925822990032935	0.29038860764915	0.115334722688428	0.290388607649154	6.31985671370618	2.25099307711147	0.290388607452953	2.25099307713558
1	1.00000015242499	1.00000017942239	1.00000015242499	1.00000015242384	1.00000018003203	1.00000013169053	1.00000018003203	1.00000017943042	1.0000001316762	1.00000005730654	1.0000001316762	1.00000015242384	1.00000018003203	1.00000013169053	1.00000018003203	8	6.49999999535858	4.99999954881187	6.4999999953586	6.49999999535858	4.99999993498668	3.49999958174375	4.9999999349867	4.99999954881188	3.49999958174375	1.99999970315999	3.49999958174377	6.4999999953586	4.9999999349867	3.49999958174377	4.99999993498672
1	1	1	1	1	1	1	1	1	1	1	1	1	1	1	1	8	6.49999999999998	4.99999999999999	6.50000000000001	6.49999999999998	4.99999999999998	3.49999999999999	5	4.99999999999999	3.49999999999999	0.0367801147774482	3.50000000000001	6.50000000000001	5	3.50000000000001	5.00000000000002
1	1	1	1	1	1	1	1	1	1	1	1	1	1	1	1	8	6.49999999999999	4.99999999999999	6.50000000000001	6.49999999999999	4.99999999999998	3.49999999999999	5	4.99999999999999	3.49999999999999	0.0586956512459925	3.50000000000001	6.50000000000001	5	3.50000000000001	5.00000000000002
1	1	1	1	1	1	1	1	1	1	1	1	1	1	1	1	8	6.49999999999999	4.99999999999999	6.50000000000001	6.49999999999999	4.99999999999998	3.49999999999999	5	4.99999999999999	3.49999999999999	0.0582206086680953	3.50000000000001	6.50000000000001	5	3.50000000000001	5.00000000000002
1	1	1	1	1	1	1	1	1	1	1	1	1	1	1	1	8	6.49999999999999	4.99999999999999	6.50000000000001	6.49999999999999	4.99999999999998	3.49999999999999	5	4.99999999999999	3.49999999999999	0.0577533288740023	3.50000000000001	6.50000000000001	5	3.50000000000001	5.00000000000002
1	1	1	1	1	1	1	1	1	1	1	1	1	1	1	1	8	6.49999999999999	4.99999999999999	6.50000000000001	6.49999999999999	4.99999999999998	3.49999999999999	5	4.99999999999999	3.49999999999999	0.0581028074181801	3.50000000000001	6.50000000000001	5	3.50000000000001	5.00000000000002
1	1	1	1	1	1	1	1	1	1	1	1	1	1	1	1	8	6.49999999999999	4.99999999999999	6.50000000000001	6.49999999999999	4.99999999999998	3.49999999999999	5	4.99999999999999	3.49999999999999	0.0579004392206718	3.50000000000001	6.50000000000001	5	3.50000000000001	5.00000000000002
1	1	1	1	1	1	1	1	1	1	1	1	1	1	1	1	8	6.49999999999999	4.99999999999999	6.50000000000001	6.49999999999999	4.99999999999998	3.49999999999999	5	4.99999999999999	3.49999999999999	0.0584778594963727	3.50000000000001	6.50000000000001	5	3.50000000000001	5.00000000000002
1	1	1	1	1	1	1	1	1	1	1	1	1	1	1	1	8	6.49999999999999	4.99999999999999	6.50000000000001	6.49999999999999	4.99999999999998	3.49999999999999	5	4.99999999999999	3.49999999999999	0.0578875038204153	3.50000000000001	6.50000000000001	5	3.50000000000001	5.00000000000002
1	1	1	1	1	1	1	1	1	1	1	1	1	1	1	1	8	6.49999999999999	4.99999999999999	6.50000000000001	6.49999999999999	4.99999999999998	3.49999999999999	5	4.99999999999999	3.49999999999999	0.0576477744764849	3.50000000000001	6.50000000000001	5	3.50000000000001	5.00000000000002
1	1	1	1	1	1	1	1	1	1	1	1	1	1	1	1	8	6.49999999999999	4.99999999999999	6.50000000000001	6.49999999999999	4.99999999999998	3.49999999999999	5	4.99999999999999	3.49999999999999	0.0573004102941954	3.50000000000001	6.50000000000001	5	3.50000000000001	5.00000000000002
1	1	1	1	1	1	1	1	1	1	1	1	1	1	1	1	8	6.49999999999999	4.99999999999999	6.50000000000001	6.49999999999999	4.99999999999998	3.49999999999999	5	4.99999999999999	3.49999999999999	0.0585060614480352	3.50000000000001	6.50000000000001	5	3.50000000000001	5.00000000000002
1	1	1	1	1	1	1	1	1	1	1	1	1	1	1	1	8	6.49999999999999	4.99999999999999	6.50000000000001	6.49999999999999	4.99999999999998	3.49999999999999	5	4.99999999999999	3.49999999999999	0.0582236131495002	3.50000000000001	6.50000000000001	5	3.50000000000001	5.00000000000002
1	1	1	1	1	1	1	1	1	1	1	1	1	1	1	1	8	6.49999999999999	4.99999999999999	6.50000000000001	6.49999999999999	4.99999999999998	3.49999999999999	5	4.99999999999999	3.49999999999999	0.0580822468699047	3.50000000000001	6.50000000000001	5	3.50000000000001	5.00000000000002
1	1	1	1	1	1	1	1	1	1	1	1	1	1	1	1	8	6.49999999999999	4.99999999999999	6.50000000000001	6.49999999999999	4.99999999999998	3.49999999999999	5	4.99999999999999	3.49999999999999	0.0585022017810379	3.50000000000001	6.50000000000001	5	3.50000000000001	5.00000000000002
1	1	1	1	1	1	1	1	1	1	1	1	1	1	1	1	8	6.49999999999999	4.99999999999999	6.50000000000001	6.49999999999999	4.99999999999998	3.49999999999999	5	4.99999999999999	3.49999999999999	0.0581666405169029	3.50000000000001	6.50000000000001	5	3.50000000000001	5.00000000000002
1	1	1	1	1	1	1	1	1	1	1	1	1	1	1	1	8	6.49999999999999	4.99999999999999	6.50000000000001	6.49999999999999	4.99999999999998	3.49999999999999	5	4.99999999999999	3.49999999999999	0.0582508233705206	3.50000000000001	6.50000000000001	5	3.50000000000001	5.00000000000002
1	1	1	1	1	1	1	1	1	1	1	1	1	1	1	1	8	6.49999999999999	4.99999999999999	6.50000000000001	6.49999999999999	4.99999999999998	3.49999999999999	5	4.99999999999999	3.49999999999999	0.0587116668942606	3.50000000000001	6.50000000000001	5	3.50000000000001	5.00000000000002
1	1	1	1	1	1	1	1	1	1	1	1	1	1	1	1	8	6.49999999999999	4.99999999999999	6.50000000000001	6.49999999999999	4.99999999999998	3.49999999999999	5	4.99999999999999	3.49999999999999	0.0577801263871478	3.50000000000001	6.50000000000001	5	3.50000000000001	5.00000000000002
1	1	1	1	1	1	1	1	1	1	1	1	1	1	1	1	8	6.49999999999999	4.99999999999999	6.50000000000001	6.49999999999999	4.99999999999998	3.49999999999999	5	4.99999999999999	3.49999999999999	0.0581488848848789	3.50000000000001	6.50000000000001	5	3.50000000000001	5.00000000000002
1	1	1	1	1	1	1	1	1	1	1	1	1	1	1	1	8	6.49999999999999	4.99999999999999	6.50000000000001	6.49999999999999	4.99999999999998	3.49999999999999	5	4.99999999999999	3.49999999999999	0.0583938856313927	3.50000000000001	6.50000000000001	5	3.50000000000001	5.00000000000002
1	1	1	1	1	1	1	1	1	1	1	1	1	1	1	1	8	6.49999999999999	4.99999999999999	6.50000000000001	6.49999999999999	4.99999999999998	3.49999999999999	5	4.99999999999999	3.49999999999999	0.0592619386019918	3.50000000000001	6.50000000000001	5	3.50000000000001	5.00000000000002
1	1	1	1	1	1	1	1	1	1	1	1	1	1	1	1	8	6.49999999999999	4.99999999999999	6.50000000000001	6.49999999999999	4.99999999999998	3.49999999999999	5	4.99999999999999	3.49999999999999	0.0586992675689586	3.50000000000001	6.50000000000001	5	3.50000000000001	5.00000000000002
1	1	1	1	1	1	1	1	1	1	1	1	1	1	1	1	8	6.49999999999999	4.99999999999999	6.50000000000001	6.49999999999999	4.99999999999998	3.49999999999999	5	4.99999999999999	3.49999999999999	0.0587382035853062	3.50000000000001	6.50000000000001	5	3.50000000000001	5.00000000000002
1	1	1	1	1	1	1	1	1	1	1	1	1	1	1	1	8	6.49999999999999	4.99999999999999	6.50000000000001	6.49999999999999	4.99999999999998	3.49999999999999	5	4.99999999999999	3.49999999999999	0.0586983555477442	3.50000000000001	6.50000000000001	5	3.50000000000001	5.00000000000002
1	1	1	1	1	1	1	1	1	1	1	1	1	1	1	1	8	6.49999999999999	4.99999999999999	6.50000000000001	6.49999999999999	4.99999999999998	3.49999999999999	5	4.99999999999999	3.49999999999999	0.0586415048657999	3.50000000000001	6.50000000000001	5	3.50000000000001	5.00000000000002
1	1	1	1	1	1	1	1	1	1	1	1	1	1	1	1	8	6.49999999999999	4.99999999999999	6.50000000000001	6.49999999999999	4.99999999999998	3.49999999999999	5	4.99999999999999	3.49999999999999	0.0582140909267629	3.50000000000001	6.50000000000001	5	3.50000000000001	5.00000000000002
1	1	1	1	1	1	1	1	1	1	1	1	1	1	1	1	8	6.49999999999999	4.99999999999999	6.50000000000001	6.49999999999999	4.99999999999998	3.49999999999999	5	4.99999999999999	3.49999999999999	0.05904964230672	3.50000000000001	6.50000000000001	5	3.50000000000001	5.00000000000002
1	1	1	1	1	1	1	1	1	1	1	1	1	1	1	1	8	6.49999999999999	4.99999999999999	6.50000000000001	6.49999999999999	4.99999999999998	3.49999999999999	5	4.99999999999999	3.49999999999999	0.0586406188648599	3.50000000000001	6.50000000000001	5	3.50000000000001	5.00000000000002
1	1	1	1	1	1	1	1	1	1	1	1	1	1	1	1	8	6.49999999999999	4.99999999999999	6.50000000000001	6.49999999999999	4.99999999999998	3.49999999999999	5	4.99999999999999	3.49999999999999	0.0580503819098653	3.50000000000001	6.50000000000001	5	3.50000000000001	5.00000000000002
1	1	1	1	1	1	1	1	1	1	1	1	1	1	1	1	8	6.49999999999999	4.99999999999999	6.50000000000001	6.49999999999999	4.99999999999998	3.49999999999999	5	4.99999999999999	3.49999999999999	0.058532401471647	3.50000000000001	6.50000000000001	5	3.50000000000001	5.00000000000002
1	1	1	1	1	1	1	1	1	1	1	1	1	1	1	1	8	6.49999999999999	4.99999999999999	6.50000000000001	6.49999999999999	4.99999999999998	3.49999999999999	5	4.99999999999999	3.49999999999999	0.0580006346631929	3.50000000000001	6.50000000000001	5	3.50000000000001	5.00000000000002
1	1	1	1	1	1	1	1	1	1	1	1	1	1	1	1	8	6.49999999999999	4.99999999999999	6.50000000000001	6.49999999999999	4.99999999999998	3.49999999999999	5	4.99999999999999	3.49999999999999	0.0587409398288833	3.50000000000001	6.50000000000001	5	3.50000000000001	5.00000000000002
1	1	1	1	1	1	1	1	1	1	1	1	1	1	1	1	8	6.49999999999999	4.99999999999999	6.50000000000001	6.49999999999999	4.99999999999998	3.49999999999999	5	4.99999999999999	3.49999999999999	0.0582351294522749	3.50000000000001	6.50000000000001	5	3.50000000000001	5.00000000000002
1	1	1	1	1	1	1	1	1	1	1	1	1	1	1	1	8	6.49999999999999	4.99999999999999	6.50000000000001	6.49999999999999	4.99999999999998	3.49999999999999	5	4.99999999999999	3.49999999999999	0.0581853877752414	3.50000000000001	6.50000000000001	5	3.50000000000001	5.00000000000002
1	1	1	1	1	1	1	1	1	1	1	1	1	1	1	1	8	6.49999999999999	4.99999999999999	6.50000000000001	6.49999999999999	4.99999999999998	3.49999999999999	5	4.99999999999999	3.49999999999999	0.0587757693358091	3.50000000000001	6.50000000000001	5	3.50000000000001	5.00000000000002
1	1	1	1	1	1	1	1	1	1	1	1	1	1	1	1	8	6.49999999999999	4.99999999999999	6.50000000000001	6.49999999999999	4.99999999999998	3.49999999999999	5	4.99999999999999	3.49999999999999	0.0578207565666742	3.50000000000001	6.50000000000001	5	3.50000000000001	5.00000000000002
1	1	1	1	1	1	1	1	1	1	1	1	1	1	1	1	8	6.49999999999999	4.99999999999999	6.50000000000001	6.49999999999999	4.99999999999998	3.49999999999999	5	4.99999999999999	3.49999999999999	0.0583714599247578	3.50000000000001	6.50000000000001	5	3.50000000000001	5.00000000000002
1	1	1	1	1	1	1	1	1	1	1	1	1	1	1	1	8	6.49999999999999	4.99999999999999	6.50000000000001	6.49999999999999	4.99999999999998	3.49999999999999	5	4.99999999999999	3.49999999999999	0.0583612623076696	3.50000000000001	6.50000000000001	5	3.50000000000001	5.00000000000002
1	1	1	1	1	1	1	1	1	1	1	1	1	1	1	1	8	6.49999999999999	4.99999999999999	6.50000000000001	6.49999999999999	4.99999999999998	3.49999999999999	5	4.99999999999999	3.49999999999999	0.0577046689774329	3.50000000000001	6.50000000000001	5	3.50000000000001	5.00000000000002
1	1	1	1	1	1	1	1	1	1	1	1	1	1	1	1	8	6.49999999999999	4.99999999999999	6.50000000000001	6.49999999999999	4.99999999999998	3.49999999999999	5	4.99999999999999	3.49999999999999	0.0578325171081034	3.50000000000001	6.50000000000001	5	3.50000000000001	5.00000000000002
1	1	1	1	1	1	1	1	1	1	1	1	1	1	1	1	8	6.49999999999999	4.99999999999999	6.50000000000001	6.49999999999999	4.99999999999998	3.49999999999999	5	4.99999999999999	3.49999999999999	0.057703016832073	3.50000000000001	6.50000000000001	5	3.50000000000001	5.00000000000002
1	1	1	1	1	1	1	1	1	1	1	1	1	1	1	1	8	6.49999999999999	4.99999999999999	6.50000000000001	6.49999999999999	4.99999999999998	3.49999999999999	5	4.99999999999999	3.49999999999999	0.057959715072686	3.50000000000001	6.50000000000001	5	3.50000000000001	5.00000000000002
1	1	1	1	1	1	1	1	1	1	1	1	1	1	1	1	8	6.49999999999999	4.99999999999999	6.50000000000001	6.49999999999999	4.99999999999998	3.49999999999999	5	4.99999999999999	3.49999999999999	0.0581809728715295	3.50000000000001	6.50000000000001	5	3.50000000000001	5.00000000000002
1	1	1	1	1	1	1	1	1	1	1	1	1	1	1	1	8	6.49999999999999	4.99999999999999	6.50000000000001	6.49999999999999	4.99999999999998	3.49999999999999	5	4.99999999999999	3.49999999999999	0.0580703191079203	3.50000000000001	6.50000000000001	5	3.50000000000001	5.00000000000002
1	1	1	1	1	1	1	1	1	1	1	1	1	1	1	1	8	6.49999999999999	4.99999999999999	6.50000000000001	6.49999999999999	4.99999999999998	3.49999999999999	5	4.99999999999999	3.49999999999999	0.0584583442633603	3.50000000000001	6.50000000000001	5	3.50000000000001	5.00000000000002
1	1	1	1	1	1	1	1	1	1	1	1	1	1	1	1	8	6.49999999999999	4.99999999999999	6.50000000000001	6.49999999999999	4.99999999999998	3.49999999999999	5	4.99999999999999	3.49999999999999	0.0580768049703663	3.50000000000001	6.50000000000001	5	3.50000000000001	5.00000000000002
1	1	1	1	1	1	1	1	1	1	1	1	1	1	1	1	8	6.49999999999999	4.99999999999999	6.50000000000001	6.49999999999999	4.99999999999998	3.49999999999999	5	4.99999999999999	3.49999999999999	0.0572879340113765	3.50000000000001	6.50000000000001	5	3.50000000000001	5.00000000000002
1	1	1	1	1	1	1	1	1	1	1	1	1	1	1	1	8	6.49999999999999	4.99999999999999	6.50000000000001	6.49999999999999	4.99999999999998	3.49999999999999	5	4.99999999999999	3.49999999999999	0.0587176518373207	3.50000000000001	6.50000000000001	5	3.50000000000001	5.00000000000002
1	1	1	1	1	1	1	1	1	1	1	1	1	1	1	1	8	6.49999999999999	4.99999999999999	6.50000000000001	6.49999999999999	4.99999999999998	3.49999999999999	5	4.99999999999999	3.49999999999999	0.058816261067163	3.50000000000001	6.50000000000001	5	3.50000000000001	5.00000000000002
1	1	1	1	1	1	1	1	1	1	1	1	1	1	1	1	8	6.49999999999999	4.99999999999999	6.50000000000001	6.49999999999999	4.99999999999998	3.49999999999999	5	4.99999999999999	3.49999999999999	0.058739641555561	3.50000000000001	6.50000000000001	5	3.50000000000001	5.00000000000002
1	1	1	1	1	1	1	1	1	1	1	1	1	1	1	1	8	6.49999999999999	4.99999999999999	6.50000000000001	6.49999999999999	4.99999999999998	3.49999999999999	5	4.99999999999999	3.49999999999999	0.0584671495247134	3.50000000000001	6.50000000000001	5	3.50000000000001	5.00000000000002
1	1	1	1	1	1	1	1	1	1	1	1	1	1	1	1	8	6.49999999999999	4.99999999999999	6.50000000000001	6.49999999999999	4.99999999999998	3.49999999999999	5	4.99999999999999	3.49999999999999	0.0582858443663364	3.50000000000001	6.50000000000001	5	3.50000000000001	5.00000000000002
1	1	1	1	1	1	1	1	1	1	1	1	1	1	1	1	8	6.49999999999999	4.99999999999999	6.50000000000001	6.49999999999999	4.99999999999998	3.49999999999999	5	4.99999999999999	3.49999999999999	0.0586819450746081	3.50000000000001	6.50000000000001	5	3.50000000000001	5.00000000000002
1	1	1	1	1	1	1	1	1	1	1	1	1	1	1	1	8	6.49999999999999	4.99999999999999	6.50000000000001	6.49999999999999	4.99999999999998	3.49999999999999	5	4.99999999999999	3.49999999999999	0.0574198907882894	3.50000000000001	6.50000000000001	5	3.50000000000001	5.00000000000002
1	1	1	1	1	1	1	1	1	1	1	1	1	1	1	1	8	6.49999999999999	4.99999999999999	6.50000000000001	6.49999999999999	4.99999999999998	3.49999999999999	5	4.99999999999999	3.49999999999999	0.0584841058522296	3.50000000000001	6.50000000000001	5	3.50000000000001	5.00000000000002
1	1	1	1	1	1	1	1	1	1	1	1	1	1	1	1	8	6.49999999999999	4.99999999999999	6.50000000000001	6.49999999999999	4.99999999999998	3.49999999999999	5	4.99999999999999	3.49999999999999	0.0580299298122342	3.50000000000001	6.50000000000001	5	3.50000000000001	5.00000000000002
1	1	1	1	1	1	1	1	1	1	1	1	1	1	1	1	8	6.49999999999999	4.99999999999999	6.50000000000001	6.49999999999999	4.99999999999998	3.49999999999999	5	4.99999999999999	3.49999999999999	0.0580289178477922	3.50000000000001	6.50000000000001	5	3.50000000000001	5.00000000000002
1	1	1	1	1	1	1	1	1	1	1	1	1	1	1	1	8	6.49999999999999	4.99999999999999	6.50000000000001	6.49999999999999	4.99999999999998	3.49999999999999	5	4.99999999999999	3.49999999999999	0.058755407534936	3.50000000000001	6.50000000000001	5	3.50000000000001	5.00000000000002
1	1	1	1	1	1	1	1	1	1	1	1	1	1	1	1	8	6.49999999999999	4.99999999999999	6.50000000000001	6.49999999999999	4.99999999999998	3.49999999999999	5	4.99999999999999	3.49999999999999	0.0582927403670739	3.50000000000001	6.50000000000001	5	3.50000000000001	5.00000000000002
1	1	1	1	1	1	1	1	1	1	1	1	1	1	1	1	8	6.49999999999999	4.99999999999999	6.50000000000001	6.49999999999999	4.99999999999998	3.49999999999999	5	4.99999999999999	3.49999999999999	0.0585192156028336	3.50000000000001	6.50000000000001	5	3.50000000000001	5.00000000000002
1	1	1	1	1	1	1	1	1	1	1	1	1	1	1	1	8	6.49999999999999	4.99999999999999	6.50000000000001	6.49999999999999	4.99999999999998	3.49999999999999	5	4.99999999999999	3.49999999999999	0.0581524812494765	3.50000000000001	6.50000000000001	5	3.50000000000001	5.00000000000002
1	1	1	1	1	1	1	1	1	1	1	1	1	1	1	1	8	6.49999999999999	4.99999999999999	6.50000000000001	6.49999999999999	4.99999999999998	3.49999999999999	5	4.99999999999999	3.49999999999999	0.0585573608471399	3.50000000000001	6.50000000000001	5	3.50000000000001	5.00000000000002
1	1	1	1	1	1	1	1	1	1	1	1	1	1	1	1	8	6.49999999999999	4.99999999999999	6.50000000000001	6.49999999999999	4.99999999999998	3.49999999999999	5	4.99999999999999	3.49999999999999	0.0582687313412619	3.50000000000001	6.50000000000001	5	3.50000000000001	5.00000000000002
1	1	1	1	1	1	1	1	1	1	1	1	1	1	1	1	8	6.49999999999999	4.99999999999999	6.50000000000001	6.49999999999999	4.99999999999998	3.49999999999999	5	4.99999999999999	3.49999999999999	0.0576299309029824	3.50000000000001	6.50000000000001	5	3.50000000000001	5.00000000000002
1	1	1	1	1	1	1	1	1	1	1	1	1	1	1	1	8	6.49999999999999	4.99999999999999	6.50000000000001	6.49999999999999	4.99999999999998	3.49999999999999	5	4.99999999999999	3.49999999999999	0.0584816920167913	3.50000000000001	6.50000000000001	5	3.50000000000001	5.00000000000002
1	1	1	1	1	1	1	1	1	1	1	1	1	1	1	1	8	6.49999999999999	4.99999999999999	6.50000000000001	6.49999999999999	4.99999999999998	3.49999999999999	5	4.99999999999999	3.49999999999999	0.0579943709809381	3.50000000000001	6.50000000000001	5	3.50000000000001	5.00000000000002
1	1	1	1	1	1	1	1	1	1	1	1	1	1	1	1	8	6.49999999999999	4.99999999999999	6.50000000000001	6.49999999999999	4.99999999999998	3.49999999999999	5	4.99999999999999	3.49999999999999	0.0593739012123269	3.50000000000001	6.50000000000001	5	3.50000000000001	5.00000000000002
1	1	1	1	1	1	1	1	1	1	1	1	1	1	1	1	8	6.49999999999999	4.99999999999999	6.50000000000001	6.49999999999999	4.99999999999998	3.49999999999999	5	4.99999999999999	3.49999999999999	0.0579978973221033	3.50000000000001	6.50000000000001	5	3.50000000000001	5.00000000000002
1	1	1	1	1	1	1	1	1	1	1	1	1	1	1	1	8	6.49999999999999	4.99999999999999	6.50000000000001	6.49999999999999	4.99999999999998	3.49999999999999	5	4.99999999999999	3.49999999999999	0.0580778692964174	3.50000000000001	6.50000000000001	5	3.50000000000001	5.00000000000002
1	1	1	1	1	1	1	1	1	1	1	1	1	1	1	1	8	6.49999999999999	4.99999999999999	6.50000000000001	6.49999999999999	4.99999999999998	3.49999999999999	5	4.99999999999999	3.49999999999999	0.0582854445218092	3.50000000000001	6.50000000000001	5	3.50000000000001	5.00000000000002
1	1	1	1	1	1	1	1	1	1	1	1	1	1	1	1	8	6.49999999999999	4.99999999999999	6.50000000000001	6.49999999999999	4.99999999999998	3.49999999999999	5	4.99999999999999	3.49999999999999	0.058186152998378	3.50000000000001	6.50000000000001	5	3.50000000000001	5.00000000000002
1	1	1	1	1	1	1	1	1	1	1	1	1	1	1	1	8	6.49999999999999	4.99999999999999	6.50000000000001	6.49999999999999	4.99999999999998	3.49999999999999	5	4.99999999999999	3.49999999999999	0.0580008350201473	3.50000000000001	6.50000000000001	5	3.50000000000001	5.00000000000002
1	1	1	1	1	1	1	1	1	1	1	1	1	1	1	1	8	6.49999999999999	4.99999999999999	6.50000000000001	6.49999999999999	4.99999999999998	3.49999999999999	5	4.99999999999999	3.49999999999999	0.0572234565719721	3.50000000000001	6.50000000000001	5	3.50000000000001	5.00000000000002
1	1	1	1	1	1	1	1	1	1	1	1	1	1	1	1	8	6.49999999999999	4.99999999999999	6.50000000000001	6.49999999999999	4.99999999999998	3.49999999999999	5	4.99999999999999	3.49999999999999	0.0581542008712151	3.50000000000001	6.50000000000001	5	3.50000000000001	5.00000000000002
1	1	1	1	1	1	1	1	1	1	1	1	1	1	1	1	8	6.49999999999999	4.99999999999999	6.50000000000001	6.49999999999999	4.99999999999998	3.49999999999999	5	4.99999999999999	3.49999999999999	0.0587162959868417	3.50000000000001	6.50000000000001	5	3.50000000000001	5.00000000000002
1	1	1	1	1	1	1	1	1	1	1	1	1	1	1	1	8	6.49999999999999	4.99999999999999	6.50000000000001	6.49999999999999	4.99999999999998	3.49999999999999	5	4.99999999999999	3.49999999999999	0.0590033870421692	3.50000000000001	6.50000000000001	5	3.50000000000001	5.00000000000002
1	1	1	1	1	1	1	1	1	1	1	1	1	1	1	1	8	6.49999999999999	4.99999999999999	6.50000000000001	6.49999999999999	4.99999999999998	3.49999999999999	5	4.99999999999999	3.49999999999999	0.0582124259047443	3.50000000000001	6.50000000000001	5	3.50000000000001	5.00000000000002
1	1	1	1	1	1	1	1	1	1	1	1	1	1	1	1	8	6.49999999999999	4.99999999999999	6.50000000000001	6.49999999999999	4.99999999999998	3.49999999999999	5	4.99999999999999	3.49999999999999	0.0584131059746986	3.50000000000001	6.50000000000001	5	3.50000000000001	5.00000000000002
1	1	1	1	1	1	1	1	1	1	1	1	1	1	1	1	8	6.49999999999999	4.99999999999999	6.50000000000001	6.49999999999999	4.99999999999998	3.49999999999999	5	4.99999999999999	3.49999999999999	0.0585783408921107	3.50000000000001	6.50000000000001	5	3.50000000000001	5.00000000000002
1	1	1	1	1	1	1	1	1	1	1	1	1	1	1	1	8	6.49999999999999	4.99999999999999	6.50000000000001	6.49999999999999	4.99999999999998	3.49999999999999	5	4.99999999999999	3.49999999999999	0.0580223029856737	3.50000000000001	6.50000000000001	5	3.50000000000001	5.00000000000002
1	1	1	1	1	1	1	1	1	1	1	1	1	1	1	1	8	6.49999999999999	4.99999999999999	6.50000000000001	6.49999999999999	4.99999999999998	3.49999999999999	5	4.99999999999999	3.49999999999999	0.0582058665814567	3.50000000000001	6.50000000000001	5	3.50000000000001	5.00000000000002
1	1	1	1	1	1	1	1	1	1	1	1	1	1	1	1	8	6.49999999999999	4.99999999999999	6.50000000000001	6.49999999999999	4.99999999999998	3.49999999999999	5	4.99999999999999	3.49999999999999	0.0583268847009178	3.50000000000001	6.50000000000001	5	3.50000000000001	5.00000000000002
1	1	1	1	1	1	1	1	1	1	1	1	1	1	1	1	8	6.49999999999999	4.99999999999999	6.50000000000001	6.49999999999999	4.99999999999998	3.49999999999999	5	4.99999999999999	3.49999999999999	0.0579384443737998	3.50000000000001	6.50000000000001	5	3.50000000000001	5.00000000000002
1	1	1	1	1	1	1	1	1	1	1	1	1	1	1	1	8	6.49999999999999	4.99999999999999	6.50000000000001	6.49999999999999	4.99999999999998	3.49999999999999	5	4.99999999999999	3.49999999999999	0.0583242275207771	3.50000000000001	6.50000000000001	5	3.50000000000001	5.00000000000002
1	1	1	1	1	1	1	1	1	1	1	1	1	1	1	1	8	6.49999999999999	4.99999999999999	6.50000000000001	6.49999999999999	4.99999999999998	3.49999999999999	5	4.99999999999999	3.49999999999999	0.0583546919415951	3.50000000000001	6.50000000000001	5	3.50000000000001	5.00000000000002
1	1	1	1	1	1	1	1	1	1	1	1	1	1	1	1	8	6.49999999999999	4.99999999999999	6.50000000000001	6.49999999999999	4.99999999999998	3.49999999999999	5	4.99999999999999	3.49999999999999	0.0577884001094718	3.50000000000001	6.50000000000001	5	3.50000000000001	5.00000000000002
1	1	1	1	1	1	1	1	1	1	1	1	1	1	1	1	8	6.49999999999999	4.99999999999999	6.50000000000001	6.49999999999999	4.99999999999998	3.49999999999999	5	4.99999999999999	3.49999999999999	0.0584660605164107	3.50000000000001	6.50000000000001	5	3.50000000000001	5.00000000000002
1	1	1	1	1	1	1	1	1	1	1	1	1	1	1	1	8	6.49999999999999	4.99999999999999	6.50000000000001	6.49999999999999	4.99999999999998	3.49999999999999	5	4.99999999999999	3.49999999999999	0.0583153974404826	3.50000000000001	6.50000000000001	5	3.50000000000001	5.00000000000002
1	1	1	1	1	1	1	1	1	1	1	1	1	1	1	1	8	6.49999999999999	4.99999999999999	6.50000000000001	6.49999999999999	4.99999999999998	3.49999999999999	5	4.99999999999999	3.49999999999999	0.058219054451686	3.50000000000001	6.50000000000001	5	3.50000000000001	5.00000000000002
1	1	1	1	1	1	1	1	1	1	1	1	1	1	1	1	8	6.49999999999999	4.99999999999999	6.50000000000001	6.49999999999999	4.99999999999998	3.49999999999999	5	4.99999999999999	3.49999999999999	0.0587087443800248	3.50000000000001	6.50000000000001	5	3.50000000000001	5.00000000000002
1	1	1	1	1	1	1	1	1	1	1	1	1	1	1	1	8	6.49999999999999	4.99999999999999	6.50000000000001	6.49999999999999	4.99999999999998	3.49999999999999	5	4.99999999999999	3.49999999999999	0.0577783859963994	3.50000000000001	6.50000000000001	5	3.50000000000001	5.00000000000002
1	1	1	1	1	1	1	1	1	1	1	1	1	1	1	1	8	6.49999999999999	4.99999999999999	6.50000000000001	6.49999999999999	4.99999999999998	3.49999999999999	5	4.99999999999999	3.49999999999999	0.0578102505079248	3.50000000000001	6.50000000000001	5	3.50000000000001	5.00000000000002
1	1	1	1	1	1	1	1	1	1	1	1	1	1	1	1	8	6.49999999999999	4.99999999999999	6.50000000000001	6.49999999999999	4.99999999999998	3.49999999999999	5	4.99999999999999	3.49999999999999	0.0577367409031817	3.50000000000001	6.50000000000001	5	3.50000000000001	5.00000000000002
1	1	1	1	1	1	1	1	1	1	1	1	1	1	1	1	8	6.49999999999999	4.99999999999999	6.50000000000001	6.49999999999999	4.99999999999998	3.49999999999999	5	4.99999999999999	3.49999999999999	0.0588033090452582	3.50000000000001	6.50000000000001	5	3.50000000000001	5.00000000000002
1	1	1	1	1	1	1	1	1	1	1	1	1	1	1	1	8	6.49999999999999	4.99999999999999	6.50000000000001	6.49999999999999	4.99999999999998	3.49999999999999	5	4.99999999999999	3.49999999999999	0.0577433342300895	3.50000000000001	6.50000000000001	5	3.50000000000001	5.00000000000002
1	1	1	1	1	1	1	1	1	1	1	1	1	1	1	1	8	6.49999999999999	4.99999999999999	6.50000000000001	6.49999999999999	4.99999999999998	3.49999999999999	5	4.99999999999999	3.49999999999999	0.0588340126733177	3.50000000000001	6.50000000000001	5	3.50000000000001	5.00000000000002
1	1	1	1	1	1	1	1	1	1	1	1	1	1	1	1	8	6.49999999999999	4.99999999999999	6.50000000000001	6.49999999999999	4.99999999999998	3.49999999999999	5	4.99999999999999	3.49999999999999	0.0579686485175253	3.50000000000001	6.50000000000001	5	3.50000000000001	5.00000000000002
1	1	1	1	1	1	1	1	1	1	1	1	1	1	1	1	8	6.49999999999999	4.99999999999999	6.50000000000001	6.49999999999999	4.99999999999998	3.49999999999999	5	4.99999999999999	3.49999999999999	0.057529777365695	3.50000000000001	6.50000000000001	5	3.50000000000001	5.00000000000002
1	1	1	1	1	1	1	1	1	1	1	1	1	1	1	1	8	6.49999999999999	4.99999999999999	6.50000000000001	6.49999999999999	4.99999999999998	3.49999999999999	5	4.99999999999999	3.49999999999999	0.0586185690540258	3.50000000000001	6.50000000000001	5	3.50000000000001	5.00000000000002
1	1	1	1	1	1	1	1	1	1	1	1	1	1	1	1	8	6.49999999999999	4.99999999999999	6.50000000000001	6.49999999999999	4.99999999999998	3.49999999999999	5	4.99999999999999	3.49999999999999	0.0579861129267433	3.50000000000001	6.50000000000001	5	3.50000000000001	5.00000000000002
1	1	1	1	1	1	1	1	1	1	1	1	1	1	1	1	8	6.49999999999999	4.99999999999999	6.50000000000001	6.49999999999999	4.99999999999998	3.49999999999999	5	4.99999999999999	3.49999999999999	0.0580482329396785	3.50000000000001	6.50000000000001	5	3.50000000000001	5.00000000000002
1	1	1	1	1	1	1	1	1	1	1	1	1	1	1	1	8	6.49999999999999	4.99999999999999	6.50000000000001	6.49999999999999	4.99999999999998	3.49999999999999	5	4.99999999999999	3.49999999999999	0.058295746286253	3.50000000000001	6.50000000000001	5	3.50000000000001	5.00000000000002
1	1	1	1	1	1	1	1	1	1	1	1	1	1	1	1	8	6.49999999999999	4.99999999999999	6.50000000000001	6.49999999999999	4.99999999999998	3.49999999999999	5	4.99999999999999	3.49999999999999	0.058131976586034	3.50000000000001	6.50000000000001	5	3.50000000000001	5.00000000000002
1	1	1	1	1	1	1	1	1	1	1	1	1	1	1	1	8	6.49999999999999	4.99999999999999	6.50000000000001	6.49999999999999	4.99999999999998	3.49999999999999	5	4.99999999999999	3.49999999999999	0.0586913604875678	3.50000000000001	6.50000000000001	5	3.50000000000001	5.00000000000002
1	1	1	1	1	1	1	1	1	1	1	1	1	1	1	1	8	6.49999999999999	4.99999999999999	6.50000000000001	6.49999999999999	4.99999999999998	3.49999999999999	5	4.99999999999999	3.49999999999999	0.0584472265645102	3.50000000000001	6.50000000000001	5	3.50000000000001	5.00000000000002
1	1	1	1	1	1	1	1	1	1	1	1	1	1	1	1	8	6.49999999999999	4.99999999999999	6.50000000000001	6.49999999999999	4.99999999999998	3.49999999999999	5	4.99999999999999	3.49999999999999	0.0579282493342874	3.50000000000001	6.50000000000001	5	3.50000000000001	5.00000000000002
1	1	1	1	1	1	1	1	1	1	1	1	1	1	1	1	8	6.49999999999999	4.99999999999999	6.50000000000001	6.49999999999999	4.99999999999998	3.49999999999999	5	4.99999999999999	3.49999999999999	0.0581876446304157	3.50000000000001	6.50000000000001	5	3.50000000000001	5.00000000000002
1	1	1	1	1	1	1	1	1	1	1	1	1	1	1	1	8	6.49999999999999	4.99999999999999	6.50000000000001	6.49999999999999	4.99999999999998	3.49999999999999	5	4.99999999999999	3.49999999999999	0.0586534300118693	3.50000000000001	6.50000000000001	5	3.50000000000001	5.00000000000002
1	1	1	1	1	1	1	1	1	1	1	1	1	1	1	1	8	6.49999999999999	4.99999999999999	6.50000000000001	6.49999999999999	4.99999999999998	3.49999999999999	5	4.99999999999999	3.49999999999999	0.0580702543281281	3.50000000000001	6.50000000000001	5	3.50000000000001	5.00000000000002
1	1	1	1	1	1	1	1	1	1	1	1	1	1	1	1	8	6.49999999999999	4.99999999999999	6.50000000000001	6.49999999999999	4.99999999999998	3.49999999999999	5	4.99999999999999	3.49999999999999	0.058386909894319	3.50000000000001	6.50000000000001	5	3.50000000000001	5.00000000000002
1	1	1	1	1	1	1	1	1	1	1	1	1	1	1	1	8	6.49999999999999	4.99999999999999	6.50000000000001	6.49999999999999	4.99999999999998	3.49999999999999	5	4.99999999999999	3.49999999999999	0.058146161534166	3.50000000000001	6.50000000000001	5	3.50000000000001	5.00000000000002
1	1	1	1	1	1	1	1	1	1	1	1	1	1	1	1	8	6.49999999999999	4.99999999999999	6.50000000000001	6.49999999999999	4.99999999999998	3.49999999999999	5	4.99999999999999	3.49999999999999	0.0582051767718263	3.50000000000001	6.50000000000001	5	3.50000000000001	5.00000000000002
1	1	1	1	1	1	1	1	1	1	1	1	1	1	1	1	8	6.49999999999999	4.99999999999999	6.50000000000001	6.49999999999999	4.99999999999998	3.49999999999999	5	4.99999999999999	3.49999999999999	0.0586554668613455	3.50000000000001	6.50000000000001	5	3.50000000000001	5.00000000000002
1	1	1	1	1	1	1	1	1	1	1	1	1	1	1	1	8	6.49999999999999	4.99999999999999	6.50000000000001	6.49999999999999	4.99999999999998	3.49999999999999	5	4.99999999999999	3.49999999999999	0.0585371617865327	3.50000000000001	6.50000000000001	5	3.50000000000001	5.00000000000002
1	1	1	1	1	1	1	1	1	1	1	1	1	1	1	1	8	6.49999999999999	4.99999999999999	6.50000000000001	6.49999999999999	4.99999999999998	3.49999999999999	5	4.99999999999999	3.49999999999999	0.0585033728754611	3.50000000000001	6.50000000000001	5	3.50000000000001	5.00000000000002
1	1	1	1	1	1	1	1	1	1	1	1	1	1	1	1	8	6.49999999999999	4.99999999999999	6.50000000000001	6.49999999999999	4.99999999999998	3.49999999999999	5	4.99999999999999	3.49999999999999	0.0588633050276235	3.50000000000001	6.50000000000001	5	3.50000000000001	5.00000000000002
1	1	1	1	1	1	1	1	1	1	1	1	1	1	1	1	8	6.49999999999999	4.99999999999999	6.50000000000001	6.49999999999999	4.99999999999998	3.49999999999999	5	4.99999999999999	3.49999999999999	0.0586761765380638	3.50000000000001	6.50000000000001	5	3.50000000000001	5.00000000000002
1	1	1	1	1	1	1	1	1	1	1	1	1	1	1	1	8	6.49999999999999	4.99999999999999	6.50000000000001	6.49999999999999	4.99999999999998	3.49999999999999	5	4.99999999999999	3.49999999999999	0.0578178093241288	3.50000000000001	6.50000000000001	5	3.50000000000001	5.00000000000002
1	1	1	1	1	1	1	1	1	1	1	1	1	1	1	1	8	6.49999999999999	4.99999999999999	6.50000000000001	6.49999999999999	4.99999999999998	3.49999999999999	5	4.99999999999999	3.49999999999999	0.0584892757329849	3.50000000000001	6.50000000000001	5	3.50000000000001	5.00000000000002
1	1	1	1	1	1	1	1	1	1	1	1	1	1	1	1	8	6.49999999999999	4.99999999999999	6.50000000000001	6.49999999999999	4.99999999999998	3.49999999999999	5	4.99999999999999	3.49999999999999	0.0592163361527683	3.50000000000001	6.50000000000001	5	3.50000000000001	5.00000000000002
1	1	1	1	1	1	1	1	1	1	1	1	1	1	1	1	8	6.49999999999999	4.99999999999999	6.50000000000001	6.49999999999999	4.99999999999998	3.49999999999999	5	4.99999999999999	3.49999999999999	0.0580155452476945	3.50000000000001	6.50000000000001	5	3.50000000000001	5.00000000000002
1	1	1	1	1	1	1	1	1	1	1	1	1	1	1	1	8	6.49999999999999	4.99999999999999	6.50000000000001	6.49999999999999	4.99999999999998	3.49999999999999	5	4.99999999999999	3.49999999999999	0.0584382899164446	3.50000000000001	6.50000000000001	5	3.50000000000001	5.00000000000002
1	1	1	1	1	1	1	1	1	1	1	1	1	1	1	1	8	6.49999999999999	4.99999999999999	6.50000000000001	6.49999999999999	4.99999999999998	3.49999999999999	5	4.99999999999999	3.49999999999999	0.0580554371927418	3.50000000000001	6.50000000000001	5	3.50000000000001	5.00000000000002
1	1	1	1	1	1	1	1	1	1	1	1	1	1	1	1	8	6.49999999999999	4.99999999999999	6.50000000000001	6.49999999999999	4.99999999999998	3.49999999999999	5	4.99999999999999	3.49999999999999	0.0583782316480948	3.50000000000001	6.50000000000001	5	3.50000000000001	5.00000000000002
1	1	1	1	1	1	1	1	1	1	1	1	1	1	1	1	8	6.49999999999999	4.99999999999999	6.50000000000001	6.49999999999999	4.99999999999998	3.49999999999999	5	4.99999999999999	3.49999999999999	0.0580554049365652	3.50000000000001	6.50000000000001	5	3.50000000000001	5.00000000000002
1	1	1	1	1	1	1	1	1	1	1	1	1	1	1	1	8	6.49999999999999	4.99999999999999	6.50000000000001	6.49999999999999	4.99999999999998	3.49999999999999	5	4.99999999999999	3.49999999999999	0.0583150150751581	3.50000000000001	6.50000000000001	5	3.50000000000001	5.00000000000002
1	1	1	1	1	1	1	1	1	1	1	1	1	1	1	1	8	6.49999999999999	4.99999999999999	6.50000000000001	6.49999999999999	4.99999999999998	3.49999999999999	5	4.99999999999999	3.49999999999999	0.0584688668757028	3.50000000000001	6.50000000000001	5	3.50000000000001	5.00000000000002
1	1	1	1	1	1	1	1	1	1	1	1	1	1	1	1	8	6.49999999999999	4.99999999999999	6.50000000000001	6.49999999999999	4.99999999999998	3.49999999999999	5	4.99999999999999	3.49999999999999	0.0574685117576149	3.50000000000001	6.50000000000001	5	3.50000000000001	5.00000000000002
1	1	1	1	1	1	1	1	1	1	1	1	1	1	1	1	8	6.49999999999999	4.99999999999999	6.50000000000001	6.49999999999999	4.99999999999998	3.49999999999999	5	4.99999999999999	3.49999999999999	0.0577420191905586	3.50000000000001	6.50000000000001	5	3.50000000000001	5.00000000000002
1	1	1	1	1	1	1	1	1	1	1	1	1	1	1	1	8	6.49999999999999	4.99999999999999	6.50000000000001	6.49999999999999	4.99999999999998	3.49999999999999	5	4.99999999999999	3.49999999999999	0.0582532566454137	3.50000000000001	6.50000000000001	5	3.50000000000001	5.00000000000002
1	1	1	1	1	1	1	1	1	1	1	1	1	1	1	1	8	6.49999999999999	4.99999999999999	6.50000000000001	6.49999999999999	4.99999999999998	3.49999999999999	5	4.99999999999999	3.49999999999999	0.0578866173571218	3.50000000000001	6.50000000000001	5	3.50000000000001	5.00000000000002
1	1	1	1	1	1	1	1	1	1	1	1	1	1	1	1	8	6.49999999999999	4.99999999999999	6.50000000000001	6.49999999999999	4.99999999999998	3.49999999999999	5	4.99999999999999	3.49999999999999	0.0577311760348954	3.50000000000001	6.50000000000001	5	3.50000000000001	5.00000000000002
1	1	1	1	1	1	1	1	1	1	1	1	1	1	1	1	8	6.49999999999999	4.99999999999999	6.50000000000001	6.49999999999999	4.99999999999998	3.49999999999999	5	4.99999999999999	3.49999999999999	0.0582368202691027	3.50000000000001	6.50000000000001	5	3.50000000000001	5.00000000000002
1	1	1	1	1	1	1	1	1	1	1	1	1	1	1	1	8	6.49999999999999	4.99999999999999	6.50000000000001	6.49999999999999	4.99999999999998	3.49999999999999	5	4.99999999999999	3.49999999999999	0.0572623818929788	3.50000000000001	6.50000000000001	5	3.50000000000001	5.00000000000002
1	1	1	1	1	1	1	1	1	1	1	1	1	1	1	1	8	6.49999999999999	4.99999999999999	6.50000000000001	6.49999999999999	4.99999999999998	3.49999999999999	5	4.99999999999999	3.49999999999999	0.0590079889327224	3.50000000000001	6.50000000000001	5	3.50000000000001	5.00000000000002
1	1	1	1	1	1	1	1	1	1	1	1	1	1	1	1	8	6.49999999999999	4.99999999999999	6.50000000000001	6.49999999999999	4.99999999999998	3.49999999999999	5	4.99999999999999	3.49999999999999	0.0586791152656691	3.50000000000001	6.50000000000001	5	3.50000000000001	5.00000000000002
1	1	1	1	1	1	1	1	1	1	1	1	1	1	1	1	8	6.49999999999999	4.99999999999999	6.50000000000001	6.49999999999999	4.99999999999998	3.49999999999999	5	4.99999999999999	3.49999999999999	0.0581486473375438	3.50000000000001	6.50000000000001	5	3.50000000000001	5.00000000000002
1	1	1	1	1	1	1	1	1	1	1	1	1	1	1	1	8	6.49999999999999	4.99999999999999	6.50000000000001	6.49999999999999	4.99999999999998	3.49999999999999	5	4.99999999999999	3.49999999999999	0.0583570259396541	3.50000000000001	6.50000000000001	5	3.50000000000001	5.00000000000002
1	1	1	1	1	1	1	1	1	1	1	1	1	1	1	1	8	6.49999999999999	4.99999999999999	6.50000000000001	6.49999999999999	4.99999999999998	3.49999999999999	5	4.99999999999999	3.49999999999999	0.0582597362615482	3.50000000000001	6.50000000000001	5	3.50000000000001	5.00000000000002
1	1	1	1	1	1	1	1	1	1	1	1	1	1	1	1	8	6.49999999999999	4.99999999999999	6.50000000000001	6.49999999999999	4.99999999999998	3.49999999999999	5	4.99999999999999	3.49999999999999	0.0583694123700007	3.50000000000001	6.50000000000001	5	3.50000000000001	5.00000000000002
1	1	1	1	1	1	1	1	1	1	1	1	1	1	1	1	8	6.49999999999999	4.99999999999999	6.50000000000001	6.49999999999999	4.99999999999998	3.49999999999999	5	4.99999999999999	3.49999999999999	0.0582254754892116	3.50000000000001	6.50000000000001	5	3.50000000000001	5.00000000000002
1	1	1	1	1	1	1	1	1	1	1	1	1	1	1	1	8	6.49999999999999	4.99999999999999	6.50000000000001	6.49999999999999	4.99999999999998	3.49999999999999	5	4.99999999999999	3.49999999999999	0.0583139563957372	3.50000000000001	6.50000000000001	5	3.50000000000001	5.00000000000002
1	1	1	1	1	1	1	1	1	1	1	1	1	1	1	1	8	6.49999999999999	4.99999999999999	6.50000000000001	6.49999999999999	4.99999999999998	3.49999999999999	5	4.99999999999999	3.49999999999999	0.0580305388486708	3.50000000000001	6.50000000000001	5	3.50000000000001	5.00000000000002
1	1	1	1	1	1	1	1	1	1	1	1	1	1	1	1	8	6.49999999999999	4.99999999999999	6.50000000000001	6.49999999999999	4.99999999999998	3.49999999999999	5	4.99999999999999	3.49999999999999	0.0578866705318766	3.50000000000001	6.50000000000001	5	3.50000000000001	5.00000000000002
1	1	1	1	1	1	1	1	1	1	1	1	1	1	1	1	8	6.49999999999999	4.99999999999999	6.50000000000001	6.49999999999999	4.99999999999998	3.49999999999999	5	4.99999999999999	3.49999999999999	0.0579008708950094	3.50000000000001	6.50000000000001	5	3.50000000000001	5.00000000000002
1	1	1	1	1	1	1	1	1	1	1	1	1	1	1	1	8	6.49999999999999	4.99999999999999	6.50000000000001	6.49999999999999	4.99999999999998	3.49999999999999	5	4.99999999999999	3.49999999999999	0.0584687410120395	3.50000000000001	6.50000000000001	5	3.50000000000001	5.00000000000002
1	1	1	1	1	1	1	1	1	1	1	1	1	1	1	1	8	6.49999999999999	4.99999999999999	6.50000000000001	6.49999999999999	4.99999999999998	3.49999999999999	5	4.99999999999999	3.49999999999999	0.0582959898846525	3.50000000000001	6.50000000000001	5	3.50000000000001	5.00000000000002
1	1	1	1	1	1	1	1	1	1	1	1	1	1	1	1	8	6.49999999999999	4.99999999999999	6.50000000000001	6.49999999999999	4.99999999999998	3.49999999999999	5	4.99999999999999	3.49999999999999	0.0584392855672768	3.50000000000001	6.50000000000001	5	3.50000000000001	5.00000000000002
1	1	1	1	1	1	1	1	1	1	1	1	1	1	1	1	8	6.49999999999999	4.99999999999999	6.50000000000001	6.49999999999999	4.99999999999998	3.49999999999999	5	4.99999999999999	3.49999999999999	0.0582302743012243	3.50000000000001	6.50000000000001	5	3.50000000000001	5.00000000000002
1	1	1	1	1	1	1	1	1	1	1	1	1	1	1	1	8	6.49999999999999	4.99999999999999	6.50000000000001	6.49999999999999	4.99999999999998	3.49999999999999	5	4.99999999999999	3.49999999999999	0.0579057733435651	3.50000000000001	6.50000000000001	5	3.50000000000001	5.00000000000002
1	1	1	1	1	1	1	1	1	1	1	1	1	1	1	1	8	6.49999999999999	4.99999999999999	6.50000000000001	6.49999999999999	4.99999999999998	3.49999999999999	5	4.99999999999999	3.49999999999999	0.0593945451211833	3.50000000000001	6.50000000000001	5	3.50000000000001	5.00000000000002
1	1	1	1	1	1	1	1	1	1	1	1	1	1	1	1	8	6.49999999999999	4.99999999999999	6.50000000000001	6.49999999999999	4.99999999999998	3.49999999999999	5	4.99999999999999	3.49999999999999	0.05807379256434	3.50000000000001	6.50000000000001	5	3.50000000000001	5.00000000000002
1	1	1	1	1	1	1	1	1	1	1	1	1	1	1	1	8	6.49999999999999	4.99999999999999	6.50000000000001	6.49999999999999	4.99999999999998	3.49999999999999	5	4.99999999999999	3.49999999999999	0.057700446069385	3.50000000000001	6.50000000000001	5	3.50000000000001	5.00000000000002
1	1	1	1	1	1	1	1	1	1	1	1	1	1	1	1	8	6.49999999999999	4.99999999999999	6.50000000000001	6.49999999999999	4.99999999999998	3.49999999999999	5	4.99999999999999	3.49999999999999	0.0583466764498918	3.50000000000001	6.50000000000001	5	3.50000000000001	5.00000000000002
1	1	1	1	1	1	1	1	1	1	1	1	1	1	1	1	8	6.49999999999999	4.99999999999999	6.50000000000001	6.49999999999999	4.99999999999998	3.49999999999999	5	4.99999999999999	3.49999999999999	0.0577376780973345	3.50000000000001	6.50000000000001	5	3.50000000000001	5.00000000000002
1	1	1	1	1	1	1	1	1	1	1	1	1	1	1	1	8	6.49999999999999	4.99999999999999	6.50000000000001	6.49999999999999	4.99999999999998	3.49999999999999	5	4.99999999999999	3.49999999999999	0.0584084929220668	3.50000000000001	6.50000000000001	5	3.50000000000001	5.00000000000002
1	1	1	1	1	1	1	1	1	1	1	1	1	1	1	1	8	6.49999999999999	4.99999999999999	6.50000000000001	6.49999999999999	4.99999999999998	3.49999999999999	5	4.99999999999999	3.49999999999999	0.0575689723819811	3.50000000000001	6.50000000000001	5	3.50000000000001	5.00000000000002
1	1	1	1	1	1	1	1	1	1	1	1	1	1	1	1	8	6.49999999999999	4.99999999999999	6.50000000000001	6.49999999999999	4.99999999999998	3.49999999999999	5	4.99999999999999	3.49999999999999	0.0586693975707177	3.50000000000001	6.50000000000001	5	3.50000000000001	5.00000000000002
1	1	1	1	1	1	1	1	1	1	1	1	1	1	1	1	8	6.49999999999999	4.99999999999999	6.50000000000001	6.49999999999999	4.99999999999998	3.49999999999999	5	4.99999999999999	3.49999999999999	0.0583182306803025	3.50000000000001	6.50000000000001	5	3.50000000000001	5.00000000000002
1	1	1	1	1	1	1	1	1	1	1	1	1	1	1	1	8	6.49999999999999	4.99999999999999	6.50000000000001	6.49999999999999	4.99999999999998	3.49999999999999	5	4.99999999999999	3.49999999999999	0.0582061315741256	3.50000000000001	6.50000000000001	5	3.50000000000001	5.00000000000002
1	1	1	1	1	1	1	1	1	1	1	1	1	1	1	1	8	6.49999999999999	4.99999999999999	6.50000000000001	6.49999999999999	4.99999999999998	3.49999999999999	5	4.99999999999999	3.49999999999999	0.0579817228346318	3.50000000000001	6.50000000000001	5	3.50000000000001	5.00000000000002
1	1	1	1	1	1	1	1	1	1	1	1	1	1	1	1	8	6.49999999999999	4.99999999999999	6.50000000000001	6.49999999999999	4.99999999999998	3.49999999999999	5	4.99999999999999	3.49999999999999	0.0584888531009129	3.50000000000001	6.50000000000001	5	3.50000000000001	5.00000000000002
1	1	1	1	1	1	1	1	1	1	1	1	1	1	1	1	8	6.49999999999999	4.99999999999999	6.50000000000001	6.49999999999999	4.99999999999998	3.49999999999999	5	4.99999999999999	3.49999999999999	0.0582532537873967	3.50000000000001	6.50000000000001	5	3.50000000000001	5.00000000000002
1	1	1	1	1	1	1	1	1	1	1	1	1	1	1	1	8	6.49999999999999	4.99999999999999	6.50000000000001	6.49999999999999	4.99999999999998	3.49999999999999	5	4.99999999999999	3.49999999999999	0.0576099017838605	3.50000000000001	6.50000000000001	5	3.50000000000001	5.00000000000002
1	1	1	1	1	1	1	1	1	1	1	1	1	1	1	1	8	6.49999999999999	4.99999999999999	6.50000000000001	6.49999999999999	4.99999999999998	3.49999999999999	5	4.99999999999999	3.49999999999999	0.0579643413813196	3.50000000000001	6.50000000000001	5	3.50000000000001	5.00000000000002
1	1	1	1	1	1	1	1	1	1	1	1	1	1	1	1	8	6.49999999999999	4.99999999999999	6.50000000000001	6.49999999999999	4.99999999999998	3.49999999999999	5	4.99999999999999	3.49999999999999	0.0580572544145519	3.50000000000001	6.50000000000001	5	3.50000000000001	5.00000000000002
1	1	1	1	1	1	1	1	1	1	1	1	1	1	1	1	8	6.49999999999999	4.99999999999999	6.50000000000001	6.49999999999999	4.99999999999998	3.49999999999999	5	4.99999999999999	3.49999999999999	0.057896533584882	3.50000000000001	6.50000000000001	5	3.50000000000001	5.00000000000002
1	1	1	1	1	1	1	1	1	1	1	1	1	1	1	1	8	6.49999999999999	4.99999999999999	6.50000000000001	6.49999999999999	4.99999999999998	3.49999999999999	5	4.99999999999999	3.49999999999999	0.0583349171178904	3.50000000000001	6.50000000000001	5	3.50000000000001	5.00000000000002
1	1	1	1	1	1	1	1	1	1	1	1	1	1	1	1	8	6.49999999999999	4.99999999999999	6.50000000000001	6.49999999999999	4.99999999999998	3.49999999999999	5	4.99999999999999	3.49999999999999	0.0587542368985862	3.50000000000001	6.50000000000001	5	3.50000000000001	5.00000000000002
1	1	1	1	1	1	1	1	1	1	1	1	1	1	1	1	8	6.49999999999999	4.99999999999999	6.50000000000001	6.49999999999999	4.99999999999998	3.49999999999999	5	4.99999999999999	3.49999999999999	0.0584321308180704	3.50000000000001	6.50000000000001	5	3.50000000000001	5.00000000000002
1	1	1	1	1	1	1	1	1	1	1	1	1	1	1	1	8	6.49999999999999	4.99999999999999	6.50000000000001	6.49999999999999	4.99999999999998	3.49999999999999	5	4.99999999999999	3.49999999999999	0.0581467869881598	3.50000000000001	6.50000000000001	5	3.50000000000001	5.00000000000002
1	1	1	1	1	1	1	1	1	1	1	1	1	1	1	1	8	6.49999999999999	4.99999999999999	6.50000000000001	6.49999999999999	4.99999999999998	3.49999999999999	5	4.99999999999999	3.49999999999999	0.0583167458209778	3.50000000000001	6.50000000000001	5	3.50000000000001	5.00000000000002
1	1	1	1	1	1	1	1	1	1	1	1	1	1	1	1	8	6.49999999999999	4.99999999999999	6.50000000000001	6.49999999999999	4.99999999999998	3.49999999999999	5	4.99999999999999	3.49999999999999	0.0578840326857999	3.50000000000001	6.50000000000001	5	3.50000000000001	5.00000000000002
1	1	1	1	1	1	1	1	1	1	1	1	1	1	1	1	8	6.49999999999999	4.99999999999999	6.50000000000001	6.49999999999999	4.99999999999998	3.49999999999999	5	4.99999999999999	3.49999999999999	0.0584864734295273	3.50000000000001	6.50000000000001	5	3.50000000000001	5.00000000000002
1	1	1	1	1	1	1	1	1	1	1	1	1	1	1	1	8	6.49999999999999	4.99999999999999	6.50000000000001	6.49999999999999	4.99999999999998	3.49999999999999	5	4.99999999999999	3.49999999999999	0.0586116729162631	3.50000000000001	6.50000000000001	5	3.50000000000001	5.00000000000002
1	1	1	1	1	1	1	1	1	1	1	1	1	1	1	1	8	6.49999999999999	4.99999999999999	6.50000000000001	6.49999999999999	4.99999999999998	3.49999999999999	5	4.99999999999999	3.49999999999999	0.0585784725344198	3.50000000000001	6.50000000000001	5	3.50000000000001	5.00000000000002
1	1	1	1	1	1	1	1	1	1	1	1	1	1	1	1	8	6.49999999999999	4.99999999999999	6.50000000000001	6.49999999999999	4.99999999999998	3.49999999999999	5	4.99999999999999	3.49999999999999	0.0584919713988869	3.50000000000001	6.50000000000001	5	3.50000000000001	5.00000000000002
1	1	1	1	1	1	1	1	1	1	1	1	1	1	1	1	8	6.49999999999999	4.99999999999999	6.50000000000001	6.49999999999999	4.99999999999998	3.49999999999999	5	4.99999999999999	3.49999999999999	0.0580703922536245	3.50000000000001	6.50000000000001	5	3.50000000000001	5.00000000000002
1	1	1	1	1	1	1	1	1	1	1	1	1	1	1	1	8	6.49999999999999	4.99999999999999	6.50000000000001	6.49999999999999	4.99999999999998	3.49999999999999	5	4.99999999999999	3.49999999999999	0.0577246324594484	3.50000000000001	6.50000000000001	5	3.50000000000001	5.00000000000002
1	1	1	1	1	1	1	1	1	1	1	1	1	1	1	1	8	6.49999999999999	4.99999999999999	6.50000000000001	6.49999999999999	4.99999999999998	3.49999999999999	5	4.99999999999999	3.49999999999999	0.0587137440713853	3.50000000000001	6.50000000000001	5	3.50000000000001	5.00000000000002
1	1	1	1	1	1	1	1	1	1	1	1	1	1	1	1	8	6.49999999999999	4.99999999999999	6.50000000000001	6.49999999999999	4.99999999999998	3.49999999999999	5	4.99999999999999	3.49999999999999	0.0584852110474368	3.50000000000001	6.50000000000001	5	3.50000000000001	5.00000000000002
1	1	1	1	1	1	1	1	1	1	1	1	1	1	1	1	8	6.49999999999999	4.99999999999999	6.50000000000001	6.49999999999999	4.99999999999998	3.49999999999999	5	4.99999999999999	3.49999999999999	0.0583602133306869	3.50000000000001	6.50000000000001	5	3.50000000000001	5.00000000000002
1	1	1	1	1	1	1	1	1	1	1	1	1	1	1	1	8	6.49999999999999	4.99999999999999	6.50000000000001	6.49999999999999	4.99999999999998	3.49999999999999	5	4.99999999999999	3.49999999999999	0.0587027526911448	3.50000000000001	6.50000000000001	5	3.50000000000001	5.00000000000002
1	1	1	1	1	1	1	1	1	1	1	1	1	1	1	1	8	6.49999999999999	4.99999999999999	6.50000000000001	6.49999999999999	4.99999999999998	3.49999999999999	5	4.99999999999999	3.49999999999999	0.0584943614566311	3.50000000000001	6.50000000000001	5	3.50000000000001	5.00000000000002
1	1	1	1	1	1	1	1	1	1	1	1	1	1	1	1	8	6.49999999999999	4.99999999999999	6.50000000000001	6.49999999999999	4.99999999999998	3.49999999999999	5	4.99999999999999	3.49999999999999	0.0581664858550384	3.50000000000001	6.50000000000001	5	3.50000000000001	5.00000000000002
1	1	1	1	1	1	1	1	1	1	1	1	1	1	1	1	8	6.49999999999999	4.99999999999999	6.50000000000001	6.49999999999999	4.99999999999998	3.49999999999999	5	4.99999999999999	3.49999999999999	0.0582406394908783	3.50000000000001	6.50000000000001	5	3.50000000000001	5.00000000000002
1	1	1	1	1	1	1	1	1	1	1	1	1	1	1	1	8	6.49999999999999	4.99999999999999	6.50000000000001	6.49999999999999	4.99999999999998	3.49999999999999	5	4.99999999999999	3.49999999999999	0.0579284459961423	3.50000000000001	6.50000000000001	5	3.50000000000001	5.00000000000002
1	1	1	1	1	1	1	1	1	1	1	1	1	1	1	1	8	6.49999999999999	4.99999999999999	6.50000000000001	6.49999999999999	4.99999999999998	3.49999999999999	5	4.99999999999999	3.49999999999999	0.0578409918674166	3.50000000000001	6.50000000000001	5	3.50000000000001	5.00000000000002
1	1	1	1	1	1	1	1	1	1	1	1	1	1	1	1	8	6.49999999999999	4.99999999999999	6.50000000000001	6.49999999999999	4.99999999999998	3.49999999999999	5	4.99999999999999	3.49999999999999	0.0588021529895169	3.50000000000001	6.50000000000001	5	3.50000000000001	5.00000000000002
1	1	1	1	1	1	1	1	1	1	1	1	1	1	1	1	8	6.49999999999999	4.99999999999999	6.50000000000001	6.49999999999999	4.99999999999998	3.49999999999999	5	4.99999999999999	3.49999999999999	0.0589093043670081	3.50000000000001	6.50000000000001	5	3.50000000000001	5.00000000000002
1	1	1	1	1	1	1	1	1	1	1	1	1	1	1	1	8	6.49999999999999	4.99999999999999	6.50000000000001	6.49999999999999	4.99999999999998	3.49999999999999	5	4.99999999999999	3.49999999999999	0.0577376597404561	3.50000000000001	6.50000000000001	5	3.50000000000001	5.00000000000002
1	1	1	1	1	1	1	1	1	1	1	1	1	1	1	1	8	6.49999999999999	4.99999999999999	6.50000000000001	6.49999999999999	4.99999999999998	3.49999999999999	5	4.99999999999999	3.49999999999999	0.057598103827571	3.50000000000001	6.50000000000001	5	3.50000000000001	5.00000000000002
1	1	1	1	1	1	1	1	1	1	1	1	1	1	1	1	8	6.49999999999999	4.99999999999999	6.50000000000001	6.49999999999999	4.99999999999998	3.49999999999999	5	4.99999999999999	3.49999999999999	0.0580845172801489	3.50000000000001	6.50000000000001	5	3.50000000000001	5.00000000000002
1	1	1	1	1	1	1	1	1	1	1	1	1	1	1	1	8	6.49999999999999	4.99999999999999	6.50000000000001	6.49999999999999	4.99999999999998	3.49999999999999	5	4.99999999999999	3.49999999999999	0.0584483095254751	3.50000000000001	6.50000000000001	5	3.50000000000001	5.00000000000002
1	1	1	1	1	1	1	1	1	1	1	1	1	1	1	1	8	6.49999999999999	4.99999999999999	6.50000000000001	6.49999999999999	4.99999999999998	3.49999999999999	5	4.99999999999999	3.49999999999999	0.0581460532292984	3.50000000000001	6.50000000000001	5	3.50000000000001	5.00000000000002
1	1	1	1	1	1	1	1	1	1	1	1	1	1	1	1	8	6.49999999999999	4.99999999999999	6.50000000000001	6.49999999999999	4.99999999999998	3.49999999999999	5	4.99999999999999	3.49999999999999	0.0578357959856796	3.50000000000001	6.50000000000001	5	3.50000000000001	5.00000000000002
1	1	1	1	1	1	1	1	1	1	1	1	1	1	1	1	8	6.49999999999999	4.99999999999999	6.50000000000001	6.49999999999999	4.99999999999998	3.49999999999999	5	4.99999999999999	3.49999999999999	0.0576633499982151	3.50000000000001	6.50000000000001	5	3.50000000000001	5.00000000000002
1	1	1	1	1	1	1	1	1	1	1	1	1	1	1	1	8	6.49999999999999	4.99999999999999	6.50000000000001	6.49999999999999	4.99999999999998	3.49999999999999	5	4.99999999999999	3.49999999999999	0.0584301414794485	3.50000000000001	6.50000000000001	5	3.50000000000001	5.00000000000002
1	1	1	1	1	1	1	1	1	1	1	1	1	1	1	1	8	6.49999999999999	4.99999999999999	6.50000000000001	6.49999999999999	4.99999999999998	3.49999999999999	5	4.99999999999999	3.49999999999999	0.0576892405703735	3.50000000000001	6.50000000000001	5	3.50000000000001	5.00000000000002
1	1	1	1	1	1	1	1	1	1	1	1	1	1	1	1	8	6.49999999999999	4.99999999999999	6.50000000000001	6.49999999999999	4.99999999999998	3.49999999999999	5	4.99999999999999	3.49999999999999	0.0586457066217321	3.50000000000001	6.50000000000001	5	3.50000000000001	5.00000000000002
1	1	1	1	1	1	1	1	1	1	1	1	1	1	1	1	8	6.49999999999999	4.99999999999999	6.50000000000001	6.49999999999999	4.99999999999998	3.49999999999999	5	4.99999999999999	3.49999999999999	0.0587189507703631	3.50000000000001	6.50000000000001	5	3.50000000000001	5.00000000000002
1	1	1	1	1	1	1	1	1	1	1	1	1	1	1	1	8	6.49999999999999	4.99999999999999	6.50000000000001	6.49999999999999	4.99999999999998	3.49999999999999	5	4.99999999999999	3.49999999999999	0.0587533562918483	3.50000000000001	6.50000000000001	5	3.50000000000001	5.00000000000002
1	1	1	1	1	1	1	1	1	1	1	1	1	1	1	1	8	6.49999999999999	4.99999999999999	6.50000000000001	6.49999999999999	4.99999999999998	3.49999999999999	5	4.99999999999999	3.49999999999999	0.0578431070860487	3.50000000000001	6.50000000000001	5	3.50000000000001	5.00000000000002
1	1	1	1	1	1	1	1	1	1	1	1	1	1	1	1	8	6.49999999999999	4.99999999999999	6.50000000000001	6.49999999999999	4.99999999999998	3.49999999999999	5	4.99999999999999	3.49999999999999	0.0584102207173362	3.50000000000001	6.50000000000001	5	3.50000000000001	5.00000000000002
1	1	1	1	1	1	1	1	1	1	1	1	1	1	1	1	8	6.49999999999999	4.99999999999999	6.50000000000001	6.49999999999999	4.99999999999998	3.49999999999999	5	4.99999999999999	3.49999999999999	0.0584257262705222	3.50000000000001	6.50000000000001	5	3.50000000000001	5.00000000000002
1	1	1	1	1	1	1	1	1	1	1	1	1	1	1	1	8	6.49999999999999	4.99999999999999	6.50000000000001	6.49999999999999	4.99999999999998	3.49999999999999	5	4.99999999999999	3.49999999999999	0.0586924355374756	3.50000000000001	6.50000000000001	5	3.50000000000001	5.00000000000002
1	1	1	1	1	1	1	1	1	1	1	1	1	1	1	1	8	6.49999999999999	4.99999999999999	6.50000000000001	6.49999999999999	4.99999999999998	3.49999999999999	5	4.99999999999999	3.49999999999999	0.0582477948030041	3.50000000000001	6.50000000000001	5	3.50000000000001	5.00000000000002
1	1	1	1	1	1	1	1	1	1	1	1	1	1	1	1	8	6.49999999999999	4.99999999999999	6.50000000000001	6.49999999999999	4.99999999999998	3.49999999999999	5	4.99999999999999	3.49999999999999	0.0576409240771788	3.50000000000001	6.50000000000001	5	3.50000000000001	5.00000000000002
1	1	1	1	1	1	1	1	1	1	1	1	1	1	1	1	8	6.49999999999999	4.99999999999999	6.50000000000001	6.49999999999999	4.99999999999998	3.49999999999999	5	4.99999999999999	3.49999999999999	0.0587664232346492	3.50000000000001	6.50000000000001	5	3.50000000000001	5.00000000000002
1	1	1	1	1	1	1	1	1	1	1	1	1	1	1	1	8	6.49999999999999	4.99999999999999	6.50000000000001	6.49999999999999	4.99999999999998	3.49999999999999	5	4.99999999999999	3.49999999999999	0.0580085469276487	3.50000000000001	6.50000000000001	5	3.50000000000001	5.00000000000002
1	1	1	1	1	1	1	1	1	1	1	1	1	1	1	1	8	6.49999999999999	4.99999999999999	6.50000000000001	6.49999999999999	4.99999999999998	3.49999999999999	5	4.99999999999999	3.49999999999999	0.0580842644762662	3.50000000000001	6.50000000000001	5	3.50000000000001	5.00000000000002
1	1	1	1	1	1	1	1	1	1	1	1	1	1	1	1	8	6.49999999999999	4.99999999999999	6.50000000000001	6.49999999999999	4.99999999999998	3.49999999999999	5	4.99999999999999	3.49999999999999	0.0588265022390348	3.50000000000001	6.50000000000001	5	3.50000000000001	5.00000000000002
1	1	1	1	1	1	1	1	1	1	1	1	1	1	1	1	8	6.49999999999999	4.99999999999999	6.50000000000001	6.49999999999999	4.99999999999998	3.49999999999999	5	4.99999999999999	3.49999999999999	0.0582641650522531	3.50000000000001	6.50000000000001	5	3.50000000000001	5.00000000000002
1	1	1	1	1	1	1	1	1	1	1	1	1	1	1	1	8	6.49999999999999	4.99999999999999	6.50000000000001	6.49999999999999	4.99999999999998	3.49999999999999	5	4.99999999999999	3.49999999999999	0.0587517782657083	3.50000000000001	6.50000000000001	5	3.50000000000001	5.00000000000002
1	1	1	1	1	1	1	1	1	1	1	1	1	1	1	1	8	6.49999999999999	4.99999999999999	6.50000000000001	6.49999999999999	4.99999999999998	3.49999999999999	5	4.99999999999999	3.49999999999999	0.0581912270219698	3.50000000000001	6.50000000000001	5	3.50000000000001	5.00000000000002
1	1	1	1	1	1	1	1	1	1	1	1	1	1	1	1	8	6.49999999999999	4.99999999999999	6.50000000000001	6.49999999999999	4.99999999999998	3.49999999999999	5	4.99999999999999	3.49999999999999	0.0579060560779982	3.50000000000001	6.50000000000001	5	3.50000000000001	5.00000000000002
1	1	1	1	1	1	1	1	1	1	1	1	1	1	1	1	8	6.49999999999999	4.99999999999999	6.50000000000001	6.49999999999999	4.99999999999998	3.49999999999999	5	4.99999999999999	3.49999999999999	0.0579442488468274	3.50000000000001	6.50000000000001	5	3.50000000000001	5.00000000000002
1	1	1	1	1	1	1	1	1	1	1	1	1	1	1	1	8	6.49999999999999	4.99999999999999	6.50000000000001	6.49999999999999	4.99999999999998	3.49999999999999	5	4.99999999999999	3.49999999999999	0.0576533595040616	3.50000000000001	6.50000000000001	5	3.50000000000001	5.00000000000002
1	1	1	1	1	1	1	1	1	1	1	1	1	1	1	1	8	6.49999999999999	4.99999999999999	6.50000000000001	6.49999999999999	4.99999999999998	3.49999999999999	5	4.99999999999999	3.49999999999999	0.058146661806578	3.50000000000001	6.50000000000001	5	3.50000000000001	5.00000000000002
1	1	1	1	1	1	1	1	1	1	1	1	1	1	1	1	8	6.49999999999999	4.99999999999999	6.50000000000001	6.49999999999999	4.99999999999998	3.49999999999999	5	4.99999999999999	3.49999999999999	0.0584639304217643	3.50000000000001	6.50000000000001	5	3.50000000000001	5.00000000000002
1	1	1	1	1	1	1	1	1	1	1	1	1	1	1	1	8	6.49999999999999	4.99999999999999	6.50000000000001	6.49999999999999	4.99999999999998	3.49999999999999	5	4.99999999999999	3.49999999999999	0.0576688299470942	3.50000000000001	6.50000000000001	5	3.50000000000001	5.00000000000002
1	1	1	1	1	1	1	1	1	1	1	1	1	1	1	1	8	6.49999999999999	4.99999999999999	6.50000000000001	6.49999999999999	4.99999999999998	3.49999999999999	5	4.99999999999999	3.49999999999999	0.0585424660199249	3.50000000000001	6.50000000000001	5	3.50000000000001	5.00000000000002
1	1	1	1	1	1	1	1	1	1	1	1	1	1	1	1	8	6.49999999999999	4.99999999999999	6.50000000000001	6.49999999999999	4.99999999999998	3.49999999999999	5	4.99999999999999	3.49999999999999	0.0587757606882072	3.50000000000001	6.50000000000001	5	3.50000000000001	5.00000000000002
1	1	1	1	1	1	1	1	1	1	1	1	1	1	1	1	8	6.49999999999999	4.99999999999999	6.50000000000001	6.49999999999999	4.99999999999998	3.49999999999999	5	4.99999999999999	3.49999999999999	0.0579588017255123	3.50000000000001	6.50000000000001	5	3.50000000000001	5.00000000000002
1	1	1	1	1	1	1	1	1	1	1	1	1	1	1	1	8	6.49999999999999	4.99999999999999	6.50000000000001	6.49999999999999	4.99999999999998	3.49999999999999	5	4.99999999999999	3.49999999999999	0.058039107333849	3.50000000000001	6.50000000000001	5	3.50000000000001	5.00000000000002
1	1	1	1	1	1	1	1	1	1	1	1	1	1	1	1	8	6.49999999999999	4.99999999999999	6.50000000000001	6.49999999999999	4.99999999999998	3.49999999999999	5	4.99999999999999	3.49999999999999	0.0584789719018262	3.50000000000001	6.50000000000001	5	3.50000000000001	5.00000000000002
1	1	1	1	1	1	1	1	1	1	1	1	1	1	1	1	8	6.49999999999999	4.99999999999999	6.50000000000001	6.49999999999999	4.99999999999998	3.49999999999999	5	4.99999999999999	3.49999999999999	0.0588196036381903	3.50000000000001	6.50000000000001	5	3.50000000000001	5.00000000000002
1	1	1	1	1	1	1	1	1	1	1	1	1	1	1	1	8	6.49999999999999	4.99999999999999	6.50000000000001	6.49999999999999	4.99999999999998	3.49999999999999	5	4.99999999999999	3.49999999999999	0.0581038154621731	3.50000000000001	6.50000000000001	5	3.50000000000001	5.00000000000002
1	1	1	1	1	1	1	1	1	1	1	1	1	1	1	1	8	6.49999999999999	4.99999999999999	6.50000000000001	6.49999999999999	4.99999999999998	3.49999999999999	5	4.99999999999999	3.49999999999999	0.0585298097756345	3.50000000000001	6.50000000000001	5	3.50000000000001	5.00000000000002
1	1	1	1	1	1	1	1	1	1	1	1	1	1	1	1	8	6.49999999999999	4.99999999999999	6.50000000000001	6.49999999999999	4.99999999999998	3.49999999999999	5	4.99999999999999	3.49999999999999	0.0586645788807761	3.50000000000001	6.50000000000001	5	3.50000000000001	5.00000000000002
1	1	1	1	1	1	1	1	1	1	1	1	1	1	1	1	8	6.49999999999999	4.99999999999999	6.50000000000001	6.49999999999999	4.99999999999998	3.49999999999999	5	4.99999999999999	3.49999999999999	0.058300429904169	3.50000000000001	6.50000000000001	5	3.50000000000001	5.00000000000002
1	1	1	1	1	1	1	1	1	1	1	1	1	1	1	1	8	6.49999999999999	4.99999999999999	6.50000000000001	6.49999999999999	4.99999999999998	3.49999999999999	5	4.99999999999999	3.49999999999999	0.0586581891683021	3.50000000000001	6.50000000000001	5	3.50000000000001	5.00000000000002
1	1	1	1	1	1	1	1	1	1	1	1	1	1	1	1	8	6.49999999999999	4.99999999999999	6.50000000000001	6.49999999999999	4.99999999999998	3.49999999999999	5	4.99999999999999	3.49999999999999	0.0583071344927897	3.50000000000001	6.50000000000001	5	3.50000000000001	5.00000000000002
1	1	1	1	1	1	1	1	1	1	1	1	1	1	1	1	8	6.49999999999999	4.99999999999999	6.50000000000001	6.49999999999999	4.99999999999998	3.49999999999999	5	4.99999999999999	3.49999999999999	0.0580871074330944	3.50000000000001	6.50000000000001	5	3.50000000000001	5.00000000000002
1	1	1	1	1	1	1	1	1	1	1	1	1	1	1	1	8	6.49999999999999	4.99999999999999	6.50000000000001	6.49999999999999	4.99999999999998	3.49999999999999	5	4.99999999999999	3.49999999999999	0.0587619283256901	3.50000000000001	6.50000000000001	5	3.50000000000001	5.00000000000002
1	1	1	1	1	1	1	1	1	1	1	1	1	1	1	1	8	6.49999999999999	4.99999999999999	6.50000000000001	6.49999999999999	4.99999999999998	3.49999999999999	5	4.99999999999999	3.49999999999999	0.0579394055306541	3.50000000000001	6.50000000000001	5	3.50000000000001	5.00000000000002
1	1	1	1	1	1	1	1	1	1	1	1	1	1	1	1	8	6.49999999999999	4.99999999999999	6.50000000000001	6.49999999999999	4.99999999999998	3.49999999999999	5	4.99999999999999	3.49999999999999	0.0588101735537846	3.50000000000001	6.50000000000001	5	3.50000000000001	5.00000000000002
1	1	1	1	1	1	1	1	1	1	1	1	1	1	1	1	8	6.49999999999999	4.99999999999999	6.50000000000001	6.49999999999999	4.99999999999998	3.49999999999999	5	4.99999999999999	3.49999999999999	0.0578270153310493	3.50000000000001	6.50000000000001	5	3.50000000000001	5.00000000000002
1	1	1	1	1	1	1	1	1	1	1	1	1	1	1	1	8	6.49999999999999	4.99999999999999	6.50000000000001	6.49999999999999	4.99999999999998	3.49999999999999	5	4.99999999999999	3.49999999999999	0.0577619895827056	3.50000000000001	6.50000000000001	5	3.50000000000001	5.00000000000002
1	1	1	1	1	1	1	1	1	1	1	1	1	1	1	1	8	6.49999999999999	4.99999999999999	6.50000000000001	6.49999999999999	4.99999999999998	3.49999999999999	5	4.99999999999999	3.49999999999999	0.058622046082749	3.50000000000001	6.50000000000001	5	3.50000000000001	5.00000000000002
1	1	1	1	1	1	1	1	1	1	1	1	1	1	1	1	8	6.49999999999999	4.99999999999999	6.50000000000001	6.49999999999999	4.99999999999998	3.49999999999999	5	4.99999999999999	3.49999999999999	0.0585425457582729	3.50000000000001	6.50000000000001	5	3.50000000000001	5.00000000000002
1	1	1	1	1	1	1	1	1	1	1	1	1	1	1	1	8	6.49999999999999	4.99999999999999	6.50000000000001	6.49999999999999	4.99999999999998	3.49999999999999	5	4.99999999999999	3.49999999999999	0.0584171706503035	3.50000000000001	6.50000000000001	5	3.50000000000001	5.00000000000002
1	1	1	1	1	1	1	1	1	1	1	1	1	1	1	1	8	6.49999999999999	4.99999999999999	6.50000000000001	6.49999999999999	4.99999999999998	3.49999999999999	5	4.99999999999999	3.49999999999999	0.0584943470313865	3.50000000000001	6.50000000000001	5	3.50000000000001	5.00000000000002
1	1	1	1	1	1	1	1	1	1	1	1	1	1	1	1	8	6.49999999999999	4.99999999999999	6.50000000000001	6.49999999999999	4.99999999999998	3.49999999999999	5	4.99999999999999	3.49999999999999	0.0578607598820955	3.50000000000001	6.50000000000001	5	3.50000000000001	5.00000000000002
1	1	1	1	1	1	1	1	1	1	1	1	1	1	1	1	8	6.49999999999999	4.99999999999999	6.50000000000001	6.49999999999999	4.99999999999998	3.49999999999999	5	4.99999999999999	3.49999999999999	0.0587397851976678	3.50000000000001	6.50000000000001	5	3.50000000000001	5.00000000000002
1	1	1	1	1	1	1	1	1	1	1	1	1	1	1	1	8	6.49999999999999	4.99999999999999	6.50000000000001	6.49999999999999	4.99999999999998	3.49999999999999	5	4.99999999999999	3.49999999999999	0.0585407907093389	3.50000000000001	6.50000000000001	5	3.50000000000001	5.00000000000002
1	1	1	1	1	1	1	1	1	1	1	1	1	1	1	1	8	6.49999999999999	4.99999999999999	6.50000000000001	6.49999999999999	4.99999999999998	3.49999999999999	5	4.99999999999999	3.49999999999999	0.0581433145724856	3.50000000000001	6.50000000000001	5	3.50000000000001	5.00000000000002
1	1	1	1	1	1	1	1	1	1	1	1	1	1	1	1	8	6.49999999999999	4.99999999999999	6.50000000000001	6.49999999999999	4.99999999999998	3.49999999999999	5	4.99999999999999	3.49999999999999	0.058530288950194	3.50000000000001	6.50000000000001	5	3.50000000000001	5.00000000000002
1	1	1	1	1	1	1	1	1	1	1	1	1	1	1	1	8	6.49999999999999	4.99999999999999	6.50000000000001	6.49999999999999	4.99999999999998	3.49999999999999	5	4.99999999999999	3.49999999999999	0.0587406111024449	3.50000000000001	6.50000000000001	5	3.50000000000001	5.00000000000002
1	1	1	1	1	1	1	1	1	1	1	1	1	1	1	1	8	6.49999999999999	4.99999999999999	6.50000000000001	6.49999999999999	4.99999999999998	3.49999999999999	5	4.99999999999999	3.49999999999999	0.0585700574412974	3.50000000000001	6.50000000000001	5	3.50000000000001	5.00000000000002
1	1	1	1	1	1	1	1	1	1	1	1	1	1	1	1	8	6.49999999999999	4.99999999999999	6.50000000000001	6.49999999999999	4.99999999999998	3.49999999999999	5	4.99999999999999	3.49999999999999	0.0586390185009937	3.50000000000001	6.50000000000001	5	3.50000000000001	5.00000000000002
1	1	1	1	1	1	1	1	1	1	1	1	1	1	1	1	8	6.49999999999999	4.99999999999999	6.50000000000001	6.49999999999999	4.99999999999998	3.49999999999999	5	4.99999999999999	3.49999999999999	0.0587966306404671	3.50000000000001	6.50000000000001	5	3.50000000000001	5.00000000000002
1	1	1	1	1	1	1	1	1	1	1	1	1	1	1	1	8	6.49999999999999	4.99999999999999	6.50000000000001	6.49999999999999	4.99999999999998	3.49999999999999	5	4.99999999999999	3.49999999999999	0.0582445657558361	3.50000000000001	6.50000000000001	5	3.50000000000001	5.00000000000002
1	1	1	1	1	1	1	1	1	1	1	1	1	1	1	1	8	6.49999999999999	4.99999999999999	6.50000000000001	6.49999999999999	4.99999999999998	3.49999999999999	5	4.99999999999999	3.49999999999999	0.0581950557294235	3.50000000000001	6.50000000000001	5	3.50000000000001	5.00000000000002
1	1	1	1	1	1	1	1	1	1	1	1	1	1	1	1	8	6.49999999999999	4.99999999999999	6.50000000000001	6.49999999999999	4.99999999999998	3.49999999999999	5	4.99999999999999	3.49999999999999	0.0583738895861958	3.50000000000001	6.50000000000001	5	3.50000000000001	5.00000000000002
1	1	1	1	1	1	1	1	1	1	1	1	1	1	1	1	8	6.49999999999999	4.99999999999999	6.50000000000001	6.49999999999999	4.99999999999998	3.49999999999999	5	4.99999999999999	3.49999999999999	0.0585019347065924	3.50000000000001	6.50000000000001	5	3.50000000000001	5.00000000000002
1	1	1	1	1	1	1	1	1	1	1	1	1	1	1	1	8	6.49999999999999	4.99999999999999	6.50000000000001	6.49999999999999	4.99999999999998	3.49999999999999	5	4.99999999999999	3.49999999999999	0.0589340630014942	3.50000000000001	6.50000000000001	5	3.50000000000001	5.00000000000002
1	1	1	1	1	1	1	1	1	1	1	1	1	1	1	1	8	6.49999999999999	4.99999999999999	6.50000000000001	6.49999999999999	4.99999999999998	3.49999999999999	5	4.99999999999999	3.49999999999999	0.0583083071611335	3.50000000000001	6.50000000000001	5	3.50000000000001	5.00000000000002
1	1	1	1	1	1	1	1	1	1	1	1	1	1	1	1	8	6.49999999999999	4.99999999999999	6.50000000000001	6.49999999999999	4.99999999999998	3.49999999999999	5	4.99999999999999	3.49999999999999	0.058360416186149	3.50000000000001	6.50000000000001	5	3.50000000000001	5.00000000000002
1	1	1	1	1	1	1	1	1	1	1	1	1	1	1	1	8	6.49999999999999	4.99999999999999	6.50000000000001	6.49999999999999	4.99999999999998	3.49999999999999	5	4.99999999999999	3.49999999999999	0.0588810323799672	3.50000000000001	6.50000000000001	5	3.50000000000001	5.00000000000002
1	1	1	1	1	1	1	1	1	1	1	1	1	1	1	1	8	6.49999999999999	4.99999999999999	6.50000000000001	6.49999999999999	4.99999999999998	3.49999999999999	5	4.99999999999999	3.49999999999999	0.0587449757819343	3.50000000000001	6.50000000000001	5	3.50000000000001	5.00000000000002
1	1	1	1	1	1	1	1	1	1	1	1	1	1	1	1	8	6.49999999999999	4.99999999999999	6.50000000000001	6.49999999999999	4.99999999999998	3.49999999999999	5	4.99999999999999	3.49999999999999	0.0585126359361967	3.50000000000001	6.50000000000001	5	3.50000000000001	5.00000000000002
1	1	1	1	1	1	1	1	1	1	1	1	1	1	1	1	8	6.49999999999999	4.99999999999999	6.50000000000001	6.49999999999999	4.99999999999998	3.49999999999999	5	4.99999999999999	3.49999999999999	0.0591705348515095	3.50000000000001	6.50000000000001	5	3.50000000000001	5.00000000000002
1	1	1	1	1	1	1	1	1	1	1	1	1	1	1	1	8	6.49999999999999	4.99999999999999	6.50000000000001	6.49999999999999	4.99999999999998	3.49999999999999	5	4.99999999999999	3.49999999999999	0.0579438675234899	3.50000000000001	6.50000000000001	5	3.50000000000001	5.00000000000002
1	1	1	1	1	1	1	1	1	1	1	1	1	1	1	1	8	6.49999999999999	4.99999999999999	6.50000000000001	6.49999999999999	4.99999999999998	3.49999999999999	5	4.99999999999999	3.49999999999999	0.058924596325968	3.50000000000001	6.50000000000001	5	3.50000000000001	5.00000000000002
1	1	1	1	1	1	1	1	1	1	1	1	1	1	1	1	8	6.49999999999999	4.99999999999999	6.50000000000001	6.49999999999999	4.99999999999998	3.49999999999999	5	4.99999999999999	3.49999999999999	0.0581806038077312	3.50000000000001	6.50000000000001	5	3.50000000000001	5.00000000000002
1	1	1	1	1	1	1	1	1	1	1	1	1	1	1	1	8	6.49999999999999	4.99999999999999	6.50000000000001	6.49999999999999	4.99999999999998	3.49999999999999	5	4.99999999999999	3.49999999999999	0.0584283611915597	3.50000000000001	6.50000000000001	5	3.50000000000001	5.00000000000002
1	1	1	1	1	1	1	1	1	1	1	1	1	1	1	1	8	6.49999999999999	4.99999999999999	6.50000000000001	6.49999999999999	4.99999999999998	3.49999999999999	5	4.99999999999999	3.49999999999999	0.0584626387197697	3.50000000000001	6.50000000000001	5	3.50000000000001	5.00000000000002
1	1	1	1	1	1	1	1	1	1	1	1	1	1	1	1	8	6.49999999999999	4.99999999999999	6.50000000000001	6.49999999999999	4.99999999999998	3.49999999999999	5	4.99999999999999	3.49999999999999	0.0582266791440898	3.50000000000001	6.50000000000001	5	3.50000000000001	5.00000000000002
1	1	1	1	1	1	1	1	1	1	1	1	1	1	1	1	8	6.49999999999999	4.99999999999999	6.50000000000001	6.49999999999999	4.99999999999998	3.49999999999999	5	4.99999999999999	3.49999999999999	0.0581358904516983	3.50000000000001	6.50000000000001	5	3.50000000000001	5.00000000000002
1	1	1	1	1	1	1	1	1	1	1	1	1	1	1	1	8	6.49999999999999	4.99999999999999	6.50000000000001	6.49999999999999	4.99999999999998	3.49999999999999	5	4.99999999999999	3.49999999999999	0.057884887273133	3.50000000000001	6.50000000000001	5	3.50000000000001	5.00000000000002
1	1	1	1	1	1	1	1	1	1	1	1	1	1	1	1	8	6.49999999999999	4.99999999999999	6.50000000000001	6.49999999999999	4.99999999999998	3.49999999999999	5	4.99999999999999	3.49999999999999	0.0578984154090622	3.50000000000001	6.50000000000001	5	3.50000000000001	5.00000000000002
1	1	1	1	1	1	1	1	1	1	1	1	1	1	1	1	8	6.49999999999999	4.99999999999999	6.50000000000001	6.49999999999999	4.99999999999998	3.49999999999999	5	4.99999999999999	3.49999999999999	0.058715978783464	3.50000000000001	6.50000000000001	5	3.50000000000001	5.00000000000002
1	1	1	1	1	1	1	1	1	1	1	1	1	1	1	1	8	6.49999999999999	4.99999999999999	6.50000000000001	6.49999999999999	4.99999999999998	3.49999999999999	5	4.99999999999999	3.49999999999999	0.058535302327329	3.50000000000001	6.50000000000001	5	3.50000000000001	5.00000000000002
1	1	1	1	1	1	1	1	1	1	1	1	1	1	1	1	8	6.49999999999999	4.99999999999999	6.50000000000001	6.49999999999999	4.99999999999998	3.49999999999999	5	4.99999999999999	3.49999999999999	0.0578108784104413	3.50000000000001	6.50000000000001	5	3.50000000000001	5.00000000000002
1	1	1	1	1	1	1	1	1	1	1	1	1	1	1	1	8	6.49999999999999	4.99999999999999	6.50000000000001	6.49999999999999	4.99999999999998	3.49999999999999	5	4.99999999999999	3.49999999999999	0.0576555164328951	3.50000000000001	6.50000000000001	5	3.50000000000001	5.00000000000002
1	1	1	1	1	1	1	1	1	1	1	1	1	1	1	1	8	6.49999999999999	4.99999999999999	6.50000000000001	6.49999999999999	4.99999999999998	3.49999999999999	5	4.99999999999999	3.49999999999999	0.0580361932604314	3.50000000000001	6.50000000000001	5	3.50000000000001	5.00000000000002
1	1	1	1	1	1	1	1	1	1	1	1	1	1	1	1	8	6.49999999999999	4.99999999999999	6.50000000000001	6.49999999999999	4.99999999999998	3.49999999999999	5	4.99999999999999	3.49999999999999	0.0584638045175512	3.50000000000001	6.50000000000001	5	3.50000000000001	5.00000000000002
1	1	1	1	1	1	1	1	1	1	1	1	1	1	1	1	8	6.49999999999999	4.99999999999999	6.50000000000001	6.49999999999999	4.99999999999998	3.49999999999999	5	4.99999999999999	3.49999999999999	0.0581362407017916	3.50000000000001	6.50000000000001	5	3.50000000000001	5.00000000000002
1	1	1	1	1	1	1	1	1	1	1	1	1	1	1	1	8	6.49999999999999	4.99999999999999	6.50000000000001	6.49999999999999	4.99999999999998	3.49999999999999	5	4.99999999999999	3.49999999999999	0.0589719430940968	3.50000000000001	6.50000000000001	5	3.50000000000001	5.00000000000002
1	1	1	1	1	1	1	1	1	1	1	1	1	1	1	1	8	6.49999999999999	4.99999999999999	6.50000000000001	6.49999999999999	4.99999999999998	3.49999999999999	5	4.99999999999999	3.49999999999999	0.0583965663480557	3.50000000000001	6.50000000000001	5	3.50000000000001	5.00000000000002
1	1	1	1	1	1	1	1	1	1	1	1	1	1	1	1	8	6.49999999999999	4.99999999999999	6.50000000000001	6.49999999999999	4.99999999999998	3.49999999999999	5	4.99999999999999	3.49999999999999	0.058452025507823	3.50000000000001	6.50000000000001	5	3.50000000000001	5.00000000000002
1	1	1	1	1	1	1	1	1	1	1	1	1	1	1	1	8	6.49999999999999	4.99999999999999	6.50000000000001	6.49999999999999	4.99999999999998	3.49999999999999	5	4.99999999999999	3.49999999999999	0.0585671859707904	3.50000000000001	6.50000000000001	5	3.50000000000001	5.00000000000002
1	1	1	1	1	1	1	1	1	1	1	1	1	1	1	1	8	6.49999999999999	4.99999999999999	6.50000000000001	6.49999999999999	4.99999999999998	3.49999999999999	5	4.99999999999999	3.49999999999999	0.0575400356970029	3.50000000000001	6.50000000000001	5	3.50000000000001	5.00000000000002
1	1	1	1	1	1	1	1	1	1	1	1	1	1	1	1	8	6.49999999999999	4.99999999999999	6.50000000000001	6.49999999999999	4.99999999999998	3.49999999999999	5	4.99999999999999	3.49999999999999	0.0580625131472128	3.50000000000001	6.50000000000001	5	3.50000000000001	5.00000000000002
1	1	1	1	1	1	1	1	1	1	1	1	1	1	1	1	8	6.49999999999999	4.99999999999999	6.50000000000001	6.49999999999999	4.99999999999998	3.49999999999999	5	4.99999999999999	3.49999999999999	0.0581442676319434	3.50000000000001	6.50000000000001	5	3.50000000000001	5.00000000000002
1	1	1	1	1	1	1	1	1	1	1	1	1	1	1	1	8	6.49999999999999	4.99999999999999	6.50000000000001	6.49999999999999	4.99999999999998	3.49999999999999	5	4.99999999999999	3.49999999999999	0.0581047537451611	3.50000000000001	6.50000000000001	5	3.50000000000001	5.00000000000002
1	1	1	1	1	1	1	1	1	1	1	1	1	1	1	1	8	6.49999999999999	4.99999999999999	6.50000000000001	6.49999999999999	4.99999999999998	3.49999999999999	5	4.99999999999999	3.49999999999999	0.0578662715049325	3.50000000000001	6.50000000000001	5	3.50000000000001	5.00000000000002
1	1	1	1	1	1	1	1	1	1	1	1	1	1	1	1	8	6.49999999999999	4.99999999999999	6.50000000000001	6.49999999999999	4.99999999999998	3.49999999999999	5	4.99999999999999	3.49999999999999	0.0582367689582102	3.50000000000001	6.50000000000001	5	3.50000000000001	5.00000000000002
1	1	1	1	1	1	1	1	1	1	1	1	1	1	1	1	8	6.49999999999999	4.99999999999999	6.50000000000001	6.49999999999999	4.99999999999998	3.49999999999999	5	4.99999999999999	3.49999999999999	0.058570860844684	3.50000000000001	6.50000000000001	5	3.50000000000001	5.00000000000002
1	1	1	1	1	1	1	1	1	1	1	1	1	1	1	1	8	6.49999999999999	4.99999999999999	6.50000000000001	6.49999999999999	4.99999999999998	3.49999999999999	5	4.99999999999999	3.49999999999999	0.058026712435423	3.50000000000001	6.50000000000001	5	3.50000000000001	5.00000000000002
1	1	1	1	1	1	1	1	1	1	1	1	1	1	1	1	8	6.49999999999999	4.99999999999999	6.50000000000001	6.49999999999999	4.99999999999998	3.49999999999999	5	4.99999999999999	3.49999999999999	0.0582914419386161	3.50000000000001	6.50000000000001	5	3.50000000000001	5.00000000000002
1	1	1	1	1	1	1	1	1	1	1	1	1	1	1	1	8	6.49999999999999	4.99999999999999	6.50000000000001	6.49999999999999	4.99999999999998	3.49999999999999	5	4.99999999999999	3.49999999999999	0.0580389550588759	3.50000000000001	6.50000000000001	5	3.50000000000001	5.00000000000002
1	1	1	1	1	1	1	1	1	1	1	1	1	1	1	1	8	6.49999999999999	4.99999999999999	6.50000000000001	6.49999999999999	4.99999999999998	3.49999999999999	5	4.99999999999999	3.49999999999999	0.0576935066801814	3.50000000000001	6.50000000000001	5	3.50000000000001	5.00000000000002
1	1	1	1	1	1	1	1	1	1	1	1	1	1	1	1	8	6.49999999999999	4.99999999999999	6.50000000000001	6.49999999999999	4.99999999999998	3.49999999999999	5	4.99999999999999	3.49999999999999	0.058381455311447	3.50000000000001	6.50000000000001	5	3.50000000000001	5.00000000000002
1	1	1	1	1	1	1	1	1	1	1	1	1	1	1	1	8	6.49999999999999	4.99999999999999	6.50000000000001	6.49999999999999	4.99999999999998	3.49999999999999	5	4.99999999999999	3.49999999999999	0.0581287406002932	3.50000000000001	6.50000000000001	5	3.50000000000001	5.00000000000002
1	1	1	1	1	1	1	1	1	1	1	1	1	1	1	1	8	6.49999999999999	4.99999999999999	6.50000000000001	6.49999999999999	4.99999999999998	3.49999999999999	5	4.99999999999999	3.49999999999999	0.0583512177376379	3.50000000000001	6.50000000000001	5	3.50000000000001	5.00000000000002
1	1	1	1	1	1	1	1	1	1	1	1	1	1	1	1	8	6.49999999999999	4.99999999999999	6.50000000000001	6.49999999999999	4.99999999999998	3.49999999999999	5	4.99999999999999	3.49999999999999	0.0583593395013125	3.50000000000001	6.50000000000001	5	3.50000000000001	5.00000000000002
1	1	1	1	1	1	1	1	1	1	1	1	1	1	1	1	8	6.49999999999999	4.99999999999999	6.50000000000001	6.49999999999999	4.99999999999998	3.49999999999999	5	4.99999999999999	3.49999999999999	0.0586277200194214	3.50000000000001	6.50000000000001	5	3.50000000000001	5.00000000000002
1	1	1	1	1	1	1	1	1	1	1	1	1	1	1	1	8	6.49999999999999	4.99999999999999	6.50000000000001	6.49999999999999	4.99999999999998	3.49999999999999	5	4.99999999999999	3.49999999999999	0.0584158753155664	3.50000000000001	6.50000000000001	5	3.50000000000001	5.00000000000002
1	1	1	1	1	1	1	1	1	1	1	1	1	1	1	1	8	6.49999999999999	4.99999999999999	6.50000000000001	6.49999999999999	4.99999999999998	3.49999999999999	5	4.99999999999999	3.49999999999999	0.0587902246259301	3.50000000000001	6.50000000000001	5	3.50000000000001	5.00000000000002
1	1	1	1	1	1	1	1	1	1	1	1	1	1	1	1	8	6.49999999999999	4.99999999999999	6.50000000000001	6.49999999999999	4.99999999999998	3.49999999999999	5	4.99999999999999	3.49999999999999	0.0582396113371567	3.50000000000001	6.50000000000001	5	3.50000000000001	5.00000000000002
1	1	1	1	1	1	1	1	1	1	1	1	1	1	1	1	8	6.49999999999999	4.99999999999999	6.50000000000001	6.49999999999999	4.99999999999998	3.49999999999999	5	4.99999999999999	3.49999999999999	0.0585606170879615	3.50000000000001	6.50000000000001	5	3.50000000000001	5.00000000000002
1	1	1	1	1	1	1	1	1	1	1	1	1	1	1	1	8	6.49999999999999	4.99999999999999	6.50000000000001	6.49999999999999	4.99999999999998	3.49999999999999	5	4.99999999999999	3.49999999999999	0.0583379901932148	3.50000000000001	6.50000000000001	5	3.50000000000001	5.00000000000002
1	1	1	1	1	1	1	1	1	1	1	1	1	1	1	1	8	6.49999999999999	4.99999999999999	6.50000000000001	6.49999999999999	4.99999999999998	3.49999999999999	5	4.99999999999999	3.49999999999999	0.0584534630257005	3.50000000000001	6.50000000000001	5	3.50000000000001	5.00000000000002
1	1	1	1	1	1	1	1	1	1	1	1	1	1	1	1	8	6.49999999999999	4.99999999999999	6.50000000000001	6.49999999999999	4.99999999999998	3.49999999999999	5	4.99999999999999	3.49999999999999	0.0573807133627176	3.50000000000001	6.50000000000001	5	3.50000000000001	5.00000000000002
1	1	1	1	1	1	1	1	1	1	1	1	1	1	1	1	8	6.49999999999999	4.99999999999999	6.50000000000001	6.49999999999999	4.99999999999998	3.49999999999999	5	4.99999999999999	3.49999999999999	0.0584839789171331	3.50000000000001	6.50000000000001	5	3.50000000000001	5.00000000000002
1	1	1	1	1	1	1	1	1	1	1	1	1	1	1	1	8	6.49999999999999	4.99999999999999	6.50000000000001	6.49999999999999	4.99999999999998	3.49999999999999	5	4.99999999999999	3.49999999999999	0.0582037229467093	3.50000000000001	6.50000000000001	5	3.50000000000001	5.00000000000002
1	1	1	1	1	1	1	1	1	1	1	1	1	1	1	1	8