1	1.09785567397426	1.16868532846126	1.09785567397426	1.09785567397429	1.16868532846132	1.22380599381252	1.16868532846116	1.16868532846149	1.22380599381275	1.50349493134198	1.22380599381275	1.09785567397429	1.16868532846116	1.22380599381252	1.16868532846132	0.759771497208806	0.577206313804727	0.538670295392087	0.577206313804729	0.577206313804752	0.538670295392146	0.504790352694084	0.538670295391966	0.538670295392307	0.504790352694274	0.718041902930892	0.504790352694274	0.577206313804754	0.538670295391966	0.504790352694085	0.538670295392148
1	1.1160679186421	1.19806100522288	1.1160679186421	1.11606791864213	1.19806100522294	1.2578608126925	1.19806100522278	1.19806100522309	1.25786081269272	1.6278357453386	1.25786081269272	1.11606791864213	1.19806100522278	1.2578608126925	1.19806100522294	0.803315798614186	0.589840678640555	0.547289112276234	0.589840678640557	0.589840678640576	0.547289112276282	0.506205501062133	0.547289112276135	0.547289112276414	0.50620550106229	0.773367617025818	0.506205501062291	0.589840678640578	0.547289112276135	0.506205501062134	0.547289112276284
1	1.12793801972488	1.21562884345519	1.12793801972488	1.1279380197249	1.21562884345525	1.27521213477975	1.21562884345511	1.21562884345538	1.27521213477994	1.72365351209276	1.27521213477994	1.1279380197249	1.21562884345511	1.27521213477975	1.21562884345524	0.838966857297287	0.599246376541491	0.552814816917514	0.599246376541493	0.599246376541508	0.552814816917553	0.50632692425923	0.552814816917434	0.552814816917661	0.506326924259357	0.818678894518883	0.506326924259358	0.59924637654151	0.552814816917434	0.506326924259231	0.552814816917555
1	1.13568917108415	1.22576630114892	1.13568917108414	1.13568917108416	1.22576630114896	1.28302145413795	1.22576630114884	1.22576630114907	1.28302145413811	1.79680458910736	1.28302145413811	1.13568917108416	1.22576630114884	1.28302145413795	1.22576630114896	0.868155475421215	0.606649248545332	0.556429773528931	0.606649248545334	0.606649248545343	0.556429773528964	0.50593851158745	0.556429773528869	0.55642977352905	0.505938511587556	0.853880087459059	0.505938511587557	0.606649248545346	0.556429773528868	0.505938511587451	0.556429773528966
1	1.14088343640038	1.23148272092631	1.14088343640038	1.14088343640039	1.23148272092635	1.28579051148746	1.23148272092625	1.23148272092644	1.2857905114876	1.85206978949815	1.2857905114876	1.14088343640039	1.23148272092625	1.28579051148746	1.23148272092635	0.892053094719562	0.612595990517939	0.558866710253069	0.612595990517942	0.612595990517949	0.558866710253096	0.505391613259168	0.558866710253019	0.558866710253165	0.505391613259253	0.880237642744477	0.505391613259254	0.612595990517952	0.558866710253019	0.505391613259169	0.558866710253099
1	1.1445035771008	1.23466103394845	1.1445035771008	1.14450357710081	1.23466103394848	1.28609739167325	1.2346610339484	1.23466103394856	1.28609739167336	1.89329162135176	1.28609739167336	1.14450357710081	1.2346610339484	1.28609739167325	1.23466103394848	0.911618810564528	0.617382080728806	0.560553538610173	0.617382080728809	0.617382080728813	0.560553538610195	0.50482450914124	0.560553538610133	0.560553538610251	0.504824509141307	0.899462568375274	0.504824509141308	0.617382080728816	0.560553538610133	0.504824509141241	0.560553538610198
1	1.14713522840741	1.23641478550707	1.14713522840741	1.14713522840742	1.2364147855071	1.28532567840766	1.23641478550703	1.23641478550716	1.28532567840775	1.92360563789325	1.28532567840775	1.14713522840742	1.23641478550703	1.28532567840766	1.2364147855071	0.927637863832333	0.621217134961895	0.561743698138562	0.621217134961898	0.621217134961899	0.56174369813858	0.504288904376081	0.56174369813853	0.561743698138623	0.504288904376134	0.913223752381811	0.504288904376136	0.621217134961902	0.56174369813853	0.504288904376082	0.561743698138583
1	1.14912071197209	1.23738015504111	1.14912071197209	1.1491207119721	1.23738015504113	1.28417766347965	1.23738015504108	1.23738015504118	1.28417766347972	1.94558579562882	1.28417766347972	1.1491207119721	1.23738015504108	1.28417766347965	1.23738015504113	0.940753155376947	0.624273431461599	0.562593923553561	0.624273431461602	0.624273431461602	0.562593923553575	0.503803232247867	0.562593923553536	0.562593923553612	0.503803232247908	0.922942278473162	0.503803232247909	0.624273431461605	0.562593923553536	0.503803232247868	0.562593923553578
1	1.1506616931245	1.23791286799659	1.1506616931245	1.15066169312451	1.23791286799661	1.28298767763484	1.23791286799657	1.23791286799665	1.2829876776349	1.96131851188146	1.2829876776349	1.15066169312451	1.23791286799657	1.28298767763484	1.23791286799661	0.951491047898641	0.626697494269502	0.563205919984898	0.626697494269505	0.626697494269504	0.56320591998491	0.503372863685354	0.563205919984879	0.563205919984939	0.503372863685385	0.929740524701444	0.503372863685386	0.626697494269507	0.563205919984879	0.503372863685355	0.563205919984913
1	1.15188078792736	1.23820917770653	1.15188078792736	1.15188078792736	1.23820917770655	1.28189958595252	1.23820917770651	1.23820917770658	1.28189958595257	1.9724544937397	1.28189958595257	1.15188078792736	1.23820917770651	1.28189958595252	1.23820917770654	0.960282490728646	0.628612907697773	0.563648427106179	0.628612907697776	0.628612907697773	0.563648427106192	0.502997586635776	0.563648427106167	0.563648427106214	0.502997586635801	0.934464278214928	0.502997586635802	0.628612907697776	0.563648427106167	0.502997586635777	0.563648427106195
1	1.15285644039106	1.23837645665328	1.15285644039106	1.15285644039107	1.23837645665329	1.28096278751431	1.23837645665326	1.23837645665332	1.28096278751435	1.9802642508165	1.28096278751435	1.15285644039107	1.23837645665326	1.28096278751431	1.23837645665329	0.967480315337739	0.630122153845293	0.563969283101903	0.630122153845297	0.630122153845294	0.563969283101913	0.502674509504759	0.563969283101892	0.563969283101931	0.502674509504779	0.937731452178931	0.50267450950478	0.630122153845297	0.563969283101892	0.50267450950476	0.563969283101916
1	1.15364201595901	1.23847315055398	1.15364201595901	1.15364201595901	1.23847315055399	1.28018241137329	1.23847315055396	1.23847315055401	1.28018241137332	1.98570069718265	1.28018241137332	1.15364201595901	1.23847315055396	1.28018241137329	1.23847315055399	0.973373395698846	0.631308913484166	0.564202401798126	0.631308913484169	0.631308913484167	0.564202401798133	0.5023993593174	0.564202401798117	0.564202401798147	0.502399359317416	0.93998412748745	0.502399359317417	0.63130891348417	0.564202401798117	0.502399359317402	0.564202401798136
1	1.15427608352265	1.23853098050431	1.15427608352265	1.15427608352265	1.23853098050432	1.27954477141125	1.2385309805043	1.23853098050433	1.27954477141127	1.98946289993	1.27954477141127	1.15427608352265	1.2385309805043	1.27954477141125	1.23853098050432	0.978198241818162	0.632240701655555	0.5643720784693	0.632240701655558	0.632240701655557	0.564372078469304	0.502167194364409	0.564372078469292	0.564372078469318	0.502167194364422	0.941534107763275	0.502167194364423	0.63224070165556	0.564372078469292	0.50216719436441	0.564372078469307
1	1.15478794923715	1.2385671435518	1.15478794923714	1.15478794923715	1.2385671435518	1.27902982166549	1.23856714355179	1.23856714355182	1.27902982166551	1.99205456535206	1.27902982166551	1.15478794923715	1.23856714355179	1.27902982166549	1.2385671435518	0.982148491711328	0.632971512731615	0.564495809995232	0.632971512731618	0.632971512731617	0.564495809995235	0.501972863301112	0.564495809995225	0.564495809995247	0.501972863301124	0.942599183148221	0.501972863301125	0.63297151273162	0.564495809995225	0.501972863301114	0.564495809995238
1	1.15520068892108	1.2385909711593	1.15520068892108	1.15520068892108	1.23859097115931	1.27861693693289	1.2385909711593	1.23859097115932	1.2786169369329	1.99383353290279	1.2786169369329	1.15520068892108	1.2385909711593	1.27861693693289	1.23859097115931	0.985382682782858	0.633544254489399	0.564586226920014	0.633544254489402	0.633544254489402	0.564586226920018	0.501811316640835	0.564586226920011	0.564586226920028	0.501811316640846	0.943330476192371	0.501811316640847	0.633544254489405	0.564586226920011	0.501811316640836	0.564586226920022
1	1.15553287945449	1.23860754673141	1.15553287945449	1.15553287945449	1.23860754673142	1.27828734738917	1.2386075467314	1.23860754673142	1.27828734738919	1.99505125631051	1.27828734738919	1.15553287945449	1.2386075467314	1.27828734738917	1.23860754673141	0.98803061447855	0.633992869555184	0.564652455629301	0.633992869555187	0.633992869555186	0.564652455629305	0.501677810727721	0.5646524556293	0.564652455629313	0.50167781072773	0.943832383844497	0.501677810727731	0.633992869555189	0.5646524556293	0.501677810727722	0.564652455629308
1	1.15579965452414	1.23861966433742	1.15579965452414	1.15579965452414	1.23861966433742	1.27802494883579	1.23861966433741	1.23861966433743	1.2780249488358	1.99588296828527	1.2780249488358	1.15579965452414	1.23861966433741	1.27802494883579	1.23861966433742	0.99019855758974	0.634344121313056	0.564701093817942	0.63434412131306	0.634344121313058	0.564701093817946	0.501568027804337	0.564701093817941	0.564701093817951	0.501568027804346	0.944176810754831	0.501568027804347	0.634344121313061	0.564701093817941	0.501568027804338	0.564701093817949
1	1.156013404507	1.2386288859145	1.156013404507	1.15601340450701	1.2386288859145	1.27781636360304	1.2386288859145	1.23862888591451	1.27781636360305	1.99645001899005	1.27781636360305	1.156013404507	1.2386288859145	1.27781636360304	1.2386288859145	0.991973519282314	0.634619063440433	0.56473691389064	0.634619063440436	0.634619063440433	0.564736913890644	0.501478132409618	0.56473691389064	0.564736913890648	0.501478132409627	0.944413185636804	0.501478132409628	0.634619063440436	0.56473691389064	0.501478132409619	0.564736913890647
1	1.15618428169245	1.23863610997021	1.15618428169245	1.15618428169245	1.23863610997022	1.27765068782414	1.23863610997021	1.23863610997022	1.27765068782415	1.99683604847037	1.27765068782415	1.15618428169245	1.23863610997021	1.27765068782414	1.23863610997021	0.993426734998599	0.634834230634781	0.564763371168541	0.634834230634784	0.634834230634782	0.564763371168544	0.501404782394225	0.564763371168542	0.564763371168546	0.501404782394232	0.944575444276953	0.501404782394234	0.634834230634785	0.564763371168542	0.501404782394226	0.564763371168547
1	1.15632059116045	1.23864187631198	1.15632059116045	1.15632059116046	1.23864187631198	1.2775191360225	1.23864187631198	1.23864187631198	1.27751913602251	1.99709850061155	1.27751913602251	1.15632059116045	1.23864187631198	1.2775191360225	1.23864187631198	0.994616527384844	0.635002593336776	0.564782970904083	0.635002593336779	0.635002593336778	0.564782970904088	0.501345109864591	0.564782970904086	0.56478297090409	0.501345109864596	0.944686867730891	0.501345109864597	0.635002593336781	0.564782970904086	0.501345109864592	0.564782970904092
1	1.15642910753152	1.23864652863434	1.15642910753152	1.15642910753152	1.23864652863434	1.27741467987553	1.23864652863434	1.23864652863434	1.27741467987553	1.99727672163491	1.27741467987553	1.15642910753152	1.23864652863434	1.27741467987552	1.23864652863434	0.995590646982982	0.635134317633561	0.564797532978153	0.635134317633565	0.635134317633563	0.564797532978157	0.501296684176934	0.564797532978155	0.564797532978158	0.50129668417694	0.944763420664445	0.501296684176941	0.635134317633566	0.564797532978155	0.501296684176935	0.564797532978161
1	1.15651533830253	1.23865030095329	1.15651533830253	1.15651533830253	1.2386503009533	1.27733172130923	1.23865030095329	1.2386503009533	1.27733172130924	1.99739760689293	1.27733172130924	1.15651533830253	1.23865030095329	1.27733172130923	1.2386503009533	0.996388188614257	0.635237366954703	0.564808382534368	0.635237366954706	0.635237366954706	0.564808382534372	0.501257465961663	0.564808382534371	0.564808382534372	0.501257465961667	0.944816048462692	0.501257465961669	0.635237366954709	0.564808382534371	0.501257465961664	0.564808382534376
1	1.15658374461271	1.2386533631976	1.15658374461271	1.15658374461271	1.23865336319761	1.27726581444308	1.2386533631976	1.23865336319761	1.27726581444309	1.99747950421447	1.27726581444309	1.15658374461271	1.2386533631976	1.27726581444308	1.23865336319761	0.997041160490797	0.635317977060225	0.564816487241687	0.635317977060229	0.635317977060228	0.564816487241688	0.501225757529609	0.564816487241688	0.564816487241688	0.501225757529613	0.944852255538929	0.501225757529614	0.635317977060231	0.564816487241688	0.50122575752961	0.564816487241692
