1	1.00650247235106	1.00975907896506	1.00650247235106	1.00677463834523	1.01045430984677	1.01388647989488	1.01045430984677	1.01198729186891	1.01341672272755	1.01610477653223	1.01341672272755	1.00677463834523	1.01045430984677	1.01388647989488	1.01045430984677	0.259998426595668	0.182072835200063	0.155083125545253	0.182072835200064	0.188004839907983	0.161878557457339	0.151047345216851	0.161878557457339	0.1755715670623	0.148553532896521	0.139968676030725	0.148553532896521	0.188004839907984	0.161878557457339	0.151047345216851	0.16187855745734
1	1.00800346054757	1.01154489865009	1.00800346054757	1.00840983524589	1.0124875039416	1.01630990753853	1.0124875039416	1.01460008949279	1.01569263412289	1.01859735821813	1.01569263412289	1.00840983524589	1.0124875039416	1.01630990753853	1.0124875039416	0.282119891932928	0.187860535290572	0.157348322950602	0.187860535290573	0.194813876204186	0.164939234741334	0.152902959612741	0.164939234741335	0.180474752305425	0.150152591777418	0.140826236650991	0.150152591777419	0.194813876204187	0.164939234741335	0.152902959612742	0.164939234741335
1	1.00877925365804	1.01233521583941	1.00877925365804	1.00928105179296	1.0134250907894	1.01735379496645	1.0134250907894	1.01590390932674	1.01665547265613	1.0195935658292	1.01665547265613	1.00928105179296	1.0134250907894	1.01735379496645	1.0134250907894	0.295537238871292	0.190486681185786	0.15826504945504	0.190486681185787	0.197996247911795	0.166219714195084	0.153668376267913	0.166219714195086	0.182675351374029	0.150814386568175	0.141205044332082	0.150814386568175	0.197996247911796	0.166219714195086	0.153668376267913	0.166219714195086
1	1.00916728547767	1.01268002238542	1.00916728547767	1.00972909967121	1.01384934116818	1.01780040982485	1.01384934116818	1.01653790297729	1.01706124958194	1.0199948766353	1.01706124958194	1.00972909967121	1.01384934116818	1.01780040982485	1.01384934116818	0.303675271160462	0.19167940991129	0.158637997690061	0.191679409911291	0.199485195398947	0.166757648229096	0.153985368784125	0.166757648229098	0.183665595405858	0.151089123839291	0.141369122089518	0.151089123839292	0.199485195398948	0.166757648229098	0.153985368784126	0.166757648229097
1	1.00935685232837	1.01282888430194	1.00935685232837	1.00995387392808	1.01403867620391	1.01799056662071	1.01403867620391	1.01684057123857	1.01723182564822	1.02015760784548	1.01723182564822	1.00995387392808	1.01403867620391	1.01799056662071	1.01403867620391	0.308611237221499	0.192221627597673	0.158790435751775	0.192221627597674	0.200182521082755	0.166984472343724	0.154117106270231	0.166984472343725	0.184112221508827	0.151203518986507	0.141439339468094	0.151203518986507	0.200182521082756	0.166984472343725	0.154117106270231	0.166984472343725
1	1.00944790543441	1.01289265581883	1.00944790543441	1.01006468124278	1.01412232157	1.01807125132169	1.01412232157	1.01698318822761	1.0173034122589	1.02022394686453	1.0173034122589	1.01006468124278	1.01412232157	1.01807125132169	1.01412232157	0.311605051905123	0.192468328044	0.158852997236282	0.192468328044001	0.200509382765052	0.16708041732403	0.15417201338013	0.167080417324031	0.184314047700425	0.151251282886027	0.141469168429734	0.151251282886027	0.200509382765053	0.167080417324031	0.154172013380131	0.167080417324031
1	1.00949110379912	1.01291981934658	1.00949110379912	1.01011862866456	1.01415899910253	1.01810540232902	1.01415899910253	1.0170497620595	1.0173334249378	1.02025110668422	1.0173334249378	1.01011862866456	1.01415899910253	1.01810540232902	1.01415899910253	0.313420892352217	0.192580651155017	0.15887876240971	0.192580651155018	0.200662703158004	0.167121109085267	0.154194953137016	0.167121109085268	0.184405391795999	0.151271277041821	0.141481785600994	0.151271277041821	0.200662703158005	0.167121109085268	0.154194953137016	0.167121109085268
1	1.00951141277101	1.01293134096506	1.00951141277101	1.01014465803262	1.01417499206537	1.01811983221243	1.01417499206537	1.01708062843387	1.01734600089241	1.02026226516431	1.01734600089241	1.01014465803262	1.01417499206537	1.01811983221243	1.01417499206537	0.31452225525007	0.19263182019193	0.158889404914783	0.192631820191931	0.200734661645393	0.167138405091694	0.154204556138148	0.167138405091695	0.184446783110734	0.151279666709334	0.141487110572842	0.151279666709334	0.200734661645394	0.167138405091695	0.154204556138149	0.167138405091696
1	1.00952089606464	1.01293621287894	1.00952089606464	1.01015713495941	1.01418193638012	1.01812592200237	1.01418193638012	1.01709486845146	1.01735126952724	1.02026686310595	1.01735126952724	1.01015713495941	1.01418193638012	1.01812592200237	1.01418193638012	0.315190265592268	0.192655140093786	0.158893811950001	0.192655140093787	0.200768449281287	0.167145770126637	0.154208582762575	0.167145770126636	0.184465556679761	0.151283195075362	0.141489356239506	0.151283195075363	0.200768449281288	0.167145770126636	0.154208582762576	0.167145770126638
1	1.00952530166627	1.01293826839242	1.00952530166627	1.01016308688767	1.01418494208732	1.01812849001902	1.01418494208732	1.01710141400217	1.01735347703321	1.02026876261694	1.01735347703321	1.01016308688767	1.01418494208732	1.01812849001902	1.01418494208732	0.315595434326959	0.19266577122678	0.15889564081373	0.192665771226781	0.200784319528099	0.167148911060003	0.154210273531596	0.167148911060003	0.184474077881944	0.151284682250049	0.141490303585764	0.151284682250049	0.2007843195281	0.167148911060003	0.154210273531596	0.167148911060004
1	1.00952734038857	1.01293913430141	1.00952734038857	1.01016591605947	1.01418623991798	1.01812957241991	1.01418623991798	1.01710441458619	1.01735440228486	1.02026954920333	1.01735440228486	1.01016591605947	1.01418623991798	1.01812957241991	1.01418623991798	0.315841181692891	0.19267061885699	0.158896401181098	0.192670618856991	0.200791775887661	0.167150252260885	0.154210984354517	0.167150252260885	0.184477947805574	0.15128531045986	0.14149070367351	0.15128531045986	0.200791775887662	0.167150252260885	0.154210984354518	0.167150252260886
1	1.00952828099254	1.01293949870018	1.00952828099254	1.01016725729798	1.0141867992758	1.01813002852834	1.0141867992758	1.01710578732092	1.01735479030113	1.02026987565062	1.01735479030113	1.01016725729798	1.0141867992758	1.01813002852834	1.0141867992758	0.315990235008127	0.192672829609302	0.158896717816347	0.192672829609303	0.200795279817619	0.167150825566151	0.154211283516278	0.167150825566152	0.184479706094257	0.151285576408658	0.141490872927884	0.151285576408659	0.20079527981762	0.167150825566152	0.154211283516279	0.167150825566152
1	1.0095287139498	1.01293965195706	1.0095287139498	1.01016789188078	1.01418704001988	1.01813022071372	1.01418704001988	1.0171064143824	1.01735495313651	1.0202700114275	1.01735495313651	1.01016789188078	1.01418704001988	1.01813022071372	1.01418704001988	0.316080640366514	0.192673837903761	0.158896849857247	0.192673837903762	0.200796926645628	0.167151070850172	0.154211409547959	0.167151070850173	0.18448050523424	0.151285689247823	0.141490944685582	0.151285689247823	0.200796926645629	0.167151070850173	0.15421140954796	0.167151070850173
1	1.00952891287623	1.0129397163961	1.00952891287623	1.01016819167248	1.01418714352511	1.01813030169919	1.01418714352511	1.01710670049638	1.01735502153106	1.02027006802405	1.01735502153106	1.01016819167248	1.01418714352511	1.01813030169919	1.01418714352511	0.316135473890352	0.192674297789861	0.158896904989537	0.192674297789862	0.200797700727503	0.167151175874543	0.154211462691913	0.167151175874543	0.184480868535115	0.151285737233758	0.141490975185784	0.151285737233759	0.200797700727504	0.167151175874543	0.154211462691913	0.167151175874544
1	1.00952900413961	1.01293974348815	1.00952900413961	1.01016833313593	1.01418718798718	1.01813033582909	1.01418718798718	1.01710683092637	1.01735505028431	1.02027009166579	1.01735505028431	1.01016833313593	1.01418718798718	1.01813033582909	1.01418718798718	0.316168731832818	0.192674507533076	0.158896928034084	0.192674507533077	0.200798064589677	0.167151220870504	0.154211485119494	0.167151220870504	0.184481033719113	0.151285757686863	0.141490988186234	0.151285757686863	0.200798064589678	0.167151220870504	0.154211485119494	0.167151220870505
1	1.00952904597297	1.0129397548893	1.00952904597297	1.01016839984384	1.01418720708494	1.01813035022658	1.01418720708494	1.01710689036088	1.01735506239368	1.02027010157259	1.01735506239368	1.01016839984384	1.01418720708494	1.01813035022658	1.01418720708494	0.316188903987452	0.192674603222077	0.158896937682013	0.192674603222078	0.200798235680404	0.167151240170261	0.154211494596936	0.167151240170261	0.184481108864762	0.151285766430264	0.14149099374627	0.151285766430264	0.200798235680405	0.167151240170261	0.154211494596937	0.167151240170262
1	1.0095290651317	1.01293975968967	1.0095290651317	1.01016843128067	1.01418721528481	1.01813035630255	1.01418721528481	1.0171069174319	1.01735506750007	1.02027010573412	1.01735506750007	1.01016843128067	1.01418721528481	1.01813035630255	1.01418721528481	0.316201139134681	0.192674646875978	0.158896941725366	0.192674646875979	0.200798316132401	0.167151248453152	0.154211498605396	0.167151248453153	0.18448114305491	0.151285770177397	0.141490996132127	0.151285770177397	0.200798316132402	0.167151248453153	0.154211498605397	0.167151248453153
1	1.00952907389978	1.01293976171224	1.00952907389978	1.01016844608861	1.01418721880462	1.01813035886797	1.01418721880462	1.01710692975799	1.01735506965641	1.0202701074868	1.01735506965641	1.01016844608861	1.01418721880462	1.01813035886797	1.01418721880462	0.316208560197548	0.192674666790281	0.158896943421552	0.192674666790282	0.200798353964704	0.167151252009878	0.154211500302245	0.167151252009879	0.184481158612812	0.151285771787503	0.141490997159485	0.151285771787503	0.200798353964705	0.167151252009879	0.154211500302246	0.167151252009879
1	1.00952907791023	1.01293976256515	1.00952907791023	1.01016845306119	1.01418722031527	1.01813035995176	1.01418722031527	1.01710693536897	1.01735507056839	1.02027010822699	1.01735507056839	1.01016845306119	1.01418722031527	1.01813035995176	1.01418722031527	0.316213061342737	0.192674675874419	0.158896944133779	0.19267467587442	0.200798371755707	0.167151253537968	0.154211501021187	0.167151253537969	0.184481165693053	0.151285772481224	0.141490997603463	0.151285772481225	0.200798371755708	0.167151253537969	0.154211501021187	0.167151253537969
1	1.00952907974372	1.01293976292519	1.00952907974372	1.01016845634346	1.01418722096357	1.01813036040991	1.01418722096357	1.01710693792269	1.01735507095474	1.02027010854051	1.01735507095474	1.01016845634346	1.01418722096358	1.01813036040991	1.01418722096357	0.316215791451398	0.192674680017999	0.158896944433124	0.192674680018	0.200798380122265	0.167151254194828	0.154211501326075	0.167151254194829	0.184481168915517	0.151285772780953	0.14149099779604	0.151285772780953	0.200798380122266	0.167151254194829	0.154211501326075	0.167151254194829
1	1.00952908058163	1.01293976307735	1.00952908058163	1.01016845788823	1.0141872212418	1.01813036060371	1.0141872212418	1.01710693908482	1.0173550711187	1.0202701086737	1.0173550711187	1.01016845788823	1.0141872212418	1.01813036060371	1.0141872212418	0.316217447361836	0.192674681907899	0.158896944559056	0.1926746819079	0.200798384056858	0.167151254477329	0.154211501455492	0.16715125447733	0.184481170382308	0.151285772910825	0.141490997879883	0.151285772910826	0.200798384056859	0.16715125447733	0.154211501455492	0.16715125447733
1	1.00952908096444	1.01293976314174	1.00952908096444	1.01016845861514	1.0141872213612	1.01813036068576	1.0141872213612	1.01710693961362	1.01735507118842	1.02027010873048	1.01735507118842	1.01016845861514	1.0141872213612	1.01813036068576	1.0141872213612	0.316218451731889	0.192674682769828	0.158896944612082	0.192674682769829	0.200798385907224	0.167151254598889	0.154211501510478	0.167151254598891	0.184481171050017	0.151285772967263	0.141490997916524	0.151285772967264	0.200798385907225	0.167151254598891	0.154211501510479	0.16715125459889
1	1.00952908113928	1.01293976316903	1.00952908113928	1.01016845895716	1.01418722141245	1.01813036072052	1.01418722141245	1.01710693985423	1.01735507121812	1.02027010875476	1.01735507121812	1.01016845895716	1.01418722141245	1.01813036072052	1.01418722141245	0.316219060918943	0.192674683162897	0.158896944634431	0.192674683162898	0.200798386777424	0.167151254651225	0.154211501533863	0.167151254651226	0.184481171353996	0.151285772991863	0.141490997932597	0.151285772991864	0.200798386777425	0.167151254651226	0.154211501533864	0.167151254651226
1	1.00952908121912	1.01293976318061	1.00952908121912	1.01016845911807	1.01418722143445	1.01813036073526	1.01418722143445	1.01710693996371	1.01735507123081	1.02027010876518	1.01735507123081	1.01016845911807	1.01418722143445	1.01813036073526	1.01418722143445	0.316219430413102	0.192674683342138	0.15889694464386	0.19267468334214	0.200798387186668	0.167151254673769	0.154211501543819	0.16715125467377	0.184481171492397	0.151285773002618	0.141490997939674	0.151285773002618	0.200798387186669	0.16715125467377	0.15421150154382	0.16715125467377
