1	1.0668368512127	1.11058737735517	1.06683685120006	1.05223831454801	1.10525636927304	1.17082581794682	1.10525636936287	1.09724729384674	1.12983058630333	1.16383043513412	1.12983058639454	1.05414274013949	1.10267146702091	1.15367678279282	1.10267146711335	0.735398750619849	0.633133940649247	0.561910314683684	0.633133940587333	0.623693653535309	0.5797295972272	0.594012242660296	0.579729597671152	0.589203640210582	0.544596333171005	0.521620020010045	0.544596333490237	0.631201932306764	0.570328488011005	0.569959121434024	0.570328488463299
1	1.08618293055082	1.13012737307157	1.08618292980536	1.06821726460291	1.12442309699206	1.19498278108862	1.12442309998432	1.11771366010272	1.15825297063208	1.19799496795633	1.15825297108267	1.06965823771563	1.12215696389687	1.18348535492002	1.12215696186517	0.797968736634755	0.714765646655925	0.605210962094785	0.714765640165539	0.664702323567981	0.603731113003705	0.612832922129301	0.603731128531777	0.607101978494087	0.570126591809194	0.551172787796059	0.570126593270322	0.668570499244894	0.601144894259626	0.603572533338528	0.601144882962528
1	1.10324681146304	1.14618139180235	1.1032468102772	1.0763249895446	1.13416584903166	1.20652875690293	1.1341658536346	1.12482092775439	1.17127973567545	1.21856794969734	1.17127973618854	1.0772268485198	1.13329577824871	1.20088669214997	1.13329577474406	0.835919351530259	0.765724410909931	0.637183685018998	0.765724406923115	0.689661055989225	0.621751750616576	0.627962421547646	0.621751761689784	0.618414600285864	0.585789837521015	0.57709712703701	0.585789838213471	0.691714110036617	0.622404027382336	0.625262352341915	0.622404018251687
1	1.11458962631291	1.15692553203362	1.11458962531606	1.08116995211427	1.13966532450441	1.21250033596062	1.1396653285601	1.12831296104606	1.17800227316139	1.2329351827827	1.17800227350869	1.08169945112488	1.13988372325095	1.21055380287292	1.13988371990942	0.858937563031725	0.79630164365249	0.658336114611684	0.796301641064255	0.704745701160674	0.633525088813624	0.638327493427344	0.633525096595625	0.625870208483089	0.595616171699034	0.5960163851526	0.595616172071371	0.705873342183383	0.635816133004429	0.638853945053574	0.63581612614033
1	1.12113970751989	1.16303828414763	1.12113970680908	1.08405527744232	1.14660739716399	1.21556805956431	1.14660740026871	1.13017440006904	1.18157593253061	1.24258046530474	1.18157593273756	1.08435366753451	1.14707716121331	1.21572448802135	1.14707715850894	0.872898814075805	0.814033789910861	0.670282389774193	0.814033788312553	0.713644491705769	0.661708062726725	0.645493051485752	0.661708068006233	0.630198414821258	0.602100164349434	0.608729101306992	0.602100164544502	0.714222439826522	0.662581576463084	0.647811771988141	0.662581571603805
1	1.12421201505647	1.16540814925781	1.12421201461177	1.08595449243653	1.15463615170828	1.21691823204524	1.15463615394067	1.13163112640522	1.18372527138944	1.24840749444467	1.18372527149758	1.08611380811383	1.15490817895236	1.21829126455251	1.15490817692411	0.881366740880504	0.823862885574661	0.676030388945302	0.823862884771008	0.719010633652392	0.682384712815448	0.650139461726176	0.682384716368629	0.633633436363598	0.606494136345241	0.616048327472299	0.606494136417237	0.719277285786826	0.682548978513728	0.65361780952325	0.6825489751303
1	1.12518965838445	1.16539914029733	1.12518965815143	1.08737275161577	1.16170011122121	1.21729719581873	1.16170011278281	1.13321978042684	1.18529299776779	1.2513819005658	1.1852929978101	1.08745419265189	1.1617949410825	1.21942362783444	1.161794939614	0.886502798116193	0.82897247740595	0.67796676270161	0.828972477144868	0.722312274426911	0.698260337489864	0.652926720539034	0.698260339912851	0.636866438960663	0.609676336554749	0.619535011496077	0.609676336552845	0.722440257921961	0.698218553909306	0.657216529947393	0.698218551539473
1	1.12493812013035	1.16397065952548	1.12493812004816	1.08854513054763	1.16756875959119	1.21700246867326	1.16756876067928	1.13509064493354	1.18661426382704	1.2522581031287	1.18661426382815	1.08859258615266	1.16761768908825	1.2196340901942	1.16761768803573	0.889617974304918	0.83126314882185	0.67769794284093	0.83126314891584	0.724388782977987	0.710903839466944	0.654310604744018	0.710903841154207	0.64022900186946	0.6121360360518	0.620293793588117	0.612136036006771	0.724515873371735	0.711021163458158	0.659215497450153	0.711021161774336
1	1.12399504755918	1.16179157998165	1.12399504757655	1.0895735418498	1.17242181685077	1.21620362910201	1.17242181761794	1.13723665720115	1.18781748415551	1.25164492266752	1.18781748413231	1.08962035894547	1.17255670327232	1.21920593444502	1.17255670251399	0.891507424180373	0.831853730971127	0.676282166002762	0.831853731282102	0.725719027386019	0.72122621780926	0.654631336938484	0.721226219018904	0.643806020044113	0.614141786928218	0.619209951338834	0.61414178686048	0.725951775599319	0.721752253905284	0.660047049364634	0.721752252683583
1	1.12270166914799	1.15932565324152	1.1227016692258	1.09049004778311	1.17646024782068	1.21504105705212	1.17646024837415	1.13957091082866	1.18893845453677	1.25006201835638	1.18893845450073	1.09056117493367	1.17678158849577	1.21834314683284	1.1767815879412	0.892653433462722	0.831414469379811	0.674396259911047	0.831414469807425	0.726579946648784	0.729748610265456	0.654171042324485	0.729748611162384	0.647531677433755	0.615833389626329	0.617024072011937	0.615833389549804	0.726991106164386	0.730832807263675	0.660048435543123	0.730832806355816
1	1.12128157042677	1.15688558923632	1.12128157053657	1.09129387059281	1.17982845498134	1.21365123691312	1.17982845539225	1.14196885926585	1.18997144798486	1.24795088537551	1.18997144794381	1.09140623037935	1.18039903339906	1.21721655707032	1.18039903298556	0.893348523230213	0.830369131120705	0.672451205773268	0.830369131593416	0.727137120159592	0.736775913184991	0.653181304049039	0.736775913871331	0.651264608014162	0.617277737401754	0.614330818407103	0.61727773732582	0.72776558446456	0.738483382607026	0.659495097673839	0.738483381917425
1	1.11988093127	1.15466427160568	1.11988093139187	1.09197643884195	1.18262279022145	1.21216359762328	1.1826227905351	1.14430378288911	1.19089811761232	1.24566162950514	1.19089811757145	1.09213931743401	1.18347060788316	1.21597017406419	1.18347060756906	0.893770116486227	0.82900485869468	0.67067215548681	0.829004859162918	0.727494524040595	0.74251239802938	0.651885650638538	0.742512398566669	0.654848479263221	0.61850590019715	0.611561205213504	0.618505900127755	0.728349995703667	0.744842736613742	0.658611046655947	0.744842736081711
1	1.11858854192349	1.15275796455124	1.11858854204407	1.09253567488405	1.1849148977509	1.21068817164643	1.18491489799534	1.14647398923812	1.19170413237313	1.24344135808895	1.1917041323357	1.0927518211211	1.18604018820029	1.21471629979737	1.18604018795838	0.894025825722379	0.8275235070611	0.669158475868654	0.82752350749283	0.727720580575538	0.747128533535751	0.650468760603423	0.747128533961028	0.658154680026203	0.619536495865584	0.608984306338435	0.619536495805926	0.72879168075178	0.75003683224683	0.65757044464324	0.750036831833368
1	1.11744958312772	1.15119135972589	1.11744958323871	1.09297978856335	1.186768372225	1.20930585025937	1.18676837241758	1.14841545703392	1.19238564028829	1.24143803988325	1.19238564025601	1.0932471240027	1.1881521975816	1.21353273410832	1.18815219739401	0.894180921214361	0.826063384031907	0.667931328262448	0.826063384409352	0.727861467267598	0.750788102517434	0.649066911714257	0.750788102854183	0.661102211583295	0.620387384081133	0.606734943870173	0.620387384032265	0.729124552293735	0.75420487500318	0.656498987319439	0.754204874681948
1	1.116478415881	1.14994399368875	1.11647841597799	1.09332441011029	1.18824549499871	1.20806608910436	1.18824549515069	1.15010064574357	1.19294869291711	1.23971908894017	1.19294869289055	1.09363789340508	1.1898580229133	1.21246552381477	1.18985802276776	0.894274991385621	0.824711184829236	0.666969537115439	0.824711185145902	0.727948325313973	0.753650977376561	0.647767478995139	0.753650977641472	0.663657863529006	0.621079093478417	0.604854206638649	0.621079093439871	0.72937477895954	0.757497973655769	0.655478838018893	0.757497973407488
1	1.11567007821119	1.14897297572303	1.11567007829294	1.09358791721038	1.1894073235121	1.20699105877356	1.18940732363179	1.15152970218999	1.19340569789193	1.23829622146774	1.19340569787076	1.09394114443562	1.19121449832168	1.21153550349837	1.19121449820897	0.894332047828907	0.823512889607841	0.666233726659288	0.823512889867562	0.728001757982255	0.755866626416294	0.646616598457128	0.755866626624161	0.665825524927315	0.621634065433095	0.603327749323363	0.621634065403148	0.729562884394177	0.760067380703086	0.654556819794878	0.760067380511416
1	1.11500921754949	1.14822881351684	1.11500921761664	1.09378787673766	1.1903112225819	1.20608287702275	1.19031122267581	1.15272017676173	1.1937717930475	1.23714855342435	1.19377179303097	1.09417421979565	1.19227934571551	1.2107458399024	1.19227934562844	0.894366654311293	0.822484954693877	0.665680574865608	0.822484954902675	0.728035019679693	0.757567538868539	0.645630405412676	0.75756753903069	0.667632849147722	0.622074739166878	0.602114275874596	0.622074739143958	0.72970472895146	0.762053183667054	0.653753819086449	0.76205318351963
1	1.11447617441527	1.14766445561597	1.11447617446933	1.09393924750699	1.1910084574204	1.20533100046596	1.19100845749366	1.15369847851529	1.19406227089241	1.23623994440769	1.19406227087971	1.0943525332987	1.19310683756883	1.21008872950297	1.19310683750182	0.894387644203977	0.821624571986994	0.665269995430914	0.821624572152039	0.728056367807213	0.75886584445148	0.644805789169532	0.758865844577071	0.669119790595341	0.622421926755615	0.601163537160295	0.622421926738289	0.72981229037661	0.763577502507557	0.653073408265375	0.763577502394704
1	1.11405064403451	1.14723931898001	1.11405064407731	1.09405394023122	1.1915428649635	1.20471822224508	1.19154286502028	1.1544940073431	1.19429115498753	1.23553010762536	1.1942911549779	1.09448877493089	1.19374500845037	1.2095505075786	1.19374500839904	0.894400375217485	0.820917879771234	0.664968035381778	0.820917879899924	0.728070779988155	0.759853104520489	0.644128920859353	0.759853104617083	0.670330477642567	0.622693899096444	0.600426185142342	0.622693899083466	0.729894436625772	0.764742156499902	0.652508780199722	0.764742156413927
1	1.11371364943733	1.14692033559222	1.11371364947076	1.094141077026	1.19195063249279	1.20422488584238	1.1919506325365	1.1551356042957	1.19447059406164	1.23498074326956	1.1944705940544	1.09459293873852	1.19423448647609	1.20911516736631	1.19423448643694	0.894408096967542	0.820345837517527	0.664747415910717	0.820345837616794	0.728081158067343	0.760602138572738	0.643581154527626	0.760602138646569	0.671308174426251	0.622906081208799	0.599858348842944	0.622906081199137	0.72995764940042	0.76562937599237	0.652047746920219	0.765629375927153
1	1.11344843885718	1.14668149471708	1.11344843888302	1.09420750351271	1.19226084139307	1.20383150569386	1.19226084142652	1.15564967641696	1.19461074526721	1.2345583339881	1.1946107452618	1.09467270492969	1.19460850794018	1.20876656791312	1.19460850791045	0.894412780445724	0.819888032675236	0.664586961294702	0.819888032751168	0.728089137859603	0.761169780254065	0.643142721668087	0.761169780310199	0.672092552651815	0.623071143041257	0.599423159825994	0.623071143034091	0.730006642527415	0.76630409606083	0.65167605223855	0.766304096011542
1	1.11324075358523	1.14650279062817	1.11324075360502	1.09425831439527	1.19249640296595	1.20352019857833	1.19249640299142	1.15605939472439	1.19471990642022	1.23423496681974	1.1947199064162	1.09473390488862	1.19489361168639	1.20848968309431	1.1948936116639	0.894415621118858	0.819524907940046	0.664470615785389	0.819524907997757	0.728095612096665	0.761599810088249	0.642794820658383	0.761599810130744	0.672718492724578	0.623199294365936	0.599090697400473	0.623199294360632	0.73004485096408	0.766816801340503	0.65137939119574	0.766816801303365
1	1.11307875542931	1.14636905502959	1.11307875544438	1.09429729836314	1.19267511033313	1.20327532143393	1.19267511035243	1.15638452378788	1.19480475163478	1.23398812418888	1.1948047516318	1.09478094703738	1.1951106240526	1.2082712039356	1.19511062403564	0.894417344074227	0.819238897433926	0.664386405941015	0.819238897477576	0.728101055316026	0.761925657574231	0.642520643184644	0.761925657606291	0.673215808677811	0.62329865396697	0.598837226964635	0.623298653963049	0.730074796649894	0.767206328405094	0.651144521274737	0.767206328377179
1	1.11295278981102	1.14626889017016	1.11295278982243	1.09432728297346	1.19281064258735	1.20308362563389	1.19281064260192	1.15664159190229	1.19487059157852	1.23380002161475	1.19487059157631	1.09481716465246	1.19527568938502	1.20809973439525	1.19527568937226	0.894418389099509	0.819014867911874	0.664325507653709	0.819014867944771	0.728105717717443	0.762172704048501	0.642305746582882	0.762172704072621	0.673609481962312	0.623375619163303	0.59864420717206	0.623375619160402	0.730098352150108	0.767502345486441	0.650959778400826	0.7675023454655
1	1.11285508671828	1.14619377763545	1.11285508672689	1.09435039039081	1.1929134434825	1.20293414337506	1.19291344349347	1.15684422285727	1.19492161994706	1.23365681216937	1.19492161994543	1.09484508443905	1.19540121709704	1.2079657502353	1.19540121708746	0.894419022939416	0.818840151317075	0.664281472571115	0.818840151341802	0.728109736062155	0.762360154747351	0.642138053877256	0.762360154765463	0.673920142385769	0.623435199505939	0.598497303502972	0.623435199503792	0.730116926151578	0.767727417663451	0.650815228115758	0.767727417647761
1	1.11277945232961	1.14613736636376	1.11277945233611	1.09436822483152	1.19299145186638	1.20281794285813	1.19299145187465	1.15700352585578	1.19496113265649	1.23354781734787	1.19496113265528	1.09486663045211	1.19549669257216	1.20786143173262	1.19549669256497	0.894419407382768	0.818704359495346	0.664249620206935	0.818704359514077	0.728113184480451	0.762502519962234	0.642007662020862	0.762502519975925	0.674164621080568	0.623481303025305	0.598385510498964	0.623481303023689	0.730131587511356	0.767898665599655	0.650702609300026	0.767898665587828
1	1.11272100119097	1.14609494134513	1.11272100119588	1.0943819984307	1.19305068192996	1.20272784846449	1.19305068193619	1.15712847531676	1.19499170002197	1.2334648576658	1.19499170002106	1.09488326391048	1.19556933753935	1.2077804551094	1.19556933753394	0.894419640559454	0.818599106886476	0.664226551153672	0.818599106900582	0.728116146565676	0.762610739036902	0.641906565542089	0.762610739047204	0.674356606061941	0.623516963306868	0.59830042457658	0.623516963305661	0.730143176287465	0.768029056173831	0.650615173893905	0.768029056164946
