1	1.00570063590144	1.01048184704666	1.00570063590143	1.0057006359056	1.0104818470497	1.01515026319417	1.01048184704968	1.01048184705265	1.01515026319659	1.01949437684162	1.01515026319659	1.0057006359056	1.01048184704968	1.01515026319417	1.0104818470497	0.363123898393643	0.303241914287207	0.288442816725332	0.303241914287208	0.303241914315636	0.288442816725656	0.282278708605565	0.288442816725336	0.288442816724629	0.282278708600131	0.276499452393546	0.282278708600131	0.303241914315637	0.288442816725336	0.282278708605566	0.288442816725657
1	1.01884007811576	1.03161062524567	1.01884007811576	1.01884007812661	1.03161062525351	1.04764315928099	1.03161062525347	1.03161062526122	1.04764315928938	1.05791837385065	1.04764315928937	1.01884007812661	1.03161062525347	1.04764315928099	1.03161062525351	0.496709715112062	0.433026234282224	0.392107308485454	0.433026234282224	0.433026234295491	0.39210730848635	0.396951168958697	0.392107308486203	0.392107308486781	0.396951168964487	0.376583068575665	0.396951168964488	0.433026234295492	0.392107308486203	0.396951168958698	0.392107308486351
1	1.02582871130436	1.04554618938399	1.02582871130436	1.02582871144656	1.04554618947441	1.06424805755975	1.0455461894746	1.04554618956918	1.06424805771945	1.07560303232972	1.06424805771945	1.02582871144656	1.0455461894746	1.06424805755975	1.04554618947441	0.545853190687379	0.480761535410683	0.459846467468244	0.480761535410683	0.480761535413029	0.459846467217522	0.440595657836723	0.459846467219005	0.459846466998779	0.440595658052843	0.412984142924173	0.440595658052844	0.48076153541303	0.459846467219006	0.440595657836724	0.459846467217523
1	1.02844251672339	1.05271267074471	1.02844251672339	1.02844251676207	1.05271267068615	1.07047445793512	1.05271267068638	1.05271267063772	1.07047445801211	1.08181300512547	1.07047445801211	1.02844251676207	1.05271267068638	1.07047445793512	1.05271267068615	0.563932064976026	0.496926296969187	0.484805770903093	0.496926296969187	0.49692629695751	0.484805770365517	0.455929525449942	0.484805770366487	0.484805769883916	0.455929525579935	0.425763566068411	0.455929525579935	0.496926296957511	0.484805770366487	0.455929525449943	0.484805770365518
1	1.02933505252257	1.05558732047557	1.02933505252257	1.02933505253683	1.05558732031748	1.07267401227202	1.05558732031761	1.05558732017524	1.07267401230149	1.08395700167988	1.07267401230149	1.02933505253683	1.05558732031761	1.07267401227202	1.05558732031747	0.570582911154229	0.502391450137576	0.493717242977842	0.502391450137576	0.502391450160409	0.493717242073617	0.461363578963876	0.493717242074032	0.493717241250772	0.461363578990415	0.430324847924591	0.461363578990416	0.50239145016041	0.493717242074032	0.461363578963876	0.493717242073617
1	1.02939903741603	1.05726836103429	1.02939903741603	1.02939903741124	1.05726836156279	1.07277031167378	1.05726836156285	1.05726836210222	1.07277031183357	1.09331597050824	1.07277031183357	1.02939903741124	1.05726836156285	1.07277031167378	1.05726836156279	0.573029620928196	0.501153714686222	0.501074329835598	0.501153714686223	0.501153714153634	0.501074333620231	0.460017221364852	0.501074333620413	0.501074337438865	0.4600172219885	0.464854732356994	0.460017221988501	0.501153714153635	0.501074333620413	0.460017221364852	0.501074333620232
1	1.02924455261839	1.05723079614315	1.02924455261839	1.0292445526064	1.05723079654693	1.07238180759148	1.05723079654696	1.05723079695557	1.072381807715	1.10553122017775	1.072381807715	1.0292445526064	1.05723079654696	1.07238180759148	1.05723079654693	0.5739297151557	0.501412689076642	0.498994829205541	0.501412689076643	0.501412688916646	0.498994830171747	0.460271841872618	0.498994830171817	0.498994831150722	0.460271842132699	0.496514753318927	0.460271842132699	0.501412688916647	0.498994830171817	0.460271841872618	0.498994830171748
1	1.02899560260663	1.05241866088815	1.02899560260663	1.02899560261834	1.05241866106249	1.07178118190468	1.0524186610625	1.05241866123857	1.07178118197344	1.11972183567295	1.07178118197344	1.02899560261834	1.0524186610625	1.07178118190468	1.05241866106249	0.574260841319834	0.497870470744058	0.466095609060631	0.497870470744059	0.497870470727041	0.466095609518204	0.457056088776639	0.466095609518228	0.466095609979783	0.457056088886942	0.530374307994754	0.457056088886942	0.497870470727042	0.466095609518228	0.457056088776639	0.466095609518206
1	1.02856561801769	1.04798787070486	1.02856561801769	1.02856561802715	1.04798787077217	1.07073202471524	1.04798787077217	1.04798787084003	1.07073202474708	1.12878495392519	1.07073202474708	1.02856561802715	1.04798787077217	1.07073202471524	1.04798787077217	0.574382655828024	0.492810648808561	0.44810733579178	0.492810648808562	0.492810648815843	0.448107335935722	0.452436524424272	0.44810733593573	0.448107336080889	0.452436524475166	0.543477236908451	0.452436524475166	0.492810648815844	0.44810733593573	0.452436524424272	0.448107335935723
1	1.02821329540108	1.04584414105788	1.02821329540108	1.02821329540596	1.04584414108089	1.06989064009064	1.04584414108089	1.04584414110406	1.06989064010453	1.13267218671904	1.06989064010453	1.02821329540596	1.04584414108089	1.06989064009064	1.04584414108089	0.574427468881029	0.489874750338216	0.441429218918287	0.489874750338217	0.489874750345859	0.441429218964679	0.449779256505899	0.441429218964682	0.441429219011453	0.449779256528357	0.548090254978584	0.449779256528358	0.48987475034586	0.441429218964682	0.449779256505899	0.441429218964681
1	1.02800987561323	1.0450009895828	1.02800987561323	1.02800987561548	1.0450009895905	1.06941124340976	1.0450009895905	1.04500098959825	1.06941124341568	1.13413682141345	1.06941124341568	1.02800987561548	1.0450009895905	1.06941124340976	1.0450009895905	0.57444395468192	0.488435582281581	0.438972160749032	0.488435582281582	0.488435582286099	0.438972160764098	0.448474817729677	0.438972160764099	0.438972160779282	0.448474817739406	0.549704265048633	0.448474817739407	0.488435582286099	0.438972160764099	0.448474817729678	0.438972160764099
1	1.02790849115123	1.04468580429507	1.02790849115123	1.02790849115222	1.04468580429765	1.06917292092292	1.04468580429765	1.04468580430024	1.06917292092541	1.13467027520004	1.06917292092541	1.02790849115222	1.04468580429765	1.06917292092292	1.04468580429765	0.574450019469254	0.487775092632502	0.438060826613144	0.487775092632503	0.487775092634755	0.43806082661806	0.447871700392953	0.438060826618061	0.438060826623017	0.447871700397107	0.550273468901611	0.447871700397107	0.487775092634756	0.438060826618061	0.447871700392954	0.438060826618062
1	1.02786144643688	1.04456899118997	1.02786144643688	1.0278614464373	1.04456899119084	1.06906182674353	1.04456899119084	1.04456899119171	1.06906182674457	1.13486424620817	1.06906182674457	1.0278614464373	1.04456899119084	1.06906182674353	1.04456899119084	0.574452250580125	0.487482432439503	0.43771925979339	0.487482432439505	0.487482432440541	0.437719259795001	0.447601677603988	0.437719259795002	0.437719259796627	0.447601677605743	0.550476848217924	0.447601677605743	0.487482432440542	0.437719259795002	0.447601677603989	0.437719259795003
1	1.0278404667674	1.04452549143019	1.0278404667674	1.02784046676758	1.04452549143048	1.06901185471859	1.04452549143048	1.04452549143078	1.06901185471902	1.13493547136674	1.06901185471902	1.02784046676758	1.04452549143048	1.06901185471859	1.04452549143048	0.574453071359796	0.487355562501237	0.437589855473013	0.487355562501238	0.487355562501693	0.437589855473543	0.447483258051297	0.437589855473544	0.437589855474081	0.447483258052031	0.550550616784951	0.447483258052032	0.487355562501693	0.437589855473544	0.447483258051297	0.437589855473544
1	1.02783133676449	1.04450914456443	1.02783133676449	1.02783133676456	1.04450914456453	1.06898987491751	1.04450914456453	1.04450914456464	1.06898987491769	1.13496198004806	1.06898987491769	1.02783133676456	1.04450914456453	1.06898987491751	1.04450914456453	0.574453373307967	0.487301367427894	0.437540314772423	0.487301367427895	0.487301367428089	0.4375403147726	0.447432070599703	0.437540314772601	0.437540314772779	0.447432070600008	0.550577793056008	0.447432070600008	0.48730136742809	0.437540314772601	0.447432070599703	0.437540314772601
