1	2.36437925900445	2.0728585367375	2.36437925900448	2.36437925846311	1.85374231298856	2.88669248358646	1.85374231268089	2.07285853694585	2.88669248460386	2.88915152570054	2.88669248460388	2.36437925846314	1.85374231268089	2.88669248358648	1.85374231298858	4	0.668655745049925	0.400691444033441	0.668655745049939	0.668655744856648	0.344459633560774	0.487935678104113	0.344459633480139	0.400691444081839	0.487935678297873	0.422973719815024	0.487935678297878	0.668655744856663	0.344459633480139	0.487935678104118	0.344459633560782
1	2.75209593337469	2.04602918280255	2.75209593337472	2.75209593302937	1.79055478710133	2.98910651348741	1.79055478705129	2.04602918282917	2.98910651411784	2.6826288981735	2.98910651411786	2.7520959330294	1.79055478705129	2.98910651348743	1.79055478710135	4	0.797256838339959	0.392469830562177	0.797256838339975	0.797256838226607	0.326571747824242	0.505694877056982	0.326571747810978	0.39246983056982	0.505694877177481	0.387012951107482	0.505694877177486	0.797256838226623	0.326571747810978	0.505694877056987	0.326571747824249
1	2.96383542991561	2.01257990642747	2.96383542991564	2.96383542968526	1.77068877634041	2.95817468135293	1.77068877633253	2.01257990641004	2.95817468173385	2.51364671467611	2.95817468173387	2.96383542968529	1.77068877633253	2.95817468135295	1.77068877634043	4	0.868021505946894	0.384228056859202	0.868021505946912	0.8680215058728	0.321468574416353	0.500072184681373	0.321468574414254	0.384228056855682	0.500072184754465	0.358741354553794	0.50007218475447	0.868021505872817	0.321468574414254	0.500072184681378	0.32146857441636
1	3.10194906162189	1.9963286042622	3.10194906162193	3.10194906145858	1.76590449261437	2.90864524308375	1.76590449261314	1.99632860423733	2.90864524330559	2.42442967839641	2.90864524330561	3.10194906145861	1.76590449261314	2.90864524308377	1.76590449261439	4	0.913953298559246	0.38027589865796	0.913953298559264	0.913953298507315	0.320338162502836	0.490832020040351	0.320338162502509	0.380275898652372	0.49083202008312	0.34371811039383	0.490832020083125	0.913953298507332	0.320338162502509	0.490832020040356	0.320338162502843
1	3.19751005590214	1.98839784775221	3.19751005590217	3.19751005578093	1.76456435646181	2.86297672600337	1.76456435646163	1.98839784772909	2.8629767261278	2.37875315350947	2.86297672612782	3.19751005578097	1.76456435646163	2.86297672600339	1.76456435646183	4	0.945638952290553	0.378385207762049	0.945638952290571	0.94563895225227	0.320088022298987	0.482245493698877	0.320088022298938	0.378385207756739	0.482245493722995	0.336012581956465	0.482245493723	0.945638952252288	0.320088022298938	0.482245493698882	0.320088022298994
1	3.26558502750068	1.98411563887985	3.26558502750072	3.26558502740748	1.76407662151112	2.82646832085741	1.7640766215111	1.9841156388601	2.8264683209247	2.35388513541824	2.82646832092472	3.26558502740752	1.7640766215111	2.82646832085743	1.76407662151114	4	0.968174367032697	0.377389653023108	0.968174367032715	0.968174367003385	0.320038769953277	0.475355585617702	0.320038769953272	0.377389653018532	0.475355585630831	0.331824998743329	0.475355585630836	0.968174367003403	0.320038769953272	0.475355585617707	0.320038769953284
1	3.31481290192297	1.98150224651657	3.314812901923	3.31481290184939	1.76382570087277	2.79893653032244	1.76382570087277	1.98150224650004	2.79893653035739	2.33903571871919	2.79893653035741	3.31481290184942	1.76382570087277	2.79893653032246	1.76382570087278	4	0.984456520779453	0.376795606408827	0.98445652077947	0.98445652075638	0.320033226342307	0.470149437082903	0.320033226342309	0.376795606404979	0.470149437089787	0.329332223868545	0.470149437089792	0.984456520756398	0.320033226342309	0.470149437082908	0.320033226342315
1	3.35068156282225	1.97974088599274	3.35068156282228	3.35068156276296	1.76365227785786	2.77869894200915	1.76365227785787	1.97974088597892	2.77869894202636	2.32939374119591	2.77869894202638	3.350681562763	1.76365227785787	2.77869894200916	1.76365227785788	4	0.99631458636393	0.376401033891393	0.996314586363948	0.99631458634538	0.320033519022169	0.466318538712118	0.320033519022172	0.376401033888169	0.466318538715562	0.327718032279102	0.466318538715566	0.996314586345398	0.320033519022172	0.466318538712123	0.320033519022176
1	3.37691212535369	1.97848004652896	3.37691212535373	3.37691212530525	1.7635145940355	2.76397712680206	1.76351459403551	1.97848004651741	2.7639771268099	2.32275890258073	2.76397712680992	3.37691212530529	1.76351459403551	2.76397712680208	1.76351459403551	4	1.00498414343612	0.376120555909006	1.00498414343614	1.00498414342099	0.320031912951075	0.463530235438486	0.320031912951079	0.376120555906307	0.4635302354401	0.326609265506869	0.463530235440105	1.00498414342101	0.320031912951079	0.46353023543849	0.320031912951082
1	3.39612666061704	1.97755112911385	3.39612666061707	3.39612666057709	1.76340196518706	2.75330150822722	1.76340196518707	1.97755112910417	2.75330150823018	2.31803689373381	2.7533015082302	3.39612666057713	1.76340196518707	2.75330150822724	1.76340196518708	4	1.01133392593303	0.375914388426209	1.01133392593305	1.01133392592056	0.320028209813447	0.461507745954969	0.32002820981345	0.375914388423946	0.461507745955625	0.325820934948723	0.461507745955629	1.01133392592058	0.32002820981345	0.461507745954973	0.320028209813454
1	3.41021181371199	1.97685955536375	3.41021181371202	3.41021181367884	1.76331084406936	2.74555898968749	1.76331084406936	1.97685955535564	2.74555898968807	2.31461733526864	2.74555898968809	3.41021181367887	1.76331084406936	2.74555898968751	1.76331084406938	4	1.01598824740717	0.375760905846498	1.01598824740719	1.01598824739683	0.320023553761694	0.460040760645476	0.320023553761695	0.375760905844601	0.460040760645658	0.32525032367769	0.460040760645663	1.01598824739685	0.320023553761695	0.460040760645481	0.320023553761701
1	3.42053955008474	1.97634380267252	3.42053955008477	3.4205395500571	1.76323860019765	2.73993572049504	1.76323860019766	1.97634380266573	2.73993572049452	2.31212060119565	2.73993572049453	3.42053955005714	1.76323860019766	2.73993572049506	1.76323860019767	4	1.01940080529602	0.375646353674038	1.01940080529604	1.01940080528741	0.320018878835534	0.458975268085583	0.320018878835537	0.375646353672449	0.45897526808554	0.324833785490914	0.458975268085545	1.01940080528742	0.320018878835537	0.458975268085587	0.320018878835541
1	3.42811264150113	1.97595985937958	3.42811264150117	3.42811264147803	1.76318240306463	2.73584449875808	1.76318240306465	1.97595985937389	2.73584449875713	2.31029119046879	2.73584449875715	3.42811264147806	1.76318240306465	2.7358444987581	1.76318240306465	4	1.02190308615343	0.375560994433371	1.02190308615345	1.02190308614623	0.32001469336509	0.458200060821839	0.320014693365096	0.375560994432037	0.458200060821705	0.324528603270529	0.458200060821709	1.02190308614625	0.320014693365096	0.458200060821843	0.320014693365097
1	3.43366567976957	1.97567483718114	3.4336656797696	3.43366567975022	1.7631393547972	2.73286302505615	1.76313935479722	1.97567483717637	2.73286302505508	2.30894897139652	2.7328630250551	3.43366567975025	1.76313935479722	2.73286302505617	1.76313935479722	4	1.02373787466186	0.375497570836104	1.02373787466187	1.02373787465583	0.320011188490933	0.457635133069672	0.320011188490937	0.375497570834985	0.457635133069507	0.324304697812347	0.457635133069512	1.02373787465585	0.320011188490937	0.457635133069677	0.32001118849094
1	3.43773729255742	1.97546383234174	3.43773729255745	3.43773729254118	1.7631067627543	2.73068725686579	1.76310676275431	1.97546383233773	2.73068725686473	2.30796386324571	2.73068725686475	3.43773729254121	1.76310676275431	2.73068725686581	1.76310676275432	4	1.02508316795504	0.37545058295748	1.02508316795505	1.02508316794998	0.32000837426441	0.457222874516182	0.320008374264413	0.375450582956541	0.457222874516012	0.324140362140372	0.457222874516017	1.02508316794999	0.320008374264412	0.457222874516187	0.320008374264417
1	3.44072253579549	1.97530799085544	3.44072253579552	3.44072253578188	1.76308230098799	2.72909769746537	1.763082300988	1.97530799085209	2.7290976974644	2.30724088814149	2.72909769746442	3.44072253578192	1.763082300988	2.72909769746539	1.76308230098801	4	1.02606950874698	0.375415859017356	1.026069508747	1.02606950874274	0.32000617603443	0.456921692452812	0.320006176034433	0.375415859016569	0.456921692452652	0.324019755190597	0.456921692452657	1.02606950874276	0.320006176034433	0.456921692452816	0.320006176034437
1	3.4429111697795	1.9751931074106	3.44291116977954	3.44291116976808	1.76306405812109	2.72793540723747	1.7630640581211	1.9751931074078	2.72793540723662	2.30671039670604	2.72793540723663	3.44291116976812	1.7630640581211	2.72793540723749	1.76306405812111	4	1.02679264183088	0.375390249871021	1.0267926418309	1.02679264182733	0.32000449072393	0.456701469509424	0.320004490723934	0.375390249870365	0.456701469509283	0.323931255820581	0.456701469509287	1.02679264182734	0.320004490723934	0.456701469509429	0.320004490723938
1	3.44451571015351	1.97510854028392	3.44451571015354	3.44451571014391	1.76305051655437	2.72708498360666	1.76305051655438	1.97510854028155	2.72708498360594	2.30632121797692	2.72708498360595	3.44451571014395	1.76305051655438	2.72708498360667	1.76305051655439	4	1.02732278625435	0.375371392390885	1.02732278625437	1.02732278625137	0.320003215184896	0.456540338147615	0.320003215184898	0.375371392390329	0.456540338147497	0.323866331184531	0.456540338147501	1.02732278625138	0.320003215184898	0.45654033814762	0.320003215184903
1	3.44569200350083	1.97504635730844	3.44569200350086	3.44569200349277	1.76304049872405	2.72646244184691	1.76304049872405	1.97504635730644	2.72646244184629	2.30603576540871	2.72646244184631	3.4456920034928	1.76304049872406	2.72646244184693	1.76304049872407	4	1.02771143579935	0.375357522943748	1.02771143579937	1.02771143579684	0.320002258489054	0.456422384841215	0.320002258489056	0.375357522943279	0.456422384841113	0.323818708074669	0.456422384841118	1.02771143579686	0.320002258489056	0.45642238484122	0.320002258489061
1	3.44655432949303	1.9750006710655	3.44655432949307	3.44655432948624	1.76303310616154	2.72600655360426	1.76303310616154	1.97500067106383	2.72600655360374	2.3058264183006	2.72600655360376	3.44655432948627	1.76303310616154	2.72600655360427	1.76303310616156	4	1.0279963493949	0.375347331088353	1.02799634939492	1.02799634939279	0.320001545485427	0.456336007752167	0.320001545485428	0.37534733108796	0.456336007752083	0.323783783360065	0.456336007752087	1.0279963493928	0.320001545485428	0.456336007752172	0.320001545485434
1	3.4471864792611	1.97496712513268	3.44718647926114	3.44718647925539	1.76302766055098	2.72567261570139	1.76302766055099	1.97496712513127	2.72567261570093	2.30567290908388	2.72567261570094	3.44718647925543	1.76302766055099	2.7256726157014	1.763027660551	4	1.02820521223297	0.375339846558071	1.02820521223298	1.02820521223119	0.320001016524339	0.456272736864484	0.320001016524342	0.375339846557741	0.456272736864407	0.3237581726941	0.456272736864412	1.02820521223121	0.320001016524342	0.456272736864489	0.320001016524346
1	3.44764988723413	1.97494250451272	3.44764988723416	3.44764988722932	1.76302365449623	2.72542795849835	1.76302365449624	1.97494250451155	2.72542795849795	2.30556035140016	2.72542795849796	3.44764988722936	1.76302365449624	2.72542795849836	1.76302365449624	4	1.02835832249083	0.37533435284215	1.02835832249085	1.02835832248933	0.320000625395287	0.456226382016685	0.320000625395293	0.375334352841875	0.456226382016618	0.323739394183592	0.456226382016622	1.02835832248935	0.320000625395293	0.456226382016689	0.320000625395294
1	3.44798959317926	1.97492444037804	3.44798959317929	3.44798959317519	1.76302071023933	2.72524868606258	1.76302071023934	1.97492444037706	2.72524868606224	2.30547782651069	2.72524868606226	3.44798959317522	1.76302071023934	2.72524868606259	1.76302071023935	4	1.028470561449	0.375330321812874	1.02847056144902	1.02847056144773	0.320000336856885	0.456192415579015	0.320000336856889	0.375330321812644	0.456192415578959	0.323725626322731	0.456192415578963	1.02847056144775	0.320000336856889	0.45619241557902	0.320000336856892
1	3.448238616432	1.97491118989969	3.44823861643203	3.44823861642859	1.76301854785854	2.7251173102354	1.76301854785855	1.97491118989885	2.72511731023511	2.30541732403268	2.72511731023513	3.44823861642862	1.76301854785855	2.72511731023542	1.76301854785855	4	1.02855283876522	0.375327364790864	1.02855283876523	1.02855283876415	0.32000012435746	0.456167524035304	0.320000124357464	0.375327364790668	0.456167524035255	0.323715532932783	0.456167524035259	1.02855283876417	0.320000124357464	0.456167524035308	0.320000124357467
1	3.44842116325817	1.97490147202876	3.4484211632582	3.44842116325529	1.76301696050212	2.72502102665653	1.76301696050212	1.97490147202806	2.72502102665629	2.30537297047046	2.72502102665631	3.44842116325532	1.76301696050212	2.72502102665655	1.76301696050214	4	1.02861315226598	0.375325196057554	1.028613152266	1.02861315226509	0.319999968075887	0.456149281451342	0.319999968075888	0.375325196057389	0.4561492814513	0.323708132410787	0.456149281451305	1.0286131522651	0.319999968075888	0.456149281451347	0.319999968075895
1	3.44855497926808	1.9748943459798	3.44855497926811	3.44855497926569	1.76301579577376	2.72495045812581	1.76301579577377	1.97489434597921	2.72495045812563	2.30534045319175	2.72495045812565	3.44855497926572	1.76301579577377	2.72495045812583	1.76301579577378	4	1.02865736507368	0.375323605686263	1.0286573650737	1.02865736507293	0.319999853237011	0.456135911002075	0.319999853237014	0.375323605686126	0.456135911002045	0.323702707354952	0.456135911002049	1.02865736507295	0.319999853237015	0.456135911002079	0.319999853237018
1	3.44865307276831	1.97488912091516	3.44865307276834	3.44865307276632	1.76301494132653	2.72489873436496	1.76301494132654	1.97488912091468	2.72489873436483	2.30531661512647	2.72489873436485	3.44865307276635	1.76301494132654	2.72489873436498	1.76301494132655	4	1.02868977514225	0.375322439531328	1.02868977514226	1.02868977514163	0.319999768885162	0.456126110984827	0.319999768885164	0.375322439531214	0.456126110984806	0.323698731020165	0.45612611098481	1.02868977514164	0.319999768885164	0.456126110984832	0.319999768885169
1	3.44872497970981	1.97488528997703	3.44872497970984	3.44872497970816	1.7630143146213	2.72486082176189	1.76301431462131	1.97488528997661	2.72486082176176	2.30529913968557	2.72486082176178	3.44872497970819	1.76301431462131	2.7248608217619	1.76301431462131	4	1.02871353313252	0.375321584471023	1.02871353313254	1.02871353313201	0.319999706927932	0.456118927627061	0.319999706927936	0.375321584470926	0.45611892762704	0.323695817871202	0.456118927627044	1.02871353313203	0.319999706927936	0.456118927627065	0.319999706927939
1	3.44877769013725	1.97488248119818	3.44877769013728	3.44877769013585	1.76301385490674	2.72483303107712	1.76301385490675	1.97488248119782	2.72483303107704	2.30528633603619	2.72483303107706	3.44877769013589	1.76301385490675	2.72483303107714	1.76301385490676	4	1.02873094871584	0.375320957642872	1.02873094871586	1.02873094871541	0.319999661527248	0.456113662389911	0.319999661527253	0.375320957642788	0.456113662389899	0.323693678747642	0.456113662389903	1.02873094871543	0.319999661527254	0.456113662389916	0.319999661527256
1	3.44881632992742	1.97488042232585	3.44881632992745	3.44881632992625	1.76301351804868	2.72481266146552	1.76301351804869	1.97488042232558	2.72481266146547	2.30527694277153	2.72481266146549	3.44881632992628	1.76301351804869	2.72481266146554	1.7630135180487	4	1.02874371529995	0.375320498133458	1.02874371529997	1.02874371529959	0.319999628244917	0.456109803026812	0.31999962824492	0.375320498133395	0.456109803026806	0.323692111447365	0.45610980302681	1.02874371529961	0.31999962824492	0.456109803026817	0.319999628244924
1	3.448844654619	1.97487891286861	3.44884465461903	3.44884465461802	1.76301327098828	2.72479773004104	1.76301327098829	1.97487891286837	2.72479773004101	2.30527005790916	2.72479773004102	3.44884465461805	1.76301327098829	2.72479773004105	1.7630132709883	4	1.02875307377024	0.375320161235073	1.02875307377025	1.02875307376993	0.319999603809996	0.456106974004484	0.319999603809998	0.375320161235017	0.45610697400448	0.323690962911732	0.456106974004484	1.02875307376995	0.319999603809998	0.456106974004488	0.319999603810003
1	3.44886541780731	1.97487780627815	3.44886541780734	3.44886541780649	1.76301308983252	2.72478678481035	1.76301308983253	1.97487780627794	2.72478678481032	2.30526501148115	2.72478678481034	3.44886541780653	1.76301308983253	2.72478678481037	1.76301308983254	4	1.02875993391857	0.375319914248228	1.02875993391859	1.02875993391832	0.31999958588295	0.456104900228407	0.319999585882955	0.37531991424818	0.456104900228404	0.323690121194102	0.456104900228408	1.02875993391834	0.319999585882955	0.456104900228411	0.319999585882957
1	3.44888063805498	1.97487699505408	3.44888063805501	3.44888063805431	1.76301295701108	2.72477876151786	1.76301295701108	1.97487699505391	2.72477876151782	2.30526131295032	2.72477876151784	3.44888063805434	1.76301295701108	2.72477876151788	1.7630129570111	4	1.02876496269141	0.375319733194217	1.02876496269143	1.0287649626912	0.319999572743789	0.456103380095655	0.319999572743791	0.375319733194178	0.456103380095649	0.323689503856921	0.456103380095654	1.02876496269122	0.319999572743791	0.45610338009566	0.319999572743796
1	3.44889179521577	1.97487640040594	3.4488917952158	3.44889179521518	1.76301285966306	2.72477288028929	1.76301285966308	1.97487640040578	2.72477288028926	2.30525860095526	2.72477288028927	3.44889179521522	1.76301285966308	2.72477288028931	1.76301285966308	4	1.02876864901158	0.375319600470258	1.0287686490116	1.0287686490114	0.319999563109607	0.456102265786422	0.319999563109612	0.37531960047022	0.456102265786417	0.323689051542813	0.456102265786421	1.02876864901142	0.319999563109612	0.456102265786427	0.319999563109615
1	3.44889997389514	1.97487596449734	3.44889997389517	3.44889997389464	1.76301278830056	2.72476856917994	1.76301278830058	1.97487596449721	2.72476856917992	2.30525661188203	2.72476856917994	3.44889997389468	1.76301278830058	2.72476856917996	1.76301278830058	4	1.02877135120514	0.375319503141112	1.02877135120516	1.02877135120499	0.319999556013119	0.456101448857607	0.319999556013125	0.375319503141083	0.456101448857604	0.323688721473798	0.456101448857609	1.028771351205	0.319999556013125	0.456101448857612	0.319999556013126
1	3.44890596877197	1.97487564482803	3.44890596877201	3.44890596877155	1.76301273588125	2.72476540831471	1.76301273588127	1.97487564482794	2.72476540831471	2.30525515886376	2.72476540831473	3.44890596877158	1.76301273588127	2.72476540831473	1.76301273588127	4	1.02877333195078	0.375319431826418	1.0287733319508	1.02877333195065	0.319999550844313	0.456100850091266	0.31999955084432	0.375319431826397	0.456100850091266	0.323688477252787	0.45610085009127	1.02877333195067	0.31999955084432	0.456100850091271	0.31999955084432
1	3.44891036370132	1.97487541068344	3.44891036370135	3.44891036370095	1.76301269760421	2.72476309203547	1.76301269760422	1.97487541068337	2.72476309203544	2.30525408899321	2.72476309203546	3.44891036370098	1.76301269760422	2.72476309203549	1.76301269760423	4	1.02877478403368	0.375319379569271	1.0287747840337	1.02877478403357	0.319999547068135	0.456100411230044	0.319999547068139	0.375319379569256	0.45610041123004	0.323688298812532	0.456100411230045	1.02877478403359	0.319999547068139	0.456100411230049	0.319999547068143
1	3.44891358535182	1.97487523897104	3.44891358535185	3.4489135853515	1.76301266948975	2.7247613939739	1.76301266948975	1.97487523897095	2.72476139397388	2.3052533058114	2.72476139397389	3.44891358535153	1.76301266948975	2.72476139397392	1.76301266948977	4	1.02877584847238	0.375319341249955	1.02877584847239	1.02877584847228	0.319999544291258	0.456100089520778	0.319999544291261	0.375319341249934	0.456100089520774	0.323688167882621	0.456100089520779	1.0287758484723	0.319999544291261	0.456100089520783	0.319999544291265
1	3.44891594701945	1.97487511310803	3.44891594701948	3.44891594701917	1.76301264889226	2.72476014929043	1.76301264889227	1.97487511310795	2.72476014929041	2.30525273098708	2.72476014929043	3.4489159470192	1.76301264889227	2.72476014929045	1.76301264889228	4	1.02877662875717	0.375319313149494	1.02877662875719	1.02877662875708	0.319999542246194	0.456099853666562	0.319999542246198	0.375319313149476	0.456099853666559	0.323688072416763	0.456099853666563	1.0287766287571	0.319999542246198	0.456099853666567	0.319999542246201
1	3.44891767811802	1.9748750208073	3.44891767811805	3.44891767811779	1.76301263376342	2.72475923671036	1.76301263376342	1.97487502080722	2.72475923671032	2.30525231061297	2.72475923671034	3.44891767811783	1.76301263376342	2.72475923671037	1.76301263376343	4	1.02877720070903	0.375319292545138	1.02877720070905	1.02877720070896	0.31999954074302	0.456099680754949	0.319999540743024	0.37531929254512	0.456099680754942	0.323688002396555	0.456099680754947	1.02877720070898	0.319999540743024	0.456099680754954	0.319999540743028
1	3.44891894706021	1.97487495315753	3.44891894706024	3.44891894705999	1.76301262268014	2.72475856773995	1.76301262268015	1.97487495315749	2.72475856773991	2.30525200252356	2.72475856773993	3.44891894706003	1.76301262268015	2.72475856773996	1.76301262268016	4	1.02877761996781	0.375319277446343	1.02877761996783	1.02877761996775	0.319999539645215	0.4560995540087	0.319999539645219	0.375319277446332	0.456099554008693	0.323687950964839	0.456099554008697	1.02877761996777	0.319999539645219	0.456099554008704	0.319999539645222
1	3.44891987726047	1.97487490357866	3.4489198772605	3.44891987726026	1.76301261456336	2.72475807739512	1.76301261456337	1.97487490357861	2.7247580773951	2.30525177644541	2.72475807739512	3.4489198772603	1.76301261456337	2.72475807739514	1.76301261456338	4	1.02877792730435	0.375319266379435	1.02877792730437	1.02877792730429	0.319999538840891	0.456099461100445	0.319999538840894	0.375319266379424	0.456099461100443	0.323687913307018	0.456099461100447	1.02877792730431	0.319999538840894	0.45609946110045	0.319999538840898
1	3.44892055911882	1.97487486722781	3.44892055911885	3.44892055911862	1.7630126086071	2.72475771792303	1.76301260860711	1.97487486722778	2.72475771792305	2.30525161106657	2.72475771792307	3.44892055911866	1.76301260860711	2.72475771792305	1.76301260860712	4	1.02877815259666	0.375319258272036	1.02877815259667	1.0287781525966	0.319999538256289	0.456099393010802	0.319999538256294	0.375319258272028	0.456099393010807	0.323687885426484	0.456099393010812	1.02877815259661	0.319999538256294	0.456099393010807	0.319999538256297
1	3.44892105909803	1.9748748406454	3.44892105909806	3.44892105909789	1.76301260429306	2.72475745474024	1.76301260429307	1.97487484064536	2.72475745474029	2.30525148613158	2.72475745474031	3.44892105909792	1.76301260429307	2.72475745474026	1.76301260429308	4	1.02877831770696	0.375319252263555	1.02877831770698	1.02877831770691	0.319999537763598	0.456099342909666	0.319999537763602	0.375319252263546	0.456099342909674	0.323687868258303	0.456099342909679	1.02877831770693	0.319999537763602	0.45609934290967	0.319999537763605
1	3.44892142469941	1.97487482088543	3.44892142469944	3.44892142469926	1.76301260090221	2.72475726044767	1.76301260090222	1.97487482088538	2.72475726044768	2.3052514048074	2.7247572604477	3.44892142469929	1.76301260090222	2.72475726044769	1.76301260090223	4	1.02877843857204	0.375319247911858	1.02877843857205	1.02877843857199	0.319999537458672	0.456099306299658	0.319999537458675	0.375319247911845	0.456099306299659	0.323687851485548	0.456099306299663	1.02877843857201	0.319999537458675	0.456099306299662	0.319999537458679
1	3.44892169348317	1.97487480676401	3.4489216934832	3.44892169348304	1.76301259870376	2.72475711945151	1.76301259870377	1.97487480676395	2.72475711945153	2.30525133590061	2.72475711945155	3.44892169348307	1.76301259870377	2.72475711945152	1.76301259870378	4	1.02877852735981	0.375319244748807	1.02877852735982	1.02877852735977	0.319999537248825	0.456099279532576	0.319999537248828	0.375319244748792	0.45609927953258	0.323687840840194	0.456099279532585	1.02877852735979	0.319999537248828	0.45609927953258	0.319999537248832
