1	1.0048150386419	1.00894958787308	1.0048150386419	1.00482807225693	1.00911996879471	1.01304591550058	1.00911996879479	1.00893066525485	1.01301518410532	1.01678786655018	1.01301518410532	1.00482807225693	1.00911996879479	1.01304591550058	1.00911996879471	0.424037887666661	0.325073732000302	0.311293277178588	0.325073732000303	0.326150486814564	0.315106193978129	0.306390198629909	0.315106193979744	0.311418496339664	0.30612698434004	0.300232554123457	0.306126984340041	0.326150486814565	0.315106193979744	0.306390198629909	0.31510619397813
1	1.0216828244448	1.03708112256287	1.0216828244448	1.02187284561463	1.03867604964639	1.05498493387304	1.03867604964655	1.03721215302104	1.05488415968298	1.06789114617488	1.05488415968298	1.02187284561463	1.03867604964655	1.05498493387304	1.03867604964639	0.580032708682657	0.4863236177405	0.445747007203322	0.486323617740501	0.487657740641761	0.456251018752907	0.445445241914877	0.456251018753526	0.445800040457057	0.444701867082632	0.42714692034599	0.444701867082632	0.487657740641762	0.456251018753526	0.445445241914877	0.456251018752908
1	1.03202814009857	1.05181654900471	1.03202814009857	1.03234964571553	1.05837369677772	1.07904782655286	1.05837369677793	1.05218622101053	1.07911791549245	1.09437713706749	1.07911791549245	1.03234964571553	1.05837369677793	1.07904782655286	1.05837369677772	0.637419996224031	0.555148930043206	0.497003664606016	0.555148930043207	0.555737147139515	0.535300606233984	0.506098119105651	0.53530060623506	0.497068853549783	0.505913912308107	0.477561727269618	0.505913912308108	0.555737147139516	0.53530060623506	0.506098119105652	0.535300606233985
1	1.03699958156213	1.05823817687544	1.03699958156213	1.03590413674759	1.06785045742407	1.0896484407519	1.06785045742435	1.05639014469048	1.08835089846503	1.10412471834608	1.08835089846503	1.03590413674759	1.06785045742435	1.0896484407519	1.06785045742407	0.658531599479435	0.580434058185057	0.515429652309117	0.580434058185058	0.580953653679211	0.566690462176624	0.530738613586747	0.566690462177851	0.515204575412965	0.529250942660737	0.496733829269428	0.529250942660738	0.580953653679212	0.566690462177851	0.530738613586747	0.566690462176625
1	1.03895288268979	1.06065506094946	1.03895288268979	1.03703708292245	1.07165418613093	1.0939776433122	1.07165418613133	1.05750911010617	1.09163956217956	1.10763184208529	1.09163956217956	1.03703708292245	1.07165418613133	1.0939776433122	1.07165418613093	0.666298124276739	0.58954021463132	0.522125712058956	0.589540214631321	0.59001978258687	0.578465360095258	0.540655074202794	0.578465360097105	0.521584428036833	0.537939872294831	0.504099299939171	0.537939872294832	0.59001978258687	0.578465360097104	0.540655074202794	0.578465360095259
1	1.03837345820482	1.06847500507127	1.03837345820482	1.03833506975096	1.07247730209933	1.09445785777941	1.07247730183933	1.0622942565344	1.0935211889357	1.11646862975861	1.0935211889357	1.03833506975096	1.07247730183933	1.09445785777941	1.07247730209933	0.669155269307065	0.592334402018831	0.583156573772594	0.592334402018832	0.593640859650623	0.581151606453558	0.544855363752609	0.58115160483918	0.544585882196408	0.542414994673276	0.535250099830706	0.542414994673276	0.593640859650624	0.58115160483918	0.54485536375261	0.581151606453559
1	1.03791234659534	1.07615783744791	1.03791234659534	1.03872111657277	1.07211257131783	1.09436275416427	1.07211257109104	1.0643438591352	1.09384481067832	1.12343300792605	1.09384481067832	1.03872111657277	1.07211257109105	1.09436275416427	1.07211257131783	0.670206354221694	0.592055777378823	0.610422560602773	0.592055777378824	0.594782058631298	0.579827921107018	0.545955557914785	0.579827920403259	0.546605366333612	0.542877310713174	0.548551770653932	0.542877310713174	0.594782058631299	0.579827920403259	0.545955557914786	0.579827921107019
1	1.03752956280265	1.07978823820764	1.03752956280265	1.03896771051792	1.07165109863073	1.09414705785025	1.07165109851987	1.06469356660546	1.09386684409741	1.12680552263567	1.09386684409741	1.03896771051792	1.07165109851987	1.09414705785025	1.07165109863072	0.670593026751928	0.591457217938048	0.62133568423196	0.591457217938049	0.595169568128662	0.5784265876773	0.54615930480534	0.578426587377122	0.545191079811166	0.542667579985845	0.554100350928435	0.542667579985846	0.595169568128663	0.578426587377122	0.546159304805341	0.578426587677301
1	1.03726810332113	1.08115787047267	1.03726810332113	1.03915204890403	1.07135722216417	1.0939619010869	1.07135722211519	1.06468639949441	1.09389844647688	1.12829228962107	1.09389844647688	1.03915204890403	1.07135722211519	1.0939619010869	1.07135722216417	0.670735275627708	0.591055902731352	0.625548364482436	0.591055902731353	0.595316355227325	0.577584327178749	0.546106718302943	0.577584327050171	0.54392801896371	0.542523817233713	0.556391740832373	0.542523817233714	0.595316355227326	0.577584327050171	0.546106718302943	0.57758432717875
1	1.03712611629145	1.08164290918374	1.03712611629145	1.03925824414785	1.07120222235232	1.09384561425718	1.07120222233117	1.06462846137318	1.09393229347041	1.12892748285011	1.09393229347041	1.03925824414785	1.07120222233117	1.09384561425718	1.07120222235232	0.670787606068028	0.590837588365699	0.627165834415509	0.5908375883657	0.595377523067283	0.577144929199973	0.546019145581508	0.577144929144822	0.543173776025839	0.542467571741876	0.557335052843862	0.542467571741876	0.595377523067284	0.577144929144822	0.546019145581509	0.577144929199974
1	1.03705730203863	1.08181319260832	1.03705730203863	1.03931156721683	1.07112627553283	1.09378146510488	1.07112627552374	1.06458200089938	1.09395690750125	1.1291955380414	1.09395690750125	1.03931156721683	1.07112627552374	1.09378146510488	1.07112627553283	0.670806857361927	0.590728670550558	0.627791245107291	0.590728670550559	0.5954046256958	0.576928523214094	0.545953460998729	0.576928523190418	0.542775336658556	0.542452067561144	0.557723383950275	0.542452067561144	0.595404625695801	0.576928523190418	0.545953460998729	0.576928523214094
1	1.0370255178545	1.08187313762534	1.0370255178545	1.03933688512775	1.07109031750534	1.0937480977917	1.07109031750143	1.0645537342844	1.09397221886139	1.12930812765001	1.09397221886139	1.03933688512775	1.07109031750143	1.0937480977917	1.07109031750534	0.670813939520418	0.590676788807628	0.628036029285527	0.590676788807629	0.595417079894592	0.576825168886227	0.545913373993097	0.576825168876059	0.542576676785045	0.542450763988416	0.557883439009139	0.542450763988416	0.595417079894592	0.576825168876059	0.545913373993097	0.576825168886228
1	1.03701106334083	1.08189417871208	1.03701106334083	1.03934870879658	1.07107361013554	1.09373122610384	1.07107361013386	1.06453856918798	1.09398106693597	1.12935534580839	1.09398106693597	1.03934870879658	1.07107361013386	1.09373122610384	1.07107361013554	0.670816544901172	0.590652736102251	0.628133226284795	0.590652736102252	0.595422938432721	0.57677675639287	0.545891100346438	0.576776756388502	0.542480878130702	0.542453058531946	0.557949505801429	0.542453058531947	0.595422938432721	0.576776756388502	0.545891100346438	0.576776756392871
