1	3.90106961458722	1.78026831385509	3.9010696145873	3.90106961358073	1.63749824080105	1.37104197769638	1.63749824059746	1.7802683139745	1.37104197780583	1.11102609205956	1.37104197780584	3.90106961358081	1.63749824059746	1.37104197769639	1.63749824080108	5.74999999999999	1.16718667283649	0.322378560661315	1.16718667283653	1.16718667249612	0.283815687025491	0.167624048800784	0.28381568696922	0.32237856068792	0.167624048828512	0.0749281733280487	0.167624048828514	1.16718667249615	0.283815686969219	0.167624048800786	0.283815687025502
1	7.03585180914602	1.72513618365916	7.03585180914607	7.03585180756866	1.60910120632901	1.28443811364427	1.60910120630731	1.72513618355637	1.28443811364469	1.08400836350668	1.28443811364469	7.03585180756871	1.60910120630731	1.28443811364428	1.60910120632905	5.74999999999999	2.20233025912091	0.314330191806301	2.20233025912095	2.20233025863941	0.281885279399209	0.147170297633436	0.281885279393016	0.314330191781294	0.147170297634055	0.0661573648064923	0.147170297634057	2.20233025863944	0.281885279393016	0.147170297633438	0.28188527939922
1	9.30894018030744	1.51311211565056	9.30894018030745	9.30894017639491	1.47355246065803	1.21445281387958	1.4735524606566	1.51311211547022	1.21445281386958	1.0661444668855	1.21445281386958	9.30894017639493	1.47355246065661	1.21445281387958	1.47355246065805	5.74999999999999	3.05733749906759	0.265253196363642	3.05733749906762	3.05733749787312	0.25280937264977	0.131432273296807	0.252809372649319	0.265253196316669	0.131432273294958	0.061060543718633	0.131432273294959	3.05733749787314	0.252809372649319	0.131432273296809	0.252809372649779
1	10.2468094376522	1.22321247101917	10.2468094376522	10.2468093905399	1.21944750329881	1.11086710337591	1.21944750329879	1.22321246988687	1.1108671033107	1.03867569252182	1.1108671033107	10.2468093905399	1.21944750329879	1.11086710337591	1.21944750329882	5.74999999999999	3.90004295236084	0.19049934321761	3.90004295236086	3.90004293543594	0.188725911158687	0.106814432369776	0.188725911158678	0.190499342743506	0.106814432347476	0.05369352284243	0.106814432347477	3.90004293543596	0.188725911158678	0.106814432369777	0.188725911158692
1	9.27257775794558	1.09434712554377	9.27257775794556	9.27257732790008	1.09428076540843	1.05231884430898	1.09428076540843	1.09434711949841	1.05231884433966	1.02172546320041	1.05231884433966	9.27257732790006	1.09428076540843	1.05231884430898	1.09428076540843	5.74999999999999	4.16779494522544	0.142108438430056	4.16779494522545	4.16779471995313	0.14205620172673	0.085533659816832	0.142056201726731	0.142108432659336	0.0855336596393645	0.047376373340499	0.0855336596393653	4.16779471995315	0.142056201726731	0.0855336598168328	0.142056201726733
1	8.9071785558775	1.07185939020401	8.90717855587748	8.90717607841328	1.07187748968551	1.04177807686419	1.07187748968551	1.07185936460047	1.04177807770711	1.01807677238259	1.04177807770711	8.90717607841326	1.07187748968551	1.04177807686419	1.07187748968551	5.74999999999999	4.20717005094563	0.129691407359574	4.20717005094565	4.20716854803492	0.129708300905144	0.080153437105455	0.129708300905146	0.129691373657671	0.0801534359125203	0.0453945352690239	0.080153435912521	4.20716854803494	0.129708300905146	0.0801534371054557	0.129708300905147
1	8.7984721416141	1.0662467160452	8.79847214161408	8.79147974201368	1.0662134464291	1.03889425294848	1.06621344642911	1.06617994579348	1.03889690033986	1.01705872391274	1.03889690033986	8.79147974201365	1.06621344642911	1.03889425294848	1.06621344642911	5.74999999999999	4.22015356026427	0.126299775334215	4.22015356026429	4.21575820862308	0.126252102181301	0.0784855117558108	0.126252102181302	0.12620420727727	0.0784820439280663	0.0447708638978583	0.0784820439280671	4.2157582086231	0.126252102181302	0.0784855117558116	0.126252102181304
1	9.14174105651581	1.07176976547299	9.14174105651577	1.10997262455598	1.05729290454806	1.0347673417394	1.05729290454806	1.04682071077372	1.03315528648631	1.01492443635761	1.03315528648631	1.10997262455598	1.05729290454806	1.0347673417394	1.05729290454806	5.74999999999999	4.48175441617206	0.134480608167538	4.48175441617208	0.203777177121102	0.110240119231794	0.0715733944198365	0.110240119231795	0.0926016534274296	0.0664055850026394	0.0393735474889506	0.0664055850026399	0.203777177121105	0.110240119231795	0.0715733944198373	0.110240119231796
1	8.5771311276895	1.05558622396143	8.57713112768947	1.05693083988816	1.05033614794036	1.03170251020429	1.05033614794036	1.05101394088079	1.03332133889582	1.01475436226979	1.03332133889582	1.05693083988816	1.05033614794036	1.03170251020429	1.05033614794036	5.74999999999999	4.50357042819901	0.126363974789717	4.50357042819903	0.14142704734788	0.104601494254048	0.0703608258139963	0.104601494254049	0.0945284593595122	0.0665732782292679	0.0396955335607285	0.0665732782292685	0.141427047347882	0.104601494254049	0.070360825813997	0.10460149425405
1	8.42949051510001	1.05148214321883	8.42949051509998	1.05485355460601	1.0480764049135	1.03030759768457	1.0480764049135	1.05010242755928	1.03235828271889	1.01429977670688	1.03235828271889	1.05485355460601	1.0480764049135	1.03030759768457	1.0480764049135	5.74999999999999	4.50888057842012	0.123791915885524	4.50888057842014	0.138848844553878	0.102937158943365	0.0695020843731537	0.102937158943366	0.0937241716260901	0.0659087242800283	0.0393681308090867	0.0659087242800287	0.13884884455388	0.102937158943367	0.0695020843731545	0.102937158943367
1	8.38977070963462	1.05044272168482	8.38977070963459	1.05444354324401	1.04753086288906	1.02995364374705	1.04753086288906	1.04990853831573	1.03212567795915	1.0141862640813	1.03212567795915	1.05444354324401	1.04753086288906	1.02995364374705	1.04753086288906	5.74999999999999	4.51029451392224	0.123131736688801	4.51029451392225	0.138317839528939	0.102532360438748	0.0692802593817629	0.102532360438749	0.0935400440371246	0.0657446811143193	0.0392849962956026	0.0657446811143199	0.138317839528941	0.10253236043875	0.0692802593817636	0.102532360438751
1	8.37892589070646	1.05016290288125	8.37892589070643	1.05433527751927	1.0473846669558	1.02985829388437	1.0473846669558	1.04985750178763	1.03206341707431	1.01415572230398	1.03206341707431	1.05433527751927	1.0473846669558	1.02985829388437	1.0473846669558	5.74999999999999	4.51067948891432	0.122953065313278	4.51067948891434	0.138176643944907	0.102423598360503	0.0692203270755336	0.102423598360504	0.0934910695465298	0.0657006612252923	0.0392625892768834	0.0657006612252928	0.13817664394491	0.102423598360504	0.0692203270755344	0.102423598360506
1	8.37595101101759	1.05008642233751	8.37595101101756	1.05430574577495	1.04734472829997	1.02983222300924	1.04734472829997	1.04984358877657	1.03204640983302	1.01414737202073	1.03204640983302	1.05430574577495	1.04734472829997	1.02983222300924	1.04734472829997	5.74999999999999	4.51078501327699	0.12290414919778	4.51078501327701	0.138138079951658	0.102393862596588	0.0692039267685414	0.102393862596589	0.0934776961002705	0.065688630508849	0.0392564602045838	0.0656886305088495	0.13813807995166	0.10239386259659	0.0692039267685422	0.102393862596591
1	8.3751338745678	1.05006543544073	8.37513387456778	1.05429764553609	1.04733377007261	1.02982506817604	1.04733377007261	1.04983977317758	1.03204174349874	1.01414508039834	1.03204174349875	1.05429764553609	1.04733377007262	1.02982506817604	1.04733377007262	5.74999999999999	4.51081399247534	0.122890719971591	4.51081399247535	0.138127498703489	0.102385702017867	0.0691994248874424	0.102385702017868	0.0934740269045736	0.0656853291397581	0.0392547781925053	0.0656853291397585	0.138127498703492	0.102385702017868	0.0691994248874433	0.102385702017869
1	8.37490934224732	1.05005967022748	8.3749093422473	1.05429542059883	1.04733075987345	1.02982310264605	1.04733075987345	1.04983872516277	1.03204046166952	1.01414445085779	1.03204046166952	1.05429542059883	1.04733075987345	1.02982310264605	1.04733075987345	5.74999999999999	4.51082195490757	0.122887030417085	4.51082195490759	0.138124592033645	0.102383460190616	0.0691981880833043	0.102383460190617	0.0934730189890152	0.0656844222284843	0.0392543161195758	0.0656844222284849	0.138124592033647	0.102383460190617	0.069198188083305	0.102383460190618
1	8.3748476391463	1.05005808602285	8.37484763914628	1.05429480923371	1.04732993271682	1.02982256253988	1.04732993271682	1.04983843719349	1.03204010944255	1.01414427786939	1.03204010944255	1.05429480923371	1.04732993271682	1.02982256253988	1.04732993271682	5.74999999999999	4.51082414300679	0.122886016540593	4.51082414300681	0.138123793323697	0.102382844160975	0.0691978482177355	0.102382844160975	0.0934727420303849	0.0656841730215576	0.0392541890709992	0.0656841730215581	0.138123793323699	0.102382844160976	0.0691978482177362	0.102382844160977
1	8.37483068221561	1.05005765066876	8.37483068221558	1.0542946412264	1.04732970540706	1.02982241411339	1.04732970540706	1.04983835805781	1.03204001264752	1.01414423033004	1.03204001264752	1.0542946412264	1.04732970540706	1.02982241411339	1.04732970540706	5.74999999999999	4.51082474432639	0.122885737915263	4.51082474432641	0.138123573831175	0.102382674869914	0.0691977548188426	0.102382674869914	0.0934726659196992	0.0656841045369799	0.0392541541681801	0.0656841045369805	0.138123573831177	0.102382674869915	0.0691977548188434	0.102382674869916
1	8.37482602216306	1.05005753102673	8.37482602216303	1.05429459505545	1.04732964293883	1.02982237332345	1.04732964293883	1.04983833631011	1.03203998604674	1.01414421726673	1.03203998604674	1.05429459505545	1.04732964293883	1.02982237332346	1.04732964293883	5.74999999999999	4.51082490957904	0.122885661344595	4.51082490957905	0.138123513511401	0.102382628346244	0.0691977291515343	0.102382628346245	0.0934726450037166	0.0656840857168118	0.0392541445392326	0.0656840857168124	0.138123513511404	0.102382628346245	0.0691977291515351	0.102382628346247
1	8.37482474150147	1.05005749814704	8.37482474150144	1.05429458236692	1.04732962577153	1.02982236211372	1.04732962577153	1.0498383303336	1.03203997873649	1.01414421366955	1.03203997873649	1.05429458236692	1.04732962577153	1.02982236211372	1.04732962577153	5.74999999999999	4.51082495499328	0.122885640301123	4.5108249549933	0.138123496933476	0.102382615559715	0.0691977220965445	0.102382615559716	0.0934726392532742	0.0656840805420848	0.0392541421057264	0.0656840805420854	0.138123496933479	0.102382615559716	0.0691977220965453	0.102382615559717
1	8.37482438956061	1.05005748911136	8.37482438956058	1.05429457888008	1.0473296210538	1.02982235903316	1.0473296210538	1.04983832869119	1.03203997672762	1.01414421268485	1.03203997672762	1.05429457888008	1.0473296210538	1.02982235903316	1.0473296210538	5.74999999999999	4.51082496747364	0.122885634518427	4.51082496747366	0.138123492378306	0.102382612046386	0.0691977201583713	0.102382612046387	0.0934726376742382	0.0656840791214736	0.0392541413261125	0.0656840791214743	0.138123492378308	0.102382612046387	0.0691977201583721	0.102382612046388
1	8.37482429283528	1.05005748662811	8.37482429283525	1.05429457792172	1.04732961975719	1.0298223581865	1.04732961975719	1.0498383282397	1.03203997617538	1.01414421241922	1.03203997617538	1.05429457792172	1.04732961975719	1.0298223581865	1.04732961975719	5.74999999999999	4.51082497090364	0.122885632929558	4.51082497090366	0.138123491127097	0.102382611081551	0.069197719626535	0.102382611081553	0.0934726372419556	0.0656840787328418	0.0392541409614246	0.0656840787328423	0.1381234911271	0.102382611081553	0.0691977196265358	0.102382611081554
