-91.5171	-91.5758	0.0586268	14.0625	0.482055	1.35345	0.482055	0.482055	0.77121	0.885278	0.77121	1.35345	0.885278	1.11177	0.885278	0.482055	0.77121	0.885278	0.77121	0.0625	0.165308	0.216393	0.165308	0.165308	0.22928	0.28782	0.22928	0.216393	0.28782	0.339742	0.28782	0.165308	0.22928	0.28782	0.22928	      1 1.05214 1.10843 1.05214 1.05214 1.09988 1.14182 1.09988 1.10843 1.14182 1.18682 1.14182 1.05214 1.09988 1.14182 1.09988	0.735178 0.668287 0.690775 0.668287 0.668287 0.657548 0.640977 0.657548 0.690775 0.640977 0.640887 0.640977 0.668287 0.657548 0.640977 0.657548
-96.2976	-96.5072	0.209619	14.0625	0.496714	1.52772	0.496714	0.496714	0.779036	0.90072	0.779037	1.52772	0.90072	1.15116	0.90072	0.496714	0.779037	0.90072	0.779036	0.0625	0.139112	0.185135	0.139112	0.139112	0.19482	0.242394	0.19482	0.185135	0.242394	0.286937	0.242394	0.139112	0.19482	0.242394	0.19482	      1  1.0628 1.13165  1.0628  1.0628 1.11929 1.16748 1.11929 1.13165 1.16748 1.21981 1.16748  1.0628 1.11929 1.16748 1.11929	0.797835 0.721826 0.751957 0.721826 0.721826 0.709708 0.691224 0.709708 0.751957 0.691224 0.692608 0.691224 0.721826 0.709708 0.691224 0.709708
-98.1648	-98.4548	0.290046	14.0625	0.503281	1.59398	0.503281	0.503281	0.782248	0.921382	0.782249	1.59398	0.921382	1.19935	0.921382	0.503281	0.782249	0.921382	0.782248	0.0625	0.125313	0.167161	0.125313	0.125313	0.175088	0.21684	0.175088	0.167161	0.21684	0.256762	0.21684	0.125313	0.175088	0.21684	0.175088	      1  1.0668 1.14059  1.0668  1.0668 1.12609 1.17627 1.12609 1.14059 1.17627 1.23121 1.17627  1.0668 1.12609 1.17627 1.12609	0.835838 0.756175 0.789782 0.756175 0.756175 0.742999 0.724776 0.742999 0.789782 0.724776 0.727652 0.724776 0.756175 0.742999 0.724776 0.742999
-98.8834	-99.2045	0.321181	14.0625	0.506728	1.5918	0.506728	0.506728	0.78614	0.944714	0.786141	1.59181	0.944714	1.2511	0.944714	0.506728	0.786141	0.944714	0.78614	0.0625	0.117861	0.156966	0.117861	0.117861	0.163877	0.202385	0.163877	0.156966	0.202385	0.239535	0.202385	0.117861	0.163877	0.202385	0.163877	      1 1.06811 1.14342 1.06811 1.06811 1.12808 1.17914 1.12808 1.14342 1.17914 1.23524 1.17914 1.06811 1.12808 1.17914 1.12808	0.858888 0.778016 0.812207 0.778016 0.778016 0.764085 0.747051 0.764085 0.812207 0.747051 0.751215 0.747051 0.778016 0.764085 0.747051 0.764085
-99.1586	-99.49	0.331468	14.0625	0.508437	1.56489	0.508437	0.508437	0.789705	0.965999	0.789706	1.56489	0.965999	1.29821	0.965999	0.508437	0.789706	0.965999	0.789705	0.0625	0.113608	0.150979	0.113608	0.113608	0.157286	0.193889	0.157286	0.150979	0.193889	0.229354	0.193889	0.113608	0.157286	0.193889	0.157286	      1 1.06842 1.14375 1.06842 1.06842 1.12838 1.18006 1.12839 1.14375 1.18006 1.23688 1.18006 1.06842 1.12839 1.18006 1.12838	0.872869 0.791838 0.825126 0.791838 0.791838  0.77743  0.76186  0.77743 0.825126  0.76186 0.767094  0.76186 0.791838  0.77743  0.76186  0.77743
-99.2643	-99.5985	0.334196	14.0625	0.509104	1.53577	0.509104	0.509104	0.792179	0.982995	0.79218	1.53577	0.982995	1.33627	0.982995	0.509104	0.79218	0.982995	0.792179	0.0625	0.111067	0.147338	0.111067	0.111067	0.153277	0.188719	0.153277	0.147338	0.188719	0.223136	0.188719	0.111067	0.153277	0.188719	0.153277	      1 1.06838 1.14317 1.06838 1.06838 1.12817 1.18039 1.12817 1.14317 1.18039 1.23775 1.18039 1.06838 1.12817 1.18039 1.12817	0.881349 0.800559 0.832416 0.800559 0.800559 0.785876 0.771718 0.785876 0.832416 0.771718 0.777805 0.771718 0.800559 0.785876 0.771718 0.785876
-99.3051	-99.6395	0.334445	14.0625	0.509229	1.5118	0.509229	0.509229	0.793628	0.995625	0.793629	1.5118	0.995625	1.36493	0.995625	0.509229	0.793629	0.995625	0.793628	0.0625	0.109504	0.145072	0.109504	0.109504	0.150783	0.185499	0.150783	0.145072	0.185499	0.219256	0.185499	0.109504	0.150783	0.185499	0.150783	      1 1.06824 1.14235 1.06824 1.06824 1.12785 1.18056 1.12785 1.14235 1.18056 1.23834 1.18056 1.06824 1.12785 1.18056 1.12785	0.886492 0.806052 0.836459 0.806052 0.806052 0.791219 0.778278 0.791219 0.836459 0.778278  0.78502 0.778278 0.806052 0.791219 0.778278 0.791219
-99.321	-99.655	0.334025	14.0625	0.50912	1.49388	0.50912	0.50912	0.794375	1.00467	0.794376	1.49388	1.00467	1.38567	1.00467	0.50912	0.794376	1.00467	0.794375	0.0625	0.108525	0.143643	0.108525	0.108525	0.149209	0.183467	0.149209	0.143643	0.183467	0.216804	0.183467	0.108525	0.149209	0.183467	0.149209	      1  1.0681 1.14157  1.0681  1.0681 1.12756 1.18068 1.12756 1.14157 1.18068 1.23879 1.18068  1.0681 1.12756 1.18068 1.12756	0.889611 0.809508 0.838664 0.809508 0.809508 0.794596 0.782641 0.794596 0.838664 0.782641 0.789872 0.782641 0.809508 0.794596 0.782641 0.794596
-99.3272	-99.6608	0.333534	14.0625	0.508939	1.48102	0.508939	0.508939	0.794702	1.01103	0.794704	1.48102	1.01103	1.40039	1.01103	0.508939	0.794704	1.01103	0.794702	0.0625	0.107906	0.142733	0.107906	0.107906	0.148209	0.182174	0.148209	0.142733	0.182174	0.215244	0.182174	0.107906	0.148209	0.182174	0.148209	      1 1.06798 1.14092 1.06798 1.06798 1.12733 1.18078 1.12733 1.14092 1.18078 1.23915 1.18078 1.06798 1.12733 1.18078 1.12733	0.891503 0.811681 0.839843 0.811681 0.811681 0.796728 0.785542 0.796728 0.839843 0.785542  0.79313 0.785542 0.811681 0.796728 0.785542 0.796728
-99.3297	-99.6629	0.33314	14.0625	0.508757	1.47196	0.508757	0.508757	0.794797	1.01547	0.794799	1.47196	1.01547	1.41073	1.01547	0.508757	0.794799	1.01547	0.794797	0.0625	0.10751	0.142151	0.10751	0.10751	0.147569	0.181348	0.147569	0.142151	0.181348	0.214245	0.181348	0.10751	0.147569	0.181348	0.147569	      1 1.06788 1.14041 1.06788 1.06788 1.12716 1.18087 1.12716 1.14041 1.18087 1.23944 1.18087 1.06788 1.12716 1.18087 1.12716	0.892651 0.813046 0.840456 0.813046 0.813046 0.798071 0.787469 0.798071 0.840456 0.787469 0.795317 0.787469 0.813046 0.798071 0.787469 0.798071
-99.3307	-99.6636	0.332864	14.0625	0.508599	1.46564	0.508599	0.508599	0.794772	1.01854	0.794775	1.46564	1.01854	1.41796	1.01854	0.508599	0.794775	1.01854	0.794772	0.0625	0.107257	0.141778	0.107257	0.107257	0.147159	0.180818	0.147159	0.141778	0.180818	0.213605	0.180818	0.107257	0.147159	0.180818	0.147159	      1 1.06782 1.14003 1.06782 1.06782 1.12704 1.18095 1.12704 1.14003 1.18095 1.23967 1.18095 1.06782 1.12704 1.18095 1.12704	0.893347 0.813904 0.840761 0.813904 0.813904 0.798916 0.788751 0.798916 0.840761 0.788751 0.796786 0.788751 0.813904 0.798916 0.788751 0.798916
-99.3311	-99.6638	0.332684	14.0625	0.508473	1.46126	0.508473	0.508473	0.794692	1.02067	0.794695	1.46126	1.02067	1.42301	1.02067	0.508473	0.794695	1.02067	0.794692	0.0625	0.107094	0.141538	0.107094	0.107094	0.146894	0.180477	0.146894	0.141538	0.180477	0.213193	0.180477	0.107094	0.146894	0.180477	0.146894	      1 1.06777 1.13976 1.06777 1.06777 1.12695 1.18102 1.12695 1.13976 1.18102 1.23984 1.18102 1.06777 1.12695 1.18102 1.12695	0.893769 0.814443 0.840904 0.814443 0.814443 0.799446 0.789603 0.799446 0.840904 0.789603 0.797774 0.789603 0.814443 0.799446 0.789603 0.799446
-99.3313	-99.6638	0.332572	14.0625	0.508377	1.45823	0.508377	0.508377	0.794592	1.02214	0.794595	1.45823	1.02214	1.42653	1.02214	0.508377	0.794595	1.02214	0.794592	0.0625	0.106989	0.141383	0.106989	0.106989	0.146724	0.180257	0.146724	0.141383	0.180257	0.212928	0.180257	0.106989	0.146724	0.180257	0.146724	      1 1.06773 1.13956 1.06773 1.06773 1.12689 1.18107 1.12689 1.13956 1.18107 1.23998 1.18107 1.06773 1.12689 1.18107 1.12689	0.894025 0.814782 0.840963 0.814782 0.814782 0.799777 0.790171 0.799778 0.840963 0.790171 0.798439 0.790171 0.814782 0.799778 0.790171 0.799777
-99.3313	-99.6638	0.332505	14.0625	0.508304	1.45615	0.508304	0.508304	0.794491	1.02315	0.794495	1.45615	1.02315	1.42898	1.02315	0.508304	0.794495	1.02315	0.794491	0.0625	0.106921	0.141282	0.106921	0.106921	0.146614	0.180115	0.146614	0.141282	0.180115	0.212757	0.180115	0.106921	0.146614	0.180115	0.146614	      1 1.06771 1.13943 1.06771 1.06771 1.12685 1.18111 1.12685 1.13943 1.18111 1.24007 1.18111 1.06771 1.12685 1.18111 1.12685	0.894181 0.814995  0.84098 0.814995 0.814995 0.799984 0.790549 0.799984  0.84098 0.790549 0.798888 0.790549 0.814995 0.799984 0.790549 0.799984
-99.3314	-99.6638	0.332466	14.0625	0.508252	1.45472	0.508252	0.508252	0.794399	1.02385	0.794403	1.45472	1.02385	1.4307	1.02385	0.508252	0.794403	1.02385	0.794399	0.0625	0.106877	0.141217	0.106877	0.106877	0.146542	0.180023	0.146542	0.141217	0.180023	0.212646	0.180023	0.106877	0.146542	0.180023	0.146542	      1 1.06769 1.13933 1.06769 1.06769 1.12682 1.18114 1.12682 1.13933 1.18114 1.24015 1.18114 1.06769 1.12682 1.18114 1.12682	0.894275 0.815129 0.840979 0.815129 0.815129 0.800111 0.790802 0.800112 0.840979 0.790802 0.799191 0.790802 0.815129 0.800112 0.790802 0.800111
-99.3314	-99.6638	0.332444	14.0625	0.508213	1.45374	0.508213	0.508213	0.794319	1.02433	0.794324	1.45374	1.02433	1.4319	1.02433	0.508213	0.794324	1.02433	0.794319	0.0625	0.106849	0.141175	0.106849	0.106849	0.146496	0.179964	0.146496	0.141175	0.179964	0.212574	0.179964	0.106849	0.146496	0.179964	0.146496	      1 1.06768 1.13926 1.06768 1.06768 1.12679 1.18116 1.12679 1.13926 1.18116  1.2402 1.18116 1.06768 1.12679 1.18116 1.12679	0.894332 0.815213  0.84097 0.815213 0.815213  0.80019 0.790971  0.80019  0.84097 0.790971 0.799397 0.790971 0.815213  0.80019 0.790971  0.80019
-99.3314	-99.6638	0.332433	14.0625	0.508186	1.45307	0.508186	0.508186	0.794251	1.02466	0.794258	1.45307	1.02466	1.43274	1.02466	0.508186	0.794258	1.02466	0.794251	0.0625	0.10683	0.141147	0.10683	0.10683	0.146466	0.179925	0.146466	0.141147	0.179925	0.212527	0.179925	0.10683	0.146466	0.179925	0.146466	      1 1.06767 1.13922 1.06767 1.06767 1.12678 1.18118 1.12678 1.13922 1.18118 1.24024 1.18118 1.06767 1.12678 1.18118 1.12678	0.894367 0.815266  0.84096 0.815266 0.815266 0.800238 0.791084 0.800238  0.84096 0.791084 0.799537 0.791084 0.815266 0.800238 0.791084 0.800238
-99.3314	-99.6638	0.332427	14.0625	0.508167	1.45262	0.508167	0.508167	0.794196	1.02489	0.794204	1.45262	1.02489	1.43332	1.02489	0.508167	0.794204	1.02489	0.794196	0.0625	0.106818	0.14113	0.106818	0.106818	0.146446	0.179899	0.146446	0.14113	0.179899	0.212496	0.179899	0.106818	0.146446	0.179899	0.146446	      1 1.06767 1.13919 1.06767 1.06767 1.12677 1.18119 1.12677 1.13919 1.18119 1.24027 1.18119 1.06767 1.12677 1.18119 1.12677	0.894388 0.815299  0.84095 0.815299 0.815299 0.800267 0.791159 0.800267  0.84095 0.791159 0.799633 0.791159 0.815299 0.800267 0.791159 0.800267
