1	1.007744215942	1.01130622935975	1.007744215942	1.00774421594199	1.01279272209952	1.01634935562128	1.01279272209952	1.01130622935974	1.01634935562128	1.01897588360641	1.01634935562128	1.00774421594199	1.01279272209952	1.01634935562128	1.01279272209952	0.259998426595809	0.194589771969169	0.163254433705142	0.19458977196917	0.194589771969175	0.17494231898119	0.159977775054655	0.174942318981189	0.163254433705144	0.159977775054652	0.148144603653324	0.159977775054652	0.194589771969176	0.174942318981189	0.159977775054656	0.17494231898119
1	1.00970572858445	1.01355285676186	1.00970572858445	1.00970572858445	1.01558832252793	1.01947677451277	1.01558832252793	1.01355285676185	1.01947677451277	1.02221689599997	1.01947677451277	1.00970572858445	1.01558832252793	1.01947677451277	1.01558832252793	0.282119891929855	0.202544711401925	0.16658298421743	0.202544711401926	0.202544711401932	0.179832631438567	0.162917704843082	0.179832631438567	0.166582984217432	0.162917704843078	0.149846359912724	0.162917704843078	0.202544711401933	0.179832631438567	0.162917704843082	0.179832631438568
1	1.01078576237	1.01459944929748	1.01078576237	1.01078576236999	1.01698117251123	1.0209054216022	1.01698117251123	1.01459944929747	1.02090542160219	1.02359191934008	1.02090542160219	1.01078576236999	1.01698117251123	1.0209054216022	1.01698117251123	0.295537238866111	0.206391059186364	0.167983902958218	0.206391059186365	0.206391059186372	0.182022145031973	0.164173052755314	0.182022145031972	0.167983902958222	0.164173052755311	0.150562877870803	0.164173052755311	0.206391059186373	0.182022145031972	0.164173052755315	0.182022145031974
1	1.01135900134571	1.01507700728346	1.01135900134571	1.01135900134571	1.01765737678201	1.02154924258079	1.01765737678201	1.01507700728345	1.02154924258078	1.02417391912312	1.02154924258078	1.01135900134571	1.01765737678201	1.02154924258079	1.01765737678201	0.303675271156679	0.208251864305936	0.168576454376879	0.208251864305937	0.208251864305943	0.183005257044857	0.164711496382789	0.183005257044857	0.168576454376883	0.164711496382786	0.150865148079941	0.164711496382786	0.208251864305944	0.183005257044857	0.16471149638279	0.183005257044858
1	1.01165553216127	1.01529170430389	1.01165553216126	1.01165553216126	1.01797968171465	1.0218365891543	1.01797968171465	1.01529170430388	1.02183658915429	1.02441994892825	1.02183658915429	1.01165553216126	1.01797968171465	1.0218365891543	1.01797968171465	0.308611237222466	0.209152669701582	0.168828132622802	0.209152669701583	0.20915266970159	0.183447802130326	0.164943310397237	0.183447802130327	0.168828132622804	0.164943310397235	0.150992856781234	0.164943310397235	0.20915266970159	0.183447802130327	0.164943310397237	0.183447802130327
1	1.01180619094718	1.01538719603818	1.01180619094718	1.01180619094718	1.01813131344701	1.02196395456184	1.01813131344701	1.01538719603818	1.02196395456183	1.02452388133584	1.02196395456183	1.01180619094718	1.01813131344701	1.02196395456184	1.01813131344701	0.311605051918361	0.20958901435677	0.168935397386229	0.209589014356771	0.209589014356776	0.183647433893588	0.165043412422867	0.183647433893588	0.168935397386232	0.165043412422864	0.151046880339438	0.165043412422865	0.209589014356777	0.183647433893588	0.165043412422868	0.183647433893589
1	1.01188177326771	1.01542933609943	1.01188177326771	1.0118817732677	1.0182019874947	1.02202012963359	1.0182019874947	1.01542933609943	1.02202012963358	1.024567769623	1.02202012963358	1.0118817732677	1.0182019874947	1.02202012963359	1.0182019874947	0.313420892360246	0.209800491034707	0.168981242541543	0.209800491034708	0.209800491034712	0.183737641119949	0.165086741126597	0.183737641119949	0.168981242541546	0.165086741126595	0.151069758326795	0.165086741126596	0.209800491034713	0.183737641119949	0.165086741126597	0.18373764111995
1	1.01191935206867	1.01544782444521	1.01191935206867	1.01191935206867	1.01823470664246	1.02204481695755	1.01823470664246	1.0154478244452	1.02204481695755	1.02458629895329	1.02204481695755	1.01191935206867	1.01823470664246	1.02204481695755	1.01823470664246	0.31452225525494	0.209903029439012	0.169000882290829	0.209903029439013	0.209903029439017	0.183778457616886	0.16510553070525	0.183778457616886	0.169000882290832	0.16510553070525	0.151079456658022	0.16510553070525	0.209903029439018	0.183778457616886	0.16510553070525	0.183778457616887
1	1.0119379161853	1.01545590071775	1.0119379161853	1.01193791618529	1.01824978000879	1.02205563785704	1.01824978000879	1.01545590071775	1.02205563785704	1.02459412127387	1.02205563785704	1.01193791618529	1.01824978000879	1.02205563785704	1.01824978000879	0.315190265595222	0.20995276431126	0.169009311971347	0.20995276431126	0.209952764311263	0.183796945363447	0.165113690826044	0.183796945363447	0.169009311971348	0.165113690826044	0.151083572145557	0.165113690826044	0.209952764311264	0.183796945363447	0.165113690826045	0.183796945363448
1	1.01194704462141	1.01545941713051	1.01194704462141	1.01194704462141	1.01825669914397	1.02206037170353	1.01825669914397	1.0154594171305	1.02206037170353	1.02459742354735	1.02206037170353	1.01194704462141	1.01825669914397	1.02206037170353	1.01825669914397	0.31559543432875	0.209976893949035	0.169012935937635	0.209976893949036	0.209976893949039	0.18380532613091	0.165117238848945	0.183805326130909	0.169012935937636	0.165117238848943	0.151085320424535	0.165117238848944	0.20997689394904	0.183805326130909	0.165117238848945	0.183805326130911
1	1.01195151830516	1.01546094439427	1.01195151830516	1.01195151830516	1.01825986679962	1.02206243969706	1.01825986679961	1.01546094439426	1.02206243969706	1.02459881775041	1.02206243969706	1.01195151830516	1.01825986679961	1.02206243969706	1.01825986679961	0.315841181693978	0.209988603204	0.169014496047879	0.209988603204001	0.209988603204003	0.183809127659999	0.165118783020202	0.183809127659998	0.169014496047879	0.1651187830202	0.151086063959119	0.1651187830202	0.209988603204004	0.183809127659998	0.165118783020202	0.18380912766
1	1.01195370544104	1.01546160646674	1.01195370544104	1.01195370544104	1.01826131411266	1.02206334214313	1.01826131411265	1.01546160646674	1.02206334214313	1.02459940644115	1.02206334214313	1.01195370544104	1.01826131411266	1.02206334214313	1.01826131411266	0.315990235008786	0.209994286112963	0.169015168467922	0.209994286112964	0.209994286112967	0.183810852864511	0.165119455608195	0.183810852864511	0.169015168467923	0.165119455608193	0.151086380576891	0.165119455608193	0.209994286112968	0.183810852864511	0.165119455608196	0.183810852864512
1	1.01195477280587	1.01546189306334	1.01195477280587	1.01195477280587	1.0182619744161	1.02206373564611	1.0182619744161	1.01546189306334	1.0220637356461	1.02459965505204	1.0220637356461	1.01195477280587	1.0182619744161	1.02206373564611	1.0182619744161	0.316080640366914	0.209997044518441	0.169015458593341	0.209997044518442	0.209997044518444	0.183811636085801	0.165119748765678	0.183811636085801	0.169015458593341	0.165119748765676	0.151086515587988	0.165119748765677	0.209997044518445	0.183811636085801	0.165119748765678	0.183811636085802
1	1.01195529301941	1.01546201698783	1.01195529301941	1.01195529301941	1.01826227532856	1.02206390712577	1.01826227532856	1.01546201698783	1.02206390712576	1.02459976006467	1.02206390712576	1.01195529301941	1.01826227532856	1.02206390712577	1.01826227532856	0.316135473890595	0.209998383506977	0.169015583893475	0.209998383506978	0.20999838350698	0.183811991760256	0.16511987662089	0.183811991760257	0.169015583893474	0.165119876620887	0.151086573247449	0.165119876620887	0.209998383506981	0.183811991760257	0.16511987662089	0.183811991760257
1	1.01195554631042	1.01546207052265	1.01195554631042	1.01195554631042	1.01826241233741	1.02206398181164	1.01826241233741	1.01546207052264	1.02206398181164	1.0245998044258	1.02206398181164	1.01195554631042	1.01826241233741	1.02206398181164	1.01826241233741	0.316168731832965	0.209999033486551	0.169015638055096	0.209999033486552	0.209999033486554	0.18381215330469	0.165119932411352	0.18381215330469	0.169015638055096	0.16511993241135	0.151086597915312	0.16511993241135	0.209999033486555	0.18381215330469	0.165119932411352	0.183812153304691
1	1.01195566956618	1.01546209364821	1.01195566956618	1.01195566956618	1.01826247469735	1.02206401434636	1.01826247469735	1.01546209364821	1.02206401434636	1.02459982318977	1.02206401434636	1.01195566956618	1.01826247469735	1.02206401434636	1.01826247469735	0.316188903987541	0.209999349078448	0.169015661495745	0.209999349078449	0.209999349078451	0.183812226715671	0.165119956777526	0.18381222671567	0.169015661495746	0.165119956777525	0.15108660848683	0.165119956777525	0.209999349078452	0.18381222671567	0.165119956777527	0.183812226715672
1	1.01195572951408	1.01546210363321	1.01195572951408	1.01195572951407	1.01826250306762	1.02206402851553	1.01826250306762	1.01546210363321	1.02206402851553	1.02459983112915	1.02206402851553	1.01195572951407	1.01826250306762	1.02206402851553	1.01826250306762	0.316201139134735	0.209999502315887	0.169015671649663	0.209999502315888	0.20999950231589	0.18381226008121	0.165119967425188	0.18381226008121	0.169015671649665	0.165119967425187	0.151086613026938	0.165119967425187	0.209999502315891	0.18381226008121	0.165119967425188	0.183812260081211
1	1.01195575865992	1.01546210794303	1.01195575865992	1.01195575865992	1.01826251597001	1.02206403468514	1.01826251597001	1.01546210794303	1.02206403468514	1.02459983448983	1.02206403468514	1.01195575865992	1.01826251597001	1.02206403468514	1.01826251597001	0.316208560197581	0.20999957672278	0.169015676052076	0.209999576722781	0.209999576722783	0.183812275247998	0.165119972080679	0.183812275247998	0.169015676052079	0.165119972080677	0.151086614981284	0.165119972080678	0.209999576722784	0.183812275247998	0.165119972080679	0.183812275247999
1	1.01195577282624	1.01546210980285	1.01195577282624	1.01195577282624	1.01826252183627	1.02206403737115	1.01826252183626	1.01546210980284	1.02206403737115	1.0245998359131	1.02206403737115	1.01195577282624	1.01826252183626	1.02206403737115	1.01826252183626	0.316213061342757	0.209999612852785	0.169015677962612	0.209999612852786	0.209999612852788	0.183812282143096	0.165119974117398	0.183812282143096	0.169015677962615	0.165119974117397	0.151086615824685	0.165119974117398	0.209999612852788	0.183812282143096	0.165119974117398	0.183812282143097
1	1.01195577971032	1.01546211060529	1.01195577971032	1.01195577971032	1.0182625245029	1.0220640385404	1.0182625245029	1.01546211060529	1.0220640385404	1.02459983651623	1.0220640385404	1.01195577971032	1.0182625245029	1.0220640385404	1.0182625245029	0.31621579145141	0.209999630396739	0.169015678792555	0.20999963039674	0.209999630396741	0.18381228527807	0.165119975008991	0.18381228527807	0.169015678792557	0.165119975008989	0.151086616189659	0.16511997500899	0.209999630396742	0.18381228527807	0.165119975008991	0.183812285278071
1	1.01195578305509	1.01546211095149	1.01195578305509	1.01195578305509	1.01826252571489	1.02206403904935	1.01826252571489	1.01546211095148	1.02206403904935	1.02459983677199	1.02206403904935	1.01195578305509	1.01826252571489	1.02206403904935	1.01826252571489	0.316217447361843	0.209999638915768	0.169015679153462	0.209999638915769	0.209999638915771	0.183812286703582	0.165119975399553	0.183812286703582	0.169015679153464	0.165119975399552	0.151086616348071	0.165119975399552	0.209999638915772	0.183812286703582	0.165119975399553	0.183812286703583
1	1.01195578468002	1.01546211110084	1.01195578468002	1.01195578468001	1.01826252626568	1.02206403927087	1.01826252626568	1.01546211110084	1.02206403927087	1.02459983688054	1.02206403927087	1.01195578468001	1.01826252626568	1.02206403927087	1.01826252626568	0.316218451731893	0.209999643052478	0.169015679310583	0.209999643052479	0.20999964305248	0.183812287351844	0.16511997557076	0.183812287351844	0.169015679310584	0.16511997557076	0.151086616417051	0.16511997557076	0.209999643052481	0.183812287351844	0.165119975570761	0.183812287351845
1	1.01195578546935	1.01546211116527	1.01195578546935	1.01195578546935	1.01826252651595	1.02206403936728	1.01826252651595	1.01546211116527	1.02206403936728	1.02459983692665	1.02206403936728	1.01195578546935	1.01826252651595	1.02206403936728	1.01826252651595	0.316219060918946	0.209999645061206	0.169015679379067	0.209999645061207	0.209999645061208	0.183812287646672	0.16511997564587	0.183812287646673	0.169015679379068	0.16511997564587	0.151086616447191	0.16511997564587	0.209999645061209	0.183812287646673	0.16511997564587	0.183812287646674
1	1.01195578585276	1.01546211119307	1.01195578585276	1.01195578585276	1.01826252662967	1.02206403940924	1.01826252662967	1.01546211119307	1.02206403940924	1.02459983694626	1.02206403940924	1.01195578585276	1.01826252662967	1.02206403940924	1.01826252662967	0.316219430413103	0.209999646036618	0.169015679408956	0.209999646036619	0.20999964603662	0.183812287780773	0.165119975678849	0.183812287780774	0.169015679408957	0.165119975678848	0.15108661646041	0.165119975678849	0.209999646036621	0.183812287780774	0.165119975678849	0.183812287780774
