1	1.00488863239034	1.00917259201609	1.00488863239034	1.00424204178878	1.00864221802239	1.01273111584439	1.00864221802239	1.00805276198035	1.01214433432747	1.01606001225496	1.01214433432746	1.00424099809677	1.0085840476249	1.01261762997285	1.00858404762488	0.399784930095738	0.309888291115803	0.298423413368956	0.309888291115916	0.309822308673002	0.299974528347173	0.292816034921043	0.299974528347087	0.300433714975107	0.292782426112796	0.287402011495926	0.292782426112728	0.309776341798004	0.298757037681784	0.291242910735201	0.29875703768147
1	1.01889143173954	1.03267495158091	1.01889143173955	1.01714280216754	1.03196115216681	1.04653514954052	1.0319611521668	1.03073511100694	1.04498457164515	1.05777736861485	1.04498457164515	1.01713760554284	1.0314884630422	1.04586075788011	1.03148846304218	0.546857586644934	0.455418247096345	0.419591526091935	0.455418247096378	0.455258341748822	0.425897891898075	0.417225839610753	0.425897891898062	0.428567466838367	0.416698166015204	0.405442221290246	0.416698166015186	0.455185759410194	0.422210852254862	0.413827721111241	0.422210852254771
1	1.028366560289	1.04433423028766	1.02836656028901	1.02616280883265	1.04525827718405	1.06599110616636	1.04525827718405	1.04532429442642	1.06489242312876	1.08103015680923	1.06489242312876	1.02746063360233	1.04444355410371	1.06508187066391	1.0444435541037	0.600962593287985	0.535243223821178	0.465836834500993	0.535243223821191	0.520937302360258	0.477365962693003	0.472044423804419	0.477365962693002	0.48424672180408	0.471386528397257	0.454595610082729	0.471386528397251	0.53944172185053	0.472770830251275	0.468832461694825	0.472770830251245
1	1.03443329365909	1.05169245982158	1.03443329365912	1.02940700438747	1.05278791701877	1.07501442240903	1.05278791701658	1.0546171739751	1.07208219127994	1.0924738220482	1.07208219127992	1.03028696996148	1.05250557988675	1.07465369115733	1.0525055798889	0.620866713017028	0.576201001819365	0.499072140924424	0.576201001819814	0.546794843560433	0.515010057574174	0.496844359690553	0.515010057558179	0.5396905633346	0.491201271732447	0.483987529028129	0.491201271732394	0.550484405517864	0.515187467410635	0.496595655167532	0.51518746742641
1	1.03601838992123	1.053895859996	1.03601838932597	1.03119622226659	1.05774275569387	1.07822687856498	1.05774275555501	1.06130855065439	1.0753518567126	1.09845345237376	1.07535185685843	1.03147562843094	1.05769549323204	1.07906917026379	1.05769549348527	0.628189029467555	0.590998397484711	0.5135929200528	0.590998389913629	0.552879273764457	0.538162681428283	0.509080879703085	0.538162680450958	0.55667984292065	0.500134676319464	0.499023398353902	0.500134677056786	0.553904328058384	0.538013764858437	0.513540309348273	0.538013766647704
1	1.0358685702939	1.05425702702709	1.03586856970072	1.03231513879047	1.06048636255805	1.07881799081807	1.06048636230981	1.06428961353095	1.07726821957824	1.10173745775597	1.07726821973147	1.03236661294466	1.06036751126223	1.08006543681615	1.06036751160324	0.630882759201726	0.596127992793636	0.522149218249041	0.596127988679386	0.555363194024852	0.548559153215776	0.512219804270412	0.548559151921792	0.55842493457784	0.504593029788218	0.507054531537248	0.504593030239743	0.55522706527533	0.547817677409134	0.516547992981247	0.547817678989011
1	1.03531052651165	1.05429860573147	1.03531052608493	1.03314804311836	1.06187653760398	1.07829780770654	1.06187653730303	1.06523789035773	1.07857239234928	1.10390913197893	1.07857239248101	1.03308128781316	1.06162048888198	1.07917813635094	1.06162048922509	0.6318737270176	0.597883140329959	0.528512702283658	0.597883137078675	0.556747145143811	0.553697537933192	0.511900402552491	0.553697536481636	0.554958752029816	0.507197355510866	0.512517382298908	0.507197355934263	0.555837433004799	0.552265110615095	0.514245872632026	0.552265112191275
1	1.03477087385219	1.05445373408324	1.03477087349459	1.03377398243207	1.06259875534091	1.07749394330038	1.06259875502501	1.06522112504939	1.07948899361305	1.10562063754138	1.07948899374112	1.03362442759414	1.06221085141593	1.07784701342452	1.06221085175316	0.632238283712583	0.598390738293095	0.534031497034963	0.598390735315001	0.55779189948838	0.556353394466699	0.510530488130577	0.556353393014936	0.550102873143229	0.508854090167938	0.516847104118226	0.5088540905907	0.556287834095591	0.554357340730354	0.511069639190254	0.554357342259333
1	1.03435016749132	1.05480041603219	1.03435016718063	1.03423926501452	1.06297371098365	1.07674197488887	1.06297371068958	1.06476699034156	1.08012447812167	1.1070901060675	1.08012447824096	1.03402742816278	1.06248087234222	1.0766834259191	1.06248087265069	0.632372396629333	0.598385095105069	0.539094132569381	0.598385092506394	0.558788969492565	0.557716189583689	0.509066208879941	0.557716188298494	0.545241138834071	0.509969633219389	0.520545582937512	0.509969633598883	0.556847131773883	0.555295438986048	0.508385878692482	0.555295440334172
1	1.03403978191121	1.05529503250191	1.03403978165882	1.03459710834841	1.06315562455323	1.07613200082155	1.06315562430941	1.06414208770611	1.08056534651127	1.10841504164985	1.08056534661019	1.03433862968494	1.06258031216688	1.07579707506814	1.06258031242241	0.632421734016164	0.598111179529316	0.543778727643026	0.598111177492115	0.55990246494051	0.558362717842625	0.507791409412165	0.558362716831605	0.540839497010779	0.510778709919459	0.523886636004414	0.51077871021632	0.557638463288443	0.555602257251709	0.506313024931593	0.555602258317023
1	1.03381364340507	1.05588781538721	1.03381364321811	1.03489087943148	1.06322171429056	1.07566260450481	1.06322171410841	1.06346759643685	1.08087512626353	1.10967346696716	1.08087512633625	1.0345948045323	1.06257701492851	1.07513886448913	1.06257701512034	0.632439884227591	0.597631351442967	0.548096523007757	0.597631350000188	0.561269339168461	0.558574021021979	0.506734975924239	0.558574020303541	0.53701676208677	0.511426601993905	0.527099460693215	0.511426602199588	0.55873279562867	0.555515383803453	0.5046894859428	0.55551538456619
1	1.03365115850245	1.05655639161333	1.03365115837591	1.03515272129187	1.06320845757695	1.07531061959022	1.06320845745293	1.06278327421132	1.08109445554279	1.11094678187843	1.08109445559064	1.03482053974071	1.06250025971947	1.07464372982313	1.06250025985099	0.632446561317628	0.596918282794566	0.552086213832604	0.596918281863919	0.563052155210033	0.558474852171489	0.505854877303067	0.558474851705375	0.533746959315728	0.512009564207293	0.530411751941163	0.5120095643348	0.560229256036367	0.555131863757451	0.503351274833372	0.555131864256616
1	1.03353918312218	1.05731775904287	1.03353918304375	1.03540821732796	1.06312714274454	1.07505679653065	1.06312714266714	1.06207674340749	1.08124703543231	1.11232212975649	1.08124703546055	1.03503448351383	1.0623568229308	1.07426651648462	1.06235682301355	0.632449017681942	0.595857818289376	0.555868330354268	0.595857817742752	0.565487725852526	0.558088561023935	0.505098610945213	0.558088560746955	0.530921614905465	0.512607081856301	0.534055344822594	0.512607081926816	0.562310937922918	0.554458519424022	0.50217788521356	0.554458519723356
1	1.03346849737894	1.05824161901011	1.03346849733431	1.03568032143798	1.06296699860909	1.07489392575657	1.06296699856462	1.06128973161359	1.08134586195151	1.11388484549518	1.08134586196648	1.0352517512801	1.06213494467582	1.07398834289722	1.06213494472376	0.632449921327925	0.594189734480291	0.559689261184346	0.594189734186828	0.568936814319664	0.557333106897765	0.504413238516863	0.557333106746426	0.528350804693274	0.513308729999727	0.538239636129338	0.513308730034583	0.565268967573846	0.553414481879026	0.501094824702553	0.55341448204418
1	1.03341940181227	1.05945287127325	1.03341940178904	1.0359918263554	1.0626892253211	1.07482624961126	1.06268922529756	1.06032352304485	1.08140165664235	1.11568252508136	1.08140165664944	1.03547923750317	1.06180356618436	1.07382081338804	1.06180356620996	0.632450253760719	0.5913815214265	0.563920468515455	0.59138152128414	0.573862057045009	0.555968833946439	0.503739244043935	0.555968833870481	0.525739899092479	0.514225695447193	0.543023055388119	0.514225695462394	0.569400824013789	0.551811894089429	0.500097457066199	0.551811894173169
1	1.03331330052063	1.0610312568234	1.03331330050969	1.03637320081893	1.06222736109292	1.07484489879801	1.0622273610814	1.05911891141944	1.08144606230146	1.11762090039005	1.08144606230446	1.03571129182508	1.0613241471314	1.07379529222622	1.06132414714404	0.632450376055914	0.586596522987513	0.568807478363615	0.586596522926212	0.58043428985731	0.553592501959529	0.503013256499822	0.553592501924252	0.522758421351373	0.515424026297532	0.547968330754045	0.515424026303392	0.574504838761889	0.549415542217374	0.499311783853601	0.549415542256639
1	1.03297758348326	1.06271744725614	1.03297758347865	1.03688231819425	1.06155091460532	1.07486792104019	1.06155091460003	1.05788039809821	1.08156036970675	1.11937047878822	1.08156036970791	1.03596111477658	1.0607092488162	1.07388586561309	1.06070924882205	0.632450421045803	0.579600302692288	0.57383769619265	0.579600302668934	0.587680554229875	0.550074519759063	0.50222460364949	0.550074519743439	0.519480545465538	0.516718407118844	0.55197101740627	0.516718407120961	0.579251892720561	0.546320637594313	0.498928434482645	0.546320637611817
1	1.03236121183481	1.06399525631856	1.03236121183306	1.0375341715033	1.06077138954913	1.07479076839356	1.06077138954679	1.05699785151762	1.08179200309957	1.1205937128736	1.08179200310001	1.03625194725267	1.06007179688966	1.07397566310923	1.06007179689227	0.632450437596659	0.572226190336193	0.577942740157928	0.572226190328026	0.59388232964818	0.54621692386495	0.501471844923166	0.546216923858102	0.516638053446103	0.51771638266215	0.554285487180691	0.517716382662934	0.58227662109056	0.543242949049672	0.498876218380289	0.54324294905736
1	1.03167890301777	1.06470396456169	1.03167890301715	1.03820547115625	1.06007314973792	1.07462530296983	1.06007314973689	1.05656821236987	1.08206053359516	1.1212480200072	1.08206053359532	1.03652928542399	1.05954093836099	1.0739977282545	1.05954093836214	0.632450443685378	0.566578540374427	0.580732773660176	0.566578540371685	0.598299554904762	0.543032263412845	0.500845973681895	0.54303226340983	0.514704600778543	0.518259770996245	0.555222123825343	0.51825977099655	0.58358565375694	0.540844890458067	0.4989002412628	0.540844890461447
1	1.0311267875819	1.06502130541372	1.03112678758169	1.03877560105009	1.05955712709025	1.07443616088154	1.05955712708979	1.05643457278078	1.082274550208	1.12149328175706	1.08227455020806	1.03673165178291	1.05916896568893	1.0739632825138	1.05916896568944	0.632450445925293	0.563014748239242	0.58252135609221	0.563014748238336	0.601248096605608	0.54083745923371	0.500344658785567	0.540837459232375	0.513541681667172	0.518445038538631	0.555360714409352	0.518445038538755	0.583823832878543	0.539260095023822	0.498881580484108	0.539260095025314
