1	1.05009183320069	1.00440173402604	1.0500918332007	1.05008683058768	1.00525427338513	1.00331758185086	1.00524695472674	1.00439763374846	1.0033195983932	1.03691625998299	1.0033195983932	1.05008683058768	1.00524695472674	1.00331758185086	1.00525427338513	2.79995324200959	0.0980668024918056	0.0217345010596011	0.0980668024918081	0.0957886971792369	0.0225017222861114	-0.0145638150663703	0.0217816461671314	0.0208741235430443	-0.0146647378275812	-0.0421720851397837	-0.0146647378275808	0.0957886971792392	0.0217816461671314	-0.0145638150663699	0.0225017222861129
1	1.05005237952545	1.00443371799341	1.05005237952546	1.04996006782194	1.00525649294686	1.00331843247624	1.00523876389331	1.00440743318288	1.00332654245168	1.03692441363811	1.00332654245168	1.04996006782194	1.00523876389331	1.00331843247624	1.00525649294686	2.79995416787984	0.0991801212820783	0.023102836509094	0.0991801212820809	0.0923044884669308	0.0222910556588906	-0.0145414407461722	0.0218241815263516	0.0204932557898255	-0.0148326730878244	-0.0421843862054763	-0.014832673087824	0.092304488466933	0.0218241815263516	-0.0145414407461719	0.0222910556588921
1	1.05005215948507	1.00448471035613	1.05005215948508	1.04972587030088	1.00525541289711	1.00331895309995	1.00523168842064	1.00441182986559	1.00333550405514	1.03693285463576	1.00333550405514	1.04972587030088	1.00523168842064	1.00331895309995	1.00525541289711	2.79995507541662	0.0999717764947072	0.0239562440183947	0.09997177649471	0.0899917307473798	0.0221489978524352	-0.0145299172103188	0.0218683135454982	0.0202821494490936	-0.0149188282566875	-0.0421899563504959	-0.0149188282566871	0.089991730747382	0.0218683135454982	-0.0145299172103184	0.0221489978524366
1	1.05007893412297	1.00454682794666	1.05007893412298	1.04942840034611	1.00525232860428	1.00331930269005	1.00522554100779	1.00441331125729	1.00334529421473	1.03694123815633	1.00334529421473	1.04942840034611	1.00522554100779	1.00331930269005	1.00525232860428	2.79995596498297	0.100532176132182	0.0244877211260163	0.100532176132185	0.0884565900546966	0.0220636155612822	-0.014524096801598	0.0218967934816227	0.0201663583696821	-0.0149629260828798	-0.0421925477154878	-0.0149629260828794	0.0884565900546987	0.0218967934816226	-0.0145240968015976	0.0220636155612836
1	1.05012383800912	1.00461487260406	1.05012383800913	1.04909554783859	1.00524814826341	1.00331956239648	1.005220046109	1.00441324033787	1.00335530619266	1.03694941832478	1.00335530619266	1.04909554783859	1.005220046109	1.00331956239648	1.00524814826341	2.79995683693473	0.100929470443396	0.0248189588610056	0.100929470443399	0.087434168238148	0.0220130540788726	-0.0145211577439372	0.0219142583662331	0.0201028785524987	-0.0149855097709158	-0.0421938299057085	-0.0149855097709154	0.08743416823815	0.0219142583662331	-0.0145211577439368	0.022013054078874
1	1.05018059995126	1.00468553308921	1.05018059995127	1.04874497326789	1.00524341474958	1.00331977333009	1.00521501752765	1.00441235637981	1.00336523609517	1.03695733773826	1.00336523609517	1.04874497326789	1.00521501752765	1.00331977333009	1.00524341474958	2.79995769162069	0.101211793647492	0.0250256640019185	0.101211793647495	0.0867498060202865	0.0219832487721803	-0.0145196726989344	0.0219247702225184	0.0200680752976855	-0.0149970961724426	-0.0421945412270169	-0.0149970961724422	0.0867498060202885	0.0219247702225184	-0.014519672698934	0.0219832487721818
1	1.05024480923493	1.00475674678241	1.05024480923494	1.04838788634198	1.0052384454012	1.0033199563993	1.00521033683557	1.00441106103433	1.00337493584904	1.03696497798028	1.00337493584904	1.04838788634198	1.00521033683557	1.0033199563993	1.0052384454012	2.79995852938273	0.101413063137709	0.0251549111814432	0.101413063137712	0.0862884484574056	0.0219657004927549	-0.0145189218234495	0.0219310296292961	0.0200489884946859	-0.0150030645190482	-0.0421950051157528	-0.0150030645190478	0.0862884484574076	0.0219310296292961	-0.0145189218234491	0.0219657004927564
1	1.05031337952878	1.00482725534763	1.05031337952879	1.04803137972641	1.00523342334812	1.00332012231492	1.00520592945024	1.00440957239264	1.00338433708037	1.03697233753824	1.00338433708037	1.04803137972641	1.00520592945024	1.00332012231492	1.00523342334812	2.79995935055597	0.101557169662869	0.0252359697924127	0.101557169662872	0.085974318550344	0.0219553615997375	-0.014518542036412	0.021934724332482	0.020038514867131	-0.0150061645329784	-0.0421953613765831	-0.015006164532978	0.085974318550346	0.021934724332482	-0.0145185420364116	0.0219553615997389
1	1.0503841633314	1.0048963103129	1.05038416333141	1.04767989677485	1.00522845349481	1.00332027663025	1.00520174719749	1.0044080084679	1.00339341194897	1.03697942200946	1.00339341194897	1.04767989677485	1.00520174719749	1.00332027663025	1.00522845349481	2.79996015546889	0.10166094000564	0.0252870389391285	0.101660940005643	0.0857575096357437	0.0219493346315767	-0.0145183500523887	0.0219368049354244	0.020032761716598	-0.0150078007799626	-0.0421956693035447	-0.0150078007799622	0.0857575096357457	0.0219368049354244	-0.0145183500523883	0.0219493346315781
1	1.05045567693651	1.00496348308026	1.05045567693652	1.04733616729524	1.00522359315365	1.0033204222871	1.00519775980541	1.00440643262137	1.00340215306215	1.03698623979568	1.00340215306215	1.04733616729524	1.00519775980541	1.0033204222871	1.00522359315365	2.79996094444347	0.101736225925348	0.0253194347547766	0.101736225925351	0.0856051493248	0.0219456791118601	-0.014518253180117	0.0219380833223208	0.0200295960353794	-0.0150086901896636	-0.0421959533065762	-0.0150086901896632	0.0856051493248019	0.0219380833223208	-0.0145182531801166	0.0219456791118616
1	1.05052690440615	1.00502854408612	1.05052690440616	1.04700181052525	1.00521887257185	1.00332056089212	1.00519394711947	1.00440487839177	1.00341056320964	1.03699280023584	1.00341056320964	1.04700181052525	1.00519394711947	1.00332056089212	1.00521887257185	2.7999617177953	0.101791375611156	0.0253401944617718	0.101791375611159	0.0854955829785244	0.0219435198470961	-0.0145182045555705	0.0219387802016374	0.020027848827177	-0.0150091982098408	-0.0421962231038127	-0.0150091982098404	0.0854955829785263	0.0219387802016374	-0.0145182045555701	0.0219435198470976
1	1.05059715924257	1.00509138674583	1.05059715924258	1.04667772562687	1.00521430727121	1.0033206933737	1.00519029411252	1.00440336302576	1.00341865011312	1.03699911281808	1.00341865011312	1.04667772562687	1.00519029411252	1.0033206933737	1.00521430727121	2.79996247583375	0.101832269599612	0.0253536943743105	0.101832269599615	0.0854145403770938	0.0219422276038975	-0.0145181803920917	0.0219391449929553	0.0200268796571398	-0.0150095109573761	-0.0421964823057895	-0.0150095109573757	0.0854145403770958	0.0219391449929553	-0.0145181803920913	0.021942227603899
1	1.05066598612185	1.00515197976472	1.05066598612186	1.04636434622207	1.00520990332439	1.00332082030712	1.00518678984909	1.0044018949075	1.00342642376274	1.03700518685703	1.00342642376274	1.04636434622207	1.00518678984909	1.00332082030712	1.00520990332439	2.79996321886202	0.101863051182348	0.0253626567328375	0.101863051182351	0.0853526137788389	0.0219414385701917	-0.014518168621511	0.0219393208426645	0.0200263374608873	-0.0150097230413257	-0.0421967321870182	-0.0150097230413253	0.0853526137788409	0.0219393208426645	-0.0145181686215107	0.0219414385701931
1	1.05073309170346	1.00521033740784	1.05073309170347	1.04606180644984	1.00520566145552	1.00332094208325	1.00518342583257	1.00440047760944	1.00343389506419	1.03701103137435	1.00343389506419	1.04606180644984	1.00518342583257	1.00332094208325	1.00520566145552	2.79996394717735	0.10188664021826	0.0253687751628207	0.101886640218263	0.0853035970074069	0.0219409423283286	-0.0145181631091912	0.0219393898330443	0.0200260297984419	-0.0150098824694165	-0.0421969731824264	-0.0150098824694161	0.0853035970074088	0.0219393898330443	-0.0145181631091908	0.02194094232833
1	1.05079829579546	1.00526650099667	1.05079829579547	1.04577004957566	1.00520157940556	1.0033210589944	1.00518019505181	1.00439911211057	1.00344107515904	1.03701665506255	1.00344107515904	1.04577004957566	1.00518019505181	1.0033210589944	1.00520157940556	2.79996466107107	0.10190509509013	0.0253731037577162	0.101905095090133	0.0852633917885089	0.0219406171031919	-0.0145181607338643	0.0219393989803167	0.0200258511539798	-0.0150100135648255	-0.0421972054879378	-0.0150100135648251	0.0852633917885109	0.0219393989803167	-0.014518160733864	0.0219406171031933
1	1.05086149696463	1.00532052744039	1.05086149696464	1.04548889897633	1.00519765329343	1.00332117127828	1.00517709143082	1.00439779800807	1.00344797508847	1.0370220662827	1.00344797508847	1.04548889897633	1.00517709143082	1.00332117127828	1.00519765329343	2.79996536082875	0.101919867460456	0.0253762987907041	0.101919867460459	0.0852292883060738	0.0219403923890827	-0.0145181599101864	0.0219393751637356	0.0200257436771338	-0.0150101286255358	-0.0421974292677005	-0.0150101286255354	0.0852292883060757	0.0219393751637356	-0.014518159910186	0.0219403923890842
1	1.0509226483126	1.00537248213504	1.05092264831261	1.04521810458691	1.00519387840022	1.00332127914089	1.00517410950923	1.00439653418016	1.00345460563071	1.03702727307354	1.00345460563071	1.04521810458691	1.00517410950923	1.00332127914089	1.00519387840022	2.79996604673029	0.10193198177864	0.0253787691898152	0.101931981778643	0.0851994911115597	0.0219402273173026	-0.014518159834511	0.0219393337172461	0.0200256756305349	-0.0150102338720678	-0.0421976447173393	-0.0150102338720674	0.0851994911115617	0.0219393337172461	-0.0145181598345106	0.021940227317304
1	1.05098174044518	1.00542243459393	1.05098174044518	1.04495737320026	1.0051902496183	1.00332138276841	1.00517124425607	1.00439531914702	1.00346097722727	1.03703228316459	1.00346097722727	1.04495737320026	1.00517124425607	1.00332138276841	1.0051902496183	2.79996671905008	0.101942161634189	0.0253807700409992	0.101942161634192	0.0851728071536095	0.0219400981645817	-0.0145181601023678	0.0219392833593118	0.0200256295931386	-0.0150103324615743	-0.042197852068978	-0.0150103324615739	0.0851728071536115	0.0219392833593118	-0.0145181601023674	0.0219400981645831
1	1.05103878950794	1.00547045577397	1.05103878950795	1.04470638818581	1.00518676170748	1.00332148233353	1.00516849096004	1.0043941512668	1.00346709995363	1.03703710398918	1.00346709995363	1.04470638818581	1.00516849096004	1.00332148233353	1.00518676170748	2.79996737805704	0.101950918731964	0.0253824607258829	0.101950918731967	0.0851484403991615	0.021939991140927	-0.0145181605128625	0.0219392290113947	0.020025595988841	-0.0150104260131065	-0.0421980515781938	-0.0150104260131061	0.0851484403991635	0.0219392290113947	-0.0145181605128621	0.0219399911409285
1	1.05109382879069	1.00551661645558	1.05109382879069	1.04446482226441	1.00518340943976	1.00332157799894	1.00516584516379	1.0043930288417	1.00347298351234	1.03704174269754	1.00347298351234	1.04446482226441	1.00516584516379	1.00332157799894	1.00518340943976	2.79996802401479	0.101958615511714	0.0253839410883756	0.101958615511717	0.0851258565798887	0.021939898205076	-0.0145181609680646	0.0219391734308573	0.0200255695507765	-0.0150105153802792	-0.0421982435179332	-0.0150105153802789	0.0851258565798906	0.0219391734308573	-0.0145181609680642	0.0219398982050774
1	1.05114690284441	1.0055609862765	1.05114690284441	1.04423234572491	1.00518018767954	1.0033216699192	1.00516330262378	1.00439195017474	1.00347863723702	1.03704620616881	1.00347863723702	1.04423234572491	1.00516330262378	1.0033216699192	1.00518018767954	2.79996865718172	0.101965509259623	0.0253852739202349	0.101965509259626	0.0851046941412129	0.0219398146363751	-0.0145181614220574	0.0219391181524086	0.0200255473762769	-0.0150106010374905	-0.0421984281689222	-0.0150106010374901	0.0851046941412148	0.0219391181524086	-0.014518161422057	0.0219398146363765
1	1.05119806337071	1.00560363317075	1.05119806337072	1.04400863164905	1.00517709142672	1.00332175824188	1.00516085928459	1.00439091359933	1.00348407010147	1.03705050102152	1.00348407010147	1.04400863164905	1.00516085928459	1.00332175824188	1.00517709142672	2.7999692778111	0.10197178318023	0.0253864989258651	0.101971783180233	0.0850847056427807	0.0219397376511011	-0.0145181618557667	0.021939064001736	0.020025527853702	-0.0150106832698813	-0.0421986058036379	-0.0150106832698809	0.0850847056427827	0.021939064001736	-0.0145181618557663	0.0219397376511025
1	1.0512473663546	1.00564462305788	1.0512473663546	1.04379335917958	1.0051741158386	1.00332184310827	1.00515851126175	1.00438991749449	1.0034892907312	1.0370546336241	1.0034892907312	1.04379335917958	1.00515851126175	1.00332184310827	1.0051741158386	2.7999698861512	0.101977568237361	0.0253876414370359	0.101977568237364	0.0850657191124971	0.021939665585376	-0.014518162262175	0.0219390114108701	0.0200255100844346	-0.0150107622721183	-0.0421987766917194	-0.0150107622721179	0.0850657191124991	0.0219390114108701	-0.0145181622621746	0.0219396655853774
1	1.05129487007451	1.00568401968671	1.05129487007451	1.04358621550381	1.00517125623946	1.00332192465386	1.00515625482943	1.00438896029186	1.0034943074158	1.03705861010438	1.0034943074158	1.04358621550381	1.00515625482943	1.00332192465386	1.00517125623946	2.79997048244536	0.101982958558682	0.02538871781151	0.101982958558685	0.0850476126230973	0.0219395974297291	-0.0145181626407341	0.0219389605850349	0.0200254935617154	-0.0150108381932882	-0.0421989410925839	-0.0150108381932878	0.0850476126230993	0.0219389605850349	-0.0145181626407337	0.0219395974297305
1	1.05134063372713	1.00572188457352	1.05134063372713	1.04338689700166	1.00516850812321	1.00332200300871	1.00515408641116	1.00438804047852	1.00349912812152	1.03706243635895	1.00349912812152	1.04338689700166	1.00515408641116	1.00332200300871	1.00516850812321	2.7999710669321	0.101988022265508	0.0253897388073611	0.101988022265511	0.0850302975227573	0.021939532554869	-0.0145181629928579	0.021938911605714	0.0200254779942339	-0.0150109111607094	-0.0421990992572865	-0.015010911160709	0.0850302975227593	0.021938911605714	-0.0145181629928575	0.0219395325548704
1	1.05138471648539	1.00575827699774	1.05138471648539	1.04319510984836	1.00516586715207	1.00332207829771	1.00515200257216	1.0043871565975	1.00350376050361	1.0370661180618	1.00350376050361	1.04319510984836	1.00515200257216	1.00332207829771	1.00516586715207	2.79997163984523	0.101992809109312	0.0253907116709561	0.101992809109314	0.0850137073934451	0.0219394705545066	-0.0145181633213653	0.0219388644842677	0.0200254632109247	-0.0150109812896631	-0.0421992514263994	-0.0150109812896627	0.0850137073934471	0.0219388644842677	-0.014518163321365	0.0219394705545081
1	1.05142717685966	1.00579325403204	1.05142717685966	1.04301057026567	1.00516332915309	1.00332215064084	1.00515000001283	1.00438630724702	1.00350821191835	1.03706966067283	1.00350821191835	1.04301057026567	1.00515000001283	1.00332215064084	1.00516332915309	2.79997220141392	0.101997355842385	0.0253916414461198	0.101997355842388	0.0849977907614043	0.0219394111540722	-0.0145181636286382	0.021938819194765	0.0200254491059656	-0.0150110486889203	-0.0421993978309317	-0.0150110486889199	0.0849977907614063	0.021938819194765	-0.0145181636286378	0.0219394111540736
1	1.05146807227187	1.00582687059257	1.05146807227188	1.04283300454692	1.00516089011357	1.00332222015336	1.00514807556295	1.00438549107911	1.00351248943473	1.03707306944588	1.00351248943473	1.04283300454692	1.00514807556295	1.00332222015336	1.00516089011357	2.79997275186281	0.102001690005121	0.0253925317821934	0.102001690005123	0.0849825062896288	0.0219393541556221	-0.0145181639173412	0.0219387756923781	0.0200254356118031	-0.0150111134624447	-0.04219953869253	-0.0150111134624443	0.0849825062896307	0.0219387756923781	-0.0145181639173408	0.0219393541556235
1	1.0515074587788	1.00585917950058	1.0515074587788	1.04266214893907	1.00515854617578	1.00332228694601	1.00514622617631	1.00438470679796	1.00351659984562	1.03707634943648	1.00351659984562	1.04266214893907	1.00514622617631	1.00332228694601	1.00515854617578	2.79997329141207	0.102005832591928	0.0253933854427739	0.102005832591931	0.0849678196007815	0.0219392994094236	-0.0145181641893264	0.0219387339216716	0.0200254226805589	-0.0150111757105171	-0.0421996742233154	-0.0150111757105167	0.0849678196007835	0.0219387339216716	-0.014518164189326	0.021939299409425
1	1.05154539089889	1.00589023154979	1.05154539089889	1.04249774943619	1.00515629363159	1.0033223511252	1.0051444489257	1.00438395315812	1.00352054967856	1.03707950550932	1.00352054967856	1.0424977494362	1.0051444489257	1.0033223511252	1.00515629363159	2.79997382027755	0.102009799930088	0.0253942046197179	0.102009799930091	0.0849537011721695	0.0219392467922801	-0.0145181644465601	0.0219386938249602	0.0200254102776615	-0.0150112355299911	-0.0421998046274139	-0.0150112355299907	0.0849537011721714	0.0219386938249602	-0.0145181644465597	0.0219392467922815
1	1.05158192151219	1.00592007557648	1.05158192151219	1.0423395615193	1.00515412891697	1.00332241279318	1.0051427409982	1.00438322896261	1.00352434520616	1.03708254234543	1.00352434520616	1.0423395615193	1.0051427409982	1.00332241279318	1.00515412891697	2.79997433867078	0.102013605006054	0.0253949911308702	0.102013605006056	0.0849401249436687	0.0219391962016067	-0.0145181646902978	0.0219386553411248	0.0200253983742767	-0.0150112930143276	-0.0421999300997764	-0.0150112930143272	0.0849401249436707	0.0219386553411248	-0.0145181646902974	0.0219391962016081
1	1.05161710180964	1.00594875852988	1.05161710180964	1.04218734986664	1.00515204860655	1.00332247204819	1.00514109969066	1.00438253306118	1.003527992456	1.03708546444912	1.003527992456	1.04218734986664	1.00514109969066	1.00332247204819	1.00515204860655	2.79997484679915	0.102017258397551	0.0253957465442884	0.102017258397553	0.0849270673837083	0.0219391475434001	-0.0145181649219009	0.0219386184128762	0.0200253869471476	-0.0150113482538912	-0.0422000508287236	-0.0150113482538908	0.0849270673837102	0.0219386184128762	-0.0145181649219005	0.0219391475434016
1	1.05165098127792	1.00597632554203	1.05165098127792	1.04204088804811	1.0051500494084	1.00332252898466	1.00513952240541	1.00438186434844	1.00353149722026	1.03708827615457	1.00353149722026	1.04204088804811	1.00513952240541	1.00332252898466	1.0051500494084	2.79997534486589	0.102020768937038	0.0253964722538498	0.10202076893704	0.0849145068740397	0.0219391007352454	-0.0145181651422122	0.0219385829807584	0.0200253759745322	-0.0150114013355827	-0.0422001669937389	-0.0150114013355823	0.0849145068740416	0.0219385829807584	-0.0145181651422118	0.0219391007352468
1	1.05168360766565	1.00600281999189	1.05168360766565	1.04189995824778	1.00514812760071	1.00332258369248	1.00513800720308	1.00438122176496	1.00353486506565	1.0370909816317	1.00353486506565	1.04189995824778	1.00513800720308	1.00332258369248	1.00514812760071	2.79997583307026	0.102024144247944	0.0253971696403622	0.102024144247947	0.0849024235137008	0.0219390000897044	-0.0145181653625694	0.0219386045071816	0.0200253654017041	-0.0150114523376785	-0.0422002787719372	-0.0150114523376781	0.0849024235137027	0.0219386045071816	-0.0145181653625691	0.0219390000897058
1	1.05171502713502	1.00602828358608	1.05171502713503	1.04176435086253	1.00514627994667	1.00332263625979	1.00513655188095	1.00438060428678	1.00353810133983	1.03709358489435	1.00353810133983	1.04176435086253	1.00513655188095	1.00332263625979	1.00514627994667	2.79997631160753	0.10202739084546	0.0253978397334097	0.102027390845462	0.0848907981075382	0.0219389250486969	-0.0145181655681456	0.0219386035401777	0.0200253552703442	-0.0150115013476892	-0.0422003863243101	-0.0150115013476888	0.0848907981075402	0.0219386035401777	-0.0145181655681452	0.0219389250486983
1	1.05174528416221	1.00605275640619	1.05174528416221	1.04163386428119	1.00514450388984	1.00332268677023	1.00513515376873	1.00438001093344	1.00354121118252	1.03709608980389	1.00354121118252	1.04163386428119	1.00513515376873	1.00332268677023	1.00514450388984	2.79997678066913	0.102030514602261	0.0253984836563851	0.102030514602264	0.08487961274273	0.0219388654460179	-0.0145181657626364	0.0219385901219416	0.0200253455423636	-0.0150115484440945	-0.0422004898122402	-0.0150115484440941	0.0848796127427319	0.0219385901219416	-0.014518165762636	0.0219388654460193
1	1.05177442162842	1.00607627697848	1.05177442162843	1.04150830455989	1.00514279683159	1.00332273530426	1.00513381044209	1.0043794407624	1.00354419953265	1.03709850007589	1.00354419953265	1.04150830455989	1.00513381044209	1.00332273530426	1.00514279683159	2.79997724044269	0.102033520857976	0.0253991024617647	0.102033520857979	0.0848688504004751	0.0219388153858775	-0.0145181659474656	0.0219385700213512	0.0200253361996359	-0.0150115937004994	-0.0422005893893136	-0.015011593700499	0.0848688504004771	0.0219385700213512	-0.0145181659474653	0.021938815385879
1	1.05180248086321	1.00609888233335	1.05180248086321	1.04138748513446	1.00514115619269	1.0033227819392	1.00513251965298	1.00437889286798	1.00354707113623	1.03710081928558	1.00354707113623	1.04138748513446	1.00513251965298	1.0033227819392	1.00514115619269	2.79997769111211	0.102036414518212	0.0253996971487935	0.102036414518215	0.0848584948268265	0.0219387714419987	-0.0145181661236978	0.021938546547378	0.02002532722636	-0.0150116371883408	-0.0422006852039098	-0.0150116371883404	0.0848584948268284	0.021938546547378	-0.0145181661236974	0.0219387714420001
1	1.05182950169236	1.0061206080632	1.05182950169236	1.04127122653957	1.00513957944726	1.00332282674934	1.00513127928822	1.00437836637986	1.00354983055388	1.03710305087317	1.00354983055388	1.04127122653957	1.00513127928822	1.00332282674934	1.00513957944726	2.79997813285769	0.102039200141681	0.0254002686693377	0.102039200141683	0.0848485304672313	0.0219387316137337	-0.0145181662920096	0.0219385215903115	0.0200253186074803	-0.0150116789764527	-0.0422007773983889	-0.0150116789764523	0.0848485304672333	0.0219385215903115	-0.0145181662920092	0.0219387316137352
1	1.05185552248649	1.00614148837793	1.0518555224865	1.04115935613804	1.00513806414067	1.00332286980609	1.00513008734426	1.00437786046171	1.0035524821681	1.03710519814894	1.0035524821681	1.04115935613804	1.00513008734426	1.00332286980609	1.00513806414067	2.79997856585612	0.102041882001705	0.02540081793322	0.102041882001708	0.0848389424112602	0.0219386947239185	-0.0145181664529239	0.0219384962227226	0.0200253103288388	-0.0150117191311327	-0.0422008661097359	-0.0150117191311323	0.0848389424112621	0.0219384962227226	-0.0145181664529235	0.0219386947239199
1	1.05188058021004	1.00616155615847	1.05188058021004	1.04105170785972	1.00513660789829	1.00332291117804	1.00512894191136	1.00437737430988	1.00355503019021	1.03710726429813	1.00355503019021	1.04105170785972	1.00512894191136	1.00332291117804	1.00513660789829	2.79997899028061	0.102044464131763	0.0254013458115309	0.102044464131766	0.0848297163507552	0.0219386600713843	-0.0145181666068492	0.0219384710460616	0.0200253023768374	-0.0150117577161295	-0.0422009514695832	-0.0150117577161291	0.0848297163507571	0.0219384710460616	-0.0145181666068488	0.0219386600713857
1	1.05190471046967	1.00618084300827	1.05190471046967	1.04094812195015	1.00513520842903	1.00332295093113	1.00512784116335	1.00437690715211	1.00355747866702	1.03710925238564	1.00355747866702	1.04094812195015	1.00512784116335	1.00332295093113	1.00513520842903	2.79997940630092	0.102046950358322	0.0254018531395846	0.102046950358325	0.0848208385443489	0.021938627230462	-0.0145181667541381	0.0219384463906706	0.0200252947385501	-0.0150117947927584	-0.0422010336046434	-0.015011794792758	0.0848208385443509	0.0219384463906706	-0.0145181667541377	0.0219386272304635
1	1.05192794756204	1.00619937930278	1.05192794756204	1.04084844472859	1.00513386352591	1.00332298912869	1.0051267833505	1.00437645824633	1.00355983148728	1.03711116536061	1.00355983148728	1.04084844472859	1.0051267833505	1.00332298912869	1.00513386352591	2.79997981408349	0.102049344325891	0.0254023407188817	0.102049344325894	0.0848122957883483	0.0219385959352514	-0.0145181668951068	0.0219384224311069	0.0200252874015407	-0.0150118304199429	-0.0422011126367443	-0.0150118304199425	0.0848122957883502	0.0219384224311069	-0.0145181668951065	0.0219385959352528
1	1.05195032452042	1.00621719423707	1.05195032452043	1.04075252835533	1.00513257106502	1.00332302583159	1.00512576679434	1.00437602687943	1.00356209238785	1.03711300606076	1.00356209238785	1.04075252835533	1.00512576679434	1.00332302583159	1.00513257106502	2.79998021379141	0.102051649515561	0.0254028093190553	0.102051649515564	0.0848040753907206	0.0219385660128321	-0.0145181670300369	0.0219383992526854	0.0200252803539217	-0.0150118646543297	-0.0422011886831603	-0.0150118646543293	0.0848040753907226	0.0219383992526854	-0.0145181670300365	0.0219385660128335
1	1.05197187316012	1.00623431587157	1.05197187316012	1.0406602306079	1.00513132900354	1.00332306109831	1.00512478988358	1.00437561236619	1.00356426495961	1.03711477721664	1.00356426495961	1.0406602306079	1.00512478988358	1.00332306109831	1.00513132900354	2.79998060558459	0.102053869259688	0.0254032596792777	0.102053869259691	0.0847961651482464	0.0219385373446825	-0.0145181671592038	0.021938376889831	0.0200252735842689	-0.0150118975503496	-0.0422012618566809	-0.0150118975503493	0.0847961651482483	0.021938376889831	-0.0145181671592034	0.0219385373446839
1	1.05199262412258	1.00625077117615	1.05199262412258	1.04057141466591	1.00513013537731	1.00332309498505	1.00512385107079	1.00437521404813	1.0035663526532	1.03711648145561	1.0035663526532	1.04057141466591	1.00512385107079	1.00332309498505	1.00513013537731	2.79998098961975	0.102056006753261	0.0254036925097039	0.102056006753264	0.0847885533255834	0.021938509844405	-0.0145181672828487	0.0219383553481753	0.0200252670816125	-0.0150119291603137	-0.0422013322658554	-0.0150119291603133	0.0847885533255853	0.0219383553481753	-0.0145181672828483	0.0219385098444064
1	1.05201260691809	1.00626658607235	1.05201260691809	1.0404859489042	1.00512898829819	1.0033231275458	1.00512294886946	1.00437483129254	1.00356835878444	1.03711812130581	1.00356835878444	1.0404859489042	1.00512294886946	1.0033231275458	1.00512898829819	2.7999813660505	0.102058065063205	0.025404108492678	0.102058065063207	0.0847812286357524	0.0219384834448336	-0.0145181674012193	0.0219383346173091	0.0200252608354329	-0.0150119595344902	-0.0422014000151114	-0.0150119595344898	0.0847812286357543	0.0219383346173092	-0.0145181674012189	0.021938483444835
1	1.05203184996714	1.00628178547414	1.05203184996714	1.04040370669403	1.00512788595137	1.00332315883246	1.0051220818514	1.00437446349138	1.00357028653966	1.03711969919986	1.00357028653966	1.04040370669403	1.0051220818514	1.00332315883246	1.00512788595137	2.79998173502742	0.102060047136064	0.0254045082838968	0.102060047136066	0.0847741802222043	0.0219384580905783	-0.0145181675145312	0.0219383146780811	0.0200252548356064	-0.0150119887211833	-0.0422014652049374	-0.0150119887211829	0.0847741802222063	0.0219383146780811	-0.0145181675145309	0.0219384580905798
1	1.05205038064028	1.00629639332694	1.05205038064028	1.04032456621192	1.0051268265926	1.00332318889487	1.00512124864429	1.00437411006039	1.00357213898071	1.03712121747849	1.00357213898071	1.04032456621192	1.00512124864429	1.00332318889487	1.0051268265926	2.79998209669811	0.102061955804498	0.0254048925134952	0.102061955804501	0.0847673976414836	0.0219384337336879	-0.014518167623009	0.0219382955068299	0.020025249072436	-0.0150120167668126	-0.0422015279320233	-0.0150120167668122	0.0847673976414855	0.0219382955068299	-0.0145181676230086	0.0219384337336894
1	1.05206822529672	1.0063104326453	1.05206822529673	1.04024841025594	1.00512580854555	1.00332321778094	1.00512044792945	1.00437377043815	1.00357391904983	1.03712267839398	1.00357391904983	1.04024841025594	1.00512044792945	1.00332321778094	1.00512580854555	2.79998245120724	0.102063793792999	0.0254052617870474	0.102063793793002	0.0847608708472716	0.0219384103311308	-0.0145181677268486	0.0219382770777616	0.020025243536578	-0.0150120437159807	-0.0422015882894014	-0.0150120437159803	0.0847608708472736	0.0219382770777617	-0.0145181677268482	0.0219384103311322
1	1.05208540932148	1.00632392554897	1.05208540932149	1.04017512606913	1.00512483019923	1.00332324553669	1.00511967843971	1.00437344408514	1.00357562957435	1.03712408411354	1.00357562957435	1.04017512606913	1.00511967843971	1.00332324553669	1.00512483019923	2.79998279869662	0.102065563722844	0.0254056166865709	0.102065563722847	0.0847545901746556	0.0219383878433078	-0.0145181678262552	0.0219382593643497	0.0200252382190902	-0.0150120696115519	-0.0422016463665974	-0.0150120696115515	0.0847545901746575	0.0219382593643497	-0.0145181678262548	0.0219383878433092
1	1.05210195716125	1.00633689329767	1.05210195716125	1.04010460516965	1.0051238900054	1.00332327220636	1.00511893895731	1.00437313048295	1.00357727327113	1.03712543672253	1.00357727327113	1.04010460516965	1.00511893895731	1.00332327220636	1.0051238900054	2.79998313930524	0.102067268116718	0.0254059577714062	0.10206726811672	0.0847485463256767	0.0219383662331817	-0.0145181679214076	0.0219382423400722	0.0200252331113475	-0.0150120944947094	-0.0422017022497399	-0.015012094494709	0.0847485463256787	0.0219382423400722	-0.0145181679214072	0.0219383662331831
1	1.05211789235893	1.00634935632448	1.05211789235894	1.04003674318767	1.00512298647622	1.00332329783244	1.00511822831206	1.0043728291334	1.00357885275092	1.03712673822748	1.00357885275092	1.04003674318767	1.00511822831206	1.00332329783244	1.00512298647622	2.79998347316937	0.102068909402761	0.0254062855791616	0.102068909402763	0.0847427303548949	0.0219383454657403	-0.0145181680124933	0.0219382259788755	0.0200252282051007	-0.0150121184050339	-0.0422017560217241	-0.0150121184050335	0.0847427303548969	0.0219382259788755	-0.0145181680124929	0.0219383454657417
1	1.05213323758701	1.00636133426796	1.05213323758702	1.0399714397084	1.00512211818183	1.00332332245576	1.00511754537936	1.0043725395578	1.00358037052247	1.03712799055915	1.00358037052247	1.0399714397084	1.00511754537936	1.00332332245576	1.00512211818183	2.79998380042254	0.102070489918529	0.0254066006264975	0.102070489918532	0.0847371336561614	0.0219383255076781	-0.0145181680996772	0.0219382102553667	0.0200252234923895	-0.0150121413805516	-0.0422018077622907	-0.0150121413805512	0.0847371336561633	0.0219382102553667	-0.0145181680996768	0.0219383255076795
1	1.05214801467961	1.00637284600296	1.05214801467961	1.03990859812129	1.00512128374816	1.00332334611557	1.00511688907851	1.00437226129613	1.00358182899655	1.03712919557535	1.00358182899655	1.03990859812129	1.00511688907851	1.00332334611557	1.00512128374816	2.79998412119567	0.10207201191448	0.0254069034100107	0.102072011914483	0.0847317479493345	0.0219383063271791	-0.0145181681831299	0.0219381951449659	0.0200252189656025	-0.0150121634578104	-0.0422018575481912	-0.01501216345781	0.0847317479493365	0.0219381951449659	-0.0145181681831295	0.0219383063271805
1	1.05216224466343	1.00638390967035	1.05216224466344	1.03984812547504	1.0051204818547	1.00332336884957	1.00511625837096	1.00437199390637	1.00358323048974	1.03713035506371	1.00358323048974	1.03984812547504	1.00511625837096	1.00332336884957	1.0051204818547	2.79998443561706	0.102073477557477	0.0254071944069466	0.10207347755748	0.0847265652680951	0.0219382878937829	-0.0145181682630041	0.021938180623923	0.020025214617395	-0.0150121846719218	-0.0422019054532548	-0.0150121846719214	0.0847265652680971	0.021938180623923	-0.0145181682630037	0.0219382878937843
1	1.05217594778758	1.00639454270548	1.05217594778758	1.03978993233812	1.00511971123245	1.00332339069398	1.00511565225864	1.00437173696375	1.00358457722811	1.03713147074431	1.00358457722811	1.03978993233812	1.00511565225864	1.00332339069398	1.00511971123245	2.79998474381249	0.102074888933893	0.0254074740760201	0.102074888933896	0.0847215779477121	0.0219382701782777	-0.0145181683394548	0.0219381666693639	0.0200252104407415	-0.0150122050566323	-0.042201951548545	-0.0150122050566319	0.084721577947714	0.0219381666693639	-0.0145181683394544	0.0219382701782791
1	1.05218914355222	1.00640476186558	1.05218914355223	1.03973393266479	1.00511897066189	1.0033234116836	1.00511506978244	1.00437149006011	1.00358587135081	1.03713254427226	1.00358587135081	1.03973393266479	1.00511506978244	1.0033234116836	1.00511897066189	2.79998504590524	0.102076248052775	0.0254077428580699	0.102076248052777	0.0847167786137686	0.0219382531526313	-0.0145181684126236	0.0219381532592561	0.0200252064288669	-0.0150122246443625	-0.0422019959024179	-0.0150122246443621	0.0847167786137706	0.0219381532592561	-0.0145181684126232	0.0219382531526327
1	1.0522018507363	1.00641458325617	1.05220185073631	1.03968004366616	1.00511825897108	1.0033234318519	1.00511451002061	1.00437125280322	1.00358711491339	1.03713357724014	1.00358711491339	1.03968004366616	1.00511451002061	1.0033234318519	1.00511825897108	2.79998534201616	0.102077556848665	0.025408001176818	0.102077556848667	0.0847121601709049	0.021938236789923	-0.0145181684826515	0.0219381403724159	0.0200252025752854	-0.0150122434662721	-0.0422020385806702	-0.0150122434662717	0.0847121601709069	0.0219381403724159	-0.0145181684826511	0.0219382367899244
1	1.05221408742414	1.00642402235633	1.05221408742414	1.0396281856863	1.00511757503375	1.003323451231	1.00511397208739	1.0043710248162	1.00358830989112	1.03713457118036	1.00358830989112	1.0396281856863	1.00511397208739	1.003323451231	1.00511757503375	2.79998563226368	0.102078817184486	0.0254082494394731	0.102078817184489	0.0847077157923583	0.0219382210642947	-0.01451816854967	0.0219381279884633	0.0200251988737477	-0.0150122615522973	-0.0422020796465911	-0.0150122615522969	0.0847077157923603	0.0219381279884633	-0.0145181685496696	0.0219382210642961
1	1.05222587103108	1.00643309404305	1.05222587103108	1.03957828208304	1.0051169177676	1.00332346985179	1.00511345513152	1.00437080573686	1.00358945818209	1.03713552756743	1.00358945818209	1.03957828208304	1.00511345513152	1.00332346985179	1.0051169177676	2.79998591676393	0.102080030854141	0.0254084880374297	0.102080030854144	0.0847034389096059	0.0219382059509039	-0.014518168613807	0.021938116087813	0.0200251953182659	-0.0150122789312088	-0.0422021191610986	-0.0150122789312084	0.0847034389096079	0.021938116087813	-0.0145181686138066	0.0219382059509054
1	1.05223721832824	1.00644181261463	1.05223721832825	1.03953025911342	1.00511628613249	1.00332348774393	1.00511295833499	1.00437059521718	1.00359056161025	1.03713644782016	1.00359056161025	1.03953025911342	1.00511295833499	1.00332348774393	1.00511628613249	2.79998619563068	0.102081199585148	0.025408717346833	0.102081199585151	0.0846993232026516	0.0219381914258796	-0.0145181686751849	0.0219381046516339	0.0200251919030761	-0.0150122956306484	-0.0422021571827933	-0.015012295630648	0.0846993232026535	0.0219381046516339	-0.0145181686751845	0.021938191425881
1	1.0522481454663	1.00645019181318	1.05224814546631	1.03948404582347	1.00511567912887	1.00332350493595	1.00511248091163	1.00437039292275	1.0035916219283	1.03713733330376	1.0035916219283	1.03948404582347	1.00511248091163	1.00332350493595	1.00511567912888	2.79998646897551	0.102082325041054	0.0254089377292148	0.102082325041057	0.0846953625904962	0.0219381774662844	-0.0145181687339195	0.0219380936618296	0.0200251886226502	-0.0150123116771814	-0.0422021937680765	-0.015012311677181	0.0846953625904981	0.0219380936618296	-0.0145181687339191	0.0219381774662858
1	1.05225866799841	1.00645824484625	1.05225866799841	1.03943957394226	1.00511509579619	1.00332352145523	1.00511202210598	1.00437019853219	1.00359264082046	1.03713818533186	1.00359264082046	1.03943957394226	1.00511202210598	1.00332352145523	1.00511509579619	2.79998673690775	0.102083408823858	0.0254091495320233	0.102083408823861	0.0846915512221111	0.0219381640500749	-0.0145181687901248	0.0219380831010075	0.0200251854716723	-0.0150123270963314	-0.0422022289712054	-0.015012327096331	0.0846915512221131	0.0219380831010075	-0.0145181687901244	0.0219381640500763
1	1.0522688009023	1.00646598440755	1.0522688009023	1.03939677778001	1.00511453521131	1.0033235373281	1.00511158119201	1.00437001173672	1.00359361990516	1.03713900516847	1.00359361990516	1.03939677778001	1.00511158119201	1.0033235373281	1.00511453521131	2.79998699953457	0.102084452476251	0.0254093530892041	0.102084452476254	0.0846878834676747	0.0219381511560697	-0.0145181688439052	0.02193807295245	0.020025182445038	-0.0150123419126265	-0.0422022628443999	-0.0150123419126261	0.0846878834676767	0.02193807295245	-0.0145181688439049	0.0219381511560711
1	1.05227855860152	1.00647342269699	1.05227855860152	1.03935559413007	1.00511399648714	1.00332355257986	1.00511115747201	1.00436983223958	1.00359456073762	1.03713979402982	1.00359456073762	1.03935559413007	1.00511115747201	1.00332355257986	1.00511399648715	2.79998725696103	0.102085457483848	0.0254095487216977	0.10208545748385	0.0846843539101764	0.0219381387639107	-0.014518168895367	0.021938063200095	0.0200251795378454	-0.0150123561496349	-0.0422022954378977	-0.0150123561496345	0.0846843539101784	0.021938063200095	-0.0145181688953666	0.0219381387639122
1	1.05228795498594	1.00648057143984	1.05228795498594	1.03931596217468	1.00511347877117	1.0033235672348	1.0051107502755	1.00436965975562	1.00359546481226	1.03714055308621	1.00359546481226	1.03931596217469	1.0051107502755	1.0033235672348	1.00511347877117	2.79998750929011	0.102086425277276	0.0254097367379671	0.102086425277279	0.0846809573373587	0.021938126854037	-0.0145181689446053	0.0219380538285007	0.0200251767453816	-0.015012369830004	-0.0422023268000459	-0.0150123698300036	0.0846809573373607	0.0219380538285007	-0.0145181689446049	0.0219381268540384
1	1.0522970034315	1.00648744190521	1.0522970034315	1.03927782339434	1.00511298124411	1.00332358131628	1.00511035895811	1.00436949401086	1.00359633356517	1.03714128346373	1.00359633356517	1.03927782339434	1.00511035895811	1.00332358131628	1.00511298124411	2.79998775662274	0.102087357234224	0.0254099174344652	0.102087357234226	0.0846776887339055	0.0219381154076448	-0.0145181689917183	0.0219380448228344	0.0200251740631259	-0.0150123829754954	-0.0422023569773601	-0.015012382975495	0.0846776887339075	0.0219380448228344	-0.014518168991718	0.0219381154076462
1	1.05230571681914	1.00649404492373	1.05230571681915	1.0392411214806	1.00511250311867	1.00332359484674	1.00510998290063	1.00436933474198	1.00359716837631	1.03714198624591	1.00359716837631	1.0392411214806	1.00510998290063	1.00332359484674	1.00511250311867	2.79998799905785	0.102088254681397	0.0254100910961154	0.1020882546814	0.084674543274035	0.0219381044066705	-0.0145181690367925	0.0219380361688329	0.0200251714867271	-0.0150123956070206	-0.0422023860146028	-0.0150123956070202	0.084674543274037	0.0219380361688329	-0.0145181690367921	0.0219381044066719
1	1.05231410755319	1.00650039090468	1.0523141075532	1.03920580225227	1.00511204363822	1.00332360784775	1.00510962150798	1.00436918169596	1.00359797057172	1.03714266247535	1.00359797057172	1.03920580225227	1.00510962150798	1.00332360784775	1.00511204363822	2.79998823669243	0.102089118896402	0.0254102579967505	0.102089118896404	0.0846715163142301	0.0219380938337458	-0.014518169079919	0.0219380278527992	0.020025169012016	-0.0150124077446735	-0.0422024139548418	-0.0150124077446731	0.0846715163142321	0.0219380278527992	-0.0145181690799187	0.0219380938337473
1	1.05232218757892	1.00650648985228	1.05232218757892	1.03917181357471	1.00511160207566	1.00332362034001	1.00510927420828	1.00436903462969	1.00359874142566	1.03714331315528	1.00359874142566	1.03917181357472	1.00510927420828	1.00332362034001	1.00511160207566	2.79998846962152	0.102089951109566	0.0254104183995495	0.102089951109568	0.0846686033864265	0.0219380836721881	-0.0145181691211762	0.0219380198615587	0.0200251666349753	-0.015012419407762	-0.0422024408395203	-0.0150124194077616	0.0846686033864285	0.0219380198615587	-0.0145181691211758	0.0219380836721895
1	1.05232996839954	1.00651235138154	1.05232996839954	1.03913910528233	1.00511117773224	1.00332363234344	1.00510894045198	1.00436889330953	1.0035994821626	1.03714393925098	1.0035994821626	1.03913910528233	1.00510894045198	1.00332363234343	1.00511117773224	2.79998869793831	0.102090752505678	0.0254105725574501	0.10209075250568	0.084665800191253	0.0219380739059558	-0.0145181691606486	0.0219380121824641	0.0200251643517599	-0.01501243061484	-0.0422024667085174	-0.0150124306148396	0.084665800191255	0.0219380121824641	-0.0145181691606482	0.0219380739059573
1	1.05233746109256	1.00651798473329	1.05233746109256	1.03910762910393	1.00511076993646	1.00332364387716	1.00510861971094	1.00436875751097	1.00360019395917	1.03714454169131	1.00360019395917	1.03910762910393	1.00510861971094	1.00332364387716	1.00511076993646	2.79998892173413	0.102091524225689	0.0254107207135451	0.102091524225692	0.0846631025917578	0.0219380645196417	-0.0145181691984072	0.0219380048033466	0.0200251621586615	-0.0150124413837352	-0.0422024916002008	-0.0150124413837348	0.0846631025917598	0.0219380048033466	-0.0145181691984068	0.0219380645196431
1	1.0523446763255	1.00652339878883	1.0523446763255	1.03907733859096	1.005110378043	1.00332365495955	1.00510831147762	1.0043686270183	1.00360087794602	1.03714512137001	1.00360087794602	1.03907733859096	1.00510831147762	1.00332365495955	1.005110378043	2.79998914109849	0.102092267368312	0.0254108631014704	0.102092267368315	0.0846605066071313	0.0219380554984281	-0.0145181692345303	0.0219379977125274	0.0200251600521335	-0.0150124517315796	-0.0422025155514946	-0.0150124517315792	0.0846605066071332	0.0219379977125274	-0.0145181692345299	0.0219380554984296
1	1.05235162437109	1.00652860208386	1.05235162437109	1.03904818904849	1.00511000143173	1.00332366560828	1.00510801526426	1.00436850162419	1.00360153520967	1.03714567914705	1.00360153520967	1.0390481890485	1.00510801526426	1.00332366560828	1.00511000143173	2.79998935611915	0.102092982991607	0.0254109999457652	0.10209298299161	0.0846580084069213	0.0219380468280866	-0.0145181692690825	0.0219379908987672	0.0200251580287526	-0.0150124616748336	-0.0422025385979221	-0.0150124616748332	0.0846580084069232	0.0219379908987672	-0.0145181692690821	0.021938046828088
1	1.05235831512185	1.0065336028219	1.05235831512185	1.03902013746884	1.00510963950668	1.00332367584031	1.00510773060214	1.00436838112946	1.00360216679414	1.03714621584994	1.00360216679414	1.03902013746884	1.00510773060214	1.00332367584031	1.00510963950668	2.79998956688211	0.102093672114463	0.0254111314622356	0.102093672114465	0.0846556043052089	0.0219380384949304	-0.0145181693021364	0.0219379843512825	0.0200251560852481	-0.0150124712293168	-0.0422025607736717	-0.0150124712293164	0.0846556043052108	0.0219379843512825	-0.014518169302136	0.0219380384949318
1	1.05236475810414	1.00653840888727	1.05236475810414	1.03899314246764	1.00510929169513	1.00332368567195	1.00510745704082	1.00436826534268	1.00360277370271	1.03714673227488	1.00360277370271	1.03899314246764	1.00510745704082	1.00332368567195	1.00510929169513	2.79998977347169	0.102094335718068	0.0254112578582836	0.102094335718071	0.0846532907552701	0.0219380304858187	-0.0145181693337508	0.0219379780596913	0.0200251542184595	-0.0150124804102274	-0.0422025821116333	-0.015012480410227	0.0846532907552721	0.0219379780596913	-0.0145181693337504	0.0219380304858201
1	1.05237096249174	1.00654302785746	1.05237096249174	1.03896716422247	1.00510895744668	1.00332369511886	1.0051071941474	1.00436815407991	1.00360335689943	1.03714722918803	1.00360335689943	1.03896716422247	1.0051071941474	1.00332369511886	1.00510895744669	2.79998997597051	0.10209497474728	0.025411379333244	0.102094974747283	0.0846510643441727	0.0219380227881089	-0.0145181693639923	0.0219379720140368	0.0200251524253697	-0.0150124892321719	-0.0422026026434592	-0.0150124892321715	0.0846510643441746	0.0219379720140368	-0.014518169363992	0.0219380227881103
1	1.05237693711885	1.00654746701508	1.05237693711886	1.0389421644137	1.00510863623243	1.00332370419611	1.00510694150589	1.00436804716439	1.0036039173107	1.03714770732659	1.0036039173107	1.03894216441371	1.00510694150589	1.00332370419611	1.00510863623243	2.7999901744596	0.102095590111999	0.025411496078688	0.102095590112001	0.0846489217878502	0.0219380153896646	-0.0145181693929145	0.0219379662047307	0.0200251507030622	-0.0150124977091838	-0.0422026223996022	-0.0150124977091834	0.0846489217878522	0.0219379662047307	-0.0145181693929141	0.021938015389666
1	1.0523826904927	1.00655173335934	1.0523826904927	1.03891810616769	1.00510832754408	1.00332371291815	1.00510669871652	1.00436794442628	1.00360445582673	1.03714816739989	1.00360445582673	1.03891810616769	1.00510669871652	1.00332371291815	1.00510832754408	2.79999036901833	0.102096182688428	0.0254116082787373	0.10209618268843	0.0846468599260887	0.0219380082788077	-0.0145181694205792	0.0219379606225793	0.0200251490487538	-0.0150125058547499	-0.0422026414093694	-0.0150125058547495	0.0846468599260907	0.0219379606225793	-0.0145181694205788	0.0219380082788091
1	1.05238823080558	1.00655583361705	1.05238823080558	1.03889495400204	1.00510803089314	1.00332372129888	1.00510646539508	1.00436784570235	1.00360497330294	1.03714861009048	1.00360497330294	1.03889495400204	1.00510646539508	1.00332372129888	1.00510803089314	2.79999055972455	0.102096753320355	0.0254117161103414	0.102096753320358	0.0846448757179833	0.0219380014443304	-0.0145181694470353	0.021937955258727	0.020025147459753	-0.0150125136818281	-0.0422026597009561	-0.0150125136818277	0.0846448757179853	0.021937955258727	-0.014518169447035	0.0219380014443318
1	1.05239356594656	1.00655977425322	1.05239356594656	1.03887267377301	1.00510774581021	1.00332372935166	1.00510624117237	1.00436775083578	1.00360547056136	1.03714903605512	1.00360547056136	1.03887267377301	1.00510624117237	1.00332372935166	1.00510774581021	2.79999074665452	0.102097302820315	0.0254118197435675	0.102097302820318	0.0846429662372808	0.0219379948754439	-0.0145181694723397	0.0219379501046846	0.020025145933492	-0.0150125212028711	-0.0422026773014961	-0.0150125212028707	0.0846429662372827	0.0219379501046846	-0.0145181694723393	0.0219379948754453
1	1.05239870351267	1.00656356148128	1.05239870351267	1.0388512326249	1.00510747184415	1.00332373708933	1.00510602569359	1.00436765967584	1.00360594839187	1.03714944592575	1.00360594839187	1.0388512326249	1.00510602569359	1.00332373708933	1.00510747184415	2.79999092988304	0.102097831970784	0.0254119193418578	0.102097831970787	0.0846411286681907	0.0219379885617968	-0.0145181694965365	0.0219379451522728	0.0200251444674856	-0.0150125284298428	-0.0422026942370933	-0.0150125284298424	0.0846411286681927	0.0219379451522728	-0.0145181694965362	0.0219379885617982
1	1.05240365081971	1.00656720127283	1.05240365081971	1.03883059894136	1.00510720856145	1.00332374452421	1.00510581861775	1.00436757207773	1.0036064075535	1.03714984031044	1.0036064075535	1.03883059894136	1.00510581861775	1.00332374452421	1.00510720856145	2.79999110948339	0.102098341525253	0.025412015062301	0.102098341525255	0.0846393603010643	0.0219379824934235	-0.0145181695196784	0.0219379403936553	0.0200251430593668	-0.0150125353742424	-0.0422027105328733	-0.015012535374242	0.0846393603010663	0.0219379403936553	-0.014518169519678	0.0219379824934249
1	1.05240841491265	1.00657069936705	1.05240841491265	1.03881074229852	1.00510695554549	1.00332375166815	1.00510561961719	1.00436748790227	1.00360684877564	1.03715021979429	1.00360684877564	1.03881074229853	1.00510561961719	1.00332375166815	1.00510695554549	2.79999128552741	0.102098832209342	0.0254121070558597	0.102098832209344	0.084637658528532	0.0219379766607643	-0.0145181695418061	0.021937935821276	0.0200251417068411	-0.0150125420471164	-0.042202726213002	-0.015012542047116	0.084637658528534	0.021937935821276	-0.0145181695418057	0.0219379766607657
1	1.05241300257567	1.00657406127976	1.05241300257567	1.03879163341998	1.00510671239589	1.00332375853254	1.00510542837701	1.00436740701575	1.00360727275917	1.03715058494028	1.00360727275917	1.03879163341998	1.00510542837701	1.00332375853254	1.00510671239589	2.79999145808553	0.102099304721781	0.0254121954676347	0.102099304721783	0.0846360208414769	0.021937971054611	-0.0145181695629676	0.0219379314279016	0.020025140407726	-0.0150125484590821	-0.0422027413007445	-0.0150125484590818	0.0846360208414789	0.0219379314279016	-0.0145181695629672	0.0219379710546124
1	1.05241742034179	1.00657729231211	1.05241742034179	1.03877324413336	1.0051064787279	1.00332376512831	1.00510524459459	1.00436732928965	1.00360768017761	1.03715093629013	1.0036076801776	1.03877324413336	1.00510524459459	1.00332376512831	1.0051064787279	2.79999162722677	0.102099759735466	0.0254122804370611	0.102099759735469	0.0846344448254984	0.0219379656661373	-0.0145181695832	0.0219379272065503	0.0200251391599015	-0.0150125546203384	-0.0422027558184729	-0.015012554620338	0.0846344448255004	0.0219379272065503	-0.0145181695831996	0.0219379656661388
1	1.05242167450219	1.00658039755892	1.05242167450219	1.03875554732868	1.00510625417176	1.00332377146598	1.00510506797911	1.00436725460051	1.00360807167812	1.03715127436509	1.00360807167812	1.03875554732868	1.00510506797911	1.00332377146598	1.00510625417176	2.79999179301879	0.102100197898344	0.0254123620981699	0.102100197898346	0.0846329281571387	0.0219379604868338	-0.0145181696025478	0.021937923150549	0.0200251379613579	-0.0150125605406904	-0.0422027697877327	-0.01501256054069	0.0846329281571406	0.021937923150549	-0.0145181696025474	0.0219379604868352
1	1.05242577111512	1.00658338191671	1.05242577111512	1.03873851691819	1.00510603837214	1.00332377755564	1.00510489825109	1.00436718282965	1.00360844788263	1.03715159966671	1.00360844788263	1.03873851691819	1.00510489825109	1.00332377755564	1.00510603837215	2.79999195552791	0.102100619834415	0.025412440579747	0.102100619834417	0.0846314686006588	0.0219379555085491	-0.0145181696210446	0.0219379192534481	0.0200251368101358	-0.015012566229554	-0.0422027832292328	-0.0150125662295536	0.0846314686006608	0.0219379192534481	-0.0145181696210442	0.0219379555085505
1	1.05242971601455	1.0065862500914	1.05242971601455	1.03872212779774	1.00510583098757	1.00332378340701	1.00510473514196	1.00436711386306	1.00360880938874	1.03715191267761	1.00360880938874	1.03872212779774	1.00510473514196	1.00332378340701	1.00510583098757	2.79999211481913	0.102101026144532	0.0254125160055977	0.102101026144534	0.0846300640045004	0.0219379507234179	-0.0145181696387315	0.0219379155090908	0.0200251357043841	-0.0150125716959835	-0.0422027961629246	-0.0150125716959831	0.0846300640045024	0.0219379155090908	-0.0145181696387311	0.0219379507234193
1	1.05243351481846	1.00658900660579	1.05243351481846	1.03870635580966	1.00510563168987	1.0033237890294	1.00510457839362	1.00436704759118	1.00360915677071	1.03715221386215	1.00360915677071	1.03870635580966	1.00510457839362	1.0033237890294	1.00510563168987	2.79999227095617	0.102101417407351	0.0254125884946724	0.102101417407353	0.0846287122983421	0.02193794612391	-0.0145181696556393	0.0219379119115215	0.0200251346422929	-0.0150125769486725	-0.0422028086079796	-0.0150125769486721	0.0846287122983441	0.0219379119115215	-0.0145181696556389	0.0219379461239114
1	1.05243717293684	1.0065916558066	1.05243717293684	1.03869117770703	1.00510544016368	1.00332379443177	1.00510442775802	1.00436698390872	1.00360949058037	1.03715250366718	1.00360949058037	1.03869117770703	1.00510442775802	1.00332379443177	1.00510544016368	2.79999242400149	0.102101794180057	0.0254126581613239	0.102101794180059	0.0846274114898003	0.0219379417027582	-0.0145181696718056	0.0219379084550577	0.0200251336221551	-0.0150125819959809	-0.0422028205828723	-0.0150125819959805	0.0846274114898022	0.0219379084550578	-0.0145181696718052	0.0219379417027597
1	1.05244069557939	1.00659420187138	1.05244069557939	1.03867657111923	1.00510525610595	1.00332379962274	1.0051042829968	1.00436692271451	1.00360981134797	1.03715278252262	1.00360981134797	1.03867657111923	1.0051042829968	1.00332379962274	1.00510525610595	2.79999257401631	0.102102156999259	0.0254127251154192	0.102102156999262	0.0846261596617186	0.0219379374530116	-0.0145181696872585	0.0219379051341946	0.020025132642296	-0.0150125868459351	-0.0422028321053484	-0.0150125868459347	0.0846261596617206	0.0219379051341946	-0.0145181696872581	0.021937937453013
1	1.05244408776289	1.00659664881507	1.0524440877629	1.03866251451896	1.00510507922542	1.00332380461058	1.0051041438809	1.00436686391132	1.00361011958308	1.03715305084218	1.00361011958308	1.03866251451896	1.0051041438809	1.00332380461058	1.00510507922542	2.79999272106064	0.102102506381663	0.025412789462553	0.102102506381665	0.0846249549691465	0.0219379333679718	-0.0145181697020366	0.0219379019436618	0.0200251317011399	-0.0150125915062498	-0.0422028431925048	-0.0150125915062495	0.0846249549691485	0.0219379019436618	-0.0145181697020362	0.0219379333679732
1	1.05244735431844	1.00659900049633	1.05244735431844	1.03864898719031	1.0051049092422	1.00332380940323	1.00510401019016	1.00436680740574	1.00361041577534	1.03715330902393	1.00361041577534	1.03864898719031	1.00510401019016	1.00332380940323	1.0051049092422	2.7999928651933	0.102102842824916	0.0254128513041779	0.102102842824919	0.0846237956368314	0.0219379294412846	-0.0145181697161615	0.0219378988783044	0.0200251307971132	-0.0150125959843315	-0.0422028538607524	-0.0150125959843311	0.0846237956368334	0.0219378988783044	-0.0145181697161611	0.021937929441286
1	1.0524504998982	1.00660126062364	1.05245049989821	1.03863596919819	1.00510474588732	1.00332381400834	1.00510388171304	1.00436675310799	1.00361070039524	1.03715355745091	1.00361070039524	1.03863596919819	1.00510388171304	1.00332381400834	1.00510474588732	2.79999300647194	0.102103166808095	0.0254129107379011	0.102103166808097	0.0846226799560871	0.0219379256667543	-0.0145181697296678	0.0219378959332853	0.0200251299288081	-0.0150126002873177	-0.0422028641259694	-0.0150126002873173	0.0846226799560891	0.0219378959332853	-0.0145181697296674	0.0219379256667557
1	1.05245352898213	1.0066034327611	1.05245352898213	1.03862344135885	1.0051045889023	1.00332381843323	1.00510375824623	1.00436670093181	1.00361097389494	1.03715379649167	1.00361097389493	1.03862344135885	1.00510375824623	1.00332381843323	1.0051045889023	2.79999314495307	0.102103478792627	0.0254129678575037	0.10210347879263	0.0846216062827961	0.0219379220384434	-0.0145181697425704	0.0219378931039301	0.0200251290947866	-0.0150126044220574	-0.0422028740033676	-0.015012604422057	0.0846216062827981	0.0219378931039301	-0.01451816974257	0.0219379220384448
1	1.05245644588426	1.00660552033411	1.05245644588426	1.03861138521153	1.00510443803873	1.00332382268498	1.00510363959436	1.00436665079432	1.00361123670888	1.03715402650085	1.00361123670888	1.03861138521153	1.00510363959436	1.00332382268498	1.00510443803873	2.79999328069209	0.102103779222798	0.0254130227530886	0.1021037792228	0.0846205730347291	0.0219379185505692	-0.0145181697549088	0.0219378903858138	0.0200251282937433	-0.0150126083951306	-0.0422028835076279	-0.0150126083951302	0.0846205730347311	0.0219378903858139	-0.0145181697549084	0.0219379185505706
1	1.05245925475896	1.00660752663472	1.05245925475896	1.03859978299114	1.00510429305789	1.00332382677034	1.00510352556967	1.00436660261585	1.00361148925456	1.03715424781968	1.00361148925456	1.03859978299114	1.00510352556967	1.00332382677034	1.00510429305789	2.79999341374331	0.102104068526579	0.0254130755111949	0.102104068526581	0.0846195786895556	0.0219379151976969	-0.0145181697666955	0.0219378877745518	0.0200251275243111	-0.0150126122128471	-0.0422028926527912	-0.0150126122128467	0.0846195786895575	0.0219378877745518	-0.0145181697666951	0.0219379151976983
1	1.0524619596067	1.00660945482682	1.0524619596067	1.03858861760209	1.00510415373037	1.00332383069583	1.00510341599172	1.00436655631986	1.00361173193316	1.03715446077651	1.00361173193316	1.03858861760209	1.00510341599172	1.00332383069583	1.00510415373037	2.79999354415993	0.102104347115912	0.0254131262150975	0.102104347115914	0.0846186217819503	0.0219379119744783	-0.0145181697779657	0.0219378852660788	0.020025126785306	-0.0150126158812931	-0.042202901452482	-0.0150126158812927	0.0846186217819522	0.0219378852660788	-0.0145181697779654	0.0219379119744797
1	1.05246456427989	1.00661130795117	1.05246456427989	1.03857787259295	1.00510401983571	1.00332383446771	1.00510331068713	1.00436651183281	1.00361196513019	1.03715466568727	1.00361196513019	1.03857787259295	1.00510331068713	1.00332383446771	1.00510401983571	2.79999367199412	0.102104615387678	0.0254131749447177	0.10210461538768	0.084617700902171	0.0219379088759031	-0.0145181697887313	0.0219378828563333	0.0200251260754644	-0.015012619406293	-0.0422029099196936	-0.0150126194062926	0.084617700902173	0.0219378828563333	-0.0145181697887309	0.0219379088759045
1	1.05246707248825	1.00661308893015	1.05246707248825	1.03856753213222	1.00510389116204	1.00332383809199	1.00510320948924	1.004366469084	1.00361218921609	1.03715486285597	1.00361218921609	1.03856753213222	1.00510320948924	1.00332383809199	1.00510389116204	2.79999379729704	0.102104873723874	0.0254132217769776	0.102104873723876	0.0846168146932349	0.0219379058970263	-0.0145181697990245	0.0219378805415676	0.0200251253936943	-0.0150126227934668	-0.0422029180670429	-0.0150126227934664	0.0846168146932369	0.0219378805415676	-0.0145181697990241	0.0219379058970277
1	1.05246948780416	1.00661480057239	1.05246948780416	1.0385575809849	1.00510376750577	1.00332384157444	1.00510311223793	1.00436642800553	1.00361240454684	1.03715505257512	1.00361240454684	1.0385575809849	1.00510311223793	1.00332384157444	1.00510376750577	2.79999392011878	0.10210512249253	0.0254132667856972	0.102105122492532	0.084615961849631	0.0219379030332227	-0.0145181698088559	0.0219378783180281	0.020025124738832	-0.0150126260481922	-0.0422029259065606	-0.0150126260481918	0.084615961849633	0.0219378783180282	-0.0145181698088556	0.0219379030332241
1	1.05247181366771	1.00661644557717	1.05247181366771	1.03854800449002	1.00510364867121	1.00332384492061	1.00510301877931	1.00436638853214	1.0036126114645	1.03715523512619	1.0036126114645	1.03854800449002	1.00510301877931	1.00332384492061	1.00510364867121	2.7999940405085	0.102105362047881	0.0254133100419246	0.102105362047884	0.0846151411147133	0.0219379002799216	-0.0145181698182551	0.0219378761822577	0.0200251241098681	-0.0150126291756584	-0.042202933449927	-0.015012629175658	0.0846151411147153	0.0219378761822577	-0.0145181698182547	0.021937900279923
1	1.05247405339161	1.00661802653871	1.05247405339161	1.03853878853896	1.00510353447035	1.00332384813584	1.00510292896547	1.0043663506011	1.00361281029776	1.03715541078	1.00361281029776	1.03853878853896	1.00510292896547	1.00332384813584	1.00510353447035	2.79999415851434	0.102105592731202	0.0254133516138471	0.102105592731205	0.0846143512794827	0.0219378976328504	-0.0145181698272319	0.0219378741307909	0.0200251235057318	-0.0150126321808318	-0.0422029407082838	-0.0150126321808314	0.0846143512794847	0.0219378741307909	-0.0145181698272315	0.0219378976328518
1	1.05247621016591	1.00661954595025	1.05247621016592	1.03852991955467	1.00510342472247	1.00332385122525	1.0051028426543	1.00436631415217	1.00361300136249	1.03715557979714	1.00361300136249	1.03852991955467	1.0051028426543	1.00332385122525	1.00510342472247	2.7999942741835	0.102105814870987	0.0254133915670853	0.10210581487099	0.0846135911802088	0.0219378950877848	-0.014518169835813	0.0219378721604372	0.020025122925488	-0.0150126350685026	-0.0422029476924413	-0.0150126350685022	0.0846135911802108	0.0219378721604372	-0.0145181698358127	0.0219378950877863
1	1.05247828706254	1.00662100620797	1.05247828706254	1.03852138447156	1.00510331925392	1.00332385419377	1.00510275970922	1.00436627912741	1.0036131849622	1.03715574242838	1.0036131849622	1.03852138447156	1.00510275970922	1.00332385419377	1.00510331925392	2.79999438756226	0.102106028783699	0.0254134299646224	0.102106028783701	0.084612859697264	0.0219378926407777	-0.0145181698440078	0.0219378702679973	0.0200251223681529	-0.0150126378432569	-0.0422029544127198	-0.0150126378432566	0.084612859697266	0.0219378702679973	-0.0145181698440074	0.0219378926407792
1	1.05248028703964	1.00662240961475	1.05248028703965	1.03851317071629	1.00510321789782	1.00332385704611	1.00510267999896	1.00436624547121	1.00361336138856	1.03715589891498	1.00361336138856	1.03851317071629	1.00510267999896	1.00332385704611	1.00510321789783	2.79999449869598	0.102106234773957	0.0254134668670671	0.102106234773959	0.0846121557529552	0.0219378902879244	-0.0145181698518406	0.0219378684505275	0.0200251218328599	-0.0150126405095174	-0.0422029608791242	-0.015012640509517	0.0846121557529571	0.0219378684505275	-0.0145181698518402	0.0219378902879258
1	1.05248221294587	1.00662375838386	1.05248221294587	1.03850526618913	1.0051031204938	1.00332385978684	1.0051026033974	1.00436621313007	1.00361353092182	1.03715604948911	1.00361353092182	1.03850526618914	1.0051026033974	1.00332385978684	1.0051031204938	2.7999946076291	0.102106433135218	0.0254135023325933	0.10210643313522	0.0846114783104161	0.0219378880255801	-0.0145181698593202	0.0219378667050722	0.0200251213187057	-0.0150126430715192	-0.0422029671012121	-0.0150126430715188	0.084611478310418	0.0219378667050722	-0.0145181698593198	0.0219378880255815
1	1.05248406752435	1.00662505464239	1.05248406752435	1.03849765924619	1.00510302688772	1.00332386242032	1.00510252978332	1.00436618205262	1.0036136938313	1.03715619437415	1.0036136938313	1.03849765924619	1.00510252978332	1.00332386242032	1.00510302688772	2.79999471440519	0.10210662414996	0.0254135364171853	0.102106624149963	0.0846108263716249	0.0219378858501339	-0.0145181698664683	0.0219378650289183	0.020025120824886	-0.0150126455333453	-0.0422029730882468	-0.0150126455333449	0.0846108263716269	0.0219378650289183	-0.0145181698664679	0.0219378858501353
1	1.05248585341665	1.00662630043462	1.05248585341666	1.03849033868215	1.00510293693147	1.00332386495074	1.00510245904022	1.00436615218948	1.0036138503758	1.03715633378505	1.0036138503758	1.03849033868215	1.00510245904022	1.00332386495074	1.00510293693147	2.79999481906698	0.10210680809031	0.0254135691745702	0.102106808090312	0.0846101989763554	0.0219378837582214	-0.0145181698732936	0.021937863419333	0.0200251203505727	-0.0150126478989063	-0.0422029788490757	-0.0150126478989059	0.0846101989763574	0.021937863419333	-0.0145181698732932	0.0219378837582229
1	1.05248757316652	1.00662749772527	1.05248757316652	1.0384832937138	1.00510285048273	1.00332386738214	1.00510239105616	1.00436612349321	1.003614000804	1.03715646792865	1.003614000804	1.0384832937138	1.00510239105616	1.00332386738214	1.00510285048273	2.79999492165633	0.102106985218209	0.0254136006564651	0.102106985218212	0.084609595200356	0.0219378817465001	-0.014518169879815	0.0219378618738194	0.0200251198950181	-0.0150126501719726	-0.0422029843922766	-0.0150126501719722	0.084609595200358	0.0219378618738194	-0.0145181698798146	0.0219378817465015
1	1.0524892292235	1.00662864840256	1.0524892292235	1.03847651396407	1.0051027674047	1.00332386971839	1.00510232572356	1.00436609591821	1.00361414535485	1.03715659700394	1.00361414535485	1.03847651396407	1.00510232572356	1.00332386971839	1.0051027674047	2.79999502221427	0.102107155786008	0.0254136309124878	0.102107155786011	0.0846090141543749	0.0219378798118637	-0.0145181698860421	0.0219378603898527	0.0200251194574642	-0.0150126523561546	-0.0422029897260416	-0.0150126523561542	0.0846090141543769	0.0219378603898527	-0.0145181698860418	0.0219378798118651
1	1.05249082394643	1.0066297542812	1.05249082394643	1.03846998944677	1.00510268756592	1.00332387196321	1.00510226293903	1.00436606942067	1.003614284258	1.03715672120244	1.003614284258	1.03846998944677	1.00510226293903	1.00332387196321	1.00510268756592	2.79999512078103	0.102107320036604	0.0254136599904168	0.102107320036606	0.0846084549824713	0.0219378779512135	-0.0145181698919901	0.0219378589651396	0.0200251190372153	-0.0150126544549346	-0.0422029948583131	-0.0150126544549342	0.0846084549824732	0.0219378589651397	-0.0145181698919898	0.0219378779512149
1	1.0524923596068	1.00663081710527	1.0524923596068	1.03846371055184	1.00510261084008	1.0033238741202	1.00510220260322	1.0043660439585	1.00361441773409	1.03715684070838	1.00361441773409	1.03846371055184	1.00510220260322	1.0033238741202	1.00510261084008	2.79999521739604	0.102107478204005	0.0254136879360715	0.102107478204008	0.084607916861116	0.021937876161678	-0.0145181698976699	0.0219378575973492	0.0200251186335787	-0.0150126564716448	-0.0422029997966741	-0.0150126564716444	0.0846079168611179	0.0219378575973492	-0.0145181698976695	0.0219378761616795
1	1.05249383839197	1.00663183855095	1.05249383839197	1.03845766803115	1.00510253710577	1.00332387619277	1.00510214462065	1.00436601949124	1.00361454599517	1.03715695569908	1.00361454599517	1.03845766803115	1.00510214462065	1.00332387619277	1.00510253710577	2.79999531209795	0.102107630513451	0.0254137147935922	0.102107630513453	0.0846073989976298	0.0219378744403824	-0.0145181699030931	0.0219378562843784	0.0200251182459063	-0.0150126584095019	-0.0422030045484798	-0.0150126584095015	0.0846073989976318	0.0219378562843784	-0.0145181699030927	0.0219378744403838
1	1.05249526240832	1.00663282022916	1.05249526240832	1.0384518529849	1.00510246624632	1.00332387818423	1.00510208889956	1.00436599598002	1.00361466924499	1.03715706634513	1.00361466924499	1.0384518529849	1.00510208889956	1.00332387818423	1.00510246624632	2.79999540492463	0.102107777181942	0.02541374060529	0.102107777181944	0.0846069006293496	0.0219378727846703	-0.0145181699082716	0.0219378550240767	0.0200251178735646	-0.0150126602715818	-0.0422030091207496	-0.0150126602715814	0.0846069006293515	0.0219378550240767	-0.0145181699082712	0.0219378727846717
1	1.0524966336842	1.00663376368811	1.0524966336842	1.03844625684847	1.00510239814962	1.00332388009777	1.00510203535178	1.00436597338747	1.00361478767934	1.03715717281068	1.00361478767933	1.03844625684847	1.00510203535178	1.00332388009777	1.00510239814962	2.79999549591322	0.102107918418342	0.0254137654119422	0.102107918418345	0.0846064210221784	0.0219378711918745	-0.0145181699132145	0.0219378538145159	0.0200251175159512	-0.0150126620608546	-0.0422030135202941	-0.0150126620608542	0.0846064210221804	0.021937853814516	-0.0145181699132141	0.0219378711918759
1	1.05249795417287	1.00663467041574	1.05249795417287	1.03844087137978	1.00510233270792	1.00332388193642	1.00510198389257	1.00436595167771	1.00361490148635	1.03715727525369	1.00361490148635	1.03844087137979	1.00510198389257	1.00332388193642	1.00510233270792	2.79999558510011	0.10210805442388	0.0254137892526201	0.102108054423882	0.0846059594698199	0.0219378696595371	-0.0145181699179342	0.0219378526537124	0.0200251171724874	-0.0150126637801601	-0.0422030177536133	-0.0150126637801597	0.0846059594698219	0.0219378526537124	-0.0145181699179338	0.0219378696595385
1	1.05249922575524	1.00663554184206	1.05249922575525	1.03843568864718	1.00510226981767	1.00332388370312	1.0051019344405	1.00436593081625	1.00361501084683	1.03715737382613	1.00361501084683	1.03843568864718	1.0051019344405	1.00332388370312	1.00510226981767	2.79999567252098	0.102108185392235	0.0254138121649933	0.102108185392238	0.0846055152924313	0.0219378681851853	-0.0145181699224374	0.0219378515398969	0.0200251168426108	-0.015012665432242	-0.0422030218270101	-0.0150126654322416	0.0846055152924333	0.0219378515398969	-0.014518169922437	0.0219378681851867
1	1.05250045024259	1.00663637934143	1.05250045024259	1.03843070101769	1.00510220937936	1.00332388540069	1.00510188691731	1.00436591076993	1.00361511593451	1.03715746867424	1.00361511593451	1.03843070101769	1.00510188691731	1.00332388540069	1.00510220937936	2.79999575821081	0.102108311510005	0.0254138341851445	0.102108311510007	0.0846050878359095	0.0219378667665396	-0.0145181699267369	0.0219378504712454	0.0200251165257951	-0.0150126670197213	-0.0422030257465062	-0.0150126670197209	0.0846050878359115	0.0219378504712454	-0.0145181699267366	0.021937866766541
1	1.05250162937908	1.00663718423467	1.05250162937908	1.03842590114579	1.00510215129736	1.00332388703182	1.0051018412478	1.0043658915069	1.00361521691631	1.03715755993875	1.00361521691631	1.03842590114579	1.0051018412478	1.00332388703182	1.00510215129736	2.79999584220386	0.102108432956794	0.0254138553478692	0.102108432956796	0.0846046764706545	0.0219378654013079	-0.0145181699308376	0.0219378494461336	0.0200251162215149	-0.0150126685451315	-0.0422030295179333	-0.0150126685451311	0.0846046764706565	0.0219378494461336	-0.0145181699308372	0.0219378654013093
1	1.05250276484433	1.00663795779122	1.05250276484433	1.0384212819626	1.00510209547978	1.00332388859912	1.0051017973597	1.00436587299657	1.00361531395266	1.03715764775504	1.00361531395266	1.0384212819626	1.0051017973597	1.00332388859912	1.00510209547978	2.79999592453374	0.102108549905628	0.025413875686492	0.10210854990563	0.0846042805908927	0.0219378640873683	-0.0145181699347521	0.021937848462893	0.0200251159292927	-0.0150126700108926	-0.0422030331468729	-0.0150126700108922	0.0846042805908947	0.021937848462893	-0.0145181699347518	0.0219378640873697
1	1.05250385825571	1.00663870123106	1.05250385825571	1.0384168366654	1.00510204183829	1.00332389010509	1.00510175518356	1.00436585520953	1.00361540719772	1.03715773225341	1.00361540719772	1.0384168366654	1.00510175518356	1.00332389010509	1.00510204183829	2.79999600523338	0.10210866252306	0.0254138952331529	0.102108662523062	0.0846038996135541	0.0219378628225929	-0.0145181699384836	0.0219378475200354	0.0200251156486358	-0.0150126714193444	-0.0422030366387153	-0.015012671419344	0.084603899613556	0.0219378475200354	-0.0145181699384832	0.0219378628225943
1	1.05250491117073	1.00663941572671	1.05250491117074	1.03841255870767	1.00510199028802	1.00332389155213	1.00510171465264	1.0043658381175	1.0036154967996	1.0371578135592	1.0036154967996	1.03841255870767	1.00510171465264	1.00332389155213	1.00510199028802	2.79999608433506	0.102108770969527	0.0254139140186297	0.10210877096953	0.0846035329776136	0.0219378616049942	-0.0145181699420445	0.0219378466160484	0.0200251153791155	-0.0150126727727219	-0.0422030399986391	-0.0150126727727215	0.0846035329776156	0.0219378466160484	-0.0145181699420441	0.0219378616049956
1	1.05250592508921	1.00664010240503	1.05250592508921	1.03840844178939	1.00510194074741	1.00332389294254	1.00510167570279	1.00436582169333	1.00361558290065	1.03715789179306	1.00361558290065	1.03840844178939	1.00510167570279	1.00332389294254	1.00510194074741	2.79999616187042	0.102108875399486	0.0254139320726082	0.102108875399488	0.0846031801430926	0.021937860432589	-0.0145181699454371	0.0219378457495778	0.0200251151202647	-0.015012674073185	-0.042203043231621	-0.0150126740731846	0.0846031801430946	0.0219378457495778	-0.0145181699454368	0.0219378604325904
1	1.05250690145543	1.006640762349	1.05250690145543	1.03840447984777	1.00510189313806	1.00332389427854	1.00510163827239	1.00436580591093	1.00361566563765	1.03715796707103	1.00361566563765	1.03840447984777	1.00510163827239	1.00332389427854	1.00510189313806	2.79999623787048	0.10210897596169	0.0254139494235097	0.102108975961692	0.0846028405904112	0.0219378593034973	-0.0145181699486718	0.0219378449192693	0.0200251148717114	-0.0150126753227975	-0.0422030463424785	-0.0150126753227971	0.0846028405904132	0.0219378449192693	-0.0145181699486715	0.0219378593034987
1	1.05250784166017	1.00664139659945	1.05250784166017	1.03840066704832	1.00510184738464	1.00332389556226	1.00510160230221	1.00436579074523	1.00361574514204	1.03715803950481	1.00361574514204	1.03840066704832	1.00510160230221	1.00332389556226	1.00510184738464	2.79999631236564	0.102109072799378	0.0254139660987515	0.102109072799381	0.0846025138195129	0.0219378582158661	-0.0145181699517542	0.0219378441238958	0.0200251146329934	-0.0150126765235559	-0.0422030493357722	-0.0150126765235555	0.0846025138195149	0.0219378441238958	-0.0145181699517538	0.0219378582158675
1	1.05250874704272	1.00664200615669	1.05250874704272	1.03839699777623	1.00510180341475	1.00332389679575	1.00510156773532	1.00436577617211	1.0036158215401	1.03715810920186	1.0036158215401	1.03839699777623	1.00510156773532	1.00332389679575	1.00510180341475	2.79999638538569	0.102109166050378	0.0254139821245071	0.10210916605038	0.084602199349406	0.0219378571679651	-0.0145181699546885	0.0219378433621799	0.0200251144038477	-0.0150126776773618	-0.0422030522160373	-0.0150126776773614	0.0846021993494079	0.0219378433621799	-0.0145181699546881	0.0219378571679665
1	1.05250961889278	1.00664259198208	1.05250961889278	1.03839346662814	1.00510176115883	1.00332389798096	1.00510153451703	1.00436576216844	1.00361589495322	1.03715817626556	1.00361589495322	1.03839346662815	1.00510153451703	1.00332389798096	1.00510176115883	2.79999645695985	0.102109255847421	0.0254139975260196	0.102109255847423	0.0846018967175049	0.0219378561583238	-0.0145181699575122	0.021937842632706	0.0200251141837312	-0.0150126787860667	-0.0422030549872823	-0.0150126787860663	0.0846018967175068	0.021937842632706	-0.0145181699575118	0.0219378561583252
1	1.05251045845225	1.00664315499957	1.05251045845225	1.03839006840415	1.00510172055002	1.0033238991198	1.00510150259478	1.00436574871196	1.00361596549801	1.03715824079541	1.00361596549801	1.03839006840415	1.00510150259478	1.0033238991198	1.00510172055002	2.79999652711674	0.102109342318236	0.0254140123275478	0.102109342318238	0.0846016054779477	0.0219378551854226	-0.0145181699601963	0.0219378419342697	0.020025113972509	-0.0150126798514175	-0.0422030576539966	-0.0150126798514171	0.0846016054779497	0.0219378419342697	-0.0145181699601959	0.021937855185424
1	1.05251126691707	1.0066436960971	1.05251126691707	1.03838679810011	1.00510168152405	1.00332390021407	1.00510147191804	1.00436573578128	1.00361603328654	1.03715830288716	1.00361603328653	1.03838679810012	1.00510147191804	1.00332390021407	1.00510168152405	2.79999659588444	0.102109425586312	0.0254140265526783	0.102109425586315	0.0846013252012168	0.0219378542476688	-0.0145181699627644	0.0219378412659052	0.0200251137695754	-0.0150126808751165	-0.0422030602198752	-0.0150126808751161	0.0846013252012188	0.0219378412659052	-0.014518169962764	0.0219378542476702
1	1.05251204543888	1.00664421612809	1.05251204543888	1.03838365090031	1.00510164401918	1.00332390126552	1.00510144243827	1.00436572335586	1.00361609842649	1.03715836263293	1.00361609842649	1.03838365090031	1.00510144243827	1.00332390126552	1.00510164401918	2.79999666329044	0.102109505770085	0.0254140402237834	0.102109505770087	0.084601055474345	0.0219378533429724	-0.0145181699651724	0.0219378406271737	0.020025113574908	-0.0150126818588157	-0.0422030626889578	-0.0150126818588153	0.084601055474347	0.0219378406271737	-0.014518169965172	0.0219378533429738
1	1.05251279512673	1.00664471591272	1.05251279512674	1.03838062217028	1.00510160797606	1.00332390227584	1.00510141410885	1.00436571141596	1.00361616102135	1.03715842012134	1.00361616102135	1.03838062217028	1.00510141410885	1.00332390227584	1.00510160797606	2.79999672936172	0.102109582983772	0.0254140533621606	0.102109582983775	0.0846007959007994	0.0219378524698804	-0.0145181699674858	0.0219378400170314	0.0200251133880334	-0.0150126828040622	-0.0422030650645737	-0.0150126828040618	0.0846007959008013	0.0219378400170314	-0.0145181699674854	0.0219378524698818
1	1.05251351704859	1.00664519623922	1.05251351704859	1.0383777074501	1.00510157333763	1.00332390324662	1.00510138688496	1.00436569994261	1.00361622117056	1.03715847543769	1.00361622117056	1.0383777074501	1.00510138688496	1.00332390324662	1.00510157333763	2.7999967941247	0.102109657336937	0.0254140659885876	0.102109657336939	0.0846005460977234	0.0219378516262141	-0.0145181699696511	0.0219378394354468	0.0200251132088653	-0.0150126837123867	-0.0422030673506175	-0.0150126837123863	0.0846005460977254	0.0219378394354468	-0.0145181699696507	0.0219378516262155
1	1.05251421223294	1.00664565786517	1.05251421223294	1.03837490244766	1.00510154004906	1.00332390417942	1.00510136072355	1.00436568891755	1.00361627896967	1.03715852866406	1.00361627896967	1.03837490244766	1.00510136072355	1.00332390417942	1.00510154004906	2.79999685760528	0.1021097289353	0.0254140781226841	0.102109728935303	0.0846003056973504	0.0219378508095873	-0.0145181699716993	0.0219378388825873	0.0200251130371179	-0.0150126845852542	-0.042203069550119	-0.0150126845852538	0.0846003056973524	0.0219378388825873	-0.0145181699716989	0.0219378508095887
1	1.05251488167037	1.00664610151865	1.05251488167037	1.03837220303231	1.00510150805761	1.00332390507573	1.00510133558331	1.00436567832327	1.00361633451049	1.0371585798794	1.00361633451049	1.03837220303232	1.00510133558331	1.00332390507573	1.00510150805761	2.79999691982886	0.102109797879546	0.0254140897828844	0.102109797879549	0.0846000743452212	0.0219378500158246	-0.0145181699735671	0.0219378383607163	0.0200251128730784	-0.0150126854241155	-0.0422030716666774	-0.0150126854241151	0.0846000743452232	0.0219378383607163	-0.0145181699735668	0.0219378500158261
1	1.05251552631566	1.0066465278995	1.05251552631566	1.03836960522824	1.00510147731245	1.00332390593701	1.00510131142467	1.00436566814285	1.00361638788123	1.03715862915971	1.00361638788123	1.03836960522824	1.00510131142467	1.00332390593701	1.00510147731245	2.79999698082034	0.10210986426377	0.0254141009848265	0.102109864263772	0.0845998516994596	0.0219378492325299	-0.014518169975165	0.0219378378810241	0.0200251127179162	-0.0150126862305628	-0.0422030737030125	-0.0150126862305624	0.0845998516994616	0.0219378378810241	-0.0145181699751647	0.0219378492325314
1	1.05251614708271	1.00664693767967	1.05251614708271	1.03836710521317	1.00510144776057	1.00332390676451	1.00510128821355	1.00436565836036	1.0036164391667	1.03715867657779	1.0036164391667	1.03836710521317	1.00510128821355	1.00332390676451	1.00510144776057	2.7999970406041	0.10210992820811	0.0254141117584971	0.102109928208112	0.0845996374587527	0.0219378480567773	-0.014518169976942	0.0219378378300192	0.020025112564555	-0.0150126870030045	-0.0422030756640351	-0.0150126870030041	0.0845996374587547	0.0219378378300192	-0.0145181699769416	0.0219378480567787
1	1.05251674485486	1.00664733150548	1.05251674485486	1.03836469930817	1.00510141935414	1.00332390755959	1.00510126591447	1.00436564896044	1.00361648844849	1.03715872220459	1.00361648844849	1.03836469930817	1.00510126591447	1.00332390755958	1.00510141935414	2.79999709920407	0.102109989779153	0.0254141221218856	0.102109989779155	0.084599431272184	0.0219378471143159	-0.014518169979597	0.0219378376026213	0.0200251124131482	-0.0150126877470901	-0.0422030775489495	-0.0150126877470897	0.084599431272186	0.0219378376026213	-0.0145181699795967	0.0219378471143174
1	1.05251732048673	1.00664770999853	1.05251732048673	1.03836238396764	1.00510139205126	1.00332390832354	1.00510124448909	1.00436563992778	1.0036165358048	1.03715876610748	1.0036165358048	1.03836238396764	1.00510124448909	1.00332390832354	1.00510139205126	2.79999715664367	0.102110049069438	0.0254141320797946	0.102110049069441	0.0845992328457592	0.0219378463071152	-0.0145181699816068	0.0219378372869485	0.0200251122671534	-0.0150126884619527	-0.0422030793631897	-0.0150126884619523	0.0845992328457612	0.0219378372869485	-0.0145181699816064	0.0219378463071166
1	1.05251787479921	1.00664807375579	1.05251787479921	1.03836015578156	1.00510136581046	1.00332390905762	1.00510122390179	1.00436563124801	1.00361658131083	1.03715880835159	1.00361658131083	1.03836015578156	1.00510122390179	1.00332390905761	1.00510136581046	2.7999972129459	0.102110106167017	0.0254141416461404	0.10211010616702	0.0845990418825899	0.0219378455906584	-0.0145181699833474	0.02193783692395	0.0200251121298108	-0.0150126891487703	-0.04220308110886	-0.0150126891487699	0.0845990418825919	0.02193783692395	-0.0145181699833471	0.0219378455906598
1	1.05251840858163	1.00664842335089	1.05251840858163	1.03835801146919	1.00510134059126	1.00332390976296	1.00510120411897	1.00436562290738	1.00361662503888	1.03715884899959	1.00361662503888	1.03835801146919	1.00510120411897	1.00332390976296	1.00510134059126	2.79999726813327	0.102110161147755	0.0254141508387962	0.102110161147757	0.0845988581077899	0.0219378449347719	-0.0145181699849497	0.0219378365426688	0.0200251119983188	-0.015012689808839	-0.0422030827886791	-0.0150126898088386	0.0845988581077919	0.0219378365426688	-0.0145181699849493	0.0219378449347733
1	1.0525189225944	1.00664875933518	1.0525189225944	1.03835594787309	1.00510131635432	1.00332391044071	1.00510118510874	1.00436561489265	1.00361666705842	1.03715888811182	1.00361666705842	1.03835594787309	1.00510118510874	1.00332391044071	1.00510131635432	2.79999732222786	0.102110214091315	0.0254141596724101	0.102110214091318	0.0845986812502341	0.0219378443227686	-0.0145181699864285	0.0219378361578802	0.0200251118727097	-0.0150126904431042	-0.0422030844050727	-0.0150126904431038	0.0845986812502361	0.0219378361578802	-0.0145181699864282	0.02193784432277
1	1.05251941756966	1.00664908223855	1.05251941756966	1.03835396195481	1.00510129306165	1.00332391109193	1.00510116684068	1.00436560719108	1.00361670743621	1.03715892574628	1.00361670743621	1.03835396195481	1.00510116684068	1.00332391109193	1.00510129306165	2.7999973752513	0.102110265073028	0.0254141681615457	0.102110265073031	0.0845985110497231	0.0219378437439719	-0.0145181699878243	0.0219378357787779	0.0200251117523403	-0.0150126910526093	-0.0422030859603174	-0.0150126910526089	0.084598511049725	0.0219378357787779	-0.0145181699878239	0.0219378437439733
1	1.0525198942125	1.00664939257028	1.0525198942125	1.0383520507902	1.00510127067656	1.00332391171768	1.0051011492857	1.00436559979046	1.00361674623638	1.03715896195881	1.00361674623638	1.0383520507902	1.0051011492857	1.00332391171768	1.00510127067656	2.7999974272248	0.102110314165865	0.0254141763195502	0.102110314165867	0.0845983472558641	0.0219378431923028	-0.0145181699891369	0.0219378354098716	0.0200251116370127	-0.0150126916382769	-0.0422030874568795	-0.0150126916382765	0.0845983472558661	0.0219378354098716	-0.0145181699891365	0.0219378431923042
1	1.05252035320189	1.00664969081981	1.05252035320189	1.03835021156526	1.00510124916376	1.00332391231894	1.0051011324159	1.00436559267901	1.00361678352058	1.03715899680314	1.00361678352058	1.03835021156526	1.0051011324159	1.00332391231894	1.00510124916376	2.79999747816917	0.102110361439819	0.0254141841596365	0.102110361439821	0.0845981896270263	0.0219378426633333	-0.0145181699903814	0.0219378350542354	0.0200251115263766	-0.0150126922010702	-0.0422030888968574	-0.0150126922010698	0.0845981896270283	0.0219378350542354	-0.014518169990381	0.0219378426633347
1	1.05252079519173	1.00664997745753	1.05252079519173	1.03834844157184	1.00510122848924	1.00332391289667	1.00510111620456	1.00436558584544	1.00361681934803	1.03715903033097	1.00361681934803	1.03834844157184	1.00510111620456	1.00332391289667	1.00510122848924	2.79999752810476	0.102110406962178	0.0254141916939657	0.10211040696218	0.084598037931329	0.0219378421540333	-0.0145181699915362	0.0219378347134859	0.0200251114204064	-0.0150126927418814	-0.042203090282493	-0.015012692741881	0.084598037931331	0.0219378347134859	-0.0145181699915358	0.0219378421540348
1	1.05252122081171	1.00665025293554	1.05252122081172	1.03834673820373	1.00510120862032	1.0033239134518	1.005101100626	1.00436557927888	1.00361685377565	1.03715906259203	1.00361685377565	1.03834673820373	1.00510110062599	1.0033239134518	1.00510120862032	2.79999757705157	0.102110450797429	0.0254141989342845	0.102110450797432	0.0845978919453832	0.021937841661599	-0.0145181699926266	0.0219378343891714	0.020025111318952	-0.0150126932615957	-0.0422030916156853	-0.0150126932615953	0.0845978919453852	0.0219378343891714	-0.0145181699926262	0.0219378416616005
1	1.05252163066847	1.00665051768834	1.05252163066847	1.03834509895265	1.00510118952549	1.00332391398523	1.00510108565562	1.00436557296888	1.00361688685813	1.0371590936342	1.00361688685813	1.03834509895266	1.00510108565562	1.00332391398523	1.0051011895255	2.79999762502916	0.10211049300692	0.0254142058913327	0.102110493006922	0.0845977514537544	0.0219378411819044	-0.0145181699935917	0.0219378340843825	0.0200251112223016	-0.0150126937611029	-0.0422030928985734	-0.0150126937611025	0.0845977514537563	0.0219378340843825	-0.0145181699935913	0.0219378411819058
1	1.05252202534755	1.00665077213368	1.05252202534756	1.03834352140367	1.0051011711743	1.00332391449783	1.00510107127003	1.0043655669053	1.00361691864799	1.03715912350353	1.00361691864799	1.03834352140367	1.00510107127003	1.00332391449783	1.0051011711743	2.79999767205673	0.10211053364466	0.0254142125718659	0.102110533644662	0.0845976162476917	0.0219378406939155	-0.014518169994257	0.0219378338201971	0.020025111132674	-0.015012694241581	-0.0422030941327999	-0.0150126942415806	0.0845976162476937	0.0219378338201971	-0.0145181699942566	0.021937840693917
1	1.05252240539905	1.00665101667154	1.05252240539906	1.03834200324276	1.00510115353753	1.00332391499016	1.00510105744649	1.00436556107934	1.00361694919595	1.03715915224421	1.00361694919595	1.03834200324276	1.00510105744649	1.00332391499016	1.00510115353753	2.7999977181531	0.102110572810955	0.0254142190199792	0.102110572810958	0.0845974861485776	0.021937840224907	-0.014518169996189	0.0219378335555574	0.0200251110322282	-0.0150126947005733	-0.0422030953213934	-0.0150126947005729	0.0845974861485795	0.0219378335555574	-0.0145181699961887	0.0219378402249085
1	1.05252277137874	1.00665125168942	1.05252277137874	1.03834054222547	1.00510113658758	1.00332391546332	1.00510104416287	1.00436555548068	1.00361697855028	1.03715917989908	1.00361697855028	1.03834054222547	1.00510104416287	1.00332391546332	1.00510113658758	2.79999776333669	0.102110610510447	0.0254142252001029	0.102110610510449	0.0845973609352446	0.0219378397923924	-0.0145181699972163	0.0219378332906887	0.0200251109440373	-0.0150126951435045	-0.0422030964641791	-0.0150126951435041	0.0845973609352466	0.0219378332906887	-0.014518169997216	0.0219378397923938
1	1.0525231238045	1.0066514775574	1.0525231238045	1.03833913620237	1.00510112029791	1.00332391591799	1.00510103139793	1.00436555010071	1.00361700675767	1.03715920650908	1.00361700675767	1.03833913620238	1.00510103139793	1.00332391591799	1.00510112029791	2.7999978076256	0.102110646810367	0.0254142311363346	0.102110646810369	0.0845972404331269	0.0219378393832232	-0.0145181699980564	0.021937833030695	0.0200251108607861	-0.0150126955693167	-0.0422030975637488	-0.0150126955693163	0.0845972404331289	0.021937833030695	-0.014518169998056	0.0219378393832247
1	1.0525234631781	1.00665169463165	1.0525234631781	1.03833778310333	1.00510110464284	1.00332391635487	1.0051010191314	1.00436554493093	1.00361703386295	1.03715923211369	1.00361703386295	1.03833778310334	1.0051010191314	1.00332391635487	1.00510110464284	2.79999785103752	0.10211068176258	0.0254142368397646	0.102110681762582	0.0845971244657916	0.0219378389895576	-0.0145181699987843	0.0219378327817522	0.0200251107818193	-0.0150126959786122	-0.0422030986217858	-0.0150126959786118	0.0845971244657935	0.0219378327817522	-0.0145181699987839	0.021937838989559
1	1.05252378998358	1.0066519032546	1.05252378998358	1.03833648093556	1.00510108959756	1.00332391677469	1.00510100734391	1.00436553996309	1.00361705990916	1.0371592567509	1.00361705990916	1.03833648093556	1.00510100734391	1.00332391677469	1.00510108959756	2.79999789358983	0.102110715414452	0.0254142423183029	0.102110715414455	0.0845970128619323	0.0219378386010885	-0.0145181699993256	0.0219378325535056	0.0200251107078994	-0.0150126963721336	-0.0422030996399144	-0.0150126963721332	0.0845970128619342	0.0219378325535056	-0.0145181699993252	0.02193783860109
1	1.05252410467721	1.00665210375433	1.05252410467721	1.03833522778846	1.00510107513648	1.00332391717791	1.00510099601842	1.00436553518989	1.00361708493784	1.03715928045708	1.00361708493784	1.03833522778846	1.00510099601842	1.00332391717791	1.00510107513648	2.79999793529954	0.102110747842676	0.0254142476070393	0.102110747842679	0.08459690548463	0.0219378380568094	-0.0145181700008362	0.021937832491811	0.0200251106271019	-0.0150126967475905	-0.0422031006207207	-0.0150126967475901	0.084596905484632	0.021937832491811	-0.0145181700008358	0.0219378380568108
1	1.05252440772035	1.00665229644868	1.05252440772035	1.03833402180887	1.00510106123639	1.00332391756547	1.00510098513746	1.00436553060285	1.00361710898852	1.03715930326777	1.00361710898852	1.03833402180887	1.00510098513746	1.00332391756547	1.00510106123639	2.79999797618335	0.102110779049839	0.0254142526701801	0.102110779049841	0.0845968021289519	0.0219378376160482	-0.014518170001634	0.0219378323631498	0.0200251105573597	-0.0150126971112308	-0.0422031015628704	-0.0150126971112304	0.0845968021289539	0.0219378323631498	-0.0145181700016336	0.0219378376160496
1	1.05252469953934	1.00665248164077	1.05252469953934	1.03833286122382	1.00510104787655	1.00332391793786	1.00510097468262	1.00436552619506	1.00361713209952	1.03715932521661	1.00361713209952	1.03833286122382	1.00510097468262	1.00332391793786	1.00510104787655	2.7999980162576	0.102110809101617	0.0254142575368653	0.10211080910162	0.0845967026628947	0.0219378372296317	-0.0145181700022596	0.0219378322026775	0.0200251104888143	-0.015012697460313	-0.042203102469796	-0.0150126974603126	0.0845967026628967	0.0219378322026775	-0.0145181700022592	0.0219378372296332
1	1.0525249805503	1.00665265962271	1.0525249805503	1.03833174432424	1.0051010350365	1.00332391829568	1.00510096463668	1.0043655219595	1.00361715430753	1.03715934633615	1.00361715430753	1.03833174432424	1.00510096463668	1.00332391829568	1.0051010350365	2.79999805553834	0.102110838045976	0.0254142622132761	0.102110838045979	0.0845966069359084	0.0219378368807347	-0.0145181700028285	0.0219378320250726	0.0200251104238476	-0.0150126977954911	-0.0422031033425337	-0.0150126977954907	0.0845966069359104	0.0219378320250726	-0.0145181700028281	0.0219378368807361
1	1.05252525115354	1.0066528306752	1.05252525115355	1.03833066946572	1.00510102269631	1.0033239186395	1.00510095498334	1.00436551788943	1.00361717564785	1.03715936665774	1.00361717564784	1.03833066946572	1.00510095498334	1.0033239186395	1.00510102269631	2.79999809404126	0.102110865916481	0.0254142667074842	0.102110865916484	0.0845965148136962	0.0219378365563118	-0.0145181700034011	0.0219378318434166	0.0200251103612994	-0.0150126981175974	-0.0422031041823164	-0.015012698117597	0.0845965148136981	0.0219378318434166	-0.0145181700034007	0.0219378365563132
1	1.05252551173477	1.00665299506807	1.05252551173477	1.03832963506557	1.00510101083665	1.00332391896988	1.00510094570712	1.00436551397839	1.00361719615435	1.03715938621153	1.00361719615435	1.03832963506557	1.00510094570712	1.00332391896988	1.00510101083665	2.79999813178177	0.102110892753009	0.0254142710260238	0.102110892753011	0.0845964261594798	0.021937836248451	-0.014518170003918	0.0219378316648476	0.0200251103018459	-0.015012698427136	-0.042203104990413	-0.0150126984271356	0.0845964261594817	0.0219378316648476	-0.0145181700039176	0.0219378362484525
1	1.05252576266582	1.00665315306065	1.05252576266582	1.03832863960035	1.00510099943876	1.00332391928735	1.00510093679335	1.00436551022011	1.00361721585962	1.03715940502653	1.00361721585962	1.03832863960035	1.00510093679335	1.00332391928735	1.00510099943876	2.79999816877497	0.102110918591002	0.0254142751742947	0.102110918591005	0.084596340841146	0.021937835945052	-0.0145181700042938	0.0219378315014771	0.0200251102462302	-0.0150126987248174	-0.0422031057679043	-0.015012698724817	0.0845963408411479	0.0219378315014771	-0.0145181700042934	0.0219378359450535
1	1.05252600429565	1.00665330490124	1.05252600429565	1.03832768161058	1.00510098848432	1.00332391959225	1.00510092822808	1.00436550660919	1.0036172347951	1.03715942313055	1.0036172347951	1.03832768161059	1.00510092822808	1.00332391959225	1.00510098848433	2.79999820503565	0.102110943498578	0.0254142791815388	0.10211094349858	0.0845962587495727	0.0219378356268779	-0.014518170005613	0.0219378313621194	0.020025110182072	-0.0150126990086743	-0.0422031065168183	-0.0150126990086739	0.0845962587495747	0.0219378313621194	-0.0145181700056127	0.0219378356268793
1	1.05252623698073	1.00665345083083	1.05252623698073	1.03832675967793	1.00510097795612	1.0033239198853	1.00510091999773	1.00436550313901	1.00361725299066	1.03715944055066	1.00361725299066	1.03832675967793	1.00510091999773	1.0033239198853	1.00510097795612	2.79999824057833	0.102110967463549	0.0254142830163475	0.102110967463551	0.0845961797360162	0.0219378353439053	-0.0145181700060667	0.021937831213456	0.0200251101291092	-0.0150126992835047	-0.0422031072366646	-0.0150126992835043	0.0845961797360182	0.021937831213456	-0.0145181700060663	0.0219378353439067
1	1.05252646104829	1.00665359107894	1.05252646104829	1.03832587244723	1.00510096783784	1.00332392016691	1.00510091208896	1.0043654998044	1.00361727047528	1.0371594573126	1.00361727047528	1.03832587244723	1.00510091208896	1.00332392016691	1.00510096783784	2.79999827541721	0.102110990539988	0.0254142867005009	0.102110990539991	0.0845961036954738	0.0219378350815814	-0.0145181700064763	0.0219378310612273	0.0200251100787806	-0.0150126995475101	-0.0422031079292041	-0.0150126995475097	0.0845961036954758	0.0219378310612273	-0.0145181700064759	0.0219378350815828
1	1.05252667681732	1.00665372586672	1.05252667681732	1.0383250186123	1.00510095811363	1.0033239204375	1.0051009044891	1.00436549660008	1.00361728727674	1.03715947344122	1.00361728727674	1.0383250186123	1.0051009044891	1.0033239204375	1.00510095811363	2.79999830956624	0.102111012760899	0.0254142902406926	0.102111012760902	0.0845960305166649	0.021937834832489	-0.0145181700068415	0.0219378309119153	0.0200251100304964	-0.0150126998011778	-0.0422031085956512	-0.0150126998011774	0.0845960305166669	0.0219378309119153	-0.0145181700068411	0.0219378348324904
1	1.05252688459553	1.0066538554068	1.05252688459553	1.03832419691577	1.00510094876814	1.00332392069751	1.00510089718611	1.00436549352093	1.00361730342173	1.03715948896046	1.00361730342173	1.03832419691577	1.00510089718611	1.00332392069751	1.00510094876814	2.79999834303907	0.102111034155842	0.0254142936418109	0.102111034155844	0.084595960091558	0.021937834589364	-0.0145181700071165	0.0219378307724631	0.0200251099851087	-0.0150127000450274	-0.0422031092370063	-0.015012700045027	0.08459596009156	0.0219378307724631	-0.0145181700071161	0.0219378345893654
1	1.05252708467863	1.00665397990349	1.05252708467864	1.03832340614794	1.00510093978549	1.00332392094737	1.00510089016946	1.00436549056209	1.00361731893589	1.03715950389331	1.00361731893589	1.03832340614794	1.00510089016946	1.00332392094737	1.00510093978549	2.79999837584909	0.102111054749777	0.0254142969115132	0.10211105474978	0.0845958923265678	0.0219378342482353	-0.0145181700073466	0.0219378307429646	0.0200251099435666	-0.0150127002791387	-0.0422031098543134	-0.0150127002791383	0.0845958923265698	0.0219378307429646	-0.0145181700073462	0.0219378342482367
1	1.05252727734818	1.00665409955277	1.05252727734818	1.03832264514736	1.00510093115122	1.0033239211874	1.00510088342831	1.00436548771908	1.00361733384395	1.03715951826199	1.00361733384395	1.03832264514736	1.00510088342831	1.0033239211874	1.00510093115122	2.79999840800944	0.102111074597221	0.0254143000595144	0.102111074597224	0.08459582710849	0.021937833969855	-0.0145181700081075	0.0219378306659409	0.0200251098970579	-0.0150127005037718	-0.0422031104480756	-0.0150127005037714	0.084595827108492	0.0219378306659409	-0.0145181700081071	0.0219378339698565
1	1.05252746288173	1.00665421454375	1.05252746288173	1.03832191279157	1.00510092285248	1.00332392141803	1.00510087695119	1.00436548498715	1.00361734816953	1.03715953208779	1.00361734816953	1.03832191279158	1.00510087695119	1.00332392141803	1.00510092285248	2.79999843953296	0.102111093708595	0.025414303084102	0.102111093708598	0.0845957643443949	0.0219378337274768	-0.0145181700086179	0.0219378305675784	0.0200251098528318	-0.0150127007196865	-0.0422031110194819	-0.0150127007196861	0.0845957643443968	0.0219378305675784	-0.0145181700086175	0.0219378337274782
1	1.05252764154386	1.00665432505778	1.05252764154386	1.03832120800207	1.00510091487658	1.00332392163965	1.0051008707274	1.00436548236193	1.00361736193537	1.03715954539121	1.00361736193537	1.03832120800207	1.0051008707274	1.00332392163965	1.00510091487658	2.79999847043228	0.102111112113374	0.0254143059895242	0.102111112113377	0.0845957039398193	0.0219378335094939	-0.0145181700090095	0.0219378304580506	0.0200251098117823	-0.0150127009271925	-0.0422031115693173	-0.0150127009271921	0.0845957039398212	0.0219378304580506	-0.0145181700090091	0.0219378335094953
1	1.05252781358894	1.00665443126915	1.05252781358894	1.03832052974125	1.00510090721117	1.00332392185259	1.00510086474685	1.00436547983928	1.00361737516336	1.03715955819199	1.00361737516336	1.03832052974125	1.00510086474685	1.00332392185259	1.00510090721117	2.79999850071975	0.102111129834916	0.0254143087812519	0.102111129834918	0.0845956458094068	0.0219378333074455	-0.0145181700093649	0.0219378303455056	0.0200251097726825	-0.0150127011266702	-0.0422031120983484	-0.0150127011266698	0.0845956458094088	0.0219378303455056	-0.0145181700093645	0.0219378333074469
1	1.05252797926205	1.00665453334536	1.05252797926205	1.03831987701053	1.00510089984425	1.0033239220572	1.00510085899993	1.00436547741519	1.0036173878745	1.03715957050913	1.0036173878745	1.03831987701053	1.00510085899993	1.0033239220572	1.00510089984425	2.79999853040749	0.10211114689918	0.0254143114638397	0.102111146899182	0.0845955898673602	0.0219378331169015	-0.0145181700096902	0.0219378302336793	0.020025109735503	-0.0150127013183618	-0.0422031126074224	-0.0150127013183614	0.0845955898673622	0.0219378302336793	-0.0145181700096898	0.021937833116903
