1	5.52737036278584	1.53936698468778	5.5273703569066	4.77991037344141	1.54141351368507	1.03526855974952	1.54141351379646	1.59318275115297	1.03612409590674	1.03398155712297	1.03612409590675	4.77991037344156	1.54141351379646	1.03526855974953	1.54141351368512	8.74999999999999	1.5853099710941	0.241330364416499	1.58530997418614	1.49578685329258	0.262455575867957	0.0487644889352002	0.262455575896519	0.280649472244081	0.0510784932917493	-0.0433062967122169	0.051078493291751	1.49578685329264	0.262455575896519	0.0487644889352018	0.262455575867973
1	13.2973298331311	1.49658159711722	13.2973298947219	9.75675723847203	1.62009283035933	1.03250735693308	1.62009283037058	1.36896551794132	1.03376059171195	1.03294764725451	1.03376059171195	9.75675723847213	1.62009283037058	1.03250735693309	1.62009283035939	8.74999999999999	3.99218200265418	0.237044917024122	3.99218199460835	3.24548425982864	0.295347786716301	0.0483115349296221	0.295347786719583	0.221067261082808	0.0511736466631159	-0.0440284486824574	0.0511736466631177	3.24548425982869	0.295347786719582	0.0483115349296237	0.295347786716319
1	11.5236387727192	3.43521878563412	11.5236387727192	8.24083256013569	1.84237330451495	1.01371475598662	1.84237330451582	1.31355161675834	1.01783849666007	1.01364821251329	1.01783849666007	8.24083256013573	1.84237330451582	1.01371475598662	1.84237330451502	8.74999999999999	6.14764105070203	1.2444337710869	6.14764105070207	4.31121581963412	0.602050027775091	0.0536041073800251	0.602050027775496	0.317416195759849	0.06084076921411	-0.0473683439030387	0.060840769214112	4.31121581963417	0.602050027775496	0.0536041073800269	0.602050027775129
1	6.72810848132441	5.15887693192684	6.7281084813244	1.20166019385442	1.04303508471021	1.00357783928989	1.04303508471022	1.02879968257845	1.00328782397957	1.00350450111796	1.00328782397957	1.20166019385443	1.04303508471022	1.00357783928989	1.04303508471022	8.74999999999999	6.19606347255729	3.3327093179801	6.19606347255733	0.489712099161958	0.176905597575166	0.043620288206917	0.176905597575173	0.125618625061633	0.0384041570654962	-0.0366443033426401	0.0384041570654974	0.489712099161969	0.176905597575174	0.0436202882069185	0.176905597575172
1	1.05116415248409	1.037006372926	1.05116415248409	1.02063958841661	1.01089596390193	1.00165282725871	1.01089596390193	1.01601778128506	1.0019915690626	1.00225373661748	1.0019915690626	1.02063958842415	1.01089596390193	1.00165282725871	1.01089596390193	8.74999999999999	6.24919859801529	3.74507640166017	6.24919859801533	0.174157005568963	0.126130586992566	0.0489720468736863	0.126130586992567	0.108362586869692	0.0380643616177988	-0.0404817901349915	0.0380643616177998	0.174157005023319	0.126130586992569	0.0489720468736884	0.12613058699257
1	1.00018017311228	1.00012972683569	1.00018017311228	1.01675421669332	1.00593896376899	1.00065487186159	1.00593896376899	1.01322623345974	1.00144495181272	1.00144495360797	1.00144495181272	1.01675421670081	1.00593896376899	1.00065487186159	1.00593896376899	8.74999999999999	6.2499971174883	3.74998270412532	6.24999711748834	0.159040120820851	0.0944345886770242	0.0313169820880899	0.0944345886770252	0.0998314846623424	0.0329003983929752	-0.0329003811709596	0.0329003983929761	0.159040120150686	0.0944345886770263	0.0313169820880911	0.0944345886770269
1	1.0001326812826	1.00009553171378	1.0001326812826	1.01662716035743	1.00589458412423	1.00065001246985	1.00589458412423	1.01315335163291	1.00143711966225	1.00143712003364	1.00143711966225	1.0166271603643	1.00589458412423	1.00065001246985	1.00589458412423	8.74999999999999	6.24999787723948	3.74998726300116	6.24999787723951	0.158604092497445	0.0941829430369148	0.0312346830559246	0.0941829430369156	0.0996630528831539	0.0328469171855845	-0.0328468936651898	0.0328469171855854	0.158604091878422	0.0941829430369154	0.0312346830559262	0.0941829430369165
1	1.00014417307776	1.00010380602141	1.00014417307776	1.03627731050394	1.0126332004207	1.00138121994235	1.0126332004207	1.01753239024498	1.00190473508826	1.00190473573377	1.00190473508826	1.03627731050394	1.0126332004207	1.00138121994235	1.0126332004207	8.74999999999999	6.24999769339607	3.74998615986123	6.2499976933961	0.173660979114319	0.101883703175601	0.0335939840962797	0.101883703175602	0.0849732192899364	0.027899089548476	-0.02789908122049	0.0278990895484766	0.173660979114323	0.101883703175604	0.0335939840962811	0.101883703175605
1	1.00014425298176	1.00010386355384	1.00014425298176	1.03641936068428	1.01268105995635	1.00138636951625	1.01268105995635	1.01756291509789	1.00190797783686	1.00190797848191	1.00190797783686	1.03641936068429	1.01268105995635	1.00138636951625	1.01268105995635	8.74999999999999	6.24999769211779	3.74998615219097	6.24999769211782	0.173929195321336	0.102032246228465	0.0336415989105147	0.102032246228466	0.0850099117288202	0.0279104114417888	-0.0279104031073988	0.0279104114417896	0.17392919532134	0.102032246228468	0.0336415989105161	0.102032246228468
1	1.00014425453943	1.0001038646754	1.00014425453943	1.03642240012669	1.01268208385712	1.00138647967807	1.01268208385712	1.01756379942228	1.00190807178058	1.00190807242559	1.00190807178058	1.03642240012669	1.01268208385712	1.00138647967807	1.01268208385712	8.74999999999999	6.24999769209287	3.74998615204145	6.2499976920929	0.173934758956394	0.102035321374803	0.0336425836414702	0.102035321374805	0.0850111790543787	0.0279108065814063	-0.0279107982466335	0.0279108065814069	0.173934758956398	0.102035321374806	0.0336425836414716	0.102035321374807
1	1.00014425457226	1.00010386469903	1.00014425457226	1.03642246426451	1.01268210546322	1.00138648200267	1.01268210546322	1.01756381845743	1.00190807380232	1.00190807444733	1.00190807380232	1.03642246426451	1.01268210546322	1.00138648200267	1.01268210546322	8.74999999999999	6.24999769209234	3.74998615203829	6.24999769209238	0.173934876084927	0.102035386104842	0.0336426043679199	0.102035386104843	0.0850112064862997	0.0279108152009838	-0.0279108068662167	0.0279108152009844	0.17393487608493	0.102035386104844	0.0336426043679213	0.102035386104845
1	1.00014425457296	1.00010386469954	1.00014425457296	1.03642246561661	1.0126821059187	1.00138648205168	1.0126821059187	1.01756381885208	1.00190807384596	1.00190807449097	1.00190807384596	1.03642246561661	1.0126821059187	1.00138648205168	1.01268210591871	8.74999999999999	6.24999769209233	3.74998615203823	6.24999769209237	0.173934878549936	0.102035387466999	0.0336426048040631	0.102035387467001	0.0850112074358153	0.0279108152330018	-0.0279108068981786	0.0279108152330025	0.17393487854994	0.102035387467003	0.0336426048040645	0.102035387467003
