1	1.03189772806734	1.06792955807075	1.03189772806734	1.03233561724284	1.06253400171464	1.09206316894596	1.06253400171464	1.06535487537726	1.09180195270911	1.13395139847466	1.09180195270911	1.03233561724284	1.06253400171464	1.09206316894596	1.06253400171464	0.82234411938132	0.774061406223138	0.806996832001229	0.774061406223138	0.781008533900503	0.768748687499008	0.762590755914429	0.768748687499008	0.7922047507493	0.761264421996251	0.812798922225066	0.761264421996251	0.781008533900503	0.768748687499008	0.762590755914429	0.768748687499009
1	1.03429643326203	1.07367905200727	1.03429643326203	1.03528318943236	1.06735780215846	1.09751084675913	1.06735780215846	1.07170097471404	1.09631580985776	1.14663276497664	1.09631580985776	1.03528318943236	1.06735780215846	1.09751084675913	1.06735780215846	0.892246261349458	0.832241011351722	0.874088233081423	0.832241011351722	0.846958611533595	0.831282626725959	0.81633788325348	0.831282626725959	0.862870977668748	0.804804736595309	0.888485940534308	0.804804736595309	0.846958611533596	0.831282626725959	0.81633788325348	0.831282626725959
1	1.03221682674365	1.07128368392609	1.03221682674365	1.03513412578186	1.06617612264951	1.09349202210178	1.06617612264951	1.0716144993576	1.08978601673136	1.144568716001	1.08978601673136	1.03513412578185	1.06617612264951	1.09349202210178	1.06617612264951	0.934644053702388	0.842854131628095	0.913641874061259	0.842854131628096	0.888795186963453	0.876284255920047	0.849427600158014	0.876284255920047	0.906186141780081	0.809370243073024	0.932547488571664	0.809370243073025	0.888795186963453	0.876284255920047	0.849427600158015	0.876284255920047
1	1.02877521901722	1.06858218147118	1.02877521901722	1.0337471007483	1.06480686066646	1.08750730728641	1.06480686066646	1.06972150265329	1.08039512495652	1.14022876766055	1.08039512495652	1.0337471007483	1.06480686066646	1.08750730728641	1.06480686066645	0.960359614710827	0.810002140824138	0.936562281410378	0.81000214082414	0.900040281587577	0.91020239463231	0.847588625030779	0.910202394632311	0.931974555038542	0.788370525044583	0.957897047990991	0.788370525044584	0.900040281587578	0.910202394632311	0.847588625030779	0.910202394632311
1	1.02497552008668	1.06805984963675	1.02497552008668	1.03017350037095	1.06498322628635	1.07762343221743	1.06498322628635	1.06818005094567	1.07009630101848	1.13844707045059	1.07009630101848	1.03017350037095	1.06498322628635	1.07762343221743	1.06498322628635	0.975956890937711	0.742539427330527	0.949077877080503	0.742539427330529	0.825576410549685	0.932979068554571	0.771070776741592	0.932979068554571	0.946487915767373	0.732803894251822	0.972510335921205	0.732803894251824	0.825576410549687	0.932979068554571	0.771070776741592	0.932979068554571
1	1.02024263039081	1.07061193825925	1.02024263039081	1.02412024212464	1.06827077309196	1.06248443141211	1.06827077309196	1.07016317439293	1.05764224684305	1.14346599429001	1.05764224684305	1.02412024212464	1.06827077309196	1.06248443141211	1.06827077309196	0.985417117195558	0.610495521091231	0.955159628902078	0.610495521091235	0.657020391178931	0.945769380475852	0.623345157365693	0.945769380475852	0.953780572670915	0.610282467133554	0.980785791907157	0.610282467133556	0.657020391178934	0.945769380475852	0.623345157365694	0.945769380475853
1	1.01474191428934	1.07521167899994	1.01474191428934	1.01691511636722	1.07364060062114	1.04485721448068	1.07364060062114	1.07482905102637	1.0425965063467	1.15329349542587	1.0425965063467	1.01691511636722	1.07364060062114	1.04485721448068	1.07364060062114	0.991155034471554	0.466149521512208	0.957446844289554	0.466149521512212	0.483312844430065	0.952027488046004	0.47012581582781	0.952027488046004	0.95669516691023	0.466841795541736	0.985285021081129	0.466841795541737	0.483312844430069	0.952027488046004	0.470125815827811	0.952027488046004
1	1.01029148346214	1.07822226915958	1.01029148346214	1.01129627724721	1.07726874560422	1.03090802857189	1.07726874560422	1.07803689809788	1.02999146924018	1.15983941762289	1.02999146924018	1.01129627724721	1.07726874560422	1.03090802857189	1.07726874560422	0.994635257222601	0.389880566195267	0.958332820193316	0.38988056619527	0.394987143129219	0.955204146301609	0.389649895659964	0.955204146301609	0.957898659744163	0.388789660017627	0.987756406189525	0.388789660017628	0.394987143129223	0.955204146301609	0.389649895659965	0.955204146301609
1	1.00763805098488	1.07915561278426	1.00763805098488	1.00806023821787	1.07859556574281	1.02268861745474	1.07859556574281	1.07907137246584	1.02233336354609	1.16193732518113	1.02233336354609	1.00806023821787	1.07859556574281	1.02268861745474	1.07859556574281	0.996746119023726	0.359120538285273	0.95890469714705	0.359120538285276	0.360579502584899	0.957096310106588	0.356841665601495	0.957096310106588	0.95865077550621	0.356594208019649	0.989173622112013	0.356594208019651	0.360579502584903	0.957096310106588	0.356841665601496	0.957096310106588
1	1.00628666208378	1.07925391599499	1.00628666208378	1.00645619804339	1.07892745175768	1.01851945260556	1.07892745175768	1.0792123892821	1.0183839166929	1.16224917702716	1.0183839166929	1.00645619804339	1.07892745175768	1.01851945260556	1.07892745175768	0.998026421424428	0.347388153637419	0.959321805985205	0.347388153637422	0.34781026931119	0.958273704651591	0.344098741144261	0.958273704651592	0.959173591866357	0.344019437218667	0.989992524230726	0.344019437218668	0.347810269311194	0.958273704651592	0.344098741144262	0.958273704651592
1	1.00564904500722	1.07915976962977	1.00564904500722	1.00571552230547	1.07896964300679	1.01655128879474	1.07896964300679	1.07913759596687	1.01649991831024	1.16213172662736	1.01649991831024	1.00571552230547	1.07896964300679	1.01655128879474	1.07896964300679	0.998802964083937	0.342921167349619	0.959611791736675	0.342921167349622	0.343047847215161	0.959001003636596	0.339140608739167	0.959001003636597	0.959525405317222	0.339113009543746	0.990463368802633	0.339113009543747	0.343047847215164	0.959001003636596	0.339140608739168	0.959001003636597
1	1.00536011945086	1.07906471756958	1.00536011945086	1.00538584904922	1.07895368268966	1.01565659072429	1.07895368268966	1.07905227428628	1.01563719105973	1.16198537097433	1.01563719105973	1.00538584904922	1.07895368268966	1.01565659072429	1.07895368268966	0.999273961015186	0.341192274751471	0.95980399342717	0.341192274751474	0.341232293846203	0.95944459448565	0.337179543217243	0.95944459448565	0.959753607748854	0.33716951436014	0.990732702654617	0.337169514360141	0.341232293846206	0.95944459448565	0.337179543217244	0.959444594485651
1	1.00523201479643	1.07900216892815	1.00523201479643	1.0052419120936	1.07893687073132	1.0152580887613	1.07893687073132	1.0789950117594	1.01525078948784	1.16188508345051	1.01525078948784	1.0052419120936	1.07893687073132	1.0152580887613	1.07893687073132	0.999559635094447	0.340506891689174	0.959927450960736	0.340506891689177	0.340520444094548	0.959712517163854	0.336387504549459	0.959712517163855	0.959897966797862	0.336383852020786	0.990886226626459	0.336383852020787	0.340520444094551	0.959712517163855	0.33638750454946	0.959712517163855
1	1.00517578976751	1.07896636157174	1.00517578976751	1.00517959518566	1.07892745184179	1.01508232651558	1.07892745184179	1.07896219148366	1.01507959677473	1.1618261154718	1.01507959677473	1.00517959518566	1.07892745184179	1.01508232651558	1.07892745184179	0.999732905181622	0.340227544657566	0.960005189221606	0.340227544657569	0.340232611486073	0.959873261455286	0.336060342882095	0.959873261455286	0.959987823471276	0.336059072303326	0.990973547418659	0.336059072303327	0.340232611486076	0.959873261455286	0.336060342882096	0.959873261455286
1	1.00515115513096	1.07894710378487	1.00515115513096	1.00515262745937	1.07892339556727	1.01500497546971	1.07892339556727	1.07894465144935	1.01500396685368	1.16179327397746	1.01500396685368	1.00515262745937	1.07892339556727	1.01500497546971	1.07892339556727	0.999837998802067	0.340110201788943	0.960053509187433	0.340110201788946	0.340112399000848	0.959969270092968	0.33592198071659	0.959969270092968	0.960043164823146	0.335921603737219	0.991023150615203	0.33592160373722	0.340112399000851	0.959969270092968	0.335921980716591	0.959969270092968
1	1.00514030445116	1.07893705189043	1.00514030445116	1.00514088385965	1.07892209155193	1.01497079551111	1.07892209155193	1.07893559408794	1.01497043239977	1.16177525017156	1.01497043239977	1.00514088385965	1.07892209155193	1.01497079551111	1.07892209155193	0.999901741304285	0.340059297469392	0.960083282171278	0.340059297469395	0.340060467609656	0.960026439549973	0.335861978994889	0.960026439549973	0.960077004650201	0.335861932964929	0.991051309257793	0.33586193296493	0.340060467609659	0.960026439549973	0.33586197899489	0.960026439549973
1	1.00513546925614	1.078931874607	1.00513546925614	1.00513569926348	1.07892191582965	1.01495553785439	1.07892191582965	1.07893093581638	1.0149554087362	1.16176525862904	1.0149554087362	1.00513569926348	1.07892191582965	1.01495553785439	1.07892191582965	0.999940403085542	0.340036444032274	0.96010151489699	0.340036444032277	0.340037014065203	0.960060420017092	0.335835170664461	0.960060420017092	0.960097611463884	0.335835177116557	0.991067292327485	0.335835177116558	0.340037014065206	0.960060420017092	0.335835170664462	0.960060420017092
1	1.00513327616109	1.07892921321752	1.00513327616109	1.00513337158637	1.07892214694177	1.0149486258719	1.07892214694177	1.07892861116828	1.01494858322165	1.16175970895271	1.01494858322165	1.00513337158637	1.07892214694177	1.0149486258719	1.07892214694177	0.99996385264197	0.340025810263854	0.960112632147799	0.340025810263857	0.340026242999622	0.960080579917484	0.335822898961824	0.960080579917484	0.960110096207348	0.335822952062736	0.991076362405011	0.335822952062737	0.340026242999626	0.960080579917484	0.335822898961825	0.960080579917484
1	1.00513225847486	1.07892784296619	1.00513225847486	1.00513230296827	1.0789224453334	1.01494543222612	1.07892244533339	1.07892744931096	1.01494542229973	1.16175657202223	1.01494542229973	1.00513230296827	1.07892244533339	1.01494543222612	1.07892244533339	0.999978075516275	0.340020688210257	0.960119388019462	0.34002068821026	0.34002110593671	0.960092528053239	0.335817105142192	0.96009252805324	0.960117639592256	0.335817187316669	0.991081510447424	0.335817187316671	0.340021105936713	0.960092528053239	0.335817105142193	0.96009252805324
1	1.00513177329291	1.07892713387547	1.00513177329291	1.00513179885925	1.07892269723588	1.01494392052927	1.07892269723588	1.07892686562873	1.0149439233055	1.1617547686684	1.0149439233055	1.00513179885925	1.07892269723588	1.01494392052927	1.07892269723588	0.999986702124699	0.340018134976934	0.960123482878506	0.340018134976937	0.340018564199643	0.960099604232878	0.335814280155176	0.960099604232878	0.9601221879393	0.335814378832304	0.99108443336434	0.335814378832305	0.340018564199646	0.960099604232878	0.335814280155177	0.960099604232878
1	1.00513153501194	1.07892676437795	1.00513153501194	1.00513155370174	1.07892288057209	1.01494318508604	1.07892288057209	1.07892657033265	1.01494319293663	1.16175371679555	1.01494319293663	1.00513155370174	1.07892288057209	1.01494318508604	1.07892288057209	0.999991934429195	0.340016820113042	0.960125959752589	0.340016820113045	0.340017262438752	0.960103792915247	0.335812857498821	0.960103792915248	0.96012492595377	0.335812965297693	0.991086093644396	0.335812965297694	0.340017262438755	0.960103792915248	0.335812857498822	0.960103792915248
1	1.00513141434888	1.07892657043511	1.00513141434888	1.00513143062134	1.07892300443104	1.01494281668011	1.07892300443104	1.07892641984004	1.01494282662657	1.16175309631266	1.01494282662657	1.00513143062134	1.07892300443104	1.01494281668011	1.07892300443104	0.999995107982616	0.340016123179732	0.960127455438745	0.340016123179735	0.340016575188648	0.960106271473593	0.335812119112313	0.960106271473594	0.960126572019451	0.335812231940702	0.99108703720741	0.335812231940703	0.340016575188651	0.960106271473593	0.335812119112314	0.960106271473594
1	1.00513135141682	1.07892646794155	1.00513135141682	1.00513136688524	1.07892308454479	1.01494262668527	1.07892308454478	1.07892634262758	1.01494263753147	1.16175272729224	1.01494263753147	1.00513136688524	1.07892308454478	1.01494262668527	1.07892308454478	0.999997032838933	0.34001574462456	0.960128357357442	0.340015744624563	0.34001620293067	0.960107737724581	0.33581172541828	0.960107737724581	0.960127560536515	0.335811841036765	0.991087573759407	0.335811841036766	0.340016202930673	0.960107737724581	0.335811725418281	0.960107737724581
1	1.00513131769954	1.07892641347197	1.00513131769954	1.00513133292816	1.07892313496958	1.01494252597814	1.07892313496958	1.07892630280963	1.01494253722759	1.16175250662761	1.01494253722759	1.00513133292816	1.07892313496958	1.01494252597814	1.07892313496958	0.999998200320681	0.340015534979673	0.960128900571653	0.340015534979676	0.340015997160112	0.960108604956227	0.335811510773892	0.960108604956227	0.960128153620191	0.335811627952786	0.99108787905741	0.335811627952787	0.340015997160115	0.960108604956227	0.335811510773893	0.960108604956227
1	1.00513129919468	1.07892638444253	1.00513129919468	1.00513131436973	1.0789231661825	1.01494247123109	1.0789231661825	1.07892628225074	1.01494248266963	1.16175237433044	1.01494248266963	1.00513131436973	1.0789231661825	1.01494247123109	1.0789231661825	0.99999890842888	0.340015417466246	0.960129227392948	0.340015417466249	0.340015881963901	0.96010911781269	0.335811392022081	0.96010911781269	0.96012850915983	0.335811510080002	0.991088052884582	0.335811510080003	0.340015881963904	0.96010911781269	0.335811392022082	0.96010911781269
1	1.00513128890559	1.07892636879924	1.00513128890559	1.00513130408155	1.07892318513435	1.01494244104516	1.07892318513435	1.07892627149744	1.01494245257629	1.16175229451354	1.01494245257629	1.00513130408155	1.07892318513435	1.01494244104516	1.07892318513435	0.999999337922319	0.340015349717133	0.960129423854194	0.340015349717136	0.340015815581434	0.960109421089067	0.335811324119546	0.960109421089067	0.960128722159695	0.335811442676555	0.991088151932933	0.335811442676557	0.340015815581437	0.960109421089067	0.335811324119547	0.960109421089068
1	1.00513128308386	1.07892636035222	1.00513128308386	1.00513129827233	1.07892319655266	1.01494242407896	1.07892319655266	1.07892626587076	1.01494243565724	1.16175224634887	1.01494243565724	1.00513129827233	1.07892319655266	1.01494242407896	1.07892319655266	0.999999598425748	0.340015310435158	0.960129541856915	0.340015310435162	0.340015777098089	0.96010960042108	0.335811285017273	0.96010960042108	0.960128849686864	0.335811403858821	0.991088208413353	0.335811403858822	0.340015777098093	0.96010960042108	0.335811285017274	0.96010960042108
