-67.1981	-67.2728	0.0746721	12.25	1.15166	0.552879	1.15166	0.256089	0.451772	0.619548	0.451772	0.256285	0.440482	0.648107	0.440482	0.256089	0.451772	0.619548	0.451772	-7.11163e-18	0.428431	0.562806	0.428431	0.256521	0.479004	0.681396	0.479004	0.509762	0.505904	0.816991	0.505904	0.256521	0.479004	0.681396	0.479004	      1  1.0886 1.12638 1.07632 1.04628 1.10567 1.15369 1.10713 1.08184 1.12499 1.18363  1.1285 1.04628 1.10567 1.15369 1.10713	0.735178 0.714124 0.593092 0.673408 0.625536 0.592971 0.570653 0.596261 0.565657 0.543171 0.555384 0.548504 0.625536 0.592971 0.570653 0.596261
-70.6097	-70.8297	0.219971	12.25	1.28886	0.587628	1.28886	0.303208	0.521551	0.63721	0.521551	0.464181	0.484013	0.692223	0.484013	0.303208	0.521551	0.63721	0.521551	-1.6973e-18	0.368812	0.510842	0.368812	0.276904	0.40059	0.586884	0.40059	0.283529	0.467908	0.695426	0.467908	0.276904	0.40059	0.586884	0.40059	      1 1.11039 1.15092 1.09967 1.06026 1.12943 1.18524 1.13068 1.10259  1.1509 1.21868  1.1536 1.06026 1.12943 1.18524 1.13068	0.797835   0.7672 0.632153 0.739467 0.667024 0.632517 0.604668 0.634797  0.62211 0.571838 0.585919 0.575444 0.667024 0.632517 0.604668 0.634797
-71.9779	-72.2947	0.316804	12.25	1.33493	0.615002	1.33493	0.314365	0.545637	0.652875	0.545637	0.492656	0.495837	0.716821	0.495837	0.314365	0.545637	0.652875	0.545637	4.75129e-18	0.345418	0.468612	0.345418	0.268396	0.378193	0.554507	0.378193	0.282734	0.453273	0.639666	0.453273	0.268396	0.378193	0.554507	0.378193	      1 1.12288 1.16467 1.11357 1.06869 1.14331 1.20189 1.14451 1.11888 1.16467 1.23756 1.16716 1.06869 1.14331 1.20189 1.14451	0.835838 0.803298 0.659468 0.774983 0.692576 0.658568 0.627615 0.661506 0.656915 0.590509   0.6082 0.595248 0.692576 0.658568 0.627615 0.661506
-72.4937	-72.8723	0.378552	12.25	1.32119	0.634681	1.32119	0.325881	0.56718	0.663956	0.56718	0.51687	0.507724	0.737481	0.507724	0.325881	0.56718	0.663956	0.56718	-3.03895e-18	0.329275	0.442322	0.329275	0.265973	0.365316	0.534036	0.365316	0.285502	0.44811	0.610876	0.44811	0.265973	0.365316	0.534036	0.365316	      1 1.12958 1.17208 1.11995 1.07441 1.15181 1.21101 1.15329  1.1312 1.17296 1.24925 1.17599 1.07441 1.15181 1.21101 1.15329	0.858888 0.827294 0.678792 0.792621 0.708424 0.676223 0.643052 0.680273 0.678467 0.602935 0.624056 0.609492 0.708424 0.676223 0.643052 0.680273
-72.6881	-73.1061	0.41796	12.25	1.28487	0.649798	1.28487	0.33627	0.586568	0.671089	0.586568	0.540196	0.518751	0.753718	0.518751	0.33627	0.586568	0.671089	0.586568	-3.03366e-18	0.317787	0.423832	0.317787	0.265993	0.357248	0.520417	0.357248	0.289275	0.447022	0.593519	0.447022	0.265993	0.357248	0.520417	0.357248	      1 1.13294 1.17603 1.12172 1.07853 1.15735 1.21613 1.15925  1.1404  1.1785 1.25708  1.1824 1.07853 1.15735 1.21613 1.15925	0.872869 0.843447 0.692662 0.799952 0.718388 0.688591 0.653387 0.693781 0.692414 0.611478 0.635241 0.619841 0.718388 0.688591 0.653387 0.693781
-72.7615	-73.2052	0.443722	12.25	1.24423	0.660839	1.24423	0.345119	0.603377	0.674682	0.603377	0.562159	0.528446	0.765011	0.528446	0.345119	0.603377	0.674682	0.603377	-1.54698e-19	0.309279	0.410321	0.309279	0.267023	0.35201	0.510854	0.35201	0.293115	0.44769	0.582372	0.44769	0.267023	0.35201	0.510854	0.35201	      1 1.13443 1.17805 1.12102 1.08159 1.16115 1.21897 1.16351 1.14738 1.18249 1.26246  1.1873 1.08159 1.16115 1.21897 1.16351	0.881349 0.854558 0.702694 0.801681 0.724753 0.697511 0.660203 0.703694 0.701947 0.617564 0.642982 0.627456 0.724753 0.697511 0.660203 0.703694
-72.7887	-73.2496	0.46097	12.25	1.20674	0.668531	1.20674	0.352386	0.617603	0.675549	0.617603	0.582022	0.536635	0.771737	0.536635	0.352386	0.617603	0.675549	0.617603	-8.61453e-19	0.302885	0.400327	0.302885	0.2684	0.348551	0.503943	0.348551	0.296625	0.449041	0.574982	0.449041	0.2684	0.348551	0.503943	0.348551	      1 1.13496 1.17901 1.11922  1.0839  1.1639 1.22043 1.16666 1.15276  1.1855  1.2661 1.19112  1.0839  1.1639 1.22043 1.16666	0.886492 0.862365 0.709968 0.800621 0.728888 0.704103 0.664575 0.711078 0.708802  0.62203 0.648156  0.63311 0.728888 0.704103 0.664575 0.711078
-72.7979	-73.2706	0.472726	12.25	1.17451	0.673656	1.17451	0.358268	0.62958	0.674527	0.62958	0.599674	0.543394	0.774712	0.543394	0.358268	0.62958	0.674527	0.62958	-2.33974e-18	0.298044	0.392856	0.298044	0.269847	0.346243	0.498861	0.346243	0.299702	0.450612	0.569979	0.450612	0.269847	0.346243	0.498861	0.346243	      1   1.135 1.17936 1.11707 1.08567 1.16595 1.22104 1.16904 1.15701 1.18785 1.26844 1.19412 1.08567 1.16595 1.22104 1.16904	0.889611  0.86796 0.715246 0.798357 0.731619 0.709082 0.667253 0.716655 0.713953 0.625377 0.651417 0.637332 0.731619 0.709082 0.667253 0.716655
-72.8001	-73.281	0.480826	12.25	1.14746	0.67686	1.14746	0.363031	0.63973	0.672292	0.63973	0.615384	0.548912	0.774819	0.548912	0.363031	0.63973	0.672292	0.63973	-3.43285e-18	0.294348	0.387191	0.294348	0.271254	0.344694	0.495068	0.344694	0.302372	0.452212	0.566531	0.452212	0.271254	0.344694	0.495068	0.344694	      1 1.13481 1.17937 1.11496 1.08703 1.16754 1.22111 1.17089 1.16044 1.18972  1.2698 1.19647 1.08703 1.16754 1.22111 1.17089	0.891503 0.872042 0.719075 0.795722 0.733454 0.712925 0.668766 0.720933 0.717984 0.627924 0.653265 0.640495 0.733454 0.712925 0.668766 0.720933
-72.7997	-73.2861	0.486435	12.25	1.12483	0.678609	1.12483	0.366918	0.648433	0.669336	0.648433	0.629536	0.553397	0.77285	0.553397	0.366918	0.648433	0.669336	0.648433	-1.19635e-18	0.291496	0.382824	0.291496	0.27258	0.343653	0.492195	0.343653	0.304694	0.453763	0.564119	0.453763	0.27258	0.343653	0.492195	0.343653	      1 1.13452 1.17918 1.11304 1.08811  1.1688 1.22084 1.17234 1.16327 1.19123 1.27043 1.19834 1.08811  1.1688 1.22084 1.17234	0.892651 0.875075 0.721846 0.793119 0.734708 0.715955 0.669487 0.724272 0.721257  0.62988 0.654082 0.642871 0.734708 0.715955 0.669487 0.724272
-72.7983	-73.2886	0.490318	12.25	1.10578	0.679226	1.10578	0.370126	0.655995	0.665997	0.655995	0.642489	0.557043	0.769461	0.557043	0.370126	0.655995	0.665997	0.655995	8.33593e-19	0.289267	0.379395	0.289267	0.273813	0.342957	0.489985	0.342957	0.306729	0.455236	0.562406	0.455236	0.273813	0.342957	0.489985	0.342957	      1  1.1342 1.17886 1.11136 1.08897 1.16983 1.22036 1.17351 1.16566 1.19245 1.27052 1.19981 1.08897 1.16983 1.22036 1.17351	0.893347 0.877373 0.723837 0.790719 0.735577 0.718396 0.669677 0.726927 0.724012 0.631396 0.654159 0.644658 0.735577 0.718396 0.669677 0.726927
-72.7967	-73.2897	0.492994	12.25	1.08956	0.678926	1.08956	0.372805	0.662648	0.662504	0.662648	0.654544	0.560014	0.76517	0.560014	0.372805	0.662648	0.662504	0.662648	-6.63305e-18	0.287499	0.376652	0.287499	0.274953	0.342498	0.488257	0.342498	0.30853	0.456621	0.561172	0.456621	0.274953	0.342498	0.488257	0.342498	      1 1.13388 1.17847 1.10992 1.08967 1.17069 1.21977 1.17447 1.16773 1.19346 1.27022 1.20099 1.08967 1.17069 1.21977 1.17447	0.893769  0.87915 0.725245 0.788574 0.736189 0.720405 0.669518 0.729081 0.726407 0.632577 0.653718 0.646003 0.736189 0.720405 0.669518 0.729081
-72.7952	-73.29	0.494824	12.25	1.07556	0.677855	1.07556	0.375067	0.668567	0.659003	0.668567	0.66594	0.562446	0.760373	0.562446	0.375067	0.668567	0.659003	0.668567	-1.32251e-18	0.286075	0.374416	0.286075	0.276003	0.342205	0.486883	0.342205	0.310137	0.457919	0.560272	0.457919	0.276003	0.342205	0.486883	0.342205	      1 1.13357 1.17803 1.10869 1.09026 1.17143 1.21912 1.17527 1.16955  1.1943 1.26965 1.20193 1.09026 1.17143 1.21912 1.17527	0.894025 0.880554 0.726206 0.786679 0.736625 0.722089 0.669137 0.730861  0.72855 0.633502 0.652927 0.647017 0.736625 0.722089 0.669137 0.730861
-72.7938	-73.2899	0.496057	12.25	1.06332	0.676115	1.06332	0.376999	0.673882	0.655588	0.673882	0.676861	0.564448	0.755357	0.564448	0.376999	0.673882	0.655588	0.673882	1.7228e-18	0.284909	0.372561	0.284909	0.276968	0.342027	0.485772	0.342027	0.311584	0.459133	0.559604	0.459133	0.276968	0.342027	0.485772	0.342027	      1 1.13328 1.17755 1.10763 1.09076 1.17207 1.21844 1.17596 1.17119   1.195 1.26891 1.20269 1.09076 1.17207 1.21844 1.17596	0.894181 0.881688 0.726817 0.785007 0.736937 0.723528  0.66862  0.73236 0.730516 0.634233 0.651913 0.647779 0.736937 0.723528  0.66862  0.73236
-72.7926	-73.2895	0.496872	12.25	1.05248	0.673783	1.05248	0.378663	0.678689	0.652315	0.678689	0.687449	0.566107	0.750326	0.566107	0.378663	0.678689	0.652315	0.678689	-9.97946e-19	0.283939	0.370993	0.283939	0.277856	0.341931	0.484857	0.341931	0.312898	0.460268	0.559101	0.460268	0.277856	0.341931	0.484857	0.341931	      1 1.13301 1.17704 1.10672 1.09119 1.17263 1.21777 1.17655 1.17269 1.19559 1.26806 1.20331 1.09119 1.17263 1.21777 1.17655	0.894275 0.882627 0.727148 0.783523 0.737162 0.724775 0.668028 0.733641 0.732356 0.634813 0.650769 0.648351 0.737162 0.724775 0.668028  0.73364
-72.7915	-73.2889	0.497393	12.25	1.04275	0.670921	1.04275	0.380109	0.683062	0.649215	0.683062	0.697812	0.567494	0.745415	0.567494	0.380109	0.683062	0.649215	0.683062	2.16675e-19	0.283119	0.369648	0.283119	0.278672	0.341894	0.484092	0.341894	0.314098	0.461331	0.558715	0.461331	0.278672	0.341894	0.484092	0.341894	      1 1.13276 1.17651 1.10592 1.09156 1.17312 1.21712 1.17706 1.17408 1.19609 1.26715 1.20382 1.09156 1.17312 1.21712 1.17706	0.894332 0.883422 0.727246 0.782196 0.737323  0.72587   0.6674 0.734751 0.734107 0.635277 0.649562 0.648779 0.737323  0.72587   0.6674 0.734751
-72.7905	-73.2882	0.49771	12.25	1.03394	0.667587	1.03394	0.381373	0.687057	0.646301	0.687057	0.708031	0.568662	0.74071	0.568662	0.381373	0.687057	0.646301	0.687057	-1.54542e-18	0.282414	0.368476	0.282414	0.279423	0.341899	0.483441	0.341899	0.3152	0.462327	0.558414	0.462327	0.279423	0.341899	0.483441	0.341899	      1 1.13254 1.17596 1.10522  1.0919 1.17357 1.21649 1.17752 1.17539 1.19652 1.26623 1.20424  1.0919 1.17357 1.21649 1.17752	0.894367 0.884109  0.72715 0.780996 0.737437 0.726842 0.666764 0.735724 0.735794 0.635651 0.648339 0.649098 0.737437 0.726842 0.666764 0.735724
-72.7896	-73.2875	0.497886	12.25	1.02588	0.663837	1.02588	0.382485	0.690717	0.643576	0.690717	0.718165	0.569654	0.736259	0.569654	0.382485	0.690717	0.643576	0.690717	1.58402e-19	0.281801	0.367442	0.281801	0.280114	0.341935	0.482879	0.341935	0.316217	0.463262	0.558174	0.463262	0.280114	0.341935	0.482879	0.341935	      1 1.13233 1.17539 1.10459 1.09219 1.17398 1.21589 1.17793 1.17663  1.1969 1.26532 1.20459 1.09219 1.17398 1.21589 1.17793	0.894388 0.884716 0.726888 0.779901 0.737514 0.727712 0.666136 0.736586 0.737434 0.635956 0.647134 0.649332 0.737514 0.727712 0.666136 0.736586
-72.7888	-73.2868	0.497967	12.25	1.01845	0.659726	1.01845	0.383469	0.694076	0.641035	0.694076	0.728257	0.570506	0.732083	0.570506	0.383469	0.694076	0.641035	0.694076	-3.00461e-18	0.281259	0.366519	0.281259	0.280751	0.341995	0.482387	0.341995	0.317161	0.464143	0.557978	0.464143	0.280751	0.341995	0.482387	0.341995	      1 1.13214 1.17479 1.10402 1.09246 1.17435 1.21533  1.1783 1.17781 1.19723 1.26443 1.20488 1.09246 1.17435 1.21533  1.1783	  0.8944  0.88526 0.726482 0.778891 0.737564 0.728497 0.665528 0.737353 0.739039 0.636206 0.645966 0.649503 0.737564 0.728497 0.665528 0.737353
-72.7881	-73.2861	0.497982	12.25	1.01155	0.655314	1.01155	0.384343	0.697162	0.638668	0.697162	0.738337	0.571243	0.728186	0.571243	0.384343	0.697162	0.638668	0.697162	-2.26162e-18	0.280775	0.365686	0.280775	0.281341	0.342072	0.481949	0.342072	0.31804	0.464974	0.557816	0.464974	0.281341	0.342072	0.481949	0.342072	      1 1.13196 1.17418 1.10351  1.0927 1.17469  1.2148 1.17863 1.17895 1.19752 1.26359 1.20513  1.0927 1.17469  1.2148 1.17863	0.894408 0.885756 0.725952 0.777953 0.737591 0.729207 0.664945 0.738041 0.740618 0.636414 0.644848 0.649625 0.737591 0.729207 0.664945 0.738041
-72.7874	-73.2854	0.497954	12.25	1.00511	0.650662	1.00511	0.385123	0.699995	0.636462	0.699995	0.74842	0.571888	0.724561	0.571888	0.385123	0.699995	0.636462	0.699995	-3.1025e-18	0.280338	0.364927	0.280338	0.281887	0.342164	0.481556	0.342164	0.318863	0.465761	0.557679	0.465761	0.281887	0.342164	0.481556	0.342164	      1  1.1318 1.17355 1.10303 1.09292   1.175  1.2143 1.17893 1.18006 1.19777 1.26278 1.20535 1.09292   1.175  1.2143 1.17893	0.894413 0.886214 0.725317 0.777075 0.737601 0.729853 0.664391 0.738659 0.742173 0.636589 0.643788 0.649709 0.737601 0.729853 0.664391 0.738659
-72.7868	-73.2847	0.497898	12.25	0.999067	0.645828	0.999067	0.385822	0.702595	0.634403	0.702595	0.758513	0.572458	0.721193	0.572458	0.385822	0.702595	0.634403	0.702595	-8.35852e-20	0.27994	0.364232	0.27994	0.282395	0.342268	0.481199	0.342268	0.319634	0.466509	0.557561	0.466509	0.282395	0.342268	0.481199	0.342268	      1 1.13166 1.17291 1.10259 1.09312 1.17528 1.21384 1.17921 1.18113 1.19801 1.26202 1.20554 1.09312 1.17528 1.21384 1.17921	0.894416  0.88664 0.724593 0.776247 0.737596 0.730441 0.663866 0.739215 0.743708 0.636738 0.642788 0.649764 0.737596 0.730441 0.663866 0.739215
-72.7862	-73.284	0.497824	12.25	0.993374	0.640873	0.993374	0.38645	0.704977	0.632477	0.704977	0.768611	0.572965	0.718065	0.572965	0.38645	0.704977	0.632477	0.704977	-1.4932e-18	0.279574	0.363589	0.279574	0.28287	0.342382	0.480871	0.342382	0.320361	0.467222	0.557458	0.467222	0.28287	0.342382	0.480871	0.342382	      1 1.13152 1.17226 1.10218 1.09331 1.17554  1.2134 1.17946 1.18217 1.19822 1.26131  1.2057 1.09331 1.17554  1.2134 1.17946	0.894417  0.88704 0.723795 0.775464  0.73758 0.730977 0.663369 0.739716 0.745223 0.636865 0.641847 0.649796  0.73758 0.730977 0.663369 0.739716
-72.7856	-73.2833	0.49774	12.25	0.987993	0.635852	0.987993	0.387015	0.707153	0.630672	0.707153	0.778705	0.573422	0.715157	0.573422	0.387015	0.707153	0.630672	0.707153	-3.51958e-18	0.279235	0.362993	0.279235	0.283315	0.342505	0.480568	0.342505	0.321048	0.467903	0.557367	0.467903	0.283315	0.342505	0.480568	0.342505	      1 1.13139  1.1716  1.1018 1.09348 1.17578   1.213 1.17968 1.18319 1.19842 1.26064 1.20585 1.09348 1.17578   1.213 1.17968	0.894418 0.887418 0.722938 0.774719 0.737553 0.731465   0.6629 0.740168 0.746716 0.636976 0.640963 0.649811 0.737553 0.731465   0.6629 0.740168
-72.785	-73.2827	0.497648	12.25	0.982894	0.630819	0.982894	0.387527	0.709135	0.628975	0.709135	0.788774	0.573837	0.712451	0.573837	0.387527	0.709135	0.628975	0.709135	-6.70746e-18	0.27892	0.362437	0.27892	0.283733	0.342635	0.480287	0.342635	0.321698	0.468556	0.557287	0.468556	0.283733	0.342635	0.480287	0.342635	      1 1.13127 1.17094 1.10144 1.09364   1.176 1.21261 1.17989 1.18418  1.1986 1.26002 1.20598 1.09364   1.176 1.21261 1.17989	0.894419 0.887776 0.722037 0.774009 0.737519  0.73191 0.662456 0.740574 0.748185 0.637074 0.640133 0.649813 0.737519  0.73191 0.662456 0.740574
-72.7845	-73.2821	0.497554	12.25	0.978054	0.62582	0.978054	0.38799	0.710933	0.627375	0.710933	0.798795	0.574217	0.709929	0.574217	0.38799	0.710933	0.627375	0.710933	1.83967e-19	0.278626	0.361917	0.278626	0.284128	0.342771	0.480023	0.342771	0.322314	0.469183	0.557216	0.469183	0.284128	0.342771	0.480023	0.342771	      1 1.13116 1.17027  1.1011 1.09379  1.1762 1.21225 1.18008 1.18514 1.19876 1.25943 1.20609 1.09379  1.1762 1.21225 1.18008	0.894419 0.888117 0.721104 0.773332 0.737477 0.732314 0.662035 0.740938 0.749627 0.637161 0.639354 0.649805 0.737477 0.732314 0.662035 0.740938
-72.784	-73.2815	0.497457	12.25	0.973456	0.620898	0.973456	0.38841	0.712558	0.625864	0.712558	0.80874	0.574567	0.707576	0.574567	0.38841	0.712558	0.625864	0.712558	-8.52163e-19	0.27835	0.36143	0.27835	0.284501	0.342913	0.479776	0.342913	0.3229	0.469785	0.557152	0.469785	0.284501	0.342913	0.479776	0.342913	      1 1.13106 1.16961 1.10078 1.09393 1.17639 1.21192 1.18024 1.18608 1.19892 1.25889  1.2062 1.09393 1.17639 1.21192 1.18024	 0.89442 0.888441 0.720151 0.772684 0.737429 0.732681 0.661636 0.741263 0.751039 0.637239 0.638622 0.649789 0.737429 0.732681 0.661636 0.741263
-72.7835	-73.2809	0.49736	12.25	0.969087	0.616087	0.969087	0.388792	0.714019	0.624433	0.714019	0.818577	0.574892	0.705376	0.574892	0.388792	0.714019	0.624433	0.714019	-1.76779e-18	0.278091	0.360973	0.278091	0.284855	0.34306	0.479544	0.34306	0.323457	0.470365	0.557095	0.470365	0.284855	0.34306	0.479544	0.34306	      1 1.13096 1.16896 1.10047 1.09406 1.17656 1.21159  1.1804   1.187 1.19907 1.25838  1.2063 1.09406 1.17656 1.21159  1.1804	 0.89442 0.888751 0.719189 0.772063 0.737377 0.733012 0.661256 0.741553 0.752418  0.63731 0.637934 0.649767 0.737377 0.733012 0.661256 0.741553
-72.7831	-73.2803	0.497262	12.25	0.964936	0.611418	0.964936	0.38914	0.715326	0.623076	0.715326	0.828273	0.575195	0.703319	0.575195	0.38914	0.715326	0.623076	0.715326	7.02456e-19	0.277847	0.360544	0.277847	0.285191	0.343211	0.479325	0.343211	0.323986	0.470922	0.557045	0.470922	0.285191	0.343211	0.479325	0.343211	      1 1.13087 1.16832 1.10018 1.09418 1.17671 1.21129 1.18053 1.18789 1.19921  1.2579 1.20639 1.09418 1.17671 1.21129 1.18053	 0.89442 0.889047 0.718229  0.77147 0.737321 0.733309 0.660895 0.741809 0.753759 0.637375 0.637287 0.649742 0.737321 0.733309 0.660895 0.741809
-72.7826	-73.2798	0.497165	12.25	0.960997	0.606914	0.960997	0.389455	0.716489	0.62179	0.716489	0.837795	0.575479	0.701394	0.575479	0.389455	0.716489	0.62179	0.716489	5.20445e-19	0.277618	0.360141	0.277618	0.28551	0.343365	0.479119	0.343365	0.324488	0.471458	0.557	0.471458	0.28551	0.343365	0.479119	0.343365	      1 1.13078  1.1677  1.0999  1.0943 1.17685 1.21101 1.18066 1.18875 1.19934 1.25745 1.20647  1.0943 1.17685 1.21101 1.18066	 0.89442 0.889328 0.717278 0.770903 0.737261 0.733576 0.660551 0.742035 0.755058 0.637434 0.636678 0.649713 0.737261 0.733576 0.660551 0.742035
-72.7822	-73.2792	0.497068	12.25	0.957263	0.602593	0.957263	0.389742	0.717516	0.620569	0.717516	0.84711	0.575745	0.699592	0.575745	0.389742	0.717516	0.620569	0.717516	2.75819e-19	0.277402	0.359764	0.277402	0.285813	0.34352	0.478926	0.34352	0.324965	0.471972	0.556961	0.471972	0.285813	0.34352	0.478926	0.34352	      1  1.1307 1.16709 1.09964 1.09441 1.17698 1.21073 1.18077 1.18958 1.19947 1.25703 1.20655 1.09441 1.17698 1.21073 1.18077	 0.89442 0.889597 0.716344 0.770362   0.7372 0.733814 0.660223 0.742232 0.756314 0.637489 0.636105 0.649683   0.7372 0.733814 0.660223 0.742232
-72.7818	-73.2787	0.496972	12.25	0.953731	0.598468	0.953731	0.390003	0.718419	0.619412	0.718419	0.856188	0.575996	0.697906	0.575996	0.390003	0.718419	0.619412	0.718419	4.04242e-18	0.2772	0.35941	0.2772	0.286101	0.343677	0.478744	0.343677	0.325418	0.472465	0.556928	0.472465	0.286101	0.343677	0.478744	0.343677	      1 1.13063  1.1665 1.09939 1.09451 1.17709 1.21048 1.18086 1.19039 1.19959 1.25664 1.20662 1.09451 1.17709 1.21048 1.18086	 0.89442 0.889853 0.715432 0.769846 0.737136 0.734025  0.65991 0.742403 0.757523  0.63754 0.635566 0.649651 0.737136 0.734025  0.65991 0.742403
-72.7814	-73.2782	0.496877	12.25	0.950395	0.594547	0.950395	0.390239	0.719206	0.618315	0.719206	0.864999	0.576231	0.696328	0.576231	0.390239	0.719206	0.618315	0.719206	1.10011e-17	0.27701	0.359079	0.27701	0.286373	0.343833	0.478574	0.343833	0.325845	0.472937	0.556899	0.472937	0.286373	0.343833	0.478574	0.343833	      1 1.13056 1.16593 1.09916 1.09461  1.1772 1.21023 1.18095 1.19116  1.1997 1.25627 1.20669 1.09461  1.1772 1.21023 1.18095	 0.89442 0.890096 0.714549 0.769355 0.737072 0.734211 0.659611  0.74255 0.758683 0.637587 0.635059  0.64962 0.737072 0.734211 0.659611  0.74255
-72.781	-73.2778	0.496783	12.25	0.947253	0.590834	0.947253	0.390453	0.719886	0.617278	0.719886	0.873518	0.576453	0.694853	0.576453	0.390453	0.719886	0.617278	0.719886	-6.23234e-19	0.276833	0.358769	0.276833	0.286632	0.343988	0.478415	0.343988	0.326249	0.473386	0.556874	0.473386	0.286632	0.343988	0.478415	0.343988	      1 1.13049 1.16539 1.09894  1.0947 1.17729    1.21 1.18103  1.1919 1.19981 1.25592 1.20676  1.0947 1.17729    1.21 1.18103	 0.89442 0.890326 0.713697 0.768888 0.737007 0.734374 0.659327 0.742676 0.759791 0.637631 0.634581 0.649588 0.737007 0.734374 0.659327 0.742676
-72.7806	-73.2773	0.49669	12.25	0.944298	0.587333	0.944298	0.390646	0.720471	0.616298	0.720471	0.881724	0.576662	0.693476	0.576662	0.390646	0.720471	0.616298	0.720471	-2.82102e-18	0.276667	0.358481	0.276667	0.286875	0.344141	0.478266	0.344141	0.32663	0.473814	0.556853	0.473814	0.286875	0.344141	0.478266	0.344141	      1 1.13043 1.16487 1.09873 1.09478 1.17737 1.20978 1.18109  1.1926 1.19991 1.25559 1.20682 1.09478 1.17737 1.20978 1.18109	 0.89442 0.890545 0.712879 0.768447 0.736942 0.734516 0.659057 0.742781 0.760847 0.637672 0.634133 0.649557 0.736942 0.734516 0.659057 0.742781
-72.7803	-73.2768	0.496598	12.25	0.941527	0.58404	0.941527	0.390821	0.720968	0.615374	0.720968	0.889599	0.576858	0.692192	0.576858	0.390821	0.720968	0.615374	0.720968	8.97682e-19	0.276513	0.358213	0.276513	0.287105	0.344292	0.478128	0.344292	0.326987	0.47422	0.556837	0.47422	0.287105	0.344292	0.478128	0.344292	      1 1.13037 1.16438 1.09853 1.09486 1.17744 1.20958 1.18115 1.19328     1.2 1.25529 1.20687 1.09486 1.17744 1.20958 1.18115	 0.89442 0.890751 0.712099 0.768029 0.736877 0.734638   0.6588 0.742869  0.76185  0.63771 0.633713 0.649526 0.736877 0.734638   0.6588 0.742869
-72.7799	-73.2764	0.496509	12.25	0.938934	0.580953	0.938934	0.390977	0.721387	0.614505	0.721387	0.897129	0.577042	0.690996	0.577042	0.390977	0.721387	0.614505	0.721387	-2.41616e-18	0.27637	0.357964	0.27637	0.287322	0.344439	0.478	0.344439	0.327323	0.474605	0.556823	0.474605	0.287322	0.344439	0.478	0.344439	      1 1.13032 1.16391 1.09834 1.09493 1.17751 1.20938  1.1812 1.19391 1.20009 1.25501 1.20693 1.09493 1.17751 1.20938  1.1812	 0.89442 0.890946 0.711356 0.767635 0.736814 0.734744 0.658557 0.742941   0.7628 0.637745 0.633319 0.649496 0.736814 0.734744 0.658557 0.742941
-72.7796	-73.276	0.496421	12.25	0.936514	0.578067	0.936514	0.391118	0.721736	0.613688	0.721736	0.904305	0.577214	0.689883	0.577214	0.391118	0.721736	0.613688	0.721736	-3.8739e-18	0.276237	0.357733	0.276237	0.287525	0.344582	0.477882	0.344582	0.327637	0.474968	0.556812	0.474968	0.287525	0.344582	0.477882	0.344582	      1 1.13027 1.16347 1.09817   1.095 1.17757  1.2092 1.18124 1.19452 1.20018 1.25474 1.20698   1.095 1.17757  1.2092 1.18124	 0.89442 0.891129 0.710653 0.767264 0.736752 0.734833 0.658327 0.742999 0.763697 0.637778 0.632951 0.649468 0.736752 0.734833 0.658327 0.742999
-72.7793	-73.2756	0.496336	12.25	0.934259	0.575374	0.934259	0.391245	0.722024	0.612924	0.722024	0.91112	0.577376	0.68885	0.577376	0.391245	0.722024	0.612924	0.722024	-4.32486e-18	0.276114	0.35752	0.276114	0.287715	0.34472	0.477772	0.34472	0.32793	0.47531	0.556804	0.47531	0.287715	0.34472	0.477772	0.34472	      1 1.13022 1.16306 1.09801 1.09507 1.17761 1.20903 1.18128 1.19509 1.20026 1.25449 1.20702 1.09507 1.17761 1.20903 1.18128	 0.89442 0.891301 0.709988 0.766917 0.736691 0.734909  0.65811 0.743045 0.764541 0.637809 0.632607 0.649441 0.736691 0.734909  0.65811 0.743045
-72.779	-73.2753	0.496253	12.25	0.932163	0.572868	0.932163	0.391358	0.722257	0.612209	0.722257	0.917574	0.577526	0.687892	0.577526	0.391358	0.722257	0.612209	0.722257	-4.99017e-18	0.276001	0.357323	0.276001	0.287893	0.344853	0.477671	0.344853	0.328203	0.475631	0.556798	0.475631	0.287893	0.344853	0.477671	0.344853	      1 1.13018 1.16267 1.09786 1.09512 1.17766 1.20886 1.18131 1.19562 1.20033 1.25426 1.20707 1.09512 1.17766 1.20886 1.18131	 0.89442 0.891462 0.709362 0.766591 0.736633 0.734972 0.657905  0.74308 0.765334 0.637837 0.632286 0.649415 0.736633 0.734972 0.657905  0.74308
-72.7787	-73.2749	0.496173	12.25	0.930219	0.57054	0.930219	0.391459	0.722443	0.611542	0.722443	0.923666	0.577667	0.687006	0.577667	0.391459	0.722443	0.611542	0.722443	7.09234e-19	0.275896	0.357142	0.275896	0.288059	0.344981	0.477579	0.344981	0.328456	0.475931	0.556795	0.475931	0.288059	0.344981	0.477579	0.344981	      1 1.13014  1.1623 1.09771 1.09518 1.17769 1.20871 1.18133 1.19612  1.2004 1.25405 1.20711 1.09518 1.17769 1.20871 1.18133	 0.89442 0.891613 0.708774 0.766287 0.736576 0.735024 0.657713 0.743105 0.766076 0.637863 0.631988  0.64939 0.736576 0.735024 0.657713 0.743105
-72.7785	-73.2746	0.496096	12.25	0.928418	0.568381	0.928418	0.391548	0.722588	0.610921	0.722588	0.929402	0.577797	0.686187	0.577797	0.391548	0.722588	0.610921	0.722588	-1.55567e-18	0.2758	0.356975	0.2758	0.288213	0.345103	0.477494	0.345103	0.328692	0.476213	0.556792	0.476213	0.288213	0.345103	0.477494	0.345103	      1 1.13011 1.16196 1.09758 1.09523 1.17773 1.20857 1.18135 1.19659 1.20047 1.25385 1.20714 1.09523 1.17773 1.20857 1.18135	 0.89442 0.891753 0.708223 0.766003 0.736522 0.735067 0.657533 0.743122  0.76677 0.637887 0.631711 0.649367 0.736522 0.735067 0.657533 0.743122
-72.7783	-73.2743	0.496021	12.25	0.926754	0.566382	0.926754	0.391629	0.722698	0.610345	0.722698	0.934789	0.577919	0.68543	0.577919	0.391629	0.722698	0.610345	0.722698	-2.06689e-18	0.275712	0.356821	0.275712	0.288356	0.345218	0.477416	0.345219	0.32891	0.476475	0.556792	0.476475	0.288356	0.345219	0.477416	0.345218	      1 1.13008 1.16165 1.09746 1.09528 1.17775 1.20844 1.18137 1.19703 1.20053 1.25367 1.20718 1.09528 1.17775 1.20844 1.18137	 0.89442 0.891884 0.707709 0.765739  0.73647 0.735101 0.657365 0.743133 0.767417  0.63791 0.631453 0.649345  0.73647 0.735101 0.657365 0.743133
-72.778	-73.274	0.495951	12.25	0.925218	0.564535	0.925218	0.3917	0.722778	0.60981	0.722778	0.939835	0.578031	0.684733	0.578031	0.3917	0.722778	0.60981	0.722778	-2.02867e-18	0.275632	0.35668	0.275632	0.288489	0.345328	0.477345	0.345328	0.329111	0.476719	0.556792	0.476719	0.288489	0.345328	0.477345	0.345328	      1 1.13005 1.16135 1.09735 1.09532 1.17778 1.20832 1.18138 1.19744 1.20059  1.2535 1.20721 1.09532 1.17778 1.20832 1.18138	 0.89442 0.892006 0.707229 0.765494  0.73642 0.735128 0.657208 0.743138  0.76802  0.63793 0.631215 0.649324  0.73642 0.735128 0.657208 0.743138
-72.7778	-73.2737	0.495883	12.25	0.923803	0.562829	0.923803	0.391763	0.722833	0.609315	0.722833	0.944551	0.578135	0.684091	0.578135	0.391763	0.722833	0.609315	0.722833	2.98738e-18	0.275558	0.356551	0.275558	0.288612	0.345432	0.47728	0.345432	0.329298	0.476946	0.556793	0.476946	0.288612	0.345432	0.47728	0.345432	      1 1.13002 1.16108 1.09724 1.09536  1.1778 1.20821 1.18139 1.19783 1.20064 1.25334 1.20724 1.09536  1.1778 1.20821 1.18139	 0.89442 0.892119 0.706782 0.765266 0.736373 0.735148 0.657062 0.743138 0.768579 0.637949 0.630995 0.649305 0.736373 0.735148 0.657062 0.743138
-72.7776	-73.2734	0.495819	12.25	0.922501	0.561257	0.922501	0.391819	0.722867	0.608858	0.722867	0.948949	0.578231	0.683501	0.578231	0.391819	0.722867	0.608858	0.722867	2.154e-18	0.27549	0.356433	0.27549	0.288726	0.34553	0.477221	0.34553	0.329469	0.477156	0.556795	0.477156	0.288726	0.34553	0.477221	0.34553	      1    1.13 1.16082 1.09715 1.09539 1.17782  1.2081  1.1814 1.19818 1.20069  1.2532 1.20727 1.09539 1.17782  1.2081  1.1814	 0.89442 0.892224 0.706368 0.765056 0.736329 0.735164 0.656926 0.743134 0.769098 0.637966 0.630792 0.649287 0.736329 0.735164 0.656926 0.743134
-72.7774	-73.2732	0.495758	12.25	0.921304	0.559809	0.921304	0.391868	0.722884	0.608436	0.722884	0.953044	0.57832	0.682959	0.57832	0.391868	0.722884	0.608436	0.722884	-3.62541e-18	0.275429	0.356325	0.275429	0.288831	0.345622	0.477167	0.345622	0.329627	0.477351	0.556798	0.477351	0.288831	0.345622	0.477167	0.345622	      1 1.12998 1.16059 1.09706 1.09543 1.17783   1.208 1.18141 1.19851 1.20073 1.25306  1.2073 1.09543 1.17783   1.208 1.18141	 0.89442 0.892321 0.705983 0.764862 0.736287 0.735174   0.6568 0.743127 0.769579 0.637982 0.630604 0.649271 0.736287 0.735174   0.6568 0.743127
-72.7773	-73.273	0.4957	12.25	0.920205	0.558476	0.920205	0.391912	0.722887	0.608047	0.722887	0.956849	0.578402	0.682462	0.578402	0.391912	0.722887	0.608047	0.722887	-2.46283e-18	0.275372	0.356226	0.275372	0.288927	0.345709	0.477118	0.345709	0.329772	0.477531	0.556801	0.477531	0.288927	0.345709	0.477118	0.345709	      1 1.12996 1.16037 1.09698 1.09546 1.17784 1.20791 1.18141 1.19881 1.20077 1.25294 1.20732 1.09546 1.17784 1.20791 1.18141	 0.89442 0.892411 0.705626 0.764682 0.736248 0.735182 0.656684 0.743118 0.770024 0.637997 0.630431 0.649255 0.736248 0.735182 0.656684 0.743118
-72.7771	-73.2728	0.495646	12.25	0.919198	0.557252	0.919198	0.391951	0.722878	0.607689	0.722878	0.960379	0.578477	0.682006	0.578477	0.391951	0.722878	0.607689	0.722878	1.56894e-19	0.275321	0.356136	0.275321	0.289016	0.345789	0.477074	0.345789	0.329905	0.477698	0.556804	0.477698	0.289016	0.345789	0.477074	0.345789	      1 1.12994 1.16017  1.0969 1.09548 1.17785 1.20783 1.18141  1.1991 1.20081 1.25283 1.20734 1.09548 1.17785 1.20783 1.18141	 0.89442 0.892494 0.705297 0.764517 0.736211 0.735186 0.656576 0.743107 0.770435  0.63801 0.630273 0.649241 0.736211 0.735186 0.656576 0.743107
-72.777	-73.2726	0.495595	12.25	0.918274	0.556127	0.918274	0.391986	0.722861	0.607361	0.722861	0.963649	0.578546	0.681588	0.578546	0.391986	0.722861	0.607361	0.722861	-5.58668e-19	0.275274	0.356053	0.275274	0.289098	0.345864	0.477033	0.345864	0.330027	0.477851	0.556808	0.477851	0.289098	0.345864	0.477033	0.345864	      1 1.12992 1.15999 1.09683 1.09551 1.17786 1.20776 1.18141 1.19936 1.20085 1.25272 1.20736 1.09551 1.17786 1.20776 1.18141	 0.89442 0.892571 0.704992 0.764364 0.736176 0.735187 0.656476 0.743094 0.770814 0.638022 0.630127 0.649227 0.736176 0.735187 0.656476 0.743094
-72.7768	-73.2724	0.495548	12.25	0.917428	0.555095	0.917428	0.392016	0.722836	0.607059	0.722836	0.966673	0.57861	0.681206	0.57861	0.392016	0.722836	0.607059	0.722836	8.9265e-19	0.275232	0.355978	0.275232	0.289173	0.345934	0.476996	0.345934	0.330139	0.477992	0.556812	0.477992	0.289173	0.345934	0.476996	0.345934	      1 1.12991 1.15982 1.09677 1.09553 1.17787 1.20769 1.18141 1.19959 1.20088 1.25263 1.20738 1.09553 1.17787 1.20769 1.18141	 0.89442 0.892641 0.704712 0.764224 0.736144 0.735187 0.656385 0.743081 0.771163 0.638034 0.629993 0.649215 0.736144 0.735187 0.656385 0.743081
-72.7767	-73.2722	0.495503	12.25	0.916654	0.554148	0.916654	0.392043	0.722807	0.606782	0.722807	0.969467	0.578668	0.680856	0.578668	0.392043	0.722807	0.606782	0.722807	4.82145e-19	0.275193	0.35591	0.275193	0.289242	0.346	0.476963	0.346	0.330242	0.478122	0.556816	0.478122	0.289242	0.346	0.476963	0.346	      1 1.12989 1.15966 1.09671 1.09555 1.17787 1.20762 1.18141 1.19982 1.20091 1.25254  1.2074 1.09555 1.17787 1.20762 1.18141	 0.89442 0.892706 0.704453 0.764095 0.736114 0.735185   0.6563 0.743067 0.771484 0.638044  0.62987 0.649204 0.736114 0.735185   0.6563 0.743067
-72.7766	-73.2721	0.495461	12.25	0.915947	0.553281	0.915947	0.392067	0.722773	0.606528	0.722773	0.972045	0.578722	0.680537	0.578722	0.392067	0.722773	0.606528	0.722773	-2.68122e-18	0.275158	0.355847	0.275158	0.289305	0.34606	0.476933	0.34606	0.330336	0.478242	0.556819	0.478242	0.289305	0.34606	0.476933	0.34606	      1 1.12988 1.15952 1.09666 1.09557 1.17787 1.20756 1.18141 1.20002 1.20094 1.25246 1.20742 1.09557 1.17787 1.20756 1.18141	 0.89442 0.892766 0.704215 0.763977 0.736086 0.735181 0.656222 0.743052  0.77178 0.638053 0.629757 0.649193 0.736086 0.735181 0.656222 0.743052
-72.7765	-73.2719	0.495423	12.25	0.9153	0.552486	0.9153	0.392088	0.722738	0.606296	0.722738	0.974421	0.578771	0.680245	0.578771	0.392088	0.722738	0.606296	0.722738	4.55795e-19	0.275126	0.35579	0.275126	0.289363	0.346116	0.476905	0.346116	0.330421	0.478351	0.556823	0.478351	0.289363	0.346116	0.476905	0.346116	      1 1.12987 1.15938 1.09661 1.09559 1.17788 1.20751 1.18141 1.20021 1.20096 1.25239 1.20743 1.09559 1.17788 1.20751 1.18141	 0.89442 0.892821 0.703996 0.763869  0.73606 0.735177 0.656151 0.743038 0.772052 0.638061 0.629654 0.649184  0.73606 0.735177 0.656151 0.743038
-72.7764	-73.2718	0.495387	12.25	0.914709	0.551758	0.914709	0.392107	0.7227	0.606083	0.7227	0.976609	0.578816	0.679978	0.578816	0.392107	0.7227	0.606083	0.7227	8.65768e-19	0.275097	0.355738	0.275097	0.289416	0.346168	0.47688	0.346168	0.3305	0.478452	0.556827	0.478452	0.289416	0.346168	0.47688	0.346168	      1 1.12986 1.15926 1.09656  1.0956 1.17788 1.20746 1.18141 1.20038 1.20099 1.25232 1.20744  1.0956 1.17788 1.20746 1.18141	 0.89442 0.892871 0.703794  0.76377 0.736036 0.735172 0.656086 0.743023 0.772301 0.638069 0.629559 0.649175 0.736036 0.735172 0.656086 0.743023
-72.7763	-73.2717	0.495354	12.25	0.914169	0.551092	0.914169	0.392123	0.722662	0.605888	0.722662	0.978621	0.578857	0.679735	0.578857	0.392123	0.722662	0.605888	0.722662	7.84216e-19	0.275071	0.355691	0.275071	0.289464	0.346215	0.476858	0.346215	0.330572	0.478544	0.55683	0.478544	0.289464	0.346215	0.476858	0.346215	      1 1.12985 1.15915 1.09652 1.09562 1.17788 1.20741 1.18141 1.20053 1.20101 1.25226 1.20746 1.09562 1.17788 1.20741 1.18141	 0.89442 0.892917 0.703609 0.763679 0.736013 0.735166 0.656026 0.743009  0.77253 0.638076 0.629473 0.649166 0.736013 0.735166 0.656026 0.743009
-72.7762	-73.2716	0.495323	12.25	0.913677	0.550483	0.913677	0.392138	0.722623	0.605711	0.722623	0.980471	0.578895	0.679513	0.578895	0.392138	0.722623	0.605711	0.722623	9.28794e-19	0.275047	0.355648	0.275047	0.289509	0.346259	0.476837	0.346259	0.330637	0.478629	0.556833	0.478629	0.289509	0.346259	0.476837	0.346259	      1 1.12984 1.15905 1.09649 1.09563 1.17788 1.20737  1.1814 1.20068 1.20103  1.2522 1.20747 1.09563 1.17788 1.20737  1.1814	 0.89442 0.892959  0.70344 0.763595 0.735993  0.73516 0.655971 0.742996  0.77274 0.638083 0.629394 0.649159 0.735993  0.73516 0.655971 0.742996
-72.7762	-73.2715	0.495294	12.25	0.913227	0.549926	0.913227	0.392151	0.722585	0.605548	0.722585	0.98217	0.578929	0.67931	0.578929	0.392151	0.722585	0.605548	0.722585	-1.15337e-18	0.275025	0.355609	0.275025	0.289549	0.3463	0.476818	0.3463	0.330697	0.478706	0.556837	0.478706	0.289549	0.3463	0.476818	0.3463	      1 1.12984 1.15896 1.09645 1.09564 1.17788 1.20733  1.1814 1.20081 1.20105 1.25215 1.20748 1.09564 1.17788 1.20733  1.1814	 0.89442 0.892998 0.703284 0.763519 0.735974 0.735154  0.65592 0.742982 0.772932 0.638088 0.629322 0.649152 0.735974 0.735154  0.65592 0.742982
-72.7761	-73.2714	0.495268	12.25	0.912817	0.549417	0.912817	0.392163	0.722548	0.6054	0.722548	0.983729	0.578961	0.679126	0.578961	0.392163	0.722548	0.6054	0.722548	3.86988e-18	0.275005	0.355573	0.275005	0.289586	0.346337	0.476802	0.346337	0.330751	0.478777	0.55684	0.478777	0.289586	0.346337	0.476802	0.346337	      1 1.12983 1.15887 1.09642 1.09565 1.17788  1.2073  1.1814 1.20093 1.20106 1.25211 1.20749 1.09565 1.17788  1.2073  1.1814	 0.89442 0.893034 0.703141 0.763449 0.735956 0.735148 0.655874  0.74297 0.773109 0.638094 0.629256 0.649146 0.735956 0.735148 0.655874  0.74297
-72.776	-73.2713	0.495243	12.25	0.912443	0.548952	0.912443	0.392173	0.722512	0.605264	0.722512	0.98516	0.578989	0.678957	0.578989	0.392173	0.722512	0.605264	0.722512	-3.5734e-19	0.274987	0.355541	0.274987	0.28962	0.346372	0.476786	0.346372	0.330801	0.478842	0.556843	0.478842	0.28962	0.346372	0.476786	0.346372	      1 1.12982 1.15879 1.09639 1.09566 1.17788 1.20727  1.1814 1.20104 1.20108 1.25206  1.2075 1.09566 1.17788 1.20727  1.1814	 0.89442 0.893066 0.703011 0.763386  0.73594 0.735142 0.655832 0.742958  0.77327 0.638098 0.629196  0.64914  0.73594 0.735142 0.655832 0.742958
-72.776	-73.2712	0.495221	12.25	0.912102	0.548527	0.912102	0.392182	0.722477	0.605141	0.722477	0.986471	0.579015	0.678804	0.579015	0.392182	0.722477	0.605141	0.722477	4.17521e-19	0.274971	0.355511	0.274971	0.289651	0.346403	0.476772	0.346403	0.330847	0.478902	0.556845	0.478902	0.289651	0.346403	0.476772	0.346403	      1 1.12982 1.15872 1.09637 1.09567 1.17788 1.20724 1.18139 1.20115 1.20109 1.25203  1.2075 1.09567 1.17788 1.20724 1.18139	 0.89442 0.893096 0.702891 0.763327 0.735925 0.735136 0.655794 0.742946 0.773418 0.638103 0.629141 0.649134 0.735925 0.735136 0.655794 0.742946
-72.7759	-73.2711	0.4952	12.25	0.911791	0.548139	0.911791	0.39219	0.722444	0.605028	0.722444	0.987672	0.579039	0.678664	0.579039	0.39219	0.722444	0.605028	0.722444	1.50137e-18	0.274956	0.355484	0.274956	0.289679	0.346432	0.47676	0.346432	0.330888	0.478956	0.556848	0.478956	0.289679	0.346432	0.47676	0.346432	      1 1.12981 1.15866 1.09634 1.09568 1.17788 1.20721 1.18139 1.20124  1.2011 1.25199 1.20751 1.09568 1.17788 1.20721 1.18139	 0.89442 0.893124 0.702782 0.763274 0.735912  0.73513 0.655758 0.742935 0.773553 0.638107 0.629091 0.649129 0.735912  0.73513 0.655758 0.742935
-72.7759	-73.271	0.495181	12.25	0.911508	0.547785	0.911508	0.392198	0.722413	0.604925	0.722413	0.988772	0.579061	0.678536	0.579061	0.392198	0.722413	0.604925	0.722413	-7.65303e-18	0.274943	0.35546	0.274943	0.289704	0.346459	0.476748	0.346459	0.330926	0.479005	0.55685	0.479005	0.289704	0.346459	0.476748	0.346459	      1 1.12981  1.1586 1.09632 1.09569 1.17788 1.20719 1.18139 1.20132 1.20111 1.25196 1.20752 1.09569 1.17788 1.20719 1.18139	 0.89442 0.893148 0.702681 0.763226 0.735899 0.735124 0.655726 0.742925 0.773677  0.63811 0.629046 0.649125 0.735899 0.735124 0.655726 0.742925
-72.7758	-73.271	0.495164	12.25	0.911249	0.547461	0.911249	0.392204	0.722383	0.604831	0.722383	0.989779	0.579081	0.67842	0.579081	0.392204	0.722383	0.604831	0.722383	-2.56221e-18	0.27493	0.355438	0.27493	0.289728	0.346483	0.476738	0.346483	0.33096	0.479051	0.556852	0.479051	0.289728	0.346483	0.476738	0.346483	      1  1.1298 1.15854  1.0963  1.0957 1.17788 1.20717 1.18139  1.2014 1.20112 1.25193 1.20752  1.0957 1.17788 1.20717 1.18139	 0.89442 0.893171  0.70259 0.763181 0.735888 0.735119 0.655697 0.742915  0.77379 0.638114 0.629004 0.649121 0.735888 0.735119 0.655697 0.742915
-72.7758	-73.2709	0.495148	12.25	0.911014	0.547166	0.911014	0.39221	0.722354	0.604746	0.722354	0.9907	0.579099	0.678314	0.579099	0.39221	0.722354	0.604746	0.722354	2.04959e-18	0.274919	0.355417	0.274919	0.289749	0.346506	0.476728	0.346506	0.330992	0.479092	0.556855	0.479092	0.289749	0.346506	0.476728	0.346506	      1  1.1298 1.15849 1.09628  1.0957 1.17788 1.20715 1.18139 1.20147 1.20113  1.2519 1.20753  1.0957 1.17788 1.20715 1.18139	 0.89442 0.893192 0.702506 0.763141 0.735877 0.735114  0.65567 0.742906 0.773893 0.638117 0.628966 0.649117 0.735877 0.735114  0.65567 0.742906
-72.7757	-73.2709	0.495133	12.25	0.910799	0.546897	0.910799	0.392215	0.722328	0.604668	0.722328	0.991543	0.579116	0.678218	0.579116	0.392215	0.722328	0.604668	0.722328	-2.47567e-18	0.274909	0.355399	0.274909	0.289769	0.346526	0.47672	0.346526	0.33102	0.47913	0.556856	0.47913	0.289769	0.346526	0.47672	0.346526	      1  1.1298 1.15845 1.09627 1.09571 1.17788 1.20713 1.18138 1.20154 1.20114 1.25188 1.20753 1.09571 1.17788 1.20713 1.18138	 0.89442 0.893211 0.702429 0.763104 0.735867 0.735109 0.655646 0.742898 0.773988  0.63812 0.628931 0.649114 0.735867 0.735109 0.655646 0.742898
-72.7757	-73.2708	0.49512	12.25	0.910604	0.546651	0.910604	0.39222	0.722303	0.604597	0.722303	0.992313	0.579131	0.67813	0.579131	0.39222	0.722303	0.604597	0.722303	3.17995e-18	0.2749	0.355382	0.2749	0.289787	0.346545	0.476712	0.346545	0.331046	0.479164	0.556858	0.479164	0.289787	0.346545	0.476712	0.346545	      1 1.12979 1.15841 1.09625 1.09571 1.17788 1.20711 1.18138  1.2016 1.20115 1.25186 1.20754 1.09571 1.17788 1.20711 1.18138	 0.89442 0.893229  0.70236  0.76307 0.735859 0.735104 0.655623  0.74289 0.774074 0.638122   0.6289  0.64911 0.735859 0.735104 0.655623  0.74289
-72.7757	-73.2708	0.495108	12.25	0.910426	0.546426	0.910426	0.392224	0.72228	0.604532	0.722279	0.993018	0.579145	0.67805	0.579145	0.392224	0.722279	0.604532	0.72228	4.1205e-18	0.274892	0.355367	0.274892	0.289803	0.346562	0.476705	0.346562	0.33107	0.479196	0.55686	0.479196	0.289803	0.346562	0.476705	0.346562	      1 1.12979 1.15837 1.09624 1.09572 1.17788  1.2071 1.18138 1.20165 1.20116 1.25184 1.20754 1.09572 1.17788  1.2071 1.18138	 0.89442 0.893244 0.702296 0.763039  0.73585   0.7351 0.655603 0.742883 0.774153 0.638124 0.628871 0.649108  0.73585   0.7351 0.655603 0.742883
-72.7757	-73.2707	0.495096	12.25	0.910263	0.546222	0.910263	0.392227	0.722258	0.604473	0.722258	0.993661	0.579157	0.677977	0.579157	0.392227	0.722258	0.604473	0.722258	8.92471e-19	0.274884	0.355353	0.274884	0.289817	0.346578	0.476698	0.346578	0.331092	0.479224	0.556861	0.479224	0.289817	0.346578	0.476698	0.346578	      1 1.12979 1.15833 1.09622 1.09572 1.17788 1.20708 1.18138  1.2017 1.20116 1.25182 1.20755 1.09572 1.17788 1.20708 1.18138	 0.89442 0.893259 0.702237 0.763011 0.735843 0.735096 0.655585 0.742876 0.774224 0.638126 0.628845 0.649105 0.735843 0.735096 0.655585 0.742876
-72.7756	-73.2707	0.495086	12.25	0.910115	0.546035	0.910115	0.392231	0.722238	0.604419	0.722238	0.994249	0.579169	0.677911	0.579169	0.392231	0.722238	0.604419	0.722238	1.62138e-18	0.274877	0.35534	0.274877	0.289831	0.346592	0.476693	0.346592	0.331111	0.479251	0.556863	0.479251	0.289831	0.346592	0.476693	0.346592	      1 1.12979  1.1583 1.09621 1.09573 1.17788 1.20707 1.18138 1.20175 1.20117  1.2518 1.20755 1.09573 1.17788 1.20707 1.18138	 0.89442 0.893272 0.702184 0.762985 0.735836 0.735092 0.655568  0.74287  0.77429 0.638128 0.628821 0.649103 0.735836 0.735092 0.655568  0.74287
-72.7756	-73.2707	0.495076	12.25	0.909981	0.545865	0.909981	0.392234	0.722219	0.60437	0.722219	0.994786	0.579179	0.67785	0.579179	0.392234	0.722219	0.60437	0.722219	-5.54631e-19	0.274871	0.355329	0.274871	0.289843	0.346606	0.476687	0.346606	0.331129	0.479275	0.556864	0.479275	0.289843	0.346606	0.476687	0.346606	      1 1.12979 1.15827  1.0962 1.09573 1.17788 1.20706 1.18137 1.20179 1.20118 1.25179 1.20755 1.09573 1.17788 1.20706 1.18137	 0.89442 0.893284 0.702135 0.762962  0.73583 0.735088 0.655552 0.742864  0.77435  0.63813 0.628799   0.6491  0.73583 0.735088 0.655552 0.742864
-72.7756	-73.2706	0.495068	12.25	0.909858	0.54571	0.909858	0.392236	0.722201	0.604325	0.722201	0.995276	0.579189	0.677795	0.579189	0.392236	0.722201	0.604325	0.722201	-5.82899e-19	0.274865	0.355318	0.274865	0.289854	0.346618	0.476682	0.346618	0.331146	0.479296	0.556865	0.479296	0.289854	0.346618	0.476682	0.346618	      1 1.12978 1.15825 1.09619 1.09573 1.17788 1.20705 1.18137 1.20182 1.20118 1.25177 1.20756 1.09573 1.17788 1.20705 1.18137	 0.89442 0.893295 0.702091 0.762941 0.735824 0.735085 0.655538 0.742859 0.774405 0.638131 0.628779 0.649098 0.735824 0.735085 0.655538 0.742859
-72.7756	-73.2706	0.49506	12.25	0.909746	0.545568	0.909746	0.392239	0.722185	0.604285	0.722185	0.995724	0.579198	0.677745	0.579198	0.392239	0.722185	0.604285	0.722185	-3.85911e-18	0.27486	0.355309	0.27486	0.289865	0.346629	0.476678	0.346629	0.33116	0.479316	0.556866	0.479316	0.289865	0.346629	0.476678	0.346629	      1 1.12978 1.15822 1.09619 1.09573 1.17788 1.20704 1.18137 1.20186 1.20119 1.25176 1.20756 1.09573 1.17788 1.20704 1.18137	 0.89442 0.893305  0.70205 0.762921 0.735819 0.735082 0.655525 0.742854 0.774455 0.638133 0.628761 0.649097 0.735819 0.735082 0.655525 0.742854
-72.7755	-73.2706	0.495053	12.25	0.909644	0.545439	0.909644	0.392241	0.72217	0.604248	0.722171	0.996133	0.579205	0.6777	0.579205	0.392241	0.722171	0.604248	0.72217	-6.24079e-19	0.274855	0.3553	0.274855	0.289874	0.346639	0.476674	0.346639	0.331174	0.479334	0.556867	0.479334	0.289874	0.346639	0.476674	0.346639	      1 1.12978  1.1582 1.09618 1.09574 1.17788 1.20703 1.18137 1.20189 1.20119 1.25175 1.20756 1.09574 1.17788 1.20703 1.18137	 0.89442 0.893315 0.702013 0.762904 0.735814 0.735079 0.655514 0.742849   0.7745 0.638134 0.628745 0.649095 0.735814 0.735079 0.655514 0.742849
-72.7755	-73.2706	0.495046	12.25	0.909551	0.545321	0.909551	0.392243	0.722157	0.604214	0.722157	0.996505	0.579213	0.677658	0.579213	0.392243	0.722157	0.604214	0.722157	-3.60633e-18	0.274851	0.355292	0.274851	0.289882	0.346648	0.47667	0.346648	0.331186	0.479351	0.556868	0.479351	0.289882	0.346648	0.47667	0.346648	      1 1.12978 1.15818 1.09617 1.09574 1.17788 1.20702 1.18137 1.20192 1.20119 1.25174 1.20756 1.09574 1.17788 1.20702 1.18137	 0.89442 0.893323  0.70198 0.762888  0.73581 0.735076 0.655503 0.742845 0.774542 0.638135  0.62873 0.649093  0.73581 0.735076 0.655503 0.742845
-72.7755	-73.2706	0.49504	12.25	0.909467	0.545214	0.909467	0.392245	0.722144	0.604183	0.722144	0.996846	0.579219	0.67762	0.579219	0.392245	0.722144	0.604183	0.722144	-4.69728e-19	0.274847	0.355285	0.274847	0.28989	0.346656	0.476667	0.346656	0.331198	0.479366	0.556869	0.479366	0.28989	0.346656	0.476667	0.346656	      1 1.12978 1.15816 1.09616 1.09574 1.17788 1.20701 1.18137 1.20194  1.2012 1.25173 1.20756 1.09574 1.17788 1.20701 1.18137	 0.89442 0.893331 0.701949 0.762873 0.735806 0.735074 0.655493 0.742841  0.77458 0.638136 0.628716 0.649092 0.735806 0.735074 0.655493 0.742841
-72.7755	-73.2705	0.495035	12.25	0.90939	0.545116	0.90939	0.392246	0.722132	0.604155	0.722133	0.997156	0.579225	0.677586	0.579225	0.392246	0.722133	0.604155	0.722132	2.68235e-18	0.274843	0.355278	0.274843	0.289897	0.346664	0.476664	0.346664	0.331208	0.47938	0.55687	0.47938	0.289897	0.346664	0.476664	0.346664	      1 1.12978 1.15815 1.09616 1.09574 1.17788 1.20701 1.18137 1.20197  1.2012 1.25172 1.20757 1.09574 1.17788 1.20701 1.18137	 0.89442 0.893337 0.701921 0.762859 0.735802 0.735072 0.655485 0.742838 0.774614 0.638137 0.628704 0.649091 0.735802 0.735072 0.655485 0.742838
-72.7755	-73.2705	0.495029	12.25	0.90932	0.545027	0.90932	0.392248	0.722122	0.60413	0.722122	0.997439	0.579231	0.677554	0.579231	0.392248	0.722122	0.60413	0.722122	-8.50664e-19	0.27484	0.355272	0.27484	0.289903	0.346671	0.476661	0.346671	0.331217	0.479392	0.556871	0.479392	0.289903	0.346671	0.476661	0.346671	      1 1.12978 1.15813 1.09615 1.09575 1.17788   1.207 1.18137 1.20199  1.2012 1.25171 1.20757 1.09575 1.17788   1.207 1.18137	 0.89442 0.893344 0.701895 0.762847 0.735799 0.735069 0.655476 0.742834 0.774646 0.638138 0.628692  0.64909 0.735799  0.73507 0.655476 0.742834
-72.7755	-73.2705	0.495025	12.25	0.909256	0.544946	0.909256	0.392249	0.722112	0.604106	0.722112	0.997698	0.579236	0.677526	0.579236	0.392249	0.722112	0.604106	0.722112	6.41946e-18	0.274837	0.355267	0.274837	0.289909	0.346677	0.476659	0.346677	0.331226	0.479404	0.556871	0.479404	0.289909	0.346677	0.476659	0.346677	      1 1.12977 1.15812 1.09615 1.09575 1.17788   1.207 1.18136 1.20201 1.20121  1.2517 1.20757 1.09575 1.17788   1.207 1.18136	 0.89442  0.89335 0.701872 0.762836 0.735796 0.735068 0.655469 0.742832 0.774674 0.638139 0.628682 0.649089 0.735796 0.735068 0.655469 0.742831
-72.7755	-73.2705	0.495021	12.25	0.909198	0.544872	0.909198	0.39225	0.722103	0.604085	0.722103	0.997933	0.57924	0.6775	0.57924	0.39225	0.722103	0.604085	0.722103	1.2561e-19	0.274834	0.355262	0.274834	0.289915	0.346683	0.476657	0.346683	0.331234	0.479414	0.556872	0.479414	0.289915	0.346683	0.476657	0.346683	      1 1.12977 1.15811 1.09614 1.09575 1.17788 1.20699 1.18136 1.20203 1.20121  1.2517 1.20757 1.09575 1.17788 1.20699 1.18136	 0.89442 0.893355 0.701851 0.762826 0.735793 0.735066 0.655462 0.742829 0.774701  0.63814 0.628673 0.649088 0.735793 0.735066 0.655462 0.742829
-72.7755	-73.2705	0.495017	12.25	0.909145	0.544804	0.909145	0.392251	0.722095	0.604066	0.722095	0.998148	0.579244	0.677476	0.579244	0.392251	0.722095	0.604066	0.722095	1.14509e-19	0.274832	0.355257	0.274832	0.289919	0.346688	0.476654	0.346688	0.331241	0.479424	0.556872	0.479424	0.289919	0.346688	0.476654	0.346688	      1 1.12977 1.15809 1.09614 1.09575 1.17788 1.20699 1.18136 1.20204 1.20121 1.25169 1.20757 1.09575 1.17788 1.20699 1.18136	 0.89442  0.89336 0.701831 0.762817 0.735791 0.735064 0.655456 0.742826 0.774724  0.63814 0.628664 0.649087 0.735791 0.735064 0.655456 0.742826
-72.7754	-73.2705	0.495013	12.25	0.909096	0.544743	0.909096	0.392252	0.722087	0.604048	0.722087	0.998344	0.579248	0.677454	0.579248	0.392252	0.722087	0.604048	0.722087	1.26147e-18	0.27483	0.355253	0.27483	0.289924	0.346693	0.476653	0.346693	0.331247	0.479432	0.556873	0.479432	0.289924	0.346693	0.476653	0.346693	      1 1.12977 1.15808 1.09614 1.09575 1.17788 1.20698 1.18136 1.20206 1.20121 1.25169 1.20757 1.09575 1.17788 1.20698 1.18136	 0.89442 0.893364 0.701814 0.762808 0.735788 0.735063 0.655451 0.742824 0.774746 0.638141 0.628656 0.649086 0.735788 0.735063 0.655451 0.742824
-72.7754	-73.2704	0.49501	12.25	0.909052	0.544687	0.909052	0.392253	0.72208	0.604032	0.72208	0.998523	0.579252	0.677435	0.579252	0.392253	0.72208	0.604032	0.72208	-2.17945e-18	0.274828	0.355249	0.274828	0.289928	0.346697	0.476651	0.346697	0.331253	0.47944	0.556873	0.47944	0.289928	0.346697	0.476651	0.346697	      1 1.12977 1.15807 1.09613 1.09575 1.17788 1.20698 1.18136 1.20207 1.20121 1.25168 1.20757 1.09575 1.17788 1.20698 1.18136	 0.89442 0.893368 0.701797 0.762801 0.735786 0.735061 0.655446 0.742822 0.774766 0.638142 0.628649 0.649085 0.735786 0.735061 0.655446 0.742822
-72.7754	-73.2704	0.495007	12.25	0.909012	0.544636	0.909012	0.392254	0.722074	0.604018	0.722074	0.998686	0.579255	0.677417	0.579255	0.392254	0.722074	0.604018	0.722074	-2.11989e-18	0.274826	0.355246	0.274826	0.289932	0.346701	0.476649	0.346701	0.331258	0.479447	0.556874	0.479447	0.289932	0.346701	0.476649	0.346701	      1 1.12977 1.15807 1.09613 1.09575 1.17788 1.20698 1.18136 1.20209 1.20121 1.25168 1.20758 1.09575 1.17788 1.20698 1.18136	 0.89442 0.893372 0.701783 0.762794 0.735784  0.73506 0.655441  0.74282 0.774784 0.638142 0.628643 0.649085 0.735784  0.73506 0.655441  0.74282
-72.7754	-73.2704	0.495005	12.25	0.908976	0.544589	0.908976	0.392255	0.722068	0.604004	0.722068	0.998834	0.579258	0.6774	0.579258	0.392255	0.722068	0.604004	0.722068	-1.46147e-18	0.274824	0.355243	0.274824	0.289935	0.346705	0.476648	0.346705	0.331263	0.479454	0.556874	0.479454	0.289935	0.346705	0.476648	0.346705	      1 1.12977 1.15806 1.09613 1.09575 1.17788 1.20697 1.18136  1.2021 1.20122 1.25167 1.20758 1.09575 1.17788 1.20697 1.18136	 0.89442 0.893375 0.701769 0.762787 0.735783 0.735059 0.655437 0.742818 0.774801 0.638143 0.628637 0.649084 0.735783 0.735059 0.655437 0.742818
-72.7754	-73.2704	0.495002	12.25	0.908942	0.544547	0.908942	0.392255	0.722062	0.603992	0.722062	0.99897	0.57926	0.677385	0.57926	0.392255	0.722062	0.603992	0.722062	-9.717e-20	0.274823	0.35524	0.274823	0.289938	0.346708	0.476647	0.346708	0.331268	0.47946	0.556875	0.47946	0.289938	0.346708	0.476647	0.346708	      1 1.12977 1.15805 1.09612 1.09576 1.17788 1.20697 1.18136 1.20211 1.20122 1.25167 1.20758 1.09576 1.17788 1.20697 1.18136	 0.89442 0.893378 0.701757 0.762781 0.735781 0.735058 0.655433 0.742817 0.774816 0.638143 0.628631 0.649083 0.735781 0.735058 0.655433 0.742817
-72.7754	-73.2704	0.495	12.25	0.908912	0.544508	0.908912	0.392256	0.722057	0.603981	0.722057	0.999093	0.579262	0.677372	0.579262	0.392256	0.722057	0.603981	0.722057	1.25546e-18	0.274821	0.355237	0.274821	0.289941	0.346711	0.476645	0.346711	0.331272	0.479465	0.556875	0.479465	0.289941	0.346711	0.476645	0.346711	      1 1.12977 1.15804 1.09612 1.09576 1.17788 1.20697 1.18136 1.20212 1.20122 1.25166 1.20758 1.09576 1.17788 1.20697 1.18136	 0.89442 0.893381 0.701746 0.762776  0.73578 0.735057  0.65543 0.742815 0.774829 0.638143 0.628626 0.649083  0.73578 0.735057  0.65543 0.742815
-72.7754	-73.2704	0.494998	12.25	0.908885	0.544473	0.908885	0.392256	0.722053	0.603971	0.722053	0.999206	0.579265	0.67736	0.579265	0.392256	0.722053	0.603971	0.722053	3.31566e-19	0.27482	0.355235	0.27482	0.289943	0.346714	0.476644	0.346714	0.331275	0.47947	0.556875	0.47947	0.289943	0.346714	0.476644	0.346714	      1 1.12977 1.15804 1.09612 1.09576 1.17787 1.20696 1.18136 1.20212 1.20122 1.25166 1.20758 1.09576 1.17787 1.20696 1.18136	 0.89442 0.893383 0.701736 0.762771 0.735778 0.735056 0.655426 0.742814 0.774842 0.638144 0.628622 0.649082 0.735778 0.735056 0.655426 0.742814
-72.7754	-73.2704	0.494996	12.25	0.908859	0.544441	0.908859	0.392257	0.722049	0.603962	0.722049	0.999308	0.579267	0.677348	0.579267	0.392257	0.722049	0.603962	0.722049	4.4165e-18	0.274819	0.355233	0.274819	0.289946	0.346717	0.476643	0.346717	0.331279	0.479475	0.556875	0.479475	0.289946	0.346717	0.476643	0.346717	      1 1.12977 1.15803 1.09612 1.09576 1.17787 1.20696 1.18136 1.20213 1.20122 1.25166 1.20758 1.09576 1.17787 1.20696 1.18136	 0.89442 0.893386 0.701726 0.762767 0.735777 0.735055 0.655424 0.742812 0.774853 0.638144 0.628618 0.649082 0.735777 0.735055 0.655424 0.742812
-72.7754	-73.2704	0.494995	12.25	0.908836	0.544411	0.908836	0.392257	0.722045	0.603954	0.722045	0.999401	0.579268	0.677338	0.579268	0.392257	0.722045	0.603954	0.722045	-8.26392e-19	0.274818	0.355231	0.274818	0.289948	0.346719	0.476643	0.346719	0.331282	0.479479	0.556876	0.479479	0.289948	0.346719	0.476643	0.346719	      1 1.12977 1.15803 1.09612 1.09576 1.17787 1.20696 1.18136 1.20214 1.20122 1.25166 1.20758 1.09576 1.17787 1.20696 1.18136	 0.89442 0.893388 0.701718 0.762763 0.735776 0.735054 0.655421 0.742811 0.774864 0.638144 0.628614 0.649082 0.735776 0.735054 0.655421 0.742811
-72.7754	-73.2704	0.494993	12.25	0.908815	0.544385	0.908815	0.392258	0.722042	0.603946	0.722042	0.999487	0.57927	0.677329	0.57927	0.392258	0.722042	0.603946	0.722042	-1.15507e-18	0.274817	0.355229	0.274817	0.28995	0.346721	0.476642	0.346721	0.331284	0.479483	0.556876	0.479483	0.28995	0.346721	0.476642	0.346721	      1 1.12977 1.15802 1.09611 1.09576 1.17787 1.20696 1.18136 1.20215 1.20122 1.25165 1.20758 1.09576 1.17787 1.20696 1.18136	 0.89442  0.89339  0.70171 0.762759 0.735775 0.735054 0.655418  0.74281 0.774873 0.638145 0.628611 0.649081 0.735775 0.735054 0.655418  0.74281
-72.7754	-73.2704	0.494992	12.25	0.908796	0.54436	0.908796	0.392258	0.722038	0.603939	0.722038	0.999565	0.579272	0.67732	0.579272	0.392258	0.722038	0.603939	0.722038	6.24974e-18	0.274816	0.355228	0.274816	0.289951	0.346723	0.476641	0.346723	0.331287	0.479486	0.556876	0.479486	0.289951	0.346723	0.476641	0.346723	      1 1.12977 1.15802 1.09611 1.09576 1.17787 1.20696 1.18136 1.20215 1.20122 1.25165 1.20758 1.09576 1.17787 1.20696 1.18136	 0.89442 0.893391 0.701703 0.762756 0.735774 0.735053 0.655416 0.742809 0.774882 0.638145 0.628608 0.649081 0.735774 0.735053 0.655416 0.742809
-72.7754	-73.2704	0.49499	12.25	0.908779	0.544338	0.908779	0.392258	0.722036	0.603933	0.722036	0.999635	0.579273	0.677312	0.579273	0.392258	0.722036	0.603933	0.722036	-4.05582e-18	0.274815	0.355226	0.274815	0.289953	0.346725	0.47664	0.346725	0.331289	0.479489	0.556876	0.479489	0.289953	0.346725	0.47664	0.346725	      1 1.12977 1.15801 1.09611 1.09576 1.17787 1.20696 1.18136 1.20216 1.20122 1.25165 1.20758 1.09576 1.17787 1.20696 1.18136	 0.89442 0.893393 0.701697 0.762753 0.735773 0.735052 0.655414 0.742809  0.77489 0.638145 0.628605 0.649081 0.735773 0.735052 0.655414 0.742809
-72.7754	-73.2704	0.494989	12.25	0.908763	0.544318	0.908763	0.392259	0.722033	0.603927	0.722033	0.9997	0.579274	0.677305	0.579274	0.392259	0.722033	0.603927	0.722033	3.05709e-19	0.274814	0.355225	0.274814	0.289954	0.346726	0.47664	0.346726	0.331291	0.479492	0.556876	0.479492	0.289954	0.346726	0.47664	0.346726	      1 1.12977 1.15801 1.09611 1.09576 1.17787 1.20695 1.18136 1.20216 1.20123 1.25165 1.20758 1.09576 1.17787 1.20695 1.18136	 0.89442 0.893394 0.701691  0.76275 0.735772 0.735052 0.655412 0.742808 0.774897 0.638145 0.628602  0.64908 0.735772 0.735052 0.655412 0.742808
-72.7754	-73.2704	0.494988	12.25	0.908749	0.5443	0.908749	0.392259	0.722031	0.603922	0.722031	0.999759	0.579275	0.677299	0.579275	0.392259	0.722031	0.603922	0.722031	2.59588e-18	0.274814	0.355224	0.274814	0.289956	0.346728	0.476639	0.346728	0.331293	0.479495	0.556877	0.479495	0.289956	0.346728	0.476639	0.346728	      1 1.12977 1.15801 1.09611 1.09576 1.17787 1.20695 1.18136 1.20217 1.20123 1.25165 1.20758 1.09576 1.17787 1.20695 1.18136	 0.89442 0.893396 0.701686 0.762748 0.735772 0.735051 0.655411 0.742807 0.774903 0.638145   0.6286  0.64908 0.735772 0.735051 0.655411 0.742807
-72.7754	-73.2704	0.494987	12.25	0.908736	0.544283	0.908736	0.392259	0.722028	0.603917	0.722028	0.999812	0.579276	0.677293	0.579276	0.392259	0.722028	0.603917	0.722028	-3.31075e-18	0.274813	0.355222	0.274813	0.289957	0.346729	0.476639	0.346729	0.331295	0.479497	0.556877	0.479497	0.289957	0.346729	0.476639	0.346729	      1 1.12977 1.15801 1.09611 1.09576 1.17787 1.20695 1.18136 1.20217 1.20123 1.25164 1.20758 1.09576 1.17787 1.20695 1.18136	 0.89442 0.893397 0.701681 0.762745 0.735771 0.735051 0.655409 0.742806 0.774909 0.638146 0.628598  0.64908 0.735771 0.735051 0.655409 0.742806
-72.7754	-73.2704	0.494986	12.25	0.908724	0.544268	0.908724	0.392259	0.722026	0.603913	0.722026	0.999861	0.579277	0.677288	0.579277	0.392259	0.722026	0.603913	0.722026	1.34929e-18	0.274813	0.355221	0.274813	0.289958	0.34673	0.476638	0.34673	0.331297	0.479499	0.556877	0.479499	0.289958	0.34673	0.476638	0.34673	      1 1.12977   1.158 1.09611 1.09576 1.17787 1.20695 1.18136 1.20217 1.20123 1.25164 1.20758 1.09576 1.17787 1.20695 1.18136	 0.89442 0.893398 0.701677 0.762743 0.735771 0.735051 0.655408 0.742806 0.774915 0.638146 0.628596  0.64908 0.735771 0.735051 0.655408 0.742806
-72.7754	-73.2704	0.494986	12.25	0.908713	0.544254	0.908713	0.39226	0.722025	0.603909	0.722025	0.999905	0.579278	0.677283	0.579278	0.39226	0.722025	0.603909	0.722025	-1.38637e-18	0.274812	0.355221	0.274812	0.289959	0.346731	0.476638	0.346731	0.331298	0.479501	0.556877	0.479501	0.289959	0.346731	0.476638	0.346731	      1 1.12977   1.158 1.09611 1.09576 1.17787 1.20695 1.18136 1.20218 1.20123 1.25164 1.20758 1.09576 1.17787 1.20695 1.18136	 0.89442 0.893399 0.701673 0.762741  0.73577  0.73505 0.655407 0.742805  0.77492 0.638146 0.628594  0.64908  0.73577  0.73505 0.655407 0.742805
-72.7754	-73.2704	0.494985	12.25	0.908703	0.544241	0.908703	0.39226	0.722023	0.603905	0.722023	0.999946	0.579279	0.677278	0.579279	0.39226	0.722023	0.603905	0.722023	9.09758e-19	0.274812	0.35522	0.274812	0.28996	0.346732	0.476637	0.346732	0.331299	0.479503	0.556877	0.479503	0.28996	0.346732	0.476637	0.346732	      1 1.12977   1.158  1.0961 1.09576 1.17787 1.20695 1.18136 1.20218 1.20123 1.25164 1.20758 1.09576 1.17787 1.20695 1.18136	 0.89442   0.8934 0.701669  0.76274  0.73577  0.73505 0.655406 0.742805 0.774924 0.638146 0.628593 0.649079  0.73577  0.73505 0.655406 0.742805
-72.7754	-73.2704	0.494984	12.25	0.908694	0.54423	0.908694	0.39226	0.722022	0.603902	0.722022	0.999983	0.57928	0.677274	0.57928	0.39226	0.722022	0.603902	0.722022	5.36076e-18	0.274811	0.355219	0.274811	0.289961	0.346733	0.476637	0.346733	0.331301	0.479504	0.556877	0.479504	0.289961	0.346733	0.476637	0.346733	      1 1.12977   1.158  1.0961 1.09576 1.17787 1.20695 1.18136 1.20218 1.20123 1.25164 1.20758 1.09576 1.17787 1.20695 1.18136	 0.89442 0.893401 0.701666 0.762738 0.735769  0.73505 0.655405 0.742804 0.774928 0.638146 0.628591 0.649079 0.735769  0.73505 0.655405 0.742804
