1	1.04174183906181	1.08412339511044	1.04174183906181	1.04172534667943	1.07413624550454	1.10943215338336	1.07413624550454	1.08166935965504	1.10774297591669	1.17886187809704	1.10774297591669	1.04172534667943	1.07413624550454	1.10943215338336	1.07413624550454	0.706830284635798	0.632971317333454	0.638538764466794	0.632971317333455	0.634908194588412	0.596190308438728	0.593816925277468	0.596190308438729	0.632885636392507	0.590326476031552	0.675658751886648	0.590326476031553	0.634908194588413	0.596190308438729	0.593816925277468	0.596190308438729
1	1.04896427142531	1.09816935541887	1.04896427142531	1.04903581433701	1.08540352158416	1.12473975059524	1.08540352158416	1.09632411596555	1.12329255876786	1.21402067193051	1.12329255876786	1.04903581433701	1.08540352158416	1.12473975059524	1.08540352158416	0.765818348210436	0.67718837244773	0.685381816930055	0.677188372447732	0.679007423677124	0.636365236387801	0.631867489184985	0.636365236387803	0.681041707427236	0.628777308760476	0.738233543462844	0.628777308760476	0.679007423677125	0.636365236387803	0.631867489184985	0.636365236387803
1	1.05101892704792	1.10226721651305	1.05101892704792	1.05113309846394	1.08859837446633	1.12856482114077	1.08859837446633	1.10075990028076	1.12728091992663	1.22576841457379	1.12728091992663	1.05113309846394	1.08859837446633	1.12856482114077	1.08859837446633	0.792323393761864	0.697119726897521	0.706445965836529	0.697119726897522	0.699037668821431	0.655575807188936	0.649808250337986	0.655575807188936	0.702469573566184	0.646858837885128	0.76543361712854	0.646858837885129	0.699037668821433	0.655575807188937	0.649808250337986	0.655575807188937
1	1.05181896925052	1.1039310747172	1.05181896925052	1.05195836452945	1.09000129946475	1.1302556535299	1.09000129946475	1.10245609969842	1.1289840827054	1.22998504911724	1.1289840827054	1.05195836452945	1.09000129946475	1.1302556535299	1.09000129946475	0.804232878408921	0.706512718374686	0.716476763320653	0.706512718374687	0.708676001401687	0.665097057154776	0.659050206094851	0.665097057154778	0.712196615985834	0.655956193043999	0.77624960281184	0.655956193043999	0.708676001401688	0.665097057154778	0.659050206094851	0.665097057154778
1	1.05222113424879	1.10482839347728	1.05222113424879	1.05238349777903	1.09079982915155	1.13137351202629	1.09079982915155	1.10322294769168	1.13001623046181	1.23134726308631	1.13001623046181	1.05238349777903	1.09079982915155	1.13137351202629	1.09079982915155	0.809584154794632	0.711068092251508	0.721583942034972	0.711068092251509	0.713513340389684	0.669958088099523	0.664144474503792	0.669958088099523	0.716729711949352	0.660751856957395	0.780310931035052	0.660751856957396	0.713513340389685	0.669958088099523	0.664144474503793	0.669958088099524
1	1.05243624272638	1.10536279192525	1.05243624272638	1.05261908498062	1.09126633983841	1.13214551806576	1.09126633983841	1.10357798025893	1.13066406366797	1.23162886251747	1.13066406366797	1.05261908498062	1.09126633983841	1.13214551806576	1.09126633983841	0.811988638304382	0.713325169383476	0.72431187250337	0.713325169383478	0.716013445664125	0.672488753442845	0.667060504058786	0.672488753442847	0.718879807747679	0.663339960036585	0.781752130425783	0.663339960036586	0.716013445664126	0.672488753442847	0.667060504058787	0.672488753442847
1	1.05255173111633	1.10568928249119	1.05255173111633	1.05275016012929	1.09153302985304	1.13266264440959	1.09153302985304	1.10373693829716	1.13105749194804	1.23156771591708	1.13105749194804	1.05275016012929	1.09153302985304	1.13266264440959	1.09153302985304	0.813069042401223	0.714465342456965	0.725816583187501	0.714465342456966	0.717334480527847	0.673824932352035	0.668764531134198	0.673824932352035	0.719912860842842	0.66475336860411	0.782220500311705	0.664753368604111	0.717334480527848	0.673824932352035	0.668764531134199	0.673824932352037
1	1.05261388583915	1.10588996358405	1.05261388583915	1.05282263226356	1.09168275391984	1.13299942125523	1.09168275391984	1.10380405323107	1.13128920978423	1.23143917740496	1.13128920978423	1.05282263226356	1.09168275391984	1.13299942125523	1.09168275391984	0.813554499301487	0.715052291826056	0.726664896732595	0.715052291826057	0.718045003704669	0.67453860753334	0.669772294963473	0.67453860753334	0.720414714760041	0.665530387557816	0.782345728399612	0.665530387557817	0.718045003704671	0.67453860753334	0.669772294963473	0.674538607533342
1	1.0526476552919	1.10601331142334	1.0526476552919	1.05286249182864	1.09176593596293	1.13321443908632	1.09176593596293	1.10382977226104	1.13142267103976	1.23132742033821	1.13142267103976	1.05286249182864	1.09176593596293	1.13321443908632	1.09176593596292	0.813772629162018	0.715360073072542	0.727150291751979	0.715360073072543	0.718432727857908	0.674923628318002	0.670372534591152	0.674923628318002	0.720660972360263	0.665959226608142	0.782360121520987	0.665959226608142	0.718432727857909	0.674923628318002	0.670372534591153	0.674923628318003
1	1.05266626684668	1.10608892982448	1.05266626684668	1.05288433228474	1.09181190398828	1.13334980949916	1.09181190398828	1.10383778721316	1.13149827526531	1.23124799638033	1.13149827526531	1.05288433228474	1.09181190398828	1.13334980949916	1.09181190398828	0.813870641232119	0.715524323174929	0.727430798039774	0.71552432317493	0.718646794818112	0.675133195794098	0.670731518602959	0.675133195794099	0.72078291998519	0.666196436673655	0.782345287394075	0.666196436673655	0.718646794818113	0.675133195794099	0.67073151860296	0.6751331957941
1	1.05267669348271	1.10613512264869	1.05267669348271	1.05289626181219	1.09183725144424	1.13343416714757	1.09183725144424	1.10383882441061	1.13154054400159	1.23119624090193	1.13154054400159	1.05289626181219	1.09183725144424	1.13343416714757	1.09183725144424	0.813914680898428	0.715613411226344	0.72759397094541	0.715613411226345	0.718766097068196	0.67524817194889	0.670946691215297	0.675248171948892	0.720843800686239	0.666327792250962	0.782327438039944	0.666327792250963	0.718766097068197	0.675248171948892	0.670946691215297	0.675248171948892
