1	2.25398925803014	1.30007831217112	2.25398925803019	2.2539892552347	1.36119086221409	1.07090739646676	1.36119086255896	1.30007831173014	1.07090739643397	1.00135961034481	1.07090739643397	2.25398925523475	1.36119086255896	1.07090739646676	1.36119086221411	6.24999999999999	0.596111297951671	0.17335884516339	0.596111297951694	0.596111296988567	0.194758912553937	0.0662218347495444	0.194758912630044	0.173358845006998	0.0662218347320852	0.00786364803704187	0.0662218347320864	0.59611129698859	0.194758912630044	0.0662218347495455	0.194758912553945
1	3.1413340581504	1.28349241334036	3.14133405815048	3.14133405413339	1.37312356520098	1.06852996300052	1.37312356521535	1.28349241334296	1.06852996299539	1.00131243383385	1.0685299629954	3.14133405413348	1.37312356521535	1.06852996300052	1.373123565201	6.24999999999999	0.879380380901983	0.168004121935854	0.879380380902018	0.879380379953975	0.19816101995526	0.0649230145159336	0.198161019959683	0.168004121994666	0.0649230145210601	0.00769765916292636	0.0649230145210613	0.879380379954009	0.198161019959682	0.0649230145159348	0.198161019955268
1	3.79706991807808	1.27105855767207	3.79706991807819	3.79706991196163	1.36932198953711	1.06770311134017	1.36932198953792	1.2710585576619	1.06770311133298	1.00129753441992	1.06770311133299	3.79706991196173	1.36932198953792	1.06770311134017	1.36932198953714	6.24999999999999	1.08555918844964	0.164416179384066	1.08555918844968	1.08555918708127	0.197507134292261	0.0646653669668343	0.197507134292509	0.164416179457947	0.0646653669736378	0.00766633429908812	0.0646653669736389	1.08555918708131	0.197507134292509	0.0646653669668355	0.197507134292269
1	4.33250494275805	1.26282164074918	4.33250494275816	4.3325049328434	1.36661297382179	1.06710320062324	1.36661297382182	1.26282164070481	1.06710320061243	1.00128588495372	1.06710320061243	4.33250493284351	1.36661297382182	1.06710320062325	1.36661297382181	6.24999999999999	1.2534305453013	0.162139923785833	1.25343054530134	1.2534305431037	0.197178636894908	0.0645200125101602	0.19717863689492	0.162139923878209	0.0645200125193335	0.00764595762835948	0.0645200125193346	1.25343054310375	0.19717863689492	0.0645200125101614	0.197178636894916
1	4.78966298313358	1.25656179771979	4.78966298313368	4.78966296627618	1.36470469961326	1.06658803374139	1.36470469961327	1.25656179761648	1.06658803372377	1.00127558517215	1.06658803372377	4.78966296627629	1.36470469961327	1.06658803374139	1.36470469961328	6.24999999999999	1.39700686028315	0.160463483055272	1.3970068602832	1.39700685657362	0.19706709152848	0.0644082277384123	0.197067091528485	0.1604634831837	0.0644082277519819	0.00762922587806348	0.0644082277519831	1.39700685657366	0.197067091528485	0.0644082277384135	0.197067091528487
1	5.18962553008495	1.25150264780033	5.18962553008505	5.18962550032025	1.363278646091	1.0661231918296	1.36327864609101	1.25150264758287	1.06612319179912	1.00126616681236	1.06612319179913	5.18962550032036	1.36327864609101	1.06612319182961	1.36327864609102	6.24999999999999	1.52306484897608	0.159144310825694	1.52306484897612	1.52306484248245	0.197075941747954	0.0643126031896188	0.197075941747956	0.159144311018647	0.064312603211173	0.0076144789219266	0.0643126032111741	1.5230648424825	0.197075941747957	0.06431260318962	0.197075941747962
1	5.54500210978748	1.24728737120283	5.54500210978757	5.5450020571428	1.36217570723458	1.06569496127724	1.36217570723461	1.24728737078273	1.06569496122439	1.00125744962372	1.06569496122439	5.54500205714289	1.36217570723461	1.06569496127724	1.3621757072346	6.24999999999999	1.63555299858099	0.15807309558538	1.63555299858103	1.63555298712194	0.197158662180148	0.0642268155260968	0.197158662180158	0.158073095880052	0.0642268155603819	0.00760113315269825	0.064226815560383	1.63555298712198	0.197158662180157	0.0642268155260979	0.197158662180156
1	5.86443734383581	1.2437139317445	5.8644373438359	5.86443724509332	1.3613043497112	1.06529659501482	1.36130434971121	1.24371393086404	1.06529659491504	1.00124934585617	1.06529659491505	5.86443724509341	1.36130434971121	1.06529659501482	1.36130434971122	6.24999999999999	1.73712910943469	0.157189032483995	1.73712910943473	1.73712908823936	0.197289448553286	0.0641481730787468	0.197289448553289	0.157189032977228	0.0641481731395286	0.00758894758977074	0.0641481731395298	1.7371290882394	0.197289448553289	0.0641481730787479	0.197289448553294
1	6.15449790168344	1.24065040885574	6.15449790168352	6.15449771847338	1.36060431836859	1.06492393431167	1.36060431836861	1.24065040715353	1.06492393412805	1.00124179683135	1.06492393412805	6.15449771847347	1.36060431836861	1.06492393431167	1.36060431836861	6.24999999999999	1.82979208128647	0.156453158475992	1.82979208128651	1.82979204199916	0.197452186213174	0.0640753767914734	0.197452186213182	0.156453159287713	0.0640753768948008	0.00757780059004331	0.064075376894802	1.8297920419992	0.197452186213182	0.0640753767914746	0.197452186213182
1	6.42054498990856	1.23800187366002	6.42054498990865	6.42054464153742	1.36003235747095	1.06457372110444	1.36003235747096	1.23800187026097	1.06457372075462	1.00123474972298	1.06457372075462	6.42054464153751	1.36003235747096	1.06457372110444	1.36003235747097	6.24999999999999	1.91517050177899	0.155838040610443	1.91517050177903	1.91517042748758	0.197636201973475	0.0640076759196211	0.19763620197348	0.155838041999976	0.0640076761035803	0.00756760921540064	0.0640076761035815	1.91517042748762	0.19763620197348	0.0640076759196222	0.197636201973483
1	6.66717829019557	1.23569572613381	6.66717829019564	6.66717761324414	1.35955569089887	1.0642429177009	1.35955569089887	1.23569571925562	1.06424291701871	1.00122814958587	1.06424291701871	6.66717761324423	1.35955569089887	1.0642429177009	1.35955569089889	6.24999999999999	1.99466757435891	0.155323265643408	1.99466757435894	1.99466743077338	0.197834329796973	0.0639445245581578	0.197834329796974	0.15532326809091	0.0639445248946734	0.00755830048003041	0.0639445248946745	1.99466743077341	0.197834329796973	0.063944524558159	0.197834329796981
1	6.89849326850279	1.23367452881753	6.89849326850287	6.89849192046643	1.35914855567216	1.06392844394815	1.35914855567217	1.23367451463721	1.06392844258333	1.00122193753215	1.06392844258333	6.89849192046651	1.35914855567217	1.06392844394815	1.35914855567218	6.24999999999999	2.06954368471517	0.154893275485071	2.06954368471521	2.06954340032219	0.19804187572734	0.0638854452424304	0.198041875727342	0.154893279925885	0.0638854458761008	0.00754980316463398	0.0638854458761019	2.06954340032223	0.198041875727342	0.0638854452424315	0.198041875727348
1	7.11826057248335	1.23189221359425	7.11826057248343	7.11825782473589	1.35878995761424	1.0636270756574	1.35878995761426	1.23189218387134	1.06362707286268	1.00121605096583	1.06362707286268	7.11825782473597	1.35878995761426	1.0636270756574	1.35878995761426	6.24999999999999	2.14097314455697	0.154536273527058	2.140973144557	2.14097256749107	0.198255964536699	0.0638299820169146	0.198255964536706	0.154536281795477	0.0638299832385515	0.00754204830144833	0.0638299832385527	2.14097256749111	0.198255964536706	0.0638299820169158	0.198255964536707
1	7.33008118355523	1.23031193922536	7.3300811835553	7.33007543582016	1.35846195601233	1.06333538793211	1.35846195601233	1.23031187555178	1.06333538205822	1.00121042409053	1.06333538205822	7.33007543582023	1.35846195601233	1.06333538793211	1.35846195601235	6.24999999999999	2.21009328122042	0.154243680697819	2.21009328122046	2.21009207924363	0.198475089545435	0.0637776928371569	0.198475089545435	0.154243696528575	0.0637776952566916	0.00753497296945743	0.0637776952566928	2.21009207924367	0.198475089545435	0.0637776928371581	0.198475089545443
1	7.53754897610035	1.22890493116319	7.53754897610042	7.53753663832546	1.3581480770713	1.06304968316721	1.35814807707132	1.22890479181811	1.06304967050188	1.00120498783918	1.06304967050188	7.53753663832553	1.35814807707132	1.06304968316721	1.35814807707132	6.24999999999999	2.2780567661082	0.154009960378403	2.27805676610824	2.27805419509389	0.19869877578835	0.0637281598767603	0.198698775788357	0.15400999147874	0.0637281647844912	0.00752852560887306	0.0637281647844924	2.27805419509393	0.198698775788356	0.0637281598767615	0.198698775788358
1	7.74444746532976	1.22765010823091	7.74444746532983	7.74442018055188	1.35783158153563	1.06276586776806	1.35783158153563	1.22764979484154	1.06276583963101	1.00119966881335	1.06276583963101	7.74442018055195	1.35783158153563	1.06276586776807	1.35783158153565	6.24999999999999	2.3460964908743	0.153832790173563	2.34609649087434	2.34609082462146	0.198927312506879	0.0636810112224461	0.19892731250688	0.153832853097985	0.0636810214704176	0.00752267334901053	0.0636810214704188	2.3460908246215	0.19892731250688	0.0636810112224473	0.198927312506887
1	7.95501410917691	1.22653464584824	7.95501410917697	7.95495173730809	1.35749317665591	1.06247924143306	1.35749317665591	1.22653391915811	1.06247917682552	1.00119438685915	1.06247917682552	7.95495173730816	1.35749317665591	1.06247924143306	1.35749317665593	6.24999999999999	2.41561474570264	0.153713699061829	2.41561474570267	2.4156018345022	0.199161496661759	0.0636359568395778	0.199161496661759	0.153713830405349	0.0636359788980792	0.00751741252956392	0.0636359788980803	2.41560183450224	0.199161496661759	0.0636359568395789	0.199161496661767
1	8.1743508429265	1.22555641047901	8.17435084292656	8.17415242168352	1.35710747147335	1.06218417823787	1.35710747147337	1.22555387196841	1.06218396855474	1.00118905075758	1.06218396855474	8.17415242168358	1.35710747147337	1.06218417823787	1.35710747147337	6.24999999999999	2.4883198258571	0.15365939363322	2.48831982585713	2.48828082319582	0.199402294535184	0.063592837613399	0.199402294535191	0.153659819386593	0.0635929183563008	0.0075127864049851	0.0635929183563019	2.48828082319586	0.199402294535191	0.0635928376134002	0.199402294535192
1	8.40903082257264	1.22472864592182	8.40903082257269	8.40840142015701	1.35663667883894	1.0618735539254	1.35663667883896	1.22472058434168	1.06187288870465	1.00118355087052	1.06187288870465	8.40840142015706	1.35663667883896	1.0618735539254	1.35663667883896	6.24999999999999	2.566438263594	0.153684623811447	2.56643826359404	2.56631481495171	0.199650204628548	0.063551767171716	0.199650204628555	0.153685864711285	0.0635520077363075	0.00750891810063898	0.0635520077363086	2.56631481495174	0.199650204628555	0.0635517671717172	0.199650204628556
1	8.66812220382542	1.22409069413099	8.66812220382547	8.66630450992377	1.35601850900737	1.06153783183763	1.35601850900737	1.2240687229687	1.0615359618063	1.00117774717389	1.0615359618063	8.66630450992382	1.35601850900737	1.06153783183763	1.35601850900739	6.24999999999999	2.65307150891314	0.153817779295299	2.65307150891318	2.65270662041982	0.199903854113332	0.0635134070723222	0.199903854113333	0.153821015902483	0.0635140086303769	0.00750607569550827	0.063514008630378	2.65270662041986	0.199903854113333	0.0635134070723233	0.19990385411334
1	8.96537780913103	1.22373805695085	8.96537780913108	8.95964403791553	1.35513897945372	1.06116378099989	1.35513897945372	1.22366890728835	1.06115786466268	1.00117144309503	1.06115786466268	8.95964403791558	1.35513897945372	1.06116378099989	1.35513897945374	6.24999999999999	2.75289048711508	0.154111699052368	2.75289048711512	2.75174150703216	0.20015621260966	0.0634793410711633	0.20015621260966	0.154120984736623	0.0634810746009689	0.00750480347158091	0.06348107460097	2.75174150703219	0.20015621260966	0.0634793410711644	0.200156212609668
1	9.32385564217801	1.22389424606512	9.32385564217805	9.3038998119914	1.35377093349646	1.06073299367738	1.35377093349647	1.22365404523826	1.06071227113362	1.00116433593568	1.06071227113362	9.30389981199145	1.35377093349647	1.06073299367738	1.35377093349648	6.24999999999999	2.87354504245531	0.154667231418683	2.87354504245535	2.86956539895599	0.200384818281588	0.0634532054259953	0.200384818281592	0.154696773049605	0.0634586574223887	0.00750621863067603	0.0634586574223898	2.86956539895602	0.200384818281592	0.0634532054259965	0.200384818281596
1	9.79002787347373	1.22514758643201	9.79002787347377	9.71100029148738	1.3514156635316	1.06022510338102	1.3514156635316	1.22420646636234	1.0601423520858	1.00115588296779	1.06014235208581	9.71100029148741	1.35141566353159	1.06022510338102	1.35141566353162	6.24999999999999	3.02926768110313	0.155678738168245	3.02926768110316	3.01360807256492	0.200523247324252	0.0634422916914236	0.20052324732425	0.155788128281553	0.0634612658160573	0.00751267501426635	0.0634612658160583	3.01360807256496	0.20052324732425	0.0634422916914247	0.20052324732426
1	10.4968142438365	1.22943186777013	10.4968142438365	10.1230845908564	1.34685831248904	1.05966891690793	1.34685831248905	1.22510261266951	1.05927217852007	1.00114492940257	1.05927217852007	10.1230845908564	1.34685831248905	1.05966891690793	1.34685831248906	6.24999999999999	3.25382803006286	0.157480158057996	3.25382803006289	3.18049834751569	0.20036774469094	0.0634567768878665	0.200367744690944	0.158001785683599	0.0635323163729082	0.00752929186893943	0.0635323163729093	3.18049834751572	0.200367744690944	0.0634567768878677	0.200367744690948
1	12.0199408976211	1.24555352812918	12.0199408976211	9.86463710688297	1.33558082610917	1.05958474812584	1.33558082610918	1.22221330641203	1.0572415216177	1.00112927704956	1.0572415216177	9.86463710688299	1.33558082610918	1.05958474812584	1.33558082610919	6.24999999999999	3.65598298636851	0.160261729181274	3.65598298636854	3.23441841229266	0.198789545943777	0.0634722073569503	0.19878954594378	0.163764970834978	0.0637971180899929	0.0075682359867982	0.0637971180899941	3.23441841229269	0.19878954594378	0.0634722073569514	0.198789545943784
1	14.0575517628131	1.28096820180605	14.0575517628132	7.43969495447852	1.29987425979367	1.05983119814237	1.29987425979367	1.21440418444969	1.05283988546439	1.00109737076833	1.05283988546439	7.43969495447857	1.29987425979367	1.05983119814238	1.29987425979369	6.24999999999999	4.16565838955843	0.168170105001047	4.16565838955846	2.61581625458439	0.190501908688794	0.0640248240330742	0.190501908688795	0.172878620722099	0.0637655544303824	0.00765550080096658	0.0637655544303836	2.61581625458443	0.190501908688794	0.0640248240330753	0.190501908688801
1	14.0923148432513	1.30454111178391	14.0923148432513	5.83515264434939	1.28043342901539	1.05920486455811	1.2804334290154	1.19767017040293	1.05169413608996	1.00106516403884	1.05169413608996	5.83515264434946	1.2804334290154	1.05920486455811	1.2804334290154	6.24999999999999	4.32582695388182	0.182298539987016	4.32582695388185	1.99052951391106	0.186963019874809	0.0656939266740175	0.186963019874814	0.161371280444372	0.0638309713023748	0.00776176633436637	0.063830971302376	1.9905295139111	0.186963019874813	0.0656939266740186	0.186963019874816
1	14.0253347941255	1.32082176959206	14.0253347941255	4.46662920111766	1.27058707703428	1.05879092101962	1.27058707703428	1.19734668108302	1.05233163270507	1.00106767241228	1.05233163270507	4.46662920111775	1.27058707703428	1.05879092101962	1.27058707703429	6.24999999999999	4.35230969663605	0.189823980659405	4.35230969663607	1.47881504302728	0.183557832387275	0.0659794644473008	0.183557832387277	0.158179268377013	0.0641020675248054	0.00781919828791617	0.0641020675248065	1.47881504302732	0.183557832387277	0.065979464447302	0.183557832387281
1	14.0098532494426	1.33468177762415	14.0098532494425	3.3980436358893	1.26322325702495	1.05851546812685	1.26322325702497	1.20218488156163	1.05308475302613	1.00107627157527	1.05308475302613	3.39804363588938	1.26322325702497	1.05851546812685	1.26322325702497	6.24999999999999	4.35830058219776	0.194942997568905	4.35830058219778	1.09184106523686	0.180512283325959	0.0659219516992582	0.180512283325965	0.158630738603102	0.0643927171497799	0.0078583884194134	0.0643927171497811	1.0918410652369	0.180512283325965	0.0659219516992593	0.180512283325966
1	14.0029272748558	1.34626784268345	14.0029272748558	2.72369064356746	1.2580507399229	1.05832289007939	1.2580507399229	1.20725859346881	1.05370120019848	1.00108357911087	1.05370120019849	2.72369064356753	1.2580507399229	1.0583228900794	1.25805073992291	6.24999999999999	4.36016799866874	0.198964012715757	4.36016799866876	0.84757436671626	0.178422169611749	0.0658640691678532	0.178422169611751	0.160003410033877	0.0646997328362719	0.00789097089930304	0.064699732836273	0.847574366716292	0.178422169611751	0.0658640691678543	0.178422169611755
1	13.9980025257463	1.35436489250747	13.9980025257462	2.39085743781313	1.25502040676365	1.05821255596292	1.25502040676364	1.21085450276345	1.05411227218178	1.00108836052782	1.05411227218179	2.39085743781319	1.25502040676364	1.05821255596292	1.25502040676366	6.24999999999999	4.3607653114073	0.201722772212705	4.36076531140732	0.725267513774842	0.177266975682528	0.065844382058119	0.177266975682528	0.161234759451456	0.0649484105079957	0.00791456706946095	0.0649484105079968	0.725267513774869	0.177266975682528	0.0658443820581201	0.177266975682534
1	13.9951470107611	1.35876678767324	13.9951470107611	2.25192399368833	1.25356122794746	1.05815991436509	1.25356122794747	1.21273808216152	1.05432356632684	1.00109076745558	1.05432356632684	2.25192399368838	1.25356122794747	1.0581599143651	1.25356122794747	6.24999999999999	4.36094682764717	0.203211578453077	4.3609468276472	0.673514811944096	0.176734797808614	0.0658405343569682	0.176734797808619	0.161942412089837	0.0650890174233114	0.0079272899185225	0.0650890174233125	0.673514811944121	0.176734797808619	0.0658405343569693	0.17673479780862
1	13.9938368988115	1.36073298858513	13.9938368988115	2.19831366424751	1.25294999181633	1.05813755409586	1.25294999181633	1.21354980762541	1.05441364868002	1.00109177736144	1.05441364868002	2.19831366424756	1.25294999181633	1.05813755409587	1.25294999181634	6.24999999999999	4.36100409639386	0.203874432143832	4.36100409639388	0.653393386439677	0.176516775936526	0.0658398514134996	0.176516775936526	0.162258775973048	0.065151447762064	0.00793282162127021	0.0651514477620651	0.653393386439702	0.176516775936525	0.0658398514135007	0.176516775936532
1	13.9933079807444	1.36152009484619	13.9933079807444	2.17825744311784	1.25271234879222	1.0581287285042	1.25271234879223	1.21386777751602	1.05444871404527	1.00109216685076	1.05444871404527	2.17825744311789	1.25271234879223	1.0581287285042	1.25271234879223	6.24999999999999	4.36102353243599	0.204139421097407	4.36102353243602	0.64584094881518	0.176432784030599	0.0658396808007276	0.176432784030602	0.162384459890533	0.0651761503562803	0.00793499066140636	0.0651761503562815	0.645840948815204	0.176432784030602	0.0658396808007287	0.176432784030605
1	13.9931061818674	1.36181953759932	13.9931061818674	2.17084024064616	1.25262303260908	1.05812538210873	1.25262303260909	1.21398747610363	1.05446187384727	1.00109231238225	1.05446187384728	2.17084024064621	1.25262303260909	1.05812538210873	1.2526230326091	6.25	4.361030451277	0.204240178700491	4.36103045127702	0.643044302674903	0.176401326934131	0.0658396238357507	0.176401326934135	0.162432023427091	0.0651854804156539	0.00793580688528289	0.065185480415655	0.643044302674926	0.176401326934135	0.0658396238357518	0.176401326934137
1	13.9930309478198	1.36193103781973	13.9930309478198	2.16810882633709	1.25258993312037	1.05812413728676	1.25258993312036	1.21403184911298	1.05446674613285	1.0010923661638	1.05446674613285	2.16810882633714	1.25258993312036	1.05812413728676	1.25258993312038	6.25	4.36103296266574	0.204277689437857	4.36103296266577	0.642013926357651	0.176389684437122	0.0658396032915457	0.17638968443712	0.162449689729572	0.0651889430368028	0.00793610926102972	0.0651889430368039	0.642013926357675	0.176389684437119	0.0658396032915469	0.176389684437128
1	12.9194466066563	2.89887669753155	12.9194466066563	1.33802356662121	1.16702588087669	1.0447600763891	1.1670258808767	1.08103294530656	1.03414452539699	1.00079670197006	1.03414452539699	1.33802356662122	1.16702588087669	1.0447600763891	1.1670258808767	6.25	4.58641078006448	0.685073318815044	4.5864107800645	0.382719432101843	0.1734225543773	0.0700081493715792	0.173422554377304	0.125008019200927	0.0655139608416964	0.00859592682716241	0.0655139608416975	0.382719432101852	0.173422554377304	0.0700081493715803	0.173422554377306
1	12.4464911227521	4.30183169676701	12.4464911227521	1.25241471364301	1.13974440150408	1.0396765085088	1.13974440150408	1.07079380315192	1.02968517133061	1.00070248534674	1.02968517133061	1.25241471364302	1.13974440150408	1.0396765085088	1.13974440150408	6.25	4.59632075591962	1.09608716630078	4.59632075591964	0.331954354694936	0.16290260938134	0.0682449158230324	0.162902609381343	0.119192220724665	0.0628560772231022	0.00834517220856168	0.0628560772231032	0.331954354694944	0.162902609381342	0.0682449158230335	0.162902609381345
1	12.1376982259836	5.12878326705967	12.1376982259835	1.21286128800531	1.12338210469511	1.03612243734317	1.12338210469512	1.06450803135302	1.026883262391	1.00064022674785	1.026883262391	1.21286128800531	1.12338210469512	1.03612243734317	1.12338210469512	6.25	4.60211858020438	1.3532673924653	4.6021185802044	0.307261234210988	0.155949407409744	0.0666528022157334	0.155949407409747	0.115526739620284	0.061015901686625	0.00814787234810263	0.061015901686626	0.307261234210995	0.155949407409747	0.0666528022157344	0.155949407409748
1	11.9320644668979	5.54398489330433	11.9320644668978	1.19182136285108	1.11381711530386	1.03392955785587	1.11381711530386	1.06076115095478	1.02519643066069	1.00060225600244	1.02519643066069	1.19182136285109	1.11381711530386	1.03392955785587	1.11381711530386	6.25	4.60582117220589	1.4936424053634	4.60582117220592	0.293529034481605	0.151712417128416	0.0656216020465785	0.151712417128419	0.113269199036038	0.0598588714563755	0.00802200792297638	0.0598588714563765	0.293529034481611	0.151712417128418	0.0656216020465795	0.15171241712842
1	11.8123272843793	5.74213038696345	11.8123272843792	1.18114016289462	1.10870253004951	1.03272250338251	1.10870253004951	1.05874289379324	1.02427940823986	1.00058145508081	1.02427940823987	1.18114016289463	1.10870253004951	1.03272250338252	1.10870253004952	6.25	4.60792794997624	1.56531734443888	4.60792794997626	0.286356219792415	0.149390284762525	0.0650406997689843	0.149390284762528	0.112026607243192	0.0592131483553833	0.00795138187099213	0.0592131483553842	0.286356219792421	0.149390284762527	0.0650406997689851	0.149390284762529
1	11.7483765399866	5.8363433710585	11.7483765399865	1.17586104549786	1.1060999642009	1.03209844457414	1.1060999642009	1.05771344927551	1.02380843983977	1.00057072183226	1.02380843983977	1.17586104549786	1.1060999642009	1.03209844457414	1.1060999642009	6.25	4.60903939026485	1.60091046001511	4.60903939026487	0.282755517546034	0.148192697160185	0.0647367089450109	0.148192697160188	0.111384984843902	0.0588765326332869	0.00791444414958444	0.0588765326332879	0.28275551754604	0.148192697160188	0.0647367089450119	0.14819269716019
1	11.7157547529008	5.88150403227972	11.7157547529008	1.17327648590683	1.10480587393104	1.03178553680547	1.10480587393104	1.05720120737192	1.0235731037263	1.00056534444625	1.0235731037263	1.17327648590683	1.10480587393104	1.03178553680547	1.10480587393104	6.25	4.60960278095466	1.61839512407608	4.60960278095468	0.280978645395892	0.147593102043681	0.064583340664764	0.147593102043683	0.111063663106321	0.0587069958972882	0.00789580508969008	0.0587069958972889	0.280978645395897	0.147593102043683	0.0645833406647649	0.147593102043685
1	11.6994946864111	5.90331025614746	11.699494686411	1.17201486826346	1.1041691511297	1.03163092489332	1.1041691511297	1.0569491176845	1.02345702257312	1.00056268836071	1.02345702257312	1.17201486826347	1.1041691511297	1.03163092489332	1.10416915112971	6.25	4.60988271444803	1.62694700750711	4.60988271444805	0.280107868598654	0.147297072446297	0.0645073245526052	0.147297072446299	0.110905017555617	0.0586230337229302	0.00788656456553106	0.0586230337229311	0.28010786859866	0.147297072446299	0.0645073245526061	0.147297072446301
1	11.69148199442	5.91388707991684	11.69148199442	1.17139960300639	1.10385740019733	1.03155506424478	1.10385740019733	1.05682568176022	1.02340011606132	1.00056138535491	1.02340011606132	1.17139960300639	1.10385740019733	1.03155506424478	1.10385740019734	6.25	4.61002044667206	1.63112204585444	4.61002044667208	0.279682387423725	0.147151885737079	0.0644699700846164	0.147151885737081	0.11082721197665	0.0585817903867515	0.0078820231346533	0.0585817903867525	0.279682387423731	0.14715188573708	0.0644699700846174	0.147151885737083
1	11.6875555065005	5.91902975512203	11.6875555065005	1.17109964478469	1.10370511555435	1.031517969146	1.10370511555435	1.05676538407813	1.02337230111326	1.00056074824633	1.02337230111327	1.17109964478469	1.10370511555435	1.031517969146	1.10370511555435	6.25	4.61008788861276	1.63315859890762	4.61008788861278	0.279474757971143	0.147080905905755	0.0644516904106567	0.147080905905758	0.110789174474831	0.0585616114286769	0.00787980053867725	0.0585616114286779	0.279474757971149	0.147080905905757	0.0644516904106577	0.147080905905759
1	11.6856366485284	5.92153335658945	11.6856366485284	1.17095342440024	1.10363081019934	1.03149985983956	1.10363081019934	1.05673596230322	1.02335872505778	1.00056043722995	1.02335872505778	1.17095342440024	1.10363081019934	1.03149985983956	1.10363081019935	6.25	4.61012083491261	1.63415162571971	4.61012083491264	0.279373498336784	0.147046258178079	0.0644427632537529	0.147046258178081	0.110770607222552	0.0585517576199808	0.00787871506456181	0.0585517576199818	0.27937349833679	0.14704625817808	0.0644427632537539	0.147046258178083
1	11.6847001608483	5.92275294126954	11.6847001608483	1.170882149953	1.10359457340182	1.03149102620054	1.10359457340182	1.05672161400294	1.02335210338812	1.00056028552006	1.02335210338812	1.170882149953	1.10359457340182	1.03149102620054	1.10359457340182	6.25	4.61013691123889	1.63463573687062	4.61013691123891	0.279324128695353	0.147029358040295	0.0644384078455802	0.147029358040296	0.110761550709833	0.0585469503259558	0.007878185480967	0.0585469503259569	0.279324128695359	0.147029358040296	0.0644384078455812	0.147029358040299
1	11.6842434105753	5.92334722268047	11.6842434105753	1.17084740831401	1.10357690628235	1.03148671886843	1.10357690628235	1.05671461852777	1.02334887478413	1.00056021154624	1.02334887478413	1.17084740831401	1.10357690628235	1.03148671886843	1.10357690628236	6.25	4.6101447514001	1.63487172494483	4.61014475140012	0.279300061580092	0.147021117645476	0.0644362839383051	0.147021117645477	0.11075713482623	0.0585446061077487	0.00787792721226594	0.0585446061077497	0.279300061580098	0.147021117645476	0.0644362839383061	0.14702111764548
1	11.684020711807	5.92363684881135	11.6840207118069	1.17083047420435	1.10356829384	1.0314846189875	1.10356829384	1.05671120834065	1.02334730083518	1.00056017548257	1.02334730083518	1.17083047420435	1.10356829384	1.0314846189875	1.10356829384001	6.25	4.6101485738798	1.63498675625108	4.61014857387983	0.279288329923988	0.147017100394087	0.0644352484614548	0.147017100394089	0.110754982053622	0.058543463233654	0.00787780135986662	0.058543463233655	0.279288329923993	0.147017100394089	0.0644352484614557	0.147017100394091
1	11.6839121468462	5.92377800999774	11.6839121468462	1.17082222005473	1.10356409567071	1.03148359536257	1.10356409567071	1.05670954603057	1.02334653359432	1.0005601579036	1.02334653359432	1.17082222005474	1.10356409567072	1.03148359536257	1.10356409567072	6.25	4.61015043728748	1.63504282654313	4.6101504372875	0.279282611443985	0.14701514212414	0.0644347436890835	0.147015142124141	0.110753932653314	0.0585429061104917	0.00787773991779503	0.0585429061104927	0.279282611443991	0.147015142124141	0.0644347436890845	0.147015142124144
1	11.6838592257525	5.92384681316986	11.6838592257524	1.17081819676522	1.10356204931819	1.03148309640059	1.1035620493182	1.05670873575528	1.02334615960788	1.00056014933396	1.02334615960788	1.17081819676523	1.1035620493182	1.0314830964006	1.1035620493182	6.25	4.61015134561516	1.63507015688704	4.61015134561518	0.279279824071073	0.147014187575779	0.0644344976372263	0.147014187575781	0.110753421128263	0.0585426345406899	0.00787771005659191	0.0585426345406908	0.279279824071079	0.147014187575781	0.0644344976372274	0.147014187575784
1	11.6838334297758	5.92388034901282	11.6838334297757	1.17081623571024	1.10356105186039	1.03148285318885	1.1035610518604	1.05670834080107	1.02334597731417	1.000560145157	1.02334597731417	1.17081623571024	1.1035610518604	1.03148285318885	1.1035610518604	6.25	4.61015178837022	1.63508347844987	4.61015178837024	0.279278465425268	0.147013722295793	0.0644343777022437	0.147013722295796	0.110753171793351	0.0585425021675101	0.00787769548168189	0.0585425021675111	0.279278465425273	0.147013722295795	0.0644343777022448	0.147013722295797
1	11.6838208559501	5.92389669509532	11.6838208559501	1.17081527984212	1.10356056567096	1.03148273464011	1.10356056567096	1.05670814828907	1.02334588845882	1.0005601431217	1.02334588845882	1.17081527984212	1.10356056567096	1.03148273464011	1.10356056567096	6.25	4.61015200418338	1.63508997173085	4.6101520041834	0.279277803184766	0.147013495504476	0.0644343192422233	0.147013495504478	0.110753050260594	0.0585424376448654	0.0078776883062253	0.0585424376448664	0.279277803184771	0.147013495504477	0.0644343192422242	0.14701349550448
1	11.6838147271018	5.92390466255847	11.6838147271017	1.17081481392774	1.10356032868918	1.03148267685617	1.10356032868918	1.05670805445363	1.02334584514831	1.00056014212806	1.02334584514831	1.17081481392774	1.10356032868918	1.03148267685618	1.10356032868919	6.25	4.61015210937688	1.63509313672371	4.6101521093769	0.279277480391374	0.14701338496006	0.0644342907470552	0.147013384960063	0.110752991021025	0.0585424061943424	0.00787768497397067	0.0585424061943433	0.27927748039138	0.147013384960062	0.0644342907470562	0.147013384960064
1	11.6838117397329	5.9239085460912	11.6838117397329	1.17081458682929	1.10356021317809	1.03148264869076	1.10356021317809	1.05670800871571	1.02334582403762	1.00056014164523	1.02334582403762	1.1708145868293	1.10356021317809	1.03148264869076	1.10356021317809	6.25	4.61015216065103	1.63509467942134	4.61015216065106	0.279277323053679	0.147013331077885	0.0644342768578434	0.147013331077887	0.110752962147194	0.0585423908648854	0.00787768319348723	0.0585423908648864	0.279277323053685	0.147013331077887	0.0644342768578443	0.147013331077889
1	11.6838102836101	5.92391043902249	11.6838102836101	1.17081447613579	1.10356015687503	1.0314826349622	1.10356015687503	1.05670798642189	1.02334581374772	1.00056014140986	1.02334581374772	1.17081447613579	1.10356015687503	1.03148263496221	1.10356015687504	6.25	4.61015218564341	1.63509543137179	4.61015218564343	0.279277246363305	0.14701330481434	0.0644342700878865	0.147013304814342	0.110752948073335	0.0585423833928864	0.0078776823285611	0.0585423833928874	0.279277246363311	0.147013304814342	0.0644342700878875	0.147013304814344
1	11.6838095738584	5.92391136168519	11.6838095738584	1.17081442218096	1.10356012943147	1.03148262827056	1.10356012943148	1.05670797555532	1.02334580873216	1.00056014129484	1.02334580873216	1.17081442218096	1.10356012943148	1.03148262827056	1.10356012943148	6.25	4.61015219782534	1.63509579789167	4.61015219782536	0.279277208982442	0.14701329201279	0.0644342667880151	0.147013292012794	0.11075294121316	0.0585423797507745	0.00787768193723518	0.0585423797507754	0.279277208982448	0.147013292012793	0.0644342667880161	0.147013292012794
1	11.6838092279072	5.92391181141396	11.6838092279071	1.17081439588199	1.10356011605478	1.03148262500887	1.10356011605479	1.05670797025867	1.02334580628745	1.000560141239	1.02334580628745	1.170814395882	1.10356011605479	1.03148262500888	1.10356011605479	6.25	4.61015220376312	1.63509597654267	4.61015220376314	0.279277190762061	0.147013285773	0.0644342651795862	0.147013285773004	0.110752937869493	0.0585423779755697	0.00787768172396788	0.0585423779755707	0.279277190762067	0.147013285773003	0.0644342651795872	0.147013285773004
1	11.6838090592821	5.92391203062344	11.6838090592821	1.17081438306322	1.10356010953465	1.03148262341905	1.10356010953465	1.05670796767696	1.02334580509583	1.00056014121149	1.02334580509583	1.17081438306322	1.10356010953465	1.03148262341905	1.10356010953465	6.25	4.61015220665734	1.63509606362176	4.61015220665736	0.27927718188098	0.147013282731552	0.0644342643955794	0.147013282731554	0.110752936239497	0.0585423771102208	0.00787768164984111	0.0585423771102218	0.279277181880985	0.147013282731554	0.0644342643955803	0.147013282731556
