1	1.20740143013707	1.26110976043696	1.20740143013707	1.19105662886828	1.39947814167217	1.42104311645483	1.39947814167217	1.36776223189059	1.4087195833021	1.43589257328549	1.4087195833021	1.19105662886828	1.39947814167217	1.42104311645483	1.39947814167217	1.07481703307383	0.839293280750504	0.653919629693987	0.839293280750506	0.83345268064795	0.859373482642862	0.704842034968433	0.859373482642862	0.836224134318775	0.700158592368491	0.617805128487103	0.700158592368492	0.833452680647952	0.859373482642862	0.704842034968434	0.859373482642865
1	1.24970173851993	1.30277607699746	1.24970173851993	1.23482952624728	1.48471765412174	1.49244495188614	1.48471765412173	1.44943717009438	1.48029207768315	1.50194268051132	1.48029207768315	1.23482952624727	1.48471765412173	1.49244495188614	1.48471765412173	1.13633918634613	0.868404132173695	0.660814423970151	0.868404132173698	0.863356389705561	0.899406801981278	0.717496991225133	0.899406801981278	0.869151417953633	0.712695055616274	0.622039841722664	0.712695055616275	0.863356389705564	0.899406801981278	0.717496991225134	0.899406801981281
1	1.28141914679311	1.32947803627903	1.28141914679311	1.2678324214213	1.54995638114182	1.53824677938892	1.54995638114182	1.509687425942	1.5265361159125	1.54114540986572	1.5265361159125	1.26783242142129	1.54995638114182	1.53824677938892	1.54995638114182	1.18670926522493	0.893758590346001	0.669853828721978	0.893758590346004	0.889258184976202	0.936791358421922	0.731565954615147	0.936791358421922	0.900642931864255	0.727035165097124	0.630418174516085	0.727035165097125	0.889258184976205	0.936791358421922	0.731565954615148	0.936791358421924
1	1.30536863894313	1.34740742251356	1.30536863894312	1.29219254906796	1.60061623547145	1.56883352108828	1.60061623547145	1.55452135383682	1.55737039562238	1.56584550786972	1.55737039562238	1.29219254906795	1.60061623547145	1.56883352108828	1.60061623547145	1.22794879783627	0.91550924125616	0.679396388657401	0.915509241256163	0.911257857362296	0.970326119319417	0.745069572475227	0.970326119319417	0.929455038796151	0.740949392566964	0.639736951172815	0.740949392566965	0.9112578573623	0.970326119319417	0.745069572475229	0.97032611931942
1	1.32357030778464	1.36007076943239	1.32357030778464	1.30992747178108	1.64041681078528	1.59006270107503	1.64041681078527	1.58838710773782	1.57859227492565	1.58232640297767	1.57859227492565	1.30992747178108	1.64041681078527	1.59006270107503	1.64041681078527	1.2617128714277	0.933963497892964	0.688656142585656	0.933963497892968	0.929619636368558	0.999591612642341	0.757207231500143	0.99959161264234	0.95503324654872	0.753514256658734	0.648653419082757	0.753514256658736	0.929619636368562	0.99959161264234	0.757207231500145	0.999591612642343
1	1.33749837509741	1.36948191175887	1.33749837509741	1.32270419676315	1.67191769684344	1.60529036674828	1.67191769684343	1.61435875508252	1.5936058163345	1.59386908017227	1.5936058163345	1.32270419676315	1.67191769684343	1.60529036674828	1.67191769684343	1.28935655682441	0.94950171644636	0.697280646482957	0.949501716446364	0.944732770975004	1.02462057731634	0.767760709736466	1.02462057731634	0.977273536048437	0.764454017622225	0.656679461603135	0.764454017622226	0.944732770975008	1.02462057731634	0.767760709736467	1.02462057731634
1	1.34823405513326	1.37681330541359	1.34823405513326	1.33182751771424	1.69693768844192	1.61651252136596	1.69693768844192	1.63454303455458	1.60447540837372	1.6022782179591	1.60447540837372	1.33182751771424	1.69693768844192	1.61651252136596	1.69693768844192	1.31198929218628	0.962518270481558	0.705133261468841	0.962518270481562	0.957038575724685	1.04569700570439	0.776775274783988	1.04569700570439	0.996326716555416	0.77379203241041	0.663698519432529	0.773792032410412	0.957038575724688	1.04569700570439	0.776775274783989	1.0456970057044
1	1.35657347748536	1.38275833783603	1.35657347748536	1.33828926145236	1.7168244596447	1.62497180316676	1.7168244596447	1.65040287826734	1.61250454700738	1.60860847621796	1.61250454700738	1.33828926145235	1.7168244596447	1.62497180316676	1.7168244596447	1.33051940865352	0.973387212112835	0.712183530036456	0.973387212112839	0.966976323101843	1.06322940915088	0.784401349435668	1.06322940915089	1.01247157688581	0.781675319736144	0.669747257901541	0.781675319736146	0.966976323101847	1.06322940915089	0.784401349435669	1.06322940915089
1	1.36310483944011	1.38773395671271	1.36310483944011	1.34282928799743	1.73261458989949	1.63147572513586	1.73261458989949	1.66297544669244	1.6185469309794	1.61351109720608	1.6185469309794	1.34282928799743	1.73261458989949	1.63147572513586	1.73261458989949	1.34569058486329	0.982445570704507	0.718452986399706	0.982445570704511	0.974951470188776	1.07767168024599	0.790819736787926	1.07767168024599	1.02603855302301	0.788290037383264	0.674919200147573	0.788290037383266	0.974951470188779	1.07767168024599	0.790819736787928	1.07767168024599
1	1.36826393245349	1.39199547262823	1.36826393245349	1.34599204834538	1.74512654211263	1.63656729475362	1.74512654211263	1.67301226597277	1.62317736777403	1.61740559336185	1.62317736777403	1.34599204834538	1.74512654211263	1.63656729475362	1.74512654211262	1.35811169338683	0.98998758355336	0.723988256181624	0.989987583553363	0.981320856927965	1.0894749751902	0.79620820028271	1.08947497519021	1.03736574048998	0.793822723699426	0.679322864515	0.793822723699428	0.981320856927968	1.08947497519021	0.796208200282712	1.08947497519021
1	1.37237448037115	1.39570274124438	1.37237448037115	1.34817401691727	1.75501622173374	1.64062082362714	1.75501622173374	1.68106900090523	1.62679023997809	1.62057023071967	1.62679023997809	1.34817401691727	1.75501622173374	1.64062082362714	1.75501622173373	1.36828123692254	0.996265033040032	0.728847361770824	0.996265033040035	0.986388785877015	1.09906018570906	0.800727952416392	1.09906018570906	1.0467747767456	0.79844402192904	0.683064121068578	0.798444021929041	0.986388785877019	1.09906018570906	0.800727952416393	1.09906018570906
1	1.37567768709629	1.39895895990101	1.37567768709628	1.34966151838927	1.76281256071613	1.64389892170964	1.76281256071613	1.68756388509421	1.62965952918168	1.62319330301827	1.62965952918168	1.34966151838927	1.76281256071613	1.64389892170964	1.76281256071613	1.37660735496068	1.00149061280031	0.733092460703091	1.00149061280031	0.990409232122945	1.10680407671055	0.804519484511339	1.10680407671055	1.05455875700471	0.802303198830868	0.686239335048667	0.802303198830869	0.990409232122949	1.10680407671055	0.80451948451134	1.10680407671055
1	1.37835398556973	1.40183368776813	1.37835398556973	1.35065995699623	1.76894245240089	1.64658831932986	1.76894245240089	1.69281660825821	1.63197728896601	1.62540417653562	1.631977288966	1.35065995699623	1.76894245240089	1.64658831932986	1.76894245240089	1.38342420385339	1.00584251040691	0.736785812534091	1.00584251040691	0.993591025303994	1.11303426670443	0.807702607875649	1.11303426670443	1.06097734412558	0.805527657723958	0.688933302642456	0.80552765772396	0.993591025303998	1.11303426670443	0.807702607875651	1.11303426670443
1	1.3805390487299	1.40437655735358	1.3805390487299	1.35131591000411	1.77374970536349	1.64882335834593	1.77374970536349	1.69707482744509	1.63387922454042	1.62729303562137	1.63387922454042	1.35131591000411	1.77374970536349	1.64882335834593	1.77374970536349	1.38900536768154	1.00946921764257	0.739987477909507	1.00946921764257	0.996104043946744	1.11802964203851	0.81037823566786	1.11802964203851	1.06625609984199	0.808224609819997	0.691219301115748	0.808224609819999	0.996104043946748	1.11802964203851	0.810378235667861	1.11802964203851
1	1.38233557419146	1.40662542222455	1.38233557419146	1.35173352383878	1.77751025549643	1.65070184836022	1.77751025549643	1.70053258194848	1.63546205883853	1.62892381334191	1.63546205883853	1.35173352383877	1.77751025549643	1.65070184836022	1.77751025549643	1.39357483814586	1.01249406971911	0.742753983985439	1.01249406971912	0.998085435717351	1.12202384105763	0.812630748829656	1.12202384105764	1.07058815455462	0.810483510637957	0.693159984193356	0.810483510637958	0.998085435717354	1.12202384105764	0.812630748829657	1.12202384105764
1	1.38382191145791	1.40861111414625	1.38382191145791	1.35198654196482	1.78044471334667	1.65229593183773	1.78044471334667	1.70334338364028	1.63679546246511	1.6303427809332	1.63679546246511	1.35198654196482	1.78044471334667	1.65229593183773	1.78044471334666	1.39731600414032	1.01501930259418	0.74513761272846	1.01501930259418	0.999645299080035	1.12521021941208	0.814530402832636	1.12521021941209	1.07413709613822	0.812378623321001	0.694808590734984	0.812378623321003	0.999645299080039	1.12521021941209	0.814530402832637	1.12521021941209
1	1.38505837552609	1.41036016540141	1.38505837552609	1.35212701798284	1.78272879897636	1.65365959869169	1.78272879897635	1.70562965318129	1.637930272282	1.63158427813028	1.637930272282	1.35212701798284	1.78272879897635	1.65365959869169	1.78272879897635	1.40037901179225	1.01712957319635	0.747186066039362	1.01712957319635	1.00087163726992	1.12774729963544	0.816135550875472	1.12774729963544	1.07704033395294	0.813971421053394	0.696210188684557	0.813971421053395	1.00087163726992	1.12774729963544	0.816135550875474	1.12774729963544
1	1.38609185247455	1.41189630436177	1.38609185247454	1.35219158383415	1.78450200376638	1.65483390156527	1.78450200376638	1.70748965359295	1.63890415966554	1.63267452872616	1.63890415966554	1.35219158383415	1.78450200376638	1.65483390156527	1.78450200376638	1.40288679035362	1.01889494976981	0.748942398956003	1.01889494976982	1.00183456121808	1.12976410237003	0.817494603277859	1.12976410237003	1.07941254288025	0.815312713221367	0.697402841600649	0.815312713221369	1.00183456121809	1.12976410237003	0.81749460327786	1.12976410237003
1	1.38695915942283	1.41324123587806	1.38695915942283	1.35220593125775	1.78587473305375	1.6558505856416	1.78587473305375	1.70900266663803	1.63974553542115	1.63363417125429	1.63974553542115	1.35220593125775	1.78587473305375	1.6558505856416	1.78587473305375	1.4049399857835	1.02037342447821	0.750445126880277	1.02037342447821	1.00258977968701	1.1313650424809	0.818647707901597	1.13136504248091	1.08134893847024	0.816444472870905	0.698418657106497	0.816444472870907	1.00258977968702	1.13136504248091	0.818647707901599	1.13136504248091
1	1.38768949990146	1.4144150184158	1.38768949990145	1.3521880021897	1.78693414965206	1.65673462179201	1.78693414965206	1.71023291728726	1.64047623883201	1.6344799309615	1.64047623883201	1.3521880021897	1.78693414965206	1.65673462179201	1.78693414965206	1.40662100002374	1.02161300939492	0.751728445737587	1.02161300939493	1.003181460861	1.13263424746896	0.819628168946618	1.13263424746897	1.0829282608866	0.817401379357248	0.699284703468273	0.81740137935725	1.003181460861	1.13263424746897	0.819628168946619	1.13263424746897
1	1.38830626473545	1.41543622756384	1.38830626473544	1.3521502540592	1.78774891765752	1.65750598170129	1.78774891765752	1.71123259220791	1.64111339081951	1.63522572190494	1.64111339081951	1.3521502540592	1.78774891765752	1.65750598170129	1.78774891765751	1.40799729807826	1.02265347492407	0.752822522298593	1.02265347492407	1.00364455786593	1.13363926340231	0.820463633330123	1.13363926340231	1.08421541813797	0.818212105050572	0.700023799093361	0.818212105050573	1.00364455786593	1.13363926340231	0.820463633330124	1.13363926340231
1	1.38882836046272	1.41632201791346	1.38882836046272	1.35210126604322	1.78837302696451	1.65818088940013	1.7883730269645	1.71204419143386	1.64167067443048	1.63588337400802	1.64167067443048	1.35210126604322	1.78837302696451	1.65818088940013	1.7883730269645	1.40912411562089	1.0235277885387	0.753753821797238	1.0235277885387	1.00400668579874	1.1344341740961	0.821177076149737	1.1344341740961	1.0852637800625	0.818900381389651	0.700655185047344	0.818900381389653	1.00400668579874	1.1344341740961	0.821177076149739	1.13443417409611
1	1.38927119659601	1.41708814676685	1.38927119659601	1.35204687764043	1.78884885877168	1.65877271111731	1.78884885877168	1.71270238122876	1.642159223953	1.63646311569065	1.642159223953	1.35204687764043	1.78884885877168	1.65877271111731	1.78884885877168	1.41004667579776	1.02426330157071	0.754545450858013	1.02426330157071	1.00428962971415	1.13506218968256	0.821787615997958	1.13506218968256	1.08611714103695	0.819485877189099	0.70119509496153	0.819485877189101	1.00428962971416	1.13506218968256	0.821787615997959	1.13506218968256
1	1.38964742587362	1.41774899348248	1.38964742587362	1.35199099575744	1.78920963121038	1.65929259570649	1.78920963121038	1.71323546942617	1.64258824808598	1.63697389960181	1.64258824808598	1.35199099575744	1.78920963121038	1.65929259570649	1.78920963121037	1.41080200418701	1.02488272811868	0.755217498908519	1.02488272811868	1.00451055158186	1.13555777228326	0.822311187300868	1.13555777228326	1.0868113800233	0.819984920250366	0.701657234878177	0.819984920250368	1.00451055158187	1.13555777228326	0.822311187300869	1.13555777228326
1	1.38996750533781	1.41831758927683	1.38996750533781	1.35193616801735	1.78948134238127	1.65974994055246	1.78948134238126	1.71366658581408	1.6429654695723	1.63742362592507	1.6429654695723	1.35193616801735	1.78948134238126	1.65974994055246	1.78948134238126	1.41142041476832	1.02540495091712	0.755787367805365	1.02540495091713	1.00468295328811	1.13594836805123	0.82276109416411	1.13594836805123	1.08737585391315	0.820411089214201	0.7020531871575	0.820411089214203	1.00468295328811	1.13594836805123	0.822761094164112	1.13594836805123
1	1.39024012604404	1.41880566340266	1.39024012604403	1.35188398988676	1.7896843101568	1.6601527367295	1.7896843101568	1.7140146355142	1.64329744105048	1.63781930188012	1.64329744105048	1.35188398988676	1.7896843101568	1.6601527367295	1.7896843101568	1.41192672652922	1.0258456851984	0.756270082237395	1.0258456851984	1.00481744339575	1.13625580986031	0.823148465864289	1.13625580986031	1.08783455869807	0.820775698312459	0.702392749035065	0.820775698312461	1.00481744339575	1.13625580986031	0.82314846586429	1.13625580986031
1	1.39047254603581	1.41922370511759	1.3904725460358	1.35183539428312	1.78983438931176	1.66050782879425	1.78983438931176	1.71429507158751	1.64358977531509	1.6381671601048	1.64358977531509	1.35183539428311	1.78983438931176	1.66050782879425	1.78983438931175	1.41234125953838	1.02621802522802	0.756678576981902	1.02621802522802	1.00492234638815	1.1364974481503	0.823482631378464	1.1364974481503	1.08820709260179	0.821088194235042	0.702684216483978	0.821088194235043	1.00492234638815	1.1364974481503	0.823482631378466	1.1364974481503
1	1.39067085128212	1.41958103853092	1.39067085128212	1.35179085767094	1.78994393186158	1.66082111391887	1.78994393186158	1.71452052357281	1.64384731648753	1.63847275081502	1.64384731648753	1.35179085767094	1.78994393186158	1.66082111391887	1.78994393186158	1.41268065046119	1.02653289450016	0.757023958976784	1.02653289450016	1.00500418596169	1.13668705938058	0.823771427314962	1.13668705938058	1.08850945172296	0.821356481122078	0.702934621922345	0.82135648112208	1.0050041859617	1.13668705938058	0.823771427314963	1.13668705938058
1	1.39084016239389	1.41988590643489	1.39084016239388	1.35175054666248	1.79002254362238	1.66109769745567	1.79002254362238	1.71470131030394	1.64407427011214	1.63874101709254	1.64407427011214	1.35175054666248	1.79002254362238	1.66109769745567	1.79002254362237	1.41295852024702	1.02679941674317	0.757315743699429	1.02679941674317	1.00506806785588	1.1368355738432	0.824021451137102	1.13683557384321	1.08875468528109	0.821587186770818	0.703149933273717	0.821587186770819	1.00506806785589	1.13683557384321	0.824021451137103	1.13683557384321
1	1.39098480011029	1.42014555913898	1.39098480011029	1.35171442224422	1.79007767969534	1.66134201617478	1.79007767969534	1.71484585873625	1.64427430371216	1.63897635833714	1.64427430371216	1.35171442224421	1.79007767969534	1.66134201617478	1.79007767969533	1.41318602078601	1.02702522178451	0.757562066451728	1.02702522178451	1.00511798265556	1.13695165751818	0.824238269656952	1.13695165751818	1.08895343401351	0.821785880993288	0.703335220854181	0.821785880993289	1.00511798265557	1.13695165751818	0.824238269656954	1.13695165751818
1	1.39110841898495	1.42036634495218	1.39110841898494	1.3516823135725	1.79011511264734	1.66155793778468	1.79011511264734	1.71496104682728	1.64445062654014	1.6391826858241	1.64445062654014	1.3516823135725	1.79011511264734	1.66155793778468	1.79011511264734	1.41337228247358	1.02721669803801	0.757769869686714	1.02721669803802	1.00515704503854	1.13704217644726	0.824426590781758	1.13704217644726	1.08911437162714	0.821957254870189	0.703494797225633	0.821957254870191	1.00515704503855	1.13704217644726	0.82442659078176	1.13704217644726
