1	1.04275632075401	1.0731476827155	1.04275632075401	1.04276232330536	1.09053105627491	1.09975087334919	1.07289267713493	1.07273296950098	1.09975540240977	1.11180705151007	1.09975540240976	1.04276232330535	1.07289267713493	1.09975087334919	1.09053105627491	0.581470823860895	0.483334428717224	0.444604662990113	0.483334428717226	0.483343346595795	0.503097961487212	0.423261840235052	0.443838496665122	0.443489634122495	0.423260683439755	0.385172180709437	0.423260683439756	0.483343346595796	0.443838496665122	0.423261840235053	0.503097961487213
1	1.05436833381014	1.09057188479449	1.05436833381014	1.05437448285257	1.11609926397978	1.12162449501849	1.0902647339759	1.09016850791206	1.12162708115922	1.13327869228424	1.12162708115921	1.05437448285257	1.0902647339759	1.12162449501849	1.11609926397978	0.630902052786467	0.512796904609957	0.467144919727716	0.512796904609958	0.512801002426894	0.538357166306707	0.442524533384386	0.46631476424612	0.466254324795373	0.442520421442225	0.399097200126766	0.442520421442225	0.512801002426896	0.46631476424612	0.442524533384387	0.538357166306708
1	1.06125288768557	1.10020508548339	1.06125288768557	1.06126002812846	1.13173263902677	1.13322267286545	1.09986311259583	1.09986443266337	1.13322509910657	1.14391135712061	1.13322509910657	1.06126002812846	1.09986311259583	1.13322267286545	1.13173263902677	0.660883608602675	0.529713273766392	0.480178851198284	0.529713273766394	0.529715447070807	0.559349193427521	0.45384169084959	0.479298997414723	0.479494956013616	0.453837428451958	0.407500599587555	0.453837428451959	0.529715447070808	0.479298997414723	0.453841690849591	0.559349193427522
1	1.06526726336437	1.10558030847193	1.06526726336437	1.06527434261737	1.14109969842805	1.13955479541502	1.10521484647477	1.10531066827206	1.13955714101322	1.14949405574701	1.13955714101322	1.06527434261737	1.10521484647477	1.13955479541502	1.14109969842805	0.679068341457392	0.539376370772243	0.48767230885683	0.539376370772245	0.539377797865385	0.571612241488798	0.460430527448446	0.486764697745837	0.487156738714561	0.460427012828896	0.412460280396186	0.460427012828897	0.539377797865387	0.486764697745837	0.460430527448446	0.5716122414888
1	1.06758259858814	1.10860121526787	1.06758259858814	1.06758888033494	1.14661704099785	1.14308634422659	1.1082219153537	1.10839461700566	1.14308848236262	1.15254719965143	1.14308848236262	1.06758888033494	1.1082219153537	1.14308634422659	1.14661704099785	0.690097939477806	0.544880015078956	0.49196514778425	0.544880015078958	0.54488112049626	0.578689786029657	0.464250996182595	0.491047788538729	0.491580051688523	0.464248359366111	0.415357440138467	0.464248359366111	0.544881120496262	0.491047788538729	0.464250996182596	0.578689786029658
1	1.06890886208215	1.11030732714913	1.06890886208215	1.06891407149818	1.14982516554353	1.14508449416758	1.10992165698817	1.11015168716962	1.1450863414516	1.15425987243114	1.1450863414516	1.06891407149818	1.10992165698817	1.14508449416758	1.14982516554353	0.696787728812068	0.5480095085819	0.49441804929943	0.548009508581901	0.548010427263611	0.582744551542831	0.466462096284357	0.493502245464474	0.494131795300237	0.466460207037021	0.417041063451661	0.466460207037021	0.548010427263612	0.493502245464474	0.466462096284357	0.582744551542832
1	1.06966537526551	1.11127363611139	1.06966537526551	1.06966952040974	1.15167358192426	1.14622556812972	1.11088657251253	1.1111574284336	1.14622710249126	1.15523487163124	1.14622710249126	1.06966952040974	1.11088657251253	1.14622556812972	1.15167358192426	0.700845291129975	0.549787405565476	0.495816450539737	0.549787405565477	0.549788176614826	0.585057429605192	0.467740686307157	0.49490796198122	0.495604220146207	0.467739363349327	0.418016737926014	0.467739363349327	0.549788176614828	0.49490796198122	0.467740686307157	0.585057429605193
1	1.07009580175295	1.11182156883526	1.07009580175295	1.07009901665444	1.15273195948732	1.14688100327303	1.11143596035809	1.11173521505147	1.1468822423964	1.15579447154245	1.1468822423964	1.07009901665444	1.11143596035809	1.14688100327303	1.15273195948732	0.703306327132332	0.550796950712628	0.496611835962817	0.55079695071263	0.550797588985123	0.586373338387101	0.468479810508201	0.495712803185735	0.496454709566869	0.468478893679203	0.41858123406258	0.468478893679204	0.550797588985125	0.495712803185735	0.468479810508201	0.586373338387102
1	1.07034033008276	1.11213219538566	1.07034033008276	1.07034278365963	1.15333546031481	1.14725886536198	1.11174938033606	1.11206818919682	1.14725984593476	1.15611704598436	1.14725984593476	1.07034278365963	1.11174938033606	1.14725886536198	1.15333546031481	0.704799020939673	0.551370050557028	0.497063036716328	0.55137005055703	0.551370568747984	0.587120883090331	0.468907074243156	0.496173554715718	0.49694679755365	0.468906440840579	0.418907503206638	0.468906440840579	0.551370568747986	0.496173554715718	0.468907074243157	0.587120883090332
1	1.07047913012223	1.1123080377987	1.07047913012223	1.07048098349011	1.15367864287628	1.14747721508912	1.11192841661246	1.11226066058192	1.14747797951896	1.15630339368707	1.14747797951896	1.07048098349011	1.11192841661246	1.14747721508912	1.15367864287628	0.705704385475906	0.551695344143125	0.497318154396757	0.551695344143127	0.551695757140694	0.587545152949571	0.469154100064735	0.496437317295696	0.49723219985611	0.469153661923989	0.419095951473522	0.46915366192399	0.551695757140695	0.496437317295696	0.469154100064735	0.587545152949572
1	1.07055788192586	1.11240731910682	1.07055788192586	1.07055927259447	1.15387344070403	1.14760358704632	1.11203077687756	1.11237227632964	1.147604176305	1.15641115005861	1.147604176305	1.07055927259446	1.11203077687756	1.14760358704632	1.15387344070403	0.706253516789005	0.551879970176052	0.497461797577956	0.551879970176054	0.551880294219965	0.587785800914342	0.46929695685982	0.496588317728642	0.497398252507452	0.46929665263363	0.419204741594316	0.469296652633631	0.551880294219967	0.496588317728642	0.46929695685982	0.587785800914343
1	1.07060255673799	1.11246315311394	1.07060255673799	1.07060359563662	1.15398387627623	1.1476768072636	1.11208933340436	1.11243724353629	1.147677257605	1.15647348078983	1.147677257605	1.07060359563662	1.11208933340436	1.1476768072636	1.15398387627623	0.70658658186495	0.551984755835859	0.497542228362306	0.551984755835861	0.55198500687926	0.58792223863033	0.469379598566148	0.496674770888	0.497495256554695	0.469379386223752	0.419267520953659	0.469379386223752	0.551985006879262	0.496674770888	0.469379598566149	0.587922238630331
1	1.07062789975886	1.11249437752359	1.07062789975886	1.07062867637185	1.15404643103814	1.14771926730189	1.1121228453948	1.11247522788391	1.14771961153418	1.15650953544684	1.14771961153418	1.07062867637185	1.1121228453948	1.14771926730189	1.15404643103814	0.706788596082378	0.552044226321592	0.497586932956688	0.552044226321594	0.552044419507263	0.587999567714565	0.469427422539602	0.496724273960823	0.497552208010295	0.46942727509288	0.419303737467368	0.469427275092881	0.552044419507265	0.496724273960823	0.469427422539602	0.587999567714566
1	1.07064227947496	1.11251170645357	1.07064227947496	1.07064286028944	1.15408184168402	1.14774390821758	1.11214203036321	1.11249755459754	1.14774417146009	1.15653038732686	1.14774417146009	1.07064286028944	1.11214203036321	1.14774390821758	1.15408184168401	0.706911123852541	0.552077979774844	0.497611529825208	0.552077979774846	0.552078127744108	0.588043382532896	0.469455107876014	0.49675262291804	0.497585852559814	0.469455006152042	0.419324623990163	0.469455006152042	0.552078127744109	0.496752622918039	0.469455107876014	0.588043382532897
1	1.07065044302788	1.11252122300802	1.07065044302788	1.07065087528681	1.15410187637032	1.14775821923546	1.11215301621069	1.11251076201818	1.14775841873474	1.15654244373786	1.14775841873474	1.07065087528681	1.11215301621069	1.14775821923546	1.15410187637032	0.706985440581287	0.552097138818043	0.497624868322798	0.552097138818045	0.552097251311173	0.58806820077201	0.469471141507606	0.496768859857862	0.497605882291592	0.469471070588219	0.419336666040756	0.46947107058822	0.552097251311175	0.496768859857861	0.469471141507607	0.588068200772011
1	1.07065508018473	1.11252636939708	1.07065508018473	1.07065540091218	1.15411320683404	1.14776653819019	1.11215930887047	1.11251863888053	1.1477666883316	1.15654941424405	1.1477666883316	1.07065540091218	1.11215930887047	1.14776653819019	1.15411320683404	0.707030515535905	0.552108014721704	0.497631952979012	0.552108014721706	0.552108099736775	0.588082254371901	0.469480430006175	0.496778160640216	0.497617914995361	0.469480380066232	0.419343606435172	0.469480380066233	0.552108099736777	0.496778160640215	0.469480430006176	0.588082254371902
1	1.07065771632303	1.11252909223573	1.07065771632303	1.0706579538508	1.15411961113308	1.14777137382618	1.11216291294195	1.11252337768345	1.1477714862276	1.15655343936497	1.1477714862276	1.07065795385079	1.11216291294195	1.14777137382618	1.15411961113308	0.707057855139239	0.552114189543359	0.497635600178479	0.552114189543361	0.552114253424083	0.588090210694381	0.469485814235418	0.496783489602768	0.497625221943828	0.469485778661581	0.419347607040129	0.469485778661582	0.552114253424085	0.496783489602768	0.469485814235418	0.588090210694382
1	1.07065931543324	1.11253062996875	1.07065931543324	1.07065929325468	1.1541232303006	1.14777427052137	1.11216497754707	1.11252611537819	1.14777418704699	1.15655576277095	1.14777418704699	1.07065929325468	1.11216497754707	1.14777427052137	1.15412323030059	0.707074437605417	0.552117716549361	0.497637335952996	0.552117716549363	0.55211772675778	0.588094718421371	0.469488995519845	0.496786544209888	0.497629765343445	0.469488850899369	0.419349910977295	0.469488850899369	0.552117726757781	0.496786544209888	0.469488995519846	0.588094718421373
1	1.07066018330179	1.11253130708839	1.07066018330179	1.07066008971634	1.15412527515835	1.14777593303247	1.11216616081399	1.11252788875569	1.14777577964719	1.15655710419457	1.14777577964718	1.07066008971633	1.11216616081399	1.14777593303247	1.15412527515835	0.707084495475723	0.552119717539783	0.497638116317086	0.552119717539785	0.552119697426253	0.588097267585751	0.469490827825321	0.496788294632522	0.497632582380555	0.469490647348608	0.41935123891485	0.469490647348609	0.552119697426254	0.496788294632522	0.469490827825322	0.588097267585752
1	1.07066065859646	1.11253157192611	1.07066065859646	1.07066055682797	1.15412642956049	1.14777688654651	1.11216683902109	1.11252902827912	1.14777672012336	1.15655787872259	1.14777672012336	1.07066055682797	1.11216683902109	1.14777688654651	1.15412642956049	0.707090595940757	0.552120850723352	0.497638404083541	0.552120850723354	0.552120817424523	0.588098708558516	0.469491880260102	0.496789297846863	0.497634355611036	0.469491701535785	0.41935200417462	0.469491701535786	0.552120817424524	0.496789297846863	0.469491880260103	0.588098708558517
1	1.07066091958682	1.11253164170728	1.07066091958682	1.07066082934646	1.15412708078701	1.14777743189952	1.11216722778862	1.11252976326306	1.14777727737092	1.15655832590386	1.14777727737092	1.07066082934646	1.11216722778862	1.14777743189952	1.15412708078701	0.707094296095213	0.552121491289895	0.497638451529395	0.552121491289896	0.552121454993183	0.588099522695511	0.469492482603258	0.496789872895751	0.497635488920082	0.469492322729877	0.419352445131081	0.469492322729877	0.552121454993184	0.496789872895751	0.469492482603259	0.588099522695513
1	1.0706610625427	1.11253162420262	1.0706610625427	1.07066098835503	1.1541274478922	1.14777774232693	1.11216745066947	1.11253024190634	1.14777760916291	1.15655858406702	1.14777760916291	1.07066098835503	1.11216745066947	1.14777774232693	1.15412744789219	0.707096540373792	0.552121852638035	0.497638392518346	0.552121852638037	0.552121818590106	0.588099982400521	0.469492825704197	0.49679020255834	0.497636224369632	0.46949269060181	0.419352699209464	0.46949269060181	0.552121818590108	0.49679020255834	0.469492825704198	0.588099982400522
1	1.07066114028296	1.11253157284953	1.07066114028296	1.07066108148916	1.15412765467322	1.14777791780131	1.11216757846411	1.1125305574794	1.14777780794923	1.15655873309866	1.14777780794923	1.07066108148916	1.11216757846411	1.14777791780131	1.15412765467321	0.707097901610572	0.552122055949416	0.49763829555199	0.552122055949418	0.55212202638766	0.58810024179356	0.469493019886001	0.496790391567227	0.497636708835708	0.469492909752898	0.419352845610765	0.469492909752898	0.552122026387662	0.496790391567227	0.469493019886001	0.588100241793562
1	1.07066118203525	1.11253151339933	1.07066118203525	1.07066113640731	1.15412777104648	1.14777801602319	1.11216765174812	1.11253076830914	1.14777792794767	1.15655881913009	1.14777792794767	1.07066113640731	1.11216765174812	1.14777801602319	1.15412777104648	0.707098727250308	0.552122169960692	0.497638193754477	0.552122169960694	0.552122145460437	0.588100388036729	0.469493128827424	0.496790499943684	0.497637032594547	0.469493041227348	0.419352929973906	0.469493041227349	0.552122145460439	0.496790499943684	0.469493128827425	0.58810038803673
1	1.07066120402703	1.11253145741833	1.07066120402703	1.07066116909041	1.15412783647425	1.14777807025053	1.11216769377816	1.11253091101198	1.14777800102755	1.15655886879611	1.14777800102755	1.07066116909041	1.11216769377816	1.14777807025053	1.15412783647425	0.70709922803091	0.552122233613317	0.497638101585656	0.552122233613319	0.552122213919214	0.588100470405447	0.469493189212123	0.496790562090346	0.497637251887902	0.469493120752792	0.419352978594195	0.469493120752793	0.552122213919216	0.496790562090346	0.469493189212124	0.588100470405448
1	1.07066121526493	1.11253140931439	1.07066121526493	1.07066118876504	1.15412787321628	1.14777809960405	1.11216771788612	1.11253100879101	1.14777804598576	1.15655889747233	1.14777804598576	1.07066118876504	1.11216771788612	1.14777809960405	1.15412787321628	0.707099531772602	0.552122268940981	0.497638024010932	0.552122268940982	0.552122253443818	0.588100516742286	0.469493222116125	0.496790597728801	0.497637402258742	0.469493169312868	0.419353006620905	0.469493169312869	0.552122253443819	0.496790597728801	0.469493222116125	0.588100516742287
