1	1.04013489685554	1.00561307473142	1.04013489685554	1.04020770860311	1.00482119547579	1.00190661305767	1.00482119547582	1.00563439733766	1.0019051038869	1.02790099258717	1.0019051038869	1.04020770860311	1.00482119547582	1.00190661305767	1.00482119547579	2.09995317730755	0.0823830269049424	0.021016902499383	0.0823830269049444	0.0856685577234163	0.0208010079140344	-0.0104973672467473	0.020801007916597	0.0228995461529281	-0.0102944726225248	-0.0344309550723238	-0.0102944726225244	0.0856685577234183	0.020801007916597	-0.010497367246747	0.0208010079140356
1	1.04005304353091	1.00558734144125	1.04005304353091	1.04030332916994	1.00483189602145	1.00190734276925	1.00483189602151	1.00565918579174	1.0019022200712	1.02786564988798	1.0019022200712	1.04030332916994	1.00483189602151	1.00190734276925	1.00483189602145	2.09995410445898	0.0811699855643298	0.0203937793115053	0.0811699855643317	0.0868426831215724	0.0210450848614285	-0.0105089348843097	0.0210450848630338	0.0234570774643029	-0.0101940863998044	-0.0341659438093651	-0.0101940863998041	0.0868426831215744	0.0210450848630338	-0.0105089348843094	0.0210450848614297
1	1.03993653124117	1.00555355724923	1.03993653124117	1.04043534000926	1.00484591344496	1.00190817042692	1.00484591344504	1.00569278660958	1.00189839325031	1.02781965102984	1.00189839325031	1.04043534000926	1.00484591344504	1.00190817042692	1.00484591344496	2.09995501325158	0.0803069479282261	0.0200215042586351	0.080306947928228	0.0877175223180193	0.0211980194873582	-0.0105154440276057	0.0211980194883644	0.023827607983419	-0.0101388164140145	-0.0340291356597609	-0.0101388164140141	0.0877175223180212	0.0211980194883644	-0.0105154440276054	0.0211980194873595
1	1.03979800566506	1.00551579260286	1.03979800566506	1.04059232291967	1.00486173943673	1.00190903682291	1.00486173943683	1.00573167695741	1.00189413846058	1.02776928119572	1.00189413846058	1.04059232291967	1.00486173943683	1.00190903682291	1.00486173943673	2.09995590404888	0.0796917869334353	0.0197989488105108	0.0796917869334371	0.0883706442600224	0.0212939030144831	-0.0105191051684786	0.0212939030151141	0.024073992595681	-0.0101083806272049	-0.0339581019387764	-0.0101083806272046	0.0883706442600243	0.0212939030151141	-0.0105191051684783	0.0212939030144843
1	1.03964617668678	1.00547637709954	1.03964617668678	1.04076576413881	1.00487842955003	1.00190990924806	1.00487842955014	1.00577348062809	1.0018897332609	1.02771770145891	1.0018897332609	1.04076576413881	1.00487842955014	1.00190990924806	1.00487842955003	2.09995677720722	0.079252204664574	0.0196657605251174	0.0792522046645758	0.0888594538823878	0.0213540718632046	-0.0105211635991841	0.0213540718636009	0.0242379532431634	-0.010091614171436	-0.0339208263713823	-0.0100916141714357	0.0888594538823897	0.0213540718636009	-0.0105211635991838	0.0213540718632058
1	1.03948704882398	1.00543664868204	1.03948704882398	1.04094936205636	1.00489539885098	1.00191076991371	1.00489539885108	1.00581661728781	1.00188532637635	1.02766648788336	1.00188532637635	1.04094936205636	1.00489539885108	1.00191076991371	1.00489539885098	2.09995763307586	0.0789370263705533	0.0195859222844506	0.0789370263705551	0.0892264417334242	0.0213918802902081	-0.0105223206797569	0.0213918802904574	0.0243471849784397	-0.0100823712717282	-0.0339008900832037	-0.0100823712717279	0.0892264417334262	0.0213918802904574	-0.0105223206797565	0.0213918802902094
1	1.0393247538884	1.00539737100465	1.0393247538884	1.04113848560116	1.00491228975942	1.00191160941405	1.00491228975953	1.00586004968707	1.00188099627427	1.02761640936068	1.00188099627427	1.04113848560116	1.00491228975953	1.00191160941405	1.00491228975942	2.09995847199716	0.0787100311887959	0.0195379394734983	0.0787100311887976	0.089503063733441	0.0214156869259317	-0.0105229712661802	0.0214156869260888	0.0244200722449246	-0.0100772691193798	-0.0338898730530522	-0.0100772691193794	0.0895030637334429	0.0214156869260888	-0.0105229712661798	0.0214156869259329
1	1.03916212099042	1.00535897187481	1.03916212099042	1.04132975732086	1.00492888767367	1.00191242303923	1.00492888767377	1.0059031070847	1.00187678303316	1.0275678234285	1.00187678303316	1.04132975732087	1.00492888767377	1.00191242303923	1.00492888767367	2.09995929430672	0.0785455826772498	0.0195089838025767	0.0785455826772515	0.0897126100219003	0.0214307237685422	-0.0105233375341872	0.0214307237686417	0.0244688192360949	-0.0100744458427415	-0.0338834571480341	-0.0100744458427412	0.0897126100219022	0.0214307237686417	-0.0105233375341868	0.0214307237685434
1	1.03900107015111	1.00532168173029	1.03900107015111	1.04152073599007	1.00494506752025	1.00191320869825	1.00494506752035	1.00594536418916	1.00187270576865	1.02752087839293	1.00187270576865	1.04152073599007	1.00494506752035	1.00191320869825	1.00494506752025	2.09996010033345	0.0784255351597226	0.0194913986339384	0.0784255351597243	0.0898723270717282	0.02144026587285	-0.0105235444039321	0.0214402658729133	0.0245015277076372	-0.0100728767709814	-0.0338794276280703	-0.0100728767709811	0.0898723270717301	0.0214402658729133	-0.0105235444039318	0.0214402658728513
1	1.03884288586264	1.00528561489187	1.03884288586264	1.04170967686638	1.00496076005744	1.00191396575004	1.00496076005753	1.00598655912221	1.00186877218728	1.02747561670737	1.00186877218728	1.04170967686638	1.00496076005753	1.00191396575004	1.00496076005744	2.09996089039978	0.0783370438879736	0.0194806135972726	0.0783370438879753	0.0899949878391664	0.0214463634175743	-0.0105236620444691	0.0214463634176149	0.0245235761850988	-0.0100719980465049	-0.0338766482835122	-0.0100719980465045	0.0899949878391683	0.0214463634176149	-0.0105236620444687	0.0214463634175755
1	1.03868840810398	1.00525081753638	1.03868840810398	1.04189535160765	1.00497593069782	1.00191469434641	1.00497593069792	1.00602653824076	1.00186498383083	1.02743202787288	1.00186498383083	1.04189535160765	1.00497593069792	1.00191469434641	1.00497593069782	2.09996166482175	0.0782710151945477	0.0194739001539966	0.0782710151945494	0.0900900537408634	0.0214502999042103	-0.0105237298212445	0.0214502999042367	0.0245385354873457	-0.0100714994306566	-0.0338745358774199	-0.0100714994306563	0.0900900537408654	0.0214502999042367	-0.0105237298212442	0.0214502999042116
1	1.03853816615637	1.00521729611875	1.03853816615637	1.04207691356028	1.00499056622778	1.00191539506341	1.00499056622787	1.00606521920937	1.00186133895541	1.02739007549424	1.00186133895541	1.04207691356028	1.00499056622787	1.00191539506341	1.00499056622778	2.09996242390914	0.0782210097444915	0.0194696290173929	0.0782210097444932	0.0901645346555733	0.0214528789382167	-0.0105237697828709	0.0214528789382342	0.0245487764422352	-0.0100712102589135	-0.0338727906701381	-0.0100712102589132	0.0901645346555753	0.0214528789382342	-0.0105237697828706	0.021452878938218
1	1.03839247256149	1.00518503424034	1.03839247256149	1.04225379729374	1.0050046664926	1.00191606869503	1.00500466649269	1.00610256637126	1.00185783411116	1.02734971109887	1.00185783411116	1.04225379729374	1.00500466649269	1.00191606869503	1.00500466649261	2.09996316796559	0.0781824664550033	0.019466827004176	0.078182466455005	0.0902236254985195	0.0214546037338887	-0.0105237942534068	0.0214546037339006	0.0245558733004417	-0.010071036666923	-0.0338712582460841	-0.0100710366669227	0.0902236254985215	0.0214546037339006	-0.0105237942534064	0.02145460373389
1	1.0382514891918	1.005154002663	1.0382514891918	1.04242564384893	1.00501823919863	1.00191671613821	1.00501823919872	1.00613857436379	1.00185446500735	1.02731088117316	1.00185446500735	1.04242564384893	1.00501823919872	1.00191671613821	1.00501823919863	2.09996389728874	0.0781521533295691	0.0194649125590498	0.0781521533295708	0.0902711774609181	0.0214557894773269	-0.0105238101035754	0.0214557894773352	0.0245608715405417	-0.0100709270396859	-0.0338698586728927	-0.0100709270396856	0.0902711774609201	0.0214557894773352	-0.010523810103575	0.0214557894773282
1	1.03811527372961	1.00512416524461	1.03811527372961	1.0425922452422	1.00503129667112	1.00191733832929	1.0050312966712	1.00617325724668	1.00185122698432	1.02727353072119	1.00185122698432	1.0425922452422	1.0050312966712	1.00191733832929	1.00503129667112	2.09996461217032	0.0781277790188761	0.0194635379936831	0.0781277790188779	0.0903100467552127	0.0214566336266263	-0.0105238211503692	0.0214566336266323	0.0245644655728882	-0.0100708530097293	-0.0338685502150348	-0.010070853009729	0.0903100467552147	0.0214566336266323	-0.0105238211503688	0.0214566336266276
1	1.03798381239806	1.00509548245337	1.03798381239806	1.04275350330304	1.00504385383417	1.00191793620904	1.00504385383424	1.00620664129575	1.00184811526977	1.02723760504875	1.00184811526977	1.04275350330304	1.00504385383424	1.00191793620904	1.00504385383417	2.09996531289629	0.0781077178483744	0.019462495230093	0.078107717848376	0.0903423528834214	0.0214572599524966	-0.0105238295057875	0.0214572599525011	0.0245671167765595	-0.0100707989866046	-0.0338673107034561	-0.0100707989866043	0.0903423528834234	0.0214572599525011	-0.0105238295057872	0.0214572599524979
1	1.03785704298746	1.00506791343495	1.03785704298746	1.04290939920385	1.00505592695795	1.001918510704	1.00505592695802	1.00623876024205	1.00184512511611	1.02720305063469	1.00184512511611	1.04290939920385	1.00505592695802	1.001918510704	1.00505592695795	2.09996599974696	0.0780908153067172	0.0194616595740866	0.0780908153067189	0.0903696698001552	0.0214577460923774	-0.0105238363323794	0.0214577460923811	0.0245691318272185	-0.0100707564026509	-0.0338661280051327	-0.0100707564026506	0.0903696698001572	0.0214577460923811	-0.0105238363323791	0.0214577460923787
1	1.03773487104468	1.00504141721908	1.03773487104468	1.04305997093204	1.00506753288536	1.00191906271667	1.00506753288543	1.00626965213467	1.00184225187256	1.02716981553756	1.00184225187256	1.04305997093204	1.00506753288543	1.00191906271667	1.00506753288536	2.09996667299708	0.078076250417266	0.0194609561483814	0.0780762504172677	0.0903931674323775	0.0214581407985637	-0.0105238422660237	0.0214581407985668	0.024570714692562	-0.010070720548095	-0.0338649951420568	-0.0100707205480947	0.0903931674323795	0.0214581407985668	-0.0105238422660234	0.021458140798565
1	1.03761718123893	1.00501595341359	1.03761718123893	1.043205296659	1.00507868855841	1.00191959312083	1.00507868855848	1.00629935728181	1.00183949102155	1.02713784956592	1.00183949102155	1.043205296659	1.00507868855848	1.00191959312083	1.00507868855841	2.09996733291595	0.0780634383555318	0.019460339850546	0.0780634383555336	0.0904137164490898	0.0214584747353296	-0.0105238476519375	0.0214584747353324	0.0245720011477285	-0.010070688830911	-0.0338639077929063	-0.0100706888309107	0.0904137164490918	0.0214584747353324	-0.0105238476519372	0.0214584747353309
1	1.03750384532332	1.00499148259364	1.03750384532332	1.04334548248278	1.00508941073184	1.00192010275948	1.00508941073191	1.00632791690711	1.00183683819561	1.02710710432903	1.00183683819561	1.04334548248279	1.00508941073191	1.00192010275948	1.00508941073184	2.09996797976756	0.0780519615415049	0.0194597833840603	0.0780519615415066	0.0904319658253485	0.021458767237951	-0.0105238526759904	0.0214587672379535	0.0245730816874075	-0.0100706598205141	-0.0338628630151838	-0.0100706598205138	0.0904319658253505	0.0214587672379535	-0.0105238526759901	0.0214587672379523
1	1.03739472769363	1.00496796650991	1.03739472769363	1.04348065341265	1.00509971580361	1.00192059244442	1.00509971580368	1.00635537228027	1.00183428918361	1.02707753322769	1.00183428918361	1.04348065341265	1.00509971580368	1.00192059244442	1.00509971580361	2.09996861381064	0.0780415208785964	0.0194592701090138	0.0780415208785981	0.0904484002661152	0.0214590305440379	-0.0105238574374708	0.0214590305440401	0.0245740167353935	-0.0100706327225447	-0.0338618585922449	-0.0100706327225443	0.0904484002661172	0.0214590305440401	-0.0105238574374705	0.0214590305440391
1	1.0372896892512	1.0049453681897	1.0372896892512	1.04361094675456	1.00510961971809	1.00192106295652	1.00510961971815	1.00638176416163	1.00183183993126	1.02704909141598	1.00183183993126	1.04361094675456	1.00510961971815	1.00192106295652	1.00510961971809	2.09996923529883	0.0780319012469614	0.0194587897703991	0.0780319012469631	0.0904633827205068	0.0214592724425622	-0.0105238619891764	0.0214592724425642	0.0245748467412289	-0.0100706070906729	-0.0338608926999363	-0.0100706070906726	0.0904633827205089	0.0214592724425642	-0.0105238619891761	0.0214592724425634
1	1.03718859006956	1.00492365197482	1.03718859006956	1.04373650727397	1.00511913791443	1.00192151504647	1.00511913791449	1.00640713245444	1.00182948653866	1.02702173574941	1.00182948653866	1.04373650727398	1.00511913791449	1.00192151504647	1.00511913791443	2.09996984448073	0.0780229470823776	0.0194583359448959	0.0780229470823793	0.0904771858585911	0.0214594979324042	-0.0105238663593478	0.0214594979324062	0.0245755988827538	-0.0100705826686424	-0.0338599637365695	-0.010070582668642	0.0904771858585931	0.0214594979324062	-0.0105238663593474	0.0214594979324054
1	1.03709129121758	1.00490278352277	1.03709129121758	1.04385748367317	1.0051282853029	1.00192194943572	1.00512828530296	1.00643151599408	1.00182722525624	1.02699542472729	1.00182722525624	1.04385748367317	1.00512828530296	1.00192194943572	1.0051282853029	2.09997044160002	0.0780145450912394	0.0194579045140542	0.0780145450912411	0.0904900153773041	0.021459710260839	-0.0105238705635412	0.021459710260841	0.0245762915157171	-0.0100705593038401	-0.0338590702361762	-0.0100705593038398	0.0904900153773062	0.021459710260841	-0.0105238705635408	0.0214597102608402
1	1.03699765598851	1.00488272978671	1.03699765598851	1.04397402604038	1.0051370762583	1.00192236681751	1.00513707625836	1.00645495242759	1.00182505247991	1.02697011843356	1.00182505247991	1.04397402604038	1.00513707625836	1.00192236681751	1.0051370762583	2.09997102689555	0.0780066120148774	0.0194574927507507	0.0780066120148791	0.0905020272575593	0.0214599115738699	-0.010523874610974	0.0214599115738718	0.0245769371278063	-0.0100705369001022	-0.0338582108241663	-0.0100705369001018	0.0905020272575614	0.0214599115738718	-0.0105238746109736	0.0214599115738711
1	1.03690755071115	1.00486345898356	1.03690755071115	1.04408628401659	1.00514552462388	1.00192276785792	1.00514552462393	1.00647747815223	1.00182296474603	1.02694577847786	1.00182296474603	1.04408628401659	1.00514552462393	1.00192276785792	1.00514552462388	2.09997160060146	0.0779990859667681	0.0194570987721203	0.0779990859667698	0.0905133405435202	0.0214601033235535	-0.0105238785078451	0.0214601033235553	0.0245775442999606	-0.0100705153920222	-0.0338573841944662	-0.0100705153920219	0.0905133405435223	0.0214601033235553	-0.0105238785078447	0.0214601033235547
1	1.03682084526775	1.00484494055585	1.03682084526775	1.04419440549191	1.00515364372134	1.00192315319692	1.00515364372139	1.0064991282926	1.00182095872617	1.02692236793794	1.00182095872617	1.04419440549191	1.00515364372139	1.00192315319692	1.00515364372134	2.09997216294723	0.0779919202980039	0.0194567212116267	0.0779919202980057	0.0905240468069928	0.0214602865231963	-0.0105238822590275	0.0214602865231981	0.0245781190086652	-0.010070494731017	-0.0338565890975139	-0.0100704947310167	0.0905240468069948	0.0214602865231981	-0.0105238822590271	0.0214602865231976
1	1.03673741340653	1.0048271451305	1.03673741340653	1.04429853569218	1.00516144636453	1.00192352344938	1.00516144636458	1.00651993670264	1.00181903122204	1.02689985130373	1.00181903122204	1.04429853569219	1.00516144636458	1.00192352344938	1.00516144636453	2.0999727141578	0.0779850792518996	0.0194563590221832	0.0779850792519014	0.0905342171578394	0.0214604619072989	-0.0105238858688901	0.0214604619073005	0.0245786654908216	-0.0100704748778104	-0.0338558243336857	-0.0100704748778101	0.0905342171578414	0.0214604619073005	-0.0105238858688898	0.0214604619073001
1	1.03665713291101	1.00481004447653	1.03665713291101	1.04439881655265	1.00516894487504	1.00192387920606	1.00516894487509	1.00653993598346	1.00181717916042	1.0268781944234	1.00181717916042	1.04439881655266	1.00516894487509	1.00192387920606	1.00516894487504	2.09997325445368	0.0779785348847628	0.0194560113577313	0.0779785348847645	0.0905439074377199	0.0214606300318624	-0.0105238893416696	0.0214606300318641	0.0245791868182194	-0.0100704557984043	-0.0338550887494289	-0.010070455798404	0.0905439074377219	0.0214606300318641	-0.0105238893416693	0.0214606300318637
1	1.03657988567012	1.00479361146279	1.03657988567012	1.04449538630248	1.00517615109879	1.00192422103456	1.00517615109884	1.00655915751108	1.00181539958838	1.02685736445135	1.00181539958838	1.04449538630248	1.00517615109884	1.00192422103456	1.00517615109879	2.09997378405098	0.0779722648827886	0.0194556775017927	0.0779722648827903	0.0905531620689324	0.0214607913373512	-0.010523892681613	0.0214607913373529	0.0245796852792562	-0.0100704374619401	-0.0338543812347262	-0.0100704374619398	0.0905531620689344	0.0214607913373529	-0.0105238926816126	0.0214607913373525
1	1.03650555767997	1.0047778200164	1.03650555767997	1.04458837920357	1.00518307642287	1.00192454948023	1.00518307642291	1.0065776314701	1.00181368966855	1.02683732979819	1.00181368966855	1.04458837920357	1.00518307642291	1.00192454948023	1.00518307642287	2.09997430316155	0.0779662510132361	0.0194553568241952	0.0779662510132378	0.09056201690758	0.0214609461882664	-0.010523895893012	0.021460946188268	0.0245801626326851	-0.0100704198395745	-0.0338537007211998	-0.0100704198395742	0.090562016907582	0.021460946188268	-0.0105238958930116	0.0214609461882676
1	1.03643403899904	1.00476264508222	1.03643403899904	1.04467792540203	1.00518973179242	1.00192486506706	1.00518973179247	1.00659538689068	1.00181204667464	1.02681806008254	1.00181204667464	1.04467792540203	1.00518973179247	1.00192486506706	1.00518973179242	2.09997481199304	0.0779604780246023	0.0194550487547011	0.077960478024604	0.0905705013595863	0.021461094898069	-0.0105238989801892	0.0214610948980706	0.024580620276413	-0.0100704029038973	-0.0338530461805314	-0.0100704029038969	0.0905705013595883	0.0214610948980706	-0.0105238989801889	0.0214610948980702
1	1.0363652236724	1.0047480625835	1.0363652236724	1.04476415086136	1.00519612772721	1.00192516829851	1.00519612772725	1.00661245168727	1.00181046798705	1.02679952608477	1.00181046798705	1.04476415086136	1.00519612772725	1.00192516829851	1.00519612772721	2.099975310749	0.0779549328646869	0.0194547527668013	0.0779549328646886	0.0905786399509259	0.0214612377449254	-0.0105239019474679	0.0214612377449271	0.0245810593598957	-0.0100703866286331	-0.0338524166230296	-0.0100703866286328	0.0905786399509279	0.0214612377449271	-0.0105239019474676	0.0214612377449267
1	1.03629900963553	1.004734049384	1.03629900963553	1.04484717735461	1.00520227433778	1.0019254596583	1.00520227433782	1.00662885269781	1.00180895108875	1.02678169970248	1.00180895108875	1.04484717735461	1.00520227433782	1.0019254596583	1.00520227433778	2.09997579962892	0.0779496041237542	0.0194544683676279	0.077949604123756	0.0905864534937189	0.0214613749816992	-0.0105239047991393	0.0214613749817008	0.0245814808590834	-0.010070370988491	-0.0338518110962737	-0.0100703709884906	0.090586453493721	0.0214613749817008	-0.010523904799139	0.0214613749817004
1	1.03623529860542	1.00472058325131	1.03623529860542	1.04492712249872	1.00520818134114	1.00192573961123	1.00520818134118	1.0066446157228	1.00180749356123	1.02676455390767	1.00180749356123	1.04492712249872	1.00520818134118	1.00192573961123	1.00520818134114	2.09997627882838	0.0779444816371409	0.0194541950915673	0.0779444816371426	0.0905939599530684	0.0214615068423343	-0.0105239075394338	0.021461506842336	0.0245818856264974	-0.0100703559590866	-0.0338512286838057	-0.0100703559590863	0.0905939599530704	0.021461506842336	-0.0105239075394335	0.0214615068423356
1	1.03617399596425	1.00470764282164	1.03617399596425	1.0450040998186	1.00521385807593	1.00192600860389	1.00521385807597	1.00665976556379	1.00180609308064	1.02674806270561	1.00180609308064	1.0450040998186	1.00521385807597	1.00192600860389	1.00521385807594	2.09997674853905	0.0779395562008235	0.0194539324961133	0.0779395562008252	0.0906011750922454	0.0214616335459749	-0.0105239101724983	0.0214616335459765	0.024582274424783	-0.0100703415169005	-0.0338506685038547	-0.0100703415169002	0.0906011750922475	0.0214616335459765	-0.0105239101724979	0.0214616335459762
1	1.03611501063934	1.00469520756592	1.03611501063934	1.04507821883183	1.00521931351708	1.00192626706536	1.00521931351711	1.00667432606095	1.00180474741412	1.02673220109526	1.00180474741412	1.04507821883183	1.00521931351711	1.00192626706536	1.00521931351708	2.09997720894882	0.0779348193670648	0.0194536801590847	0.0779348193670666	0.0906081129536975	0.0214617552996605	-0.0105239127023784	0.021461755299662	0.0245826479492917	-0.0100703276392524	-0.0338501297080868	-0.0100703276392521	0.0906081129536996	0.021461755299662	-0.010523912702378	0.0214617552996618
1	1.03605825498187	1.00468325775715	1.03605825498187	1.0451495851473	1.00522455628987	1.00192651540795	1.00522455628991	1.00668832012958	1.0018034544162	1.02671694503119	1.0018034544162	1.04514958514731	1.00522455628991	1.00192651540795	1.00522455628988	2.09997766024187	0.0779302632968488	0.0194534376766825	0.0779302632968505	0.0906147862184049	0.0214618723001265	-0.0105239151330073	0.0214618723001279	0.0245830068433592	-0.0100703143042796	-0.0338496114803937	-0.0100703143042793	0.090614786218407	0.0214618723001279	-0.010523915133007	0.0214618723001278
1	1.0360036446462	1.00467177443909	1.0360036446462	1.04521830057288	1.00522959468358	1.00192675402781	1.00522959468361	1.00670176979547	1.00180221202539	1.02670227138704	1.00180221202539	1.04521830057288	1.00522959468361	1.00192675402781	1.00522959468358	2.09997810259872	0.077925880652623	0.019453204662063	0.0779258806526248	0.0906212064750818	0.0214619847350376	-0.010523917468198	0.0214619847350389	0.0245833517087358	-0.0100703014909195	-0.0338491130357041	-0.0100703014909191	0.0906212064750839	0.0214619847350389	-0.0105239174681977	0.0214619847350388
1	1.03595109847084	1.0046607393961	1.03595109847085	1.0452844632284	1.00523443666446	1.00192698330558	1.00523443666449	1.00671469622911	1.0018010182609	1.02668815792031	1.0018010182609	1.0452844632284	1.00523443666449	1.00192698330558	1.00523443666446	2.09997853619632	0.0779216645196848	0.0194529807442399	0.0779216645196865	0.090627384422527	0.0214620927838642	-0.0105239197116384	0.0214620927838654	0.024583683112777	-0.010070289178889	-0.033848633618839	-0.0100702891788887	0.0906273844225291	0.0214620927838654	-0.0105239197116381	0.0214620927838654
1	1.03590053836209	1.00465013512418	1.03590053836209	1.04534816766157	1.00523908988839	1.001927203607	1.00523908988842	1.00672711977864	1.00179987121947	1.02667458323851	1.00179987121947	1.04534816766157	1.00523908988842	1.001927203607	1.00523908988839	2.0999789612081	0.0779176083479365	0.0194527655671914	0.0779176083479382	0.0906333300223879	0.0214621966185283	-0.0105239218668899	0.0214621966185296	0.0245840015934852	-0.0100702773486648	-0.0338481725033911	-0.0100702773486645	0.09063333002239	0.0214621966185296	-0.0105239218668895	0.0214621966185296
1	1.0358518891805	1.0046399448032	1.0358518891805	1.04540950496466	1.00524356171289	1.0019274152835	1.00524356171292	1.00673906000162	1.00179876907235	1.02666152676667	1.00179876907235	1.04540950496466	1.00524356171292	1.0019274152835	1.00524356171289	2.0999793778041	0.0779137059081692	0.0194525587891062	0.0779137059081709	0.09063905261511	0.0214622964039042	-0.0105239239373876	0.0214622964039055	0.0245843076631026	-0.0100702659814612	-0.0338477289906491	-0.0100702659814608	0.0906390526151121	0.0214622964039055	-0.0105239239373873	0.0214622964039054
1	1.03580507863083	1.00463015227009	1.03580507863083	1.04546856289082	1.00524785920879	1.00192761867272	1.00524785920882	1.00675053569563	1.00179771006236	1.02664896871604	1.00179771006236	1.04546856289082	1.00524785920882	1.00192761867272	1.00524785920879	2.09997978615093	0.0779099512587217	0.0194523600817192	0.0779099512587234	0.0906445610085394	0.0214623922982207	-0.010523925926441	0.021462392298222	0.0245846018107453	-0.0100702550592077	-0.0338473024085518	-0.0100702550592074	0.0906445610085415	0.021462392298222	-0.0105239259264407	0.021462392298222
1	1.03576003715542	1.00462074199317	1.03576003715542	1.04552542596889	1.00525198917134	1.00192781409913	1.00525198917137	1.00676156492769	1.0017966925011	1.026636890054	1.0017966925011	1.04552542596889	1.00525198917137	1.00192781409913	1.00525198917134	2.09998018641196	0.0779063387195723	0.0194521691297162	0.0779063387195741	0.090649863546178	0.0214624844534027	-0.0105239278372368	0.0214624844534039	0.0245848845043799	-0.0100702445645262	-0.0338468921106848	-0.0100702445645259	0.0906498635461801	0.0214624844534039	-0.0105239278372364	0.0214624844534039
1	1.03571669783119	1.00461169904751	1.03571669783119	1.04558017561616	1.005255958131	1.00192800187445	1.00525595813102	1.00677216506259	1.00179571476628	1.02662527247515	1.00179571476628	1.04558017561617	1.00525595813102	1.00192800187445	1.005255958131	2.09998057874729	0.0779028628517912	0.019451985630181	0.077902862851793	0.0906549681602861	0.0214625730153659	-0.0105239296728411	0.0214625730153671	0.0245851561923661	-0.0100702344807078	-0.0338464974753035	-0.0100702344807074	0.0906549681602882	0.0214625730153671	-0.0105239296728408	0.0214625730153671
1	1.03567499627017	1.00460300909114	1.03567499627017	1.04563289024856	1.00525977236369	1.00192818229822	1.00525977236371	1.00678235279015	1.00179477529907	1.02661409837345	1.00179477529907	1.04563289024856	1.00525977236371	1.00192818229822	1.00525977236369	2.09998096331386	0.0778995184408609	0.0194518092920852	0.0778995184408627	0.0906598824136739	0.0214626581242849	-0.0105239314362038	0.0214626581242861	0.0245854173046908	-0.0100702247916886	-0.0338461179043994	-0.0100702247916883	0.0906598824136759	0.0214626581242861	-0.0105239314362034	0.0214626581242862
1	1.03563487052364	1.00459465834229	1.03563487052364	1.04568364538789	1.00526343790077	1.00192835565827	1.0052634379008	1.00679214415139	1.00179387260169	1.02660335081554	1.00179387260169	1.04568364538789	1.0052634379008	1.00192835565827	1.00526343790077	2.0999813402655	0.0778963004828287	0.0194516398358025	0.0778963004828304	0.0906646135330301	0.0214627399148353	-0.0105239331301607	0.0214627399148366	0.0245856682540013	-0.0100702154820277	-0.0338457528227957	-0.0100702154820274	0.0906646135330321	0.0214627399148366	-0.0105239331301603	0.0214627399148366
1	1.03559626098974	1.00458663355752	1.03559626098974	1.0457325137661	1.00526696053853	1.00192852223111	1.00526696053855	1.00680155456372	1.00179300523497	1.02659301351494	1.00179300523497	1.0457325137661	1.00526696053855	1.00192852223111	1.00526696053853	2.099981709753	0.077893204172531	0.0194514769926537	0.0778932041725327	0.0906691684359016	0.0214628185164221	-0.0105239347574386	0.0214628185164233	0.0245859094364849	-0.0100702065368838	-0.0338454016772793	-0.0100702065368835	0.0906691684359037	0.0214628185164233	-0.0105239347574382	0.0214628185164234
1	1.03555911032453	1.00457892201063	1.03555911032453	1.04577956542629	1.00527034584735	1.00192868228249	1.00527034584737	1.00681059884515	1.00179217181608	1.02658307080735	1.00179217181608	1.04577956542629	1.00527034584737	1.00192868228249	1.00527034584735	2.09998207192416	0.077890224893372	0.0194513205044668	0.0778902248933737	0.0906735537528879	0.0214628940533919	-0.0105239363206582	0.0214628940533931	0.0245861412326509	-0.0100701979419934	-0.033845063935762	-0.010070197941993	0.09067355375289	0.0214628940533931	-0.0105239363206579	0.0214628940533932
1	1.03552336335627	1.00457151147244	1.03552336335627	1.04582486782053	1.0052735991805	1.0019288360677	1.00527359918052	1.00681929123757	1.00179137101631	1.02657350762686	1.00179137101631	1.04582486782054	1.00527359918052	1.0019288360677	1.0052735991805	2.09998242692385	0.0778873582082591	0.0194511701231658	0.0778873582082608	0.0906777758462148	0.021462966645236	-0.0105239378223382	0.0214629666452371	0.0245863640080286	-0.0100701896836483	-0.033844739086477	-0.010070189683648	0.0906777758462169	0.0214629666452371	-0.0105239378223378	0.0214629666452372
1	1.03548896700306	1.00456439019143	1.03548896700306	1.04586848590447	1.00527672568263	1.00192898383206	1.00527672568265	1.00682764542915	1.00179060155895	1.02656430948306	1.00179060155895	1.04586848590448	1.00527672568265	1.00192898383206	1.00527672568263	2.09998277489407	0.0778845998514498	0.0194510256103678	0.0778845998514515	0.090681840825545	0.0214630364067821	-0.0105239392648986	0.0214630364067831	0.0245865781138137	-0.0100701817486759	-0.0338444266372007	-0.0100701817486756	0.0906818408255471	0.0214630364067831	-0.0105239392648983	0.0214630364067833
1	1.03545587019343	1.00455754687499	1.03545587019343	1.04591048222867	1.00527973029785	1.0019291258113	1.00527973029787	1.0068356745758	1.00178986221728	1.02655546243902	1.00178986221728	1.04591048222867	1.00527973029787	1.0019291258113	1.00527973029785	2.09998311597402	0.0778819457210843	0.0194508867370049	0.077881945721086	0.0906857545616751	0.0214631034483785	-0.0105239406506654	0.0214631034483795	0.0245867838874627	-0.0100701741244172	-0.033844126114509	-0.0100701741244168	0.0906857545616772	0.0214631034483795	-0.010523940650665	0.0214631034483798
1	1.03542402379009	1.00455097067154	1.03542402379009	1.04595091702682	1.00528261777757	1.0019292622319	1.00528261777759	1.00684339132188	1.00178915181258	1.02654695309017	1.00178915181258	1.04595091702682	1.00528261777759	1.0019292622319	1.00528261777757	2.09998345030013	0.077879391872293	0.0194507532829566	0.0778793918722947	0.0906895226985899	0.0214631678760701	-0.0105239419818729	0.021463167876071	0.0245869816532568	-0.0100701667987084	-0.033843837063059	-0.010070166798708	0.090689522698592	0.021463167876071	-0.0105239419818725	0.0214631678760713
1	1.03539338051645	1.00454465115327	1.03539338051645	1.04598984830091	1.00528539268803	1.00192939331148	1.00528539268805	1.00685080782009	1.00178846921228	1.0265387685439	1.00178846921228	1.04598984830092	1.00528539268805	1.00192939331148	1.00528539268803	2.09998377800615	0.0778769345107526	0.0194506250367005	0.0778769345107543	0.0906931506642308	0.021463229791766	-0.010523943260668	0.0214632297917669	0.0245871717228288	-0.0100701597598607	-0.0338435590448971	-0.0100701597598604	0.0906931506642329	0.0214632297917669	-0.0105239432606676	0.0214632297917672
1	1.03536389488598	1.00453857829959	1.03536389488598	1.04602733190333	1.00528805941747	1.00192951925913	1.00528805941749	1.00685793575052	1.00178781332813	1.02653089640002	1.00178781332812	1.04602733190333	1.00528805941749	1.00192951925913	1.00528805941747	2.09998409922315	0.0778745699866334	0.0194505017949735	0.0778745699866351	0.0906966436802481	0.0214632892934022	-0.0105239444891131	0.0214632892934032	0.0245873543956691	-0.0100701529966427	-0.0338432916387949	-0.0100701529966423	0.0906966436802502	0.0214632892934032	-0.0105239444891127	0.0214632892934034
1	1.0353355231343	1.00453274248122	1.0353355231343	1.04606342161601	1.00529062218308	1.00192964027578	1.0052906221831	1.00686478633908	1.00178718311446	1.02652332473196	1.00178718311446	1.04606342161601	1.0052906221831	1.00192964027578	1.00529062218308	2.09998441407962	0.0778722947888717	0.019450383362451	0.0778722947888734	0.0907000067709352	0.0214633464750964	-0.0105239456691898	0.0214633464750974	0.024587529959603	-0.0100701464982623	-0.033843034439613	-0.010070146498262	0.0907000067709373	0.0214633464750974	-0.0105239456691894	0.0214633464750976
1	1.03530822315376	1.00452713444488	1.03530822315376	1.04609816922681	1.0052930850377	1.00192975655448	1.00529308503772	1.0068713703751	1.00178657756656	1.0265160420686	1.00178657756656	1.04609816922681	1.00529308503772	1.00192975655448	1.0052930850377	2.09998472270152	0.0778701055397356	0.0194502695514342	0.0778701055397373	0.0907032447714881	0.0214634014272969	-0.0105239468028017	0.0214634014272979	0.0245876986912519	-0.0100701402543496	-0.0338427870576823	-0.0100701402543493	0.0907032447714902	0.0214634014272979	-0.0105239468028014	0.0214634014272981
1	1.0352819544306	1.00452174529864	1.0352819544306	1.04613162460306	1.00529545187618	1.00192986828071	1.00529545187619	1.0068776982283	1.00178599571903	1.02650903737693	1.00178599571903	1.04613162460307	1.00529545187619	1.00192986828071	1.00529545187618	2.0999850252123	0.0778679989896392	0.0194501601815534	0.0778679989896409	0.0907063623357158	0.0214634542369261	-0.010523947891778	0.0214634542369271	0.0245878608564697	-0.0100701342549408	-0.033842549118216	-0.0100701342549405	0.0907063623357179	0.0214634542369271	-0.0105239478917776	0.0214634542369274
1	1.03525667798447	1.00451656649775	1.03525667798447	1.04616383576249	1.00529772644155	1.0019299756327	1.00529772644156	1.00688377986515	1.00178543664425	1.02650230004527	1.00178543664425	1.04616383576249	1.00529772644156	1.0019299756327	1.00529772644155	2.09998532173297	0.0778659720121983	0.01945005507948	0.0778659720122	0.0907093639432774	0.0214635049875172	-0.0105239489378751	0.0214635049875182	0.0245880167107657	-0.0100701284904619	-0.0338423202607391	-0.0100701284904616	0.0907093639432795	0.0214635049875182	-0.0105239489378748	0.0214635049875184
1	1.03523235631021	1.00451158983112	1.03523235631021	1.04619484894153	1.00529991233095	1.00193007878171	1.00529991233096	1.00688962486447	1.00178489945091	1.02649581986717	1.00178489945091	1.04619484894153	1.00529991233096	1.00193007878171	1.00529991233095	2.09998561238213	0.0778640215994928	0.0194499540786533	0.0778640215994945	0.0907122539065138	0.0214635537593474	-0.0105239499427812	0.0214635537593484	0.0245881664997066	-0.0100701229517135	-0.0338421001385428	-0.0100701229517132	0.0907122539065159	0.0214635537593484	-0.0105239499427808	0.0214635537593487
1	1.03520895332195	1.00450680740827	1.03520895332195	1.04622470866115	1.00530201300131	1.00193017789229	1.00530201300132	1.00689524243254	1.0017843832826	1.02648958702596	1.0017843832826	1.04622470866116	1.00530201300132	1.00193017789229	1.00530201300131	2.09998589727605	0.0778621448575322	0.019449857019014	0.0778621448575339	0.0907150363769277	0.0214636006295643	-0.0105239509081174	0.0214636006295652	0.0245883104593056	-0.0100701176298568	-0.0338418884181583	-0.0100701176298565	0.0907150363769297	0.0214636006295652	-0.0105239509081171	0.0214636006295655
1	1.03518643429924	1.0045022116468	1.03518643429924	1.04625345779032	1.00530403177479	1.00193027312254	1.00530403177481	1.00690064141759	1.0017838873164	1.0264835920798	1.0017838873164	1.04625345779032	1.00530403177481	1.00193027312254	1.0053040317748	2.09998617652869	0.0778603390019027	0.0194497637467519	0.0778603390019044	0.0907177153513496	0.0214636456723077	-0.0105239518354416	0.0214636456723086	0.0245884488163926	-0.0100701125163985	-0.0338416847788505	-0.0100701125163982	0.0907177153513516	0.0214636456723086	-0.0105239518354412	0.021463645672309
1	1.03516476583529	1.00449779526036	1.03516476583529	1.04628113760705	1.00530597184408	1.00193036462437	1.0053059718441	1.00690583032368	1.00178341076164	1.02647782594742	1.00178341076164	1.04628113760705	1.0053059718441	1.00193036462437	1.00530597184408	2.09998645025176	0.0778586013535901	0.0194496741140604	0.0778586013535918	0.0907202946778197	0.0214636889588274	-0.0105239527262499	0.0214636889588283	0.0245885817889742	-0.0100701076031782	-0.0338414889121313	-0.0100701076031779	0.0907202946778217	0.0214636889588283	-0.0105239527262495	0.0214636889588286
1	1.03514391578715	1.00449355124709	1.03514391578715	1.04630778785729	1.0053078362774	1.00193045254377	1.00530783627741	1.00691081732412	1.00178295285856	1.02647227989428	1.00178295285856	1.04630778785729	1.00530783627741	1.00193045254377	1.0053078362774	2.09998671855476	0.0778569293349688	0.0194495879789035	0.0778569293349705	0.0907227780612136	0.0214637305575954	-0.0105239535819799	0.0214637305575964	0.0245887095865741	-0.010070102882355	-0.0338413005212929	-0.0100701028823546	0.0907227780612156	0.0214637305575964	-0.0105239535819796	0.0214637305575967
1	1.0351238532278	1.0044894728785	1.0351238532278	1.04633344681162	1.00530962802337	1.00193053702097	1.00530962802338	1.0069156102743	1.00178251287716	1.02646694551937	1.00178251287716	1.04633344681163	1.00530962802338	1.00193053702097	1.00530962802337	2.09998698154499	0.0778553204659469	0.0194495052047882	0.0778553204659486	0.090725169068628	0.0214637705344142	-0.0105239544040125	0.0214637705344152	0.0245888324105659	-0.0100700983463948	-0.0338411193209558	-0.0100700983463945	0.09072516906863	0.0214637705344152	-0.0105239544040122	0.0214637705344155
1	1.03510454840006	1.00448555368879	1.03510454840006	1.04635815131989	1.00531134991567	1.00193061819074	1.00531134991568	1.00692021672405	1.00178209011599	1.02646181474247	1.00178209011599	1.04635815131989	1.00531134991568	1.00193061819074	1.00531134991567	2.09998723932767	0.0778537723602622	0.0194494256605506	0.077853772360264	0.0907274711345486	0.0214638089525213	-0.0105239551936742	0.0214638089525223	0.024588950454488	-0.0100700939880588	-0.0338409450366386	-0.0100700939880585	0.0907274711345507	0.0214638089525223	-0.0105239551936739	0.0214638089525226
1	1.03508597267228	1.0044817874646	1.03508597267228	1.04638193686376	1.00531300467752	1.00193069618258	1.00531300467753	1.00692464392954	1.00178168390108	1.02645687979183	1.00178168390108	1.04638193686376	1.00531300467753	1.00193069618258	1.00531300467752	2.09998749200591	0.0778522827219202	0.0194493492201457	0.0778522827219219	0.0907296875658071	0.0214638458726887	-0.0105239559522393	0.0214638458726895	0.0245890639043496	-0.0100700898003914	-0.0338407774043385	-0.0100700898003911	0.0907296875658091	0.0214638458726895	-0.010523955952239	0.02146384587269
1	1.03506809849565	1.00447816823515	1.03506809849565	1.04640483760744	1.005314594926	1.0019307711209	1.00531459492601	1.00692889886469	1.00178129358483	1.02645213319249	1.00178129358483	1.04640483760745	1.00531459492601	1.0019307711209	1.005314594926	2.09998773968079	0.07785084934177	0.0194492757624492	0.0778508493417717	0.090731821546346	0.021463881353319	-0.0105239566809323	0.0214638813533197	0.0245891729389228	-0.0100700857767096	-0.0338406161701346	-0.0100700857767093	0.0907318215463481	0.0214638813533197	-0.0105239566809319	0.0214638813533203
1	1.0350508993632	1.00447469026277	1.0350508993632	1.04642688644647	1.00531612317615	1.00193084312524	1.00531612317616	1.00693298823213	1.00178091854498	1.02644756775485	1.00178091854498	1.04642688644647	1.00531612317616	1.00193084312524	1.00531612317615	2.09998798245138	0.0778494700942113	0.0194492051710635	0.077849470094213	0.0907338761417959	0.0214639154505381	-0.0105239573809288	0.0214639154505389	0.0245892777300249	-0.0100700819105917	-0.0338404610898	-0.0100700819105914	0.090733876141798	0.0214639154505389	-0.0105239573809284	0.0214639154505394
1	1.03503434977033	1.00447134803378	1.03503434977033	1.04644811505468	1.00531759184498	1.00193091231048	1.00531759184498	1.00693691847377	1.00178055818362	1.02644317656383	1.00178055818362	1.04644811505468	1.00531759184498	1.00193091231048	1.00531759184498	2.09998822041478	0.0778481429340273	0.019449137334135	0.077848142934029	0.0907358543038807	0.0214639482182839	-0.0105239580533587	0.0214639482182847	0.0245893784427881	-0.0100700781958679	-0.0338403119284324	-0.0100700781958675	0.0907358543038828	0.0214639482182847	-0.0105239580533583	0.0214639482182851
1	1.03501842517684	1.00446813624973	1.03501842517684	1.04646855392955	1.00531900325527	1.00193097878698	1.00531900325528	1.00694069578092	1.00178021192627	1.02643895296833	1.00178021192627	1.04646855392955	1.00531900325528	1.00193097878698	1.00531900325527	2.0999884536662	0.0778468658933387	0.0194490721441752	0.0778468658933404	0.0907377588746515	0.0214639797083913	-0.0105239586993072	0.0214639797083921	0.0245894752359202	-0.0100700746266097	-0.0338401684600983	-0.0100700746266094	0.0907377588746536	0.0214639797083921	-0.0105239586993068	0.0214639797083925
1	1.0350031019704	1.00446504981906	1.03500310197041	1.04648823243573	1.00532035963928	1.0019310426608	1.00532035963929	1.00694432610404	1.0017798792209	1.02643489057121	1.0017798792209	1.04648823243573	1.00532035963929	1.00193104266079	1.00532035963928	2.09998868229893	0.0778456370786737	0.0194490094978915	0.0778456370786754	0.0907395925905638	0.0214640099706745	-0.010523959319817	0.0214640099706754	0.0245895682619535	-0.0100700711971209	-0.0338400304674897	-0.0100700711971205	0.0907395925905659	0.0214640099706754	-0.0105239593198167	0.0214640099706758
1	1.03498835743144	1.00446208384893	1.03498835743144	1.04650717884708	1.00532166314221	1.00193110403382	1.00532166314222	1.00694781516212	1.00177955953711	1.02643098321955	1.00177955953711	1.04650717884708	1.00532166314222	1.00193110403382	1.00532166314221	2.09998890640442	0.0778444546681502	0.0194489492960223	0.0778444546681519	0.090741358086398	0.0214640390530056	-0.0105239599158895	0.0214640390530063	0.0245896576674864	-0.0100700679019284	-0.0338398977415959	-0.0100700679019281	0.0907413580864001	0.0214640390530063	-0.0105239599158892	0.0214640390530068
1	1.03497416969928	1.00445923363755	1.03497416969928	1.04652542038708	1.00532291582567	1.00193116300396	1.00532291582568	1.00695116845166	1.00177925236525	1.02642722499532	1.00177925236525	1.04652542038708	1.00532291582568	1.00193116300396	1.00532291582567	2.09998912607233	0.0778433169087634	0.0194488914431798	0.0778433169087651	0.0907430578990366	0.0214640670013901	-0.0105239604884869	0.0214640670013909	0.0245897435934124	-0.0100700647357732	-0.0338397700813849	-0.0100700647357729	0.0907430578990387	0.0214640670013909	-0.0105239604884865	0.0214640670013914
1	1.0349605177397	1.00445649466664	1.0349605177397	1.04654298326781	1.00532411967088	1.0019312196653	1.00532411967089	1.00695439125533	1.00177895721562	1.02642361020643	1.00177895721562	1.04654298326781	1.00532411967089	1.0019312196653	1.00532411967088	2.09998934139053	0.0778422221137794	0.0194488358477002	0.0778422221137811	0.0907446944710969	0.0214640938600399	-0.0105239610385333	0.0214640938600407	0.0245898261751439	-0.0100700616936025	-0.0338396472934996	-0.0100700616936021	0.0907446944710989	0.0214640938600407	-0.0105239610385329	0.0214640938600412
1	1.03494738131361	1.00445386259432	1.03494738131361	1.04655989272744	1.00532527658184	1.00193127410823	1.00532527658184	1.00695748865029	1.00177867361768	1.02642013337809	1.00177867361768	1.04655989272744	1.00532527658184	1.00193127410823	1.00532527658184	2.09998955244514	0.077841168660224	0.019448782421496	0.0778411686602257	0.0907462701544327	0.0214641196714435	-0.0105239615669167	0.0214641196714443	0.0245899055428236	-0.0100700587705611	-0.0338395291919652	-0.0100700587705608	0.0907462701544347	0.0214641196714443	-0.0105239615669164	0.0214641196714448
1	1.03493474094692	1.00445133324821	1.03493474094692	1.04657617306635	1.0053263883883	1.00193132641959	1.00532638838831	1.00696046551618	1.00177840111931	1.02641678924452	1.00177840111931	1.04657617306635	1.00532638838831	1.00193132641959	1.0053263883883	2.09998975932058	0.0778401549864728	0.0194487310799177	0.0778401549864746	0.0907477872135004	0.0214641444764327	-0.0105239620744899	0.0214641444764336	0.0245899818215314	-0.0100700559619841	-0.0338394155979063	-0.0100700559619838	0.0907477872135025	0.0214641444764336	-0.0105239620744896	0.021464144476434
1	1.03492257790167	1.00444890261877	1.03492257790167	1.04659184768194	1.00532745684872	1.00193137668284	1.00532745684873	1.00696332654281	1.0017781392861	1.02641357274095	1.0017781392861	1.04659184768194	1.00532745684873	1.00193137668284	1.00532745684872	2.09998996209962	0.0778391795899258	0.0194486817416202	0.0778391795899275	0.0907492478286067	0.0214641683142476	-0.0105239625620724	0.0214641683142485	0.0245900551314791	-0.0100700532633892	-0.0338393063392768	-0.0100700532633888	0.0907492478286087	0.0214641683142485	-0.010523962562072	0.0214641683142489
1	1.03491087414808	1.00444656685301	1.03491087414809	1.0466069391021	1.00532848365298	1.00193142497818	1.00532848365299	1.00696607623753	1.00177788770063	1.02641047899596	1.00177788770063	1.04660693910211	1.00532848365299	1.00193142497818	1.00532848365298	2.09999016086337	0.0778382410247743	0.0194486343284323	0.077838241024776	0.090750654099027	0.0214641912225981	-0.010523963030451	0.0214641912225988	0.0245901255882017	-0.0100700506704695	-0.0338392012505968	-0.0100700506704692	0.090750654099029	0.0214641912225988	-0.0105239630304507	0.0214641912225993
1	1.03489961233784	1.00444432224834	1.03489961233784	1.04662146901752	1.00532947042509	1.00193147138263	1.00532947042509	1.00696871893232	1.0017776459618	1.02640750332409	1.0017776459618	1.04662146901752	1.00532947042509	1.00193147138263	1.00532947042509	2.09999035569132	0.0778373378998535	0.0194485887652339	0.0778373378998552	0.0907520080460178	0.0214642132377239	-0.010523963480382	0.0214642132377246	0.0245901933027387	-0.0100700481790873	-0.0338391001727057	-0.0100700481790869	0.0907520080460199	0.0214642132377246	-0.0105239634803817	0.0214642132377251
1	1.03488877577824	1.00444216524667	1.03488877577824	1.0466354583127	1.00533041872574	1.00193151597024	1.00533041872574	1.00697125879063	1.00177741368424	1.02640464121874	1.00177741368424	1.0466354583127	1.00533041872574	1.00193151597024	1.00533041872574	2.09999054666143	0.0778364688765736	0.0194485449798363	0.0778364688765753	0.09075331161571	0.0214642343944518	-0.0105239639125918	0.0214642343944526	0.0245902583818085	-0.0100700457852662	-0.0338390029525177	-0.0100700457852658	0.090753311615712	0.0214642343944526	-0.0105239639125915	0.021464234394453
1	1.03487834840744	1.00444009242885	1.03487834840744	1.0466489270959	1.00533133005479	1.00193155881214	1.0053313300548	1.00697369981394	1.00177719049765	1.02640188834535	1.00177719049765	1.04664892709591	1.0053313300548	1.00193155881214	1.00533133005479	2.09999073385008	0.0778356326669307	0.0194485029028682	0.0778356326669324	0.090754566681897	0.021464254726251	-0.010523964327778	0.0214642547262517	0.0245903209279766	-0.0100700434851858	-0.0338389094427905	-0.0100700434851855	0.0907545666818991	0.0214642547262517	-0.0105239643277777	0.0214642547262522
1	1.03486831477055	1.00443810050914	1.03486831477055	1.04666189472799	1.00533220585363	1.00193159997667	1.00533220585364	1.00697604584803	1.00177697604622	1.02639924053482	1.00177697604622	1.04666189472799	1.00533220585364	1.00193159997667	1.00533220585363	2.09999091733214	0.0778348280315931	0.0194484624676655	0.0778348280315949	0.090755775048723	0.0214642742652857	-0.010523964726611	0.0214642742652865	0.0245903810398183	-0.0100700412751754	-0.0338388195019035	-0.0100700412751751	0.0907557750487251	0.0214642742652865	-0.0105239647266107	0.021464274265287
1	1.0348586599967	1.00443618633009	1.0348586599967	1.04667437985011	1.00533304750745	1.0019316395295	1.00533304750746	1.00697830058906	1.00177676998807	1.02639669377719	1.00177676998807	1.04667437985011	1.00533304750746	1.0019316395295	1.00533304750745	2.09999109718101	0.0778340537780601	0.0194484236101657	0.0778340537780619	0.090756938453267	0.0214642930424659	-0.0105239651097346	0.0214642930424666	0.0245904388120721	-0.010070039151708	-0.0338387329936417	-0.0100700391517077	0.0907569384532691	0.0214642930424666	-0.0105239651097343	0.0214642930424672
1	1.03484936977695	1.0044343468575	1.03484936977695	1.04668640041047	1.00533385634745	1.00193167753374	1.00533385634745	1.0069804675894	1.00177657199469	1.02639424421556	1.00177657199469	1.04668640041047	1.00533385634745	1.00193167753374	1.00533385634745	2.09999127346864	0.077833308758892	0.0194483862688063	0.0778333087588937	0.0907580585680319	0.0214643110874967	-0.0105239654777674	0.0214643110874974	0.0245904943357905	-0.0100700371113947	-0.0338386497869891	-0.0100700371113944	0.090758058568034	0.0214643110874974	-0.010523965477767	0.021464311087498
1	1.03484043034302	1.00443257917558	1.03484043034303	1.04669797369003	1.00533463365291	1.00193171405001	1.00533463365291	1.00698255026316	1.00177638175044	1.02639188814028	1.00177638175044	1.04669797369003	1.00533463365291	1.00193171405001	1.00533463365291	2.09999144626554	0.0778325918700036	0.019448350384427	0.0778325918700054	0.0907591370033448	0.021464328428925	-0.0105239658313037	0.0214643284289257	0.0245905476984826	-0.0100700351509793	-0.0338385697559324	-0.010070035150979	0.0907591370033468	0.0214643284289257	-0.0105239658313033	0.0214643284289262
1	1.03483182844686	1.00443088048238	1.03483182844686	1.04670911632729	1.00533538065326	1.00193174913657	1.00533538065326	1.00698455189168	1.00177619895204	1.02638962198327	1.00177619895204	1.04670911632729	1.00533538065326	1.00193174913657	1.00533538065326	2.09999161564083	0.0778319020490272	0.0194483159001765	0.077831902049029	0.0907601753096631	0.0214643450941845	-0.0105239661709142	0.0214643450941852	0.0245905989842523	-0.010070033267333	-0.033838492779267	-0.0100700332673327	0.0907601753096652	0.0214643450941852	-0.0105239661709139	0.0214643450941858
1	1.03482355134095	1.0044292480853	1.03482355134095	1.04671984434217	1.00533609852999	1.0019317828494	1.00533609852999	1.00698647562858	1.00177602330807	1.02638744231267	1.00177602330807	1.04671984434217	1.00533609852999	1.0019317828494	1.00533609852999	2.09999178166226	0.0778312382737324	0.0194482827614221	0.0778312382737342	0.0907611749798002	0.0214643611096394	-0.0105239664971474	0.0214643611096401	0.0245906482739304	-0.0100700314574497	-0.0338384187404158	-0.0100700314574493	0.0907611749798023	0.0214643611096401	-0.0105239664971471	0.0214643611096407
1	1.0348155867594	1.00442767939684	1.0348155867594	1.04673017315893	1.00533678841854	1.00193181524227	1.00533678841854	1.00698832450479	1.00177585453851	1.0263853458276	1.00177585453851	1.04673017315893	1.00533678841854	1.00193181524227	1.00533678841854	2.09999194439625	0.0778305995605088	0.0194482509156627	0.0778305995605105	0.0907621374510656	0.0214643765006257	-0.0105239668105299	0.0214643765006264	0.0245906956452024	-0.0100700297184408	-0.033838347527251	-0.0100700297184404	0.0907621374510677	0.0214643765006264	-0.0105239668105295	0.021464376500627
1	1.03480792289975	1.00442617193051	1.03480792289975	1.04674011762836	1.00533745141007	1.00193184636688	1.00533745141007	1.00699010143332	1.0017756923743	1.02638332935321	1.0017756923743	1.04674011762837	1.00533745141007	1.00193184636688	1.00533745141007	2.09999210390789	0.0778299849629083	0.019448220312446	0.07782998496291	0.0907630641073261	0.0214643912914923	-0.0105239671115678	0.0214643912914929	0.0245907411727308	-0.010070028047531	-0.0338382790319255	-0.0100700280475307	0.0907630641073282	0.0214643912914929	-0.0105239671115674	0.0214643912914936
1	1.03480054840539	1.00442472329687	1.03480054840539	1.04674969204903	1.00533808855321	1.00193187627286	1.00533808855322	1.00699180921384	1.00177553655693	1.02638138983578	1.00177553655693	1.04674969204904	1.00533808855322	1.00193187627286	1.00533808855321	2.09999226026099	0.0778293935702369	0.0194481909032888	0.0778293935702386	0.0907639562809914	0.0214644055056382	-0.0105239674007471	0.0214644055056389	0.0245907849282721	-0.0100700264420536	-0.0338382131507074	-0.0100700264420532	0.0907639562809935	0.0214644055056389	-0.0105239674007468	0.0214644055056394
1	1.03479345234878	1.00442333119973	1.03479345234878	1.04675891018783	1.00533870085572	1.00193190500794	1.00533870085572	1.00699345053707	1.00177538683799	1.02637952433819	1.00177538683799	1.04675891018783	1.00533870085572	1.00193190500794	1.00533870085572	2.09999241351809	0.0778288245062049	0.0194481626415996	0.0778288245062066	0.0907648152549254	0.0214644191655501	-0.0105239676785349	0.0214644191655508	0.024590826980791	-0.0100700248994463	-0.0338381497838265	-0.0100700248994459	0.0907648152549275	0.0214644191655508	-0.0105239676785346	0.0214644191655514
1	1.03478662421516	1.00442199343254	1.03478662421516	1.0467677852997	1.00533928928603	1.00193193261796	1.00533928928604	1.00699502798905	1.00177524297879	1.02637773003541	1.00177524297879	1.0467677852997	1.00533928928604	1.00193193261796	1.00533928928603	2.0999925637405	0.0778282769276255	0.0194481354826054	0.0778282769276272	0.0907656422642864	0.0214644322928381	-0.0105239679453798	0.0214644322928388	0.0245908673965679	-0.0100700234172473	-0.0338380888353186	-0.0100700234172469	0.0907656422642885	0.0214644322928388	-0.0105239679453794	0.0214644322928394
1	1.03478005388699	1.00442070787486	1.03478005388699	1.04677633014668	1.00533985477487	1.00193195914696	1.00533985477488	1.00699654405521	1.00177510475	1.02637600421026	1.00177510475	1.04677633014669	1.00533985477488	1.00193195914696	1.00533985477487	2.0999927109883	0.0778277500231633	0.01944810938328	0.077827750023165	0.0907664384983013	0.0214644449082698	-0.0105239682017126	0.0214644449082705	0.024590906239304	-0.010070021993091	-0.0338380302128842	-0.0100700219930906	0.0907664384983034	0.0214644449082705	-0.0105239682017123	0.0214644449082711
1	1.03477373162893	1.00441947248903	1.03477373162893	1.04678455701621	1.00534039821665	1.00193198463727	1.00534039821665	1.00699800112423	1.00177497193124	1.02637434424924	1.00177497193124	1.04678455701621	1.00534039821665	1.00193198463727	1.00534039821665	2.09999285532041	0.0778272430121305	0.0194480843022761	0.0778272430121323	0.0907672051019706	0.021464457031803	-0.0105239684479475	0.0214644570318037	0.0245909435702218	-0.0100700206247045	-0.0338379738277462	-0.0100700206247042	0.0907672051019727	0.0214644570318037	-0.0105239684479471	0.0214644570318043
1	1.03476764807336	1.00441828531691	1.03476764807336	1.04679247773875	1.00534092047092	1.00193200912955	1.00534092047092	1.00699940149189	1.00177484431079	1.02637274763863	1.00177484431079	1.04679247773875	1.00534092047092	1.00193200912955	1.00534092047092	2.09999299679454	0.0778267551433294	0.01944806019986	0.0778267551433311	0.0907679431777106	0.0214644686826172	-0.0105239686844819	0.0214644686826179	0.0245909794481607	-0.010070019309904	-0.033837919594515	-0.0100700193099036	0.0907679431777126	0.0214644686826179	-0.0105239686844816	0.0214644686826185
1	1.03476179420653	1.0044171444768	1.03476179420653	1.04680010370478	1.00534142236371	1.00193203266289	1.00534142236371	1.00700074736462	1.00177472168518	1.02637121196064	1.00177472168518	1.04680010370478	1.00534142236371	1.00193203266289	1.00534142236371	2.0999931354673	0.0778262856939363	0.0194480370378484	0.0778262856939381	0.0907686537869397	0.0214644798791444	-0.010523968911698	0.021464479879145	0.0245910139296702	-0.010070018046591	-0.0338378674310613	-0.0100700180465906	0.0907686537869418	0.021464479879145	-0.0105239689116976	0.0214644798791456
1	1.03475616135515	1.00441604816044	1.03475616135515	1.04680744588115	1.00534190468887	1.00193205527482	1.00534190468887	1.007002040863	1.00177460385893	1.02636973488977	1.00177460385893	1.04680744588115	1.00534190468887	1.00193205527482	1.00534190468887	2.09999327139415	0.0778258339684291	0.0194480147795483	0.0778258339684308	0.0907693379515984	0.0214644906390974	-0.0105239691299627	0.0214644906390981	0.0245910470690997	-0.0100700168327493	-0.0338378172583911	-0.010070016832749	0.0907693379516004	0.0214644906390981	-0.0105239691299623	0.0214644906390986
1	1.03475074117352	1.00441499463013	1.03475074117353	1.04681451482682	1.00534236820927	1.00193207700142	1.00534236820927	1.0070032840251	1.00177449064419	1.02636831418928	1.00177449064419	1.04681451482682	1.00534236820927	1.00193207700142	1.00534236820927	2.09999340462948	0.0778253992975568	0.0194479933896978	0.0778253992975586	0.0907699966556186	0.0214645009794989	-0.0105239693396284	0.0214645009794996	0.024591078918683	-0.0100700156664417	-0.0338377690005243	-0.0100700156664413	0.0907699966556207	0.0214645009794996	-0.0105239693396281	0.0214645009795001
1	1.0347455256312	1.00441398221601	1.0347455256312	1.04682132070802	1.00534281365807	1.00193209787735	1.00534281365807	1.00700447880968	1.00177438186049	1.02636694770779	1.00177438186049	1.04682132070802	1.00534281365807	1.00193209787735	1.00534281365807	2.09999353522656	0.0778249810373465	0.0194479728344115	0.0778249810373482	0.0907706308463347	0.0214645109167079	-0.0105239695410339	0.0214645109167085	0.0245911095286212	-0.0100700145458068	-0.0338377225843816	-0.0100700145458065	0.0907706308463367	0.0214645109167085	-0.0105239695410335	0.0214645109167091
1	1.03474050700102	1.00441300931341	1.03474050700102	1.04682787331283	1.00534324173982	1.00193211793592	1.00534324173982	1.00700562709928	1.00177427733439	1.02636563337604	1.00177427733439	1.04682787331284	1.00534324173982	1.00193211793592	1.00534324173982	2.09999366323766	0.0778245785681468	0.0194479530811262	0.0778245785681486	0.0907712414358459	0.0214645204664452	-0.0105239697345044	0.0214645204664458	0.024591138947162	-0.0100700134690561	-0.0338376779396724	-0.0100700134690557	0.090771241435848	0.0214645204664458	-0.0105239697345041	0.0214645204664464
1	1.03473567784768	1.00441207438025	1.03473567784768	1.04683418206529	1.00534365313162	1.00193213720912	1.00534365313162	1.00700673070321	1.00177417689926	1.02636436920377	1.00177417689926	1.04683418206529	1.00534365313162	1.00193213720912	1.00534365313162	2.09999378871396	0.0778241912937098	0.0194479340985494	0.0778241912937115	0.0907718293023231	0.021464529643819	-0.0105239699203527	0.0214645296438197	0.0245911672206749	-0.010070012434471	-0.0338376349987898	-0.0100700124344707	0.0907718293023251	0.0214645296438197	-0.0105239699203523	0.0214645296438203
1	1.0347310310167	1.00441117593468	1.0347310310167	1.04684025603885	1.00534404848416	1.00193215572772	1.00534404848416	1.00700779136034	1.00177408039499	1.02636315327663	1.00177408039499	1.04684025603885	1.00534404848416	1.00193215572772	1.00534404848416	2.09999391170566	0.0778238186403066	0.0194479158566094	0.0778238186403084	0.0907723952912728	0.0214645384633482	-0.0105239700988787	0.0214645384633488	0.024591194393725	-0.0100700114404007	-0.0338375936967065	-0.0100700114404004	0.0907723952912749	0.0214645384633488	-0.0105239700988784	0.0214645384633495
1	1.03472655962381	1.00441031255265	1.03472655962381	1.04684610396948	1.00534442842278	1.00193217352125	1.00534442842278	1.00700881074192	1.00177398766772	1.02636198375339	1.00177398766772	1.04684610396949	1.00534442842278	1.00193217352125	1.00534442842278	2.09999403226196	0.077823460055876	0.0194478983264078	0.0778234600558777	0.0907729402167506	0.0214645469389855	-0.010523970270371	0.0214645469389861	0.024591220509143	-0.0100700104852583	-0.033837553970877	-0.0100700104852579	0.0907729402167526	0.0214645469389861	-0.0105239702703706	0.0214645469389867
1	1.03472225704472	1.00440948286572	1.03472225704472	1.04685173426818	1.00534479354841	1.00193219061809	1.00534479354842	1.00700979045413	1.00177389856965	1.02636085886307	1.00177389856965	1.04685173426818	1.00534479354842	1.00193219061809	1.00534479354841	2.09999415043109	0.0778231150092074	0.0194478814801745	0.0778231150092091	0.090773464862529	0.0214645550841399	-0.0105239704351063	0.0214645550841405	0.0245912456080928	-0.0100700095675195	-0.0338375157611437	-0.0100700095675192	0.090773464862531	0.0214645550841405	-0.010523970435106	0.0214645550841411
1	1.03471811690533	1.00440868555884	1.03471811690534	1.04685715503306	1.00534514443859	1.00193220704554	1.00534514443859	1.00701073204067	1.00177381295871	1.02635977690227	1.00177381295871	1.04685715503306	1.00534514443859	1.00193220704554	1.00534514443859	2.09999426626032	0.0778227829891502	0.0194478652912219	0.077822782989152	0.090773969983224	0.0214645629116972	-0.010523970593351	0.0214645629116979	0.0245912697301362	-0.0100700086857197	-0.0338374790096448	-0.0100700086857193	0.0907739699832261	0.0214645629116979	-0.0105239705933507	0.0214645629116985
1	1.03471413307229	1.00440791936829	1.03471413307229	1.04686237406097	1.00534548164831	1.00193222282979	1.00534548164831	1.00701163698518	1.00177373069844	1.02635873623262	1.00177373069844	1.04686237406097	1.00534548164831	1.00193222282979	1.00534548164831	2.09999437979597	0.0778224635038581	0.0194478497339047	0.0778224635038599	0.0907744563053815	0.0214645704340412	-0.0105239707453607	0.0214645704340419	0.0245912929132953	-0.0100700078384515	-0.0338374436607268	-0.0100700078384511	0.0907744563053835	0.0214645704340418	-0.0105239707453603	0.0214645704340425
1	1.03471029964382	1.00440718307967	1.03471029964382	1.04686739885872	1.00534580571094	1.00193223799603	1.00534580571094	1.00701250671354	1.00177365165769	1.02635773527827	1.00177365165769	1.04686739885872	1.00534580571094	1.00193223799603	1.00534580571094	2.09999449108347	0.0778221560800592	0.0194478347835779	0.077822156080061	0.0907749245285178	0.0214645776630726	-0.0105239708913809	0.0214645776630733	0.0245913151941123	-0.0100700070243626	-0.0338374096608609	-0.0100700070243623	0.0907749245285199	0.0214645776630732	-0.0105239708913805	0.0214645776630739
1	1.03470661094107	1.00440647552599	1.03470661094107	1.04687223665386	1.00534611713905	1.00193225256846	1.00534611713905	1.00701334259617	1.00177357571046	1.02635677252353	1.00177357571046	1.04687223665386	1.00534611713905	1.00193225256846	1.00534611713905	2.09999460016732	0.0778218602623543	0.0194478204165583	0.0778218602623561	0.0907753753261259	0.0214645846102281	-0.0105239710316476	0.0214645846102287	0.0245913366077075	-0.0100700062421538	-0.0338373769585601	-0.0100700062421535	0.090775375326128	0.0214645846102287	-0.0105239710316472	0.0214645846102294
1	1.03470306149963	1.0044057955858	1.03470306149963	1.04687689440505	1.00534641642523	1.00193226657032	1.00534641642523	1.00701414595017	1.00177350273567	1.02635584651054	1.00177350273566	1.04687689440505	1.00534641642523	1.00193226657032	1.00534641642523	2.09999470709118	0.077821575612541	0.0194478066100864	0.0778215756125428	0.0907758093466429	0.0214645912864986	-0.0105239711663873	0.0214645912864993	0.0245913571878338	-0.0100700054905766	-0.0338373455043035	-0.0100700054905763	0.090775809346645	0.0214645912864993	-0.010523971166387	0.0214645912864998
1	1.03469964606144	1.0044051421814	1.03469964606144	1.04688137881207	1.00534670404287	1.00193228002395	1.00534670404287	1.00701491804135	1.00177343261698	1.02635495583709	1.00177343261698	1.04688137881207	1.00534670404287	1.00193228002395	1.00534670404287	2.09999481189779	0.0778213017089657	0.0194477933422915	0.0778213017089675	0.0907762272143819	0.021464597702446	-0.0105239712958178	0.0214645977024468	0.0245913769669313	-0.0100700047684316	-0.0338373152504599	-0.0100700047684312	0.090776227214384	0.0214645977024468	-0.0105239712958174	0.0214645977024473
1	1.034696359567	1.00440451427718	1.034696359567	1.04688569632544	1.00534698044689	1.00193229295082	1.00534698044689	1.00701566008629	1.00177336524262	1.02635409915449	1.00177336524262	1.04688569632544	1.00534698044689	1.00193229295082	1.00534698044689	2.0999949146291	0.0778210381458971	0.0194477805921554	0.0778210381458989	0.0907766295304298	0.0214646038682212	-0.0105239714201483	0.0214646038682218	0.024591395976177	-0.0100700040745662	-0.0338372861512167	-0.0100700040745659	0.0907766295304318	0.0214646038682218	-0.0105239714201479	0.0214646038682224
1	1.03469319714788	1.00440391087794	1.03469319714788	1.04688985315569	1.00534724607448	1.00193230537156	1.00534724607448	1.00701637325425	1.00177330050517	1.02635327516551	1.00177330050517	1.04688985315569	1.00534724607448	1.00193230537156	1.00534724607448	2.09999501532619	0.0778207845329247	0.0194477683394806	0.0778207845329265	0.0907770168735087	0.0214646097935786	-0.0105239715395795	0.0214646097935792	0.0245914142455346	-0.0100700034078731	-0.0338372581625079	-0.0100700034078727	0.0907770168735108	0.0214646097935792	-0.0105239715395792	0.0214646097935798
1	1.0346901541195	1.0044033310273	1.0346901541195	1.0468938552823	1.00534750134579	1.00193231730597	1.00534750134579	1.00701705866894	1.00177323830143	1.02635248262244	1.00177323830143	1.0468938552823	1.00534750134579	1.00193231730597	1.00534750134579	2.09999511402934	0.0778205404943802	0.0194477565648575	0.077820540494382	0.0907773898008112	0.0214646154878924	-0.0105239716543045	0.0214646154878931	0.0245914318038015	-0.010070002767288	-0.0338372312419512	-0.0100700027672877	0.0907773898008132	0.0214646154878931	-0.0105239716543041	0.0214646154878936
1	1.03468722597414	1.00440277380624	1.03468722597415	1.04689770846227	1.0053477466646	1.0019323287731	1.0053477466646	1.00701771741038	1.00177317853223	1.02635172032518	1.00177317853223	1.04689770846227	1.0053477466646	1.0019323287731	1.0053477466646	2.09999521077804	0.077820305668781	0.0194477452496339	0.0778203056687828	0.0907777488487967	0.0214646209601714	-0.0105239717645085	0.0214646209601722	0.0245914486786545	-0.0100700021517886	-0.0338372053487809	-0.0100700021517883	0.0907777488487988	0.0214646209601722	-0.0105239717645081	0.0214646209601727
1	1.03468440837435	1.00440223833159	1.03468440837435	1.04690141823841	1.00534798241891	1.00193233979125	1.00534798241891	1.00701835051656	1.0017731211023	1.02635098711944	1.0017731211023	1.04690141823841	1.00534798241891	1.00193233979125	1.00534798241891	2.09999530561099	0.0778200797082953	0.0194477343758854	0.0778200797082971	0.0907780945339675	0.0214646262190734	-0.0105239718703698	0.0214646262190742	0.0245914648966931	-0.0100700015603927	-0.0338371804437885	-0.0100700015603924	0.0907780945339696	0.0214646262190742	-0.0105239718703695	0.0214646262190746
1	1.03468169714643	1.00440172375464	1.03468169714643	1.0469049899473	1.00534820898164	1.00193235037799	1.00534820898164	1.00701895898506	1.00177306592007	1.02635028189499	1.00177306592007	1.0469049899473	1.00534820898164	1.00193235037799	1.00534820898164	2.09999539856612	0.0778198622782245	0.019447723926387	0.0778198622782263	0.0907784273536064	0.0214646312729182	-0.0105239719720595	0.021464631272919	0.0245914804834817	-0.0100700009921563	-0.0338371564892598	-0.010070000992156	0.0907784273536085	0.021464631272919	-0.0105239719720591	0.0214646312729195
1	1.03467908827428	1.00440122925982	1.03467908827428	1.04690842872696	1.00534842671113	1.00193236055022	1.00534842671113	1.00701954377466	1.00177301289758	1.02634960358396	1.00177301289758	1.04690842872696	1.00534842671113	1.00193236055022	1.00534842671113	2.09999548968062	0.0778196530565082	0.0194477138845854	0.07781965305651	0.0907787477864946	0.0214646361297015	-0.0105239720697418	0.0214646361297022	0.0245914954635895	-0.0100700004461725	-0.0338371334489213	-0.0100700004461722	0.0907787477864967	0.0214646361297022	-0.0105239720697414	0.0214646361297027
1	1.03467657789347	1.00440075406338	1.03467657789347	1.04691173952423	1.00534863595179	1.00193237032416	1.00534863595179	1.00702010580681	1.00177296195029	1.02634895115923	1.00177296195029	1.04691173952423	1.00534863595179	1.00193237032416	1.00534863595179	2.09999557899093	0.077819451733247	0.0194477042345739	0.0778194517332488	0.0907790562935995	0.0214646407971069	-0.0105239721635746	0.0214646407971075	0.0245915098606298	-0.01006999992157	-0.033837111287884	-0.0100699999215696	0.0907790562936015	0.0214646407971076	-0.0105239721635743	0.0214646407971082
1	1.03467416228548	1.00440029741216	1.03467416228548	1.04691492710191	1.00534883703455	1.00193237971541	1.00534883703456	1.00702064596713	1.00177291299699	1.0263483236329	1.00177291299699	1.04691492710191	1.00534883703456	1.00193237971541	1.00534883703456	2.09999566653277	0.0778192580102427	0.0194476949610658	0.0778192580102444	0.0907793533187354	0.0214646452825187	-0.0105239722537095	0.0214646452825194	0.0245915236972967	-0.0100699994175113	-0.0338370899725903	-0.010069999417511	0.0907793533187375	0.0214646452825194	-0.0105239722537091	0.02146464528252
1	1.03467183787219	1.00439985858241	1.03467183787219	1.04691799604555	1.0053490302775	1.00193238873896	1.0053490302775	1.00702116510676	1.00177286595964	1.02634772005475	1.00177286595964	1.04691799604556	1.0053490302775	1.00193238873896	1.0053490302775	2.09999575234117	0.0778190716005574	0.0194476860493713	0.0778190716005591	0.0907796392892023	0.0214646495930332	-0.0105239723402923	0.021464649593034	0.0245915369954009	-0.010069998933192	-0.0338370694707625	-0.0100699989331917	0.0907796392892044	0.021464649593034	-0.0105239723402919	0.0214646495930345
1	1.03466960121059	1.00439943687859	1.0346696012106	1.04692095077011	1.00534921598628	1.00193239740919	1.00534921598628	1.00702166404371	1.00177282076324	1.02634713951084	1.00177282076324	1.04692095077012	1.00534921598628	1.00193239740919	1.00534921598628	2.09999583645045	0.0778188922280858	0.0194476774853735	0.0778188922280875	0.0907799146164023	0.02146465373547	-0.0105239724234627	0.0214646537354707	0.0245915497759041	-0.0100699984678392	-0.0338370497513556	-0.0100699984678389	0.0907799146164043	0.0214646537354707	-0.0105239724234624	0.0214646537354713
1	1.03466744898769	1.00439903163235	1.03466744898769	1.04692379552626	1.00534939445463	1.00193240573994	1.00534939445463	1.00702214356418	1.00177277733575	1.02634658112212	1.00177277733575	1.04692379552626	1.00534939445463	1.00193240573994	1.00534939445463	2.09999591889426	0.0778187196271493	0.0194476692555064	0.0778187196271511	0.0907801796964281	0.0214646577163826	-0.0105239725033554	0.0214646577163832	0.0245915620589527	-0.0100699980207101	-0.0338370307845096	-0.0100699980207097	0.0907801796964302	0.0214646577163832	-0.010523972503355	0.0214646577163838
1	1.03466537801558	1.00439864220139	1.03466537801558	1.04692653440648	1.00534956596484	1.00193241374451	1.00534956596484	1.00702260442375	1.00177273560794	1.02634604404306	1.00177273560794	1.04692653440648	1.00534956596484	1.00193241374451	1.00534956596484	2.09999599970556	0.0778185535420998	0.019447661346733	0.0778185535421016	0.0907804349106343	0.0214646615420692	-0.0105239725800993	0.0214646615420698	0.0245915738639084	-0.0100699975910909	-0.0338370125415034	-0.0100699975910905	0.0907804349106363	0.0214646615420698	-0.010523972580099	0.0214646615420705
1	1.0346633852267	1.0043982679685	1.0346633852267	1.046929171351	1.0053497307882	1.00193242143566	1.0053497307882	1.00702304734863	1.00177269551328	1.02634552746041	1.00177269551328	1.04692917135101	1.0053497307882	1.00193242143566	1.0053497307882	2.0999960789167	0.0778183937269426	0.019447653746526	0.0778183937269444	0.0907806806261859	0.0214646652185826	-0.0105239726538187	0.0214646652185834	0.0245915852093797	-0.0100699971782961	-0.033836994994713	-0.0100699971782958	0.090780680626188	0.0214646652185834	-0.0105239726538183	0.0214646652185839
1	1.03466146766935	1.00439790834053	1.03466146766935	1.04693171015343	1.00534988918541	1.00193242882567	1.00534988918541	1.00702347303675	1.00177265698785	1.02634503059197	1.00177265698785	1.04693171015343	1.00534988918541	1.00193242882567	1.00534988918541	2.09999615655935	0.0778182399449704	0.0194476464428459	0.0778182399449722	0.090780917196583	0.0214646687517394	-0.0105239727246325	0.0214646687517401	0.0245915961132506	-0.010069996781667	-0.0338369781175677	-0.0100699967816666	0.0907809171965851	0.0214646687517401	-0.0105239727246321	0.0214646687517406
1	1.03465962250326	1.00439756274752	1.03465962250326	1.04693415446619	1.00535004140701	1.00193243592633	1.00535004140701	1.00702388215887	1.00177261997024	1.02634455268538	1.00177261997024	1.04693415446619	1.00535004140701	1.00193243592633	1.00535004140701	2.09999623266458	0.0778180919684128	0.0194476394241234	0.0778180919684146	0.0907811449621745	0.0214646721471291	-0.0105239727926553	0.0214646721471298	0.0245916065927096	-0.0100699964005702	-0.0338369618845111	-0.0100699964005699	0.0907811449621766	0.0214646721471298	-0.010523972792655	0.0214646721471304
1	1.0346578469954	1.00439723064171	1.0346578469954	1.04693650780581	1.00535018769377	1.00193244274896	1.00535018769377	1.00702427535967	1.00177258440143	1.026344093017	1.00177258440143	1.04693650780582	1.00535018769377	1.00193244274896	1.00535018769377	2.09999630726282	0.0778179495781007	0.0194476326792402	0.0778179495781025	0.0907813642506421	0.0214646754101238	-0.0105239728579971	0.0214646754101245	0.0245916166642755	-0.0100699960343977	-0.0338369462709631	-0.0100699960343974	0.0907813642506442	0.0214646754101245	-0.0105239728579968	0.0214646754101251
1	1.03465613851593	1.00439691149676	1.03465613851593	1.04693877355797	1.00535032827709	1.00193244930446	1.00535032827709	1.00702465325873	1.00177255022473	1.02634365089079	1.00177255022473	1.04693877355797	1.00535032827709	1.00193244930446	1.00535032827709	2.09999638038391	0.0778178125631383	0.0194476261975119	0.0778178125631401	0.0907815753774745	0.0214646785458856	-0.0105239729207634	0.0214646785458863	0.0245916263438242	-0.010069995682565	-0.0338369312532799	-0.0100699956825646	0.0907815753774765	0.0214646785458863	-0.0105239729207631	0.0214646785458869
1	1.03465449453431	1.00439660480683	1.03465449453432	1.04694095498233	1.00535046337933	1.00193245560327	1.00535046337933	1.00702501645153	1.00177251738563	1.0263432256373	1.00177251738563	1.04694095498234	1.00535046337933	1.00193245560327	1.00535046337933	2.09999645205711	0.0778176807205925	0.0194476199686715	0.0778176807205943	0.0907817786464203	0.0214646815593759	-0.0105239729810559	0.0214646815593765	0.0245916356466141	-0.0100699953445106	-0.0338369168087215	-0.0100699953445103	0.0907817786464224	0.0214646815593765	-0.0105239729810555	0.0214646815593771
1	1.03465291261555	1.00439631008585	1.03465291261555	1.0469430552173	1.00535059321418	1.00193246165546	1.00535059321418	1.00702536551036	1.00177248583181	1.02634281661261	1.00177248583181	1.0469430552173	1.00535059321418	1.00193246165546	1.00535059321418	2.09999652231109	0.0778175538551932	0.0194476139828521	0.0778175538551949	0.0907819743499252	0.0214646844553619	-0.0105239730389718	0.0214646844553625	0.0245916445873098	-0.0100699950196949	-0.0338369029154151	-0.0100699950196946	0.0907819743499272	0.0214646844553625	-0.0105239730389714	0.0214646844553632
1	1.03465139041658	1.00439602686672	1.03465139041658	1.04694507728444	1.00535071798701	1.00193246747068	1.00535071798701	1.00702570098525	1.00177245551294	1.02634242319738	1.00177245551294	1.04694507728445	1.00535071798701	1.00193246747068	1.00535071798701	2.09999659117394	0.0778174317790423	0.0194476082305721	0.077817431779044	0.0907821627695515	0.0214646872384258	-0.0105239730946049	0.0214646872384263	0.0245916531800047	-0.0100699947075994	-0.0338368895523235	-0.010069994707599	0.0907821627695536	0.0214646872384263	-0.0105239730946045	0.021464687238427
1	1.03464992568279	1.00439575470056	1.03464992568279	1.04694702409293	1.00535083789517	1.0019324730582	1.00535083789517	1.00702602340484	1.0017724263807	1.02634204479591	1.0017724263807	1.04694702409294	1.00535083789517	1.0019324730582	1.00535083789517	2.09999665867322	0.0778173143113352	0.0194476027027196	0.077817314311337	0.0907823441763845	0.0214646899129703	-0.0105239731480452	0.0214646899129708	0.0245916614382438	-0.010069994407726	-0.0338368766992116	-0.0100699944077257	0.0907823441763865	0.0214646899129708	-0.0105239731480449	0.0214646899129716
1	1.03464851624473	1.004395493156	1.03464851624473	1.04694889844366	1.00535095312834	1.00193247842694	1.00535095312834	1.00702633327716	1.00177239838864	1.02634168083522	1.00177239838864	1.04694889844366	1.00535095312834	1.00193247842694	1.00535095312834	2.09999672483592	0.077817201278094	0.019447597390538	0.0778172012780957	0.0907825188314204	0.0214646924832271	-0.0105239731993788	0.0214646924832277	0.024591669375045	-0.0100699941195961	-0.0338368643366164	-0.0100699941195957	0.0907825188314225	0.0214646924832277	-0.0105239731993785	0.0214646924832284
1	1.03464716001482	1.00439524181853	1.03464716001482	1.04695070303328	1.00535106386877	1.00193248358547	1.00535106386877	1.00702663109051	1.00177237149214	1.02634133076422	1.00177237149214	1.04695070303328	1.00535106386877	1.00193248358547	1.00535106386877	2.09999678968852	0.0778170925119094	0.0194475922856131	0.0778170925119112	0.0907826869859434	0.0214646949532625	-0.010523973248689	0.0214646949532631	0.0245916770029195	-0.0100699938427498	-0.0338368524458183	-0.0100699938427495	0.0907826869859455	0.0214646949532631	-0.0105239732486887	0.0214646949532638
1	1.03464585498432	1.00439500028979	1.03464585498432	1.0469524404581	1.00535117029164	1.00193248854201	1.00535117029164	1.00702691731416	1.00177234564833	1.02634099405283	1.00177234564833	1.0469524404581	1.00535117029164	1.00193248854201	1.00535117029164	2.09999685325694	0.077816987851692	0.0194475873798582	0.0778169878516938	0.0907828488818874	0.0214646973269844	-0.0105239732960554	0.021464697326985	0.0245916843338914	-0.0100699935767453	-0.0338368410088118	-0.0100699935767449	0.0907828488818895	0.021464697326985	-0.010523973296055	0.0214646973269856
1	1.03464459922031	1.00439476818698	1.03464459922031	1.04695411321783	1.00535127256527	1.00193249330448	1.00535127256527	1.00702719239914	1.00177232081599	1.02634067019121	1.00177232081599	1.04695411321783	1.00535127256527	1.00193249330448	1.00535127256527	2.09999691556663	0.0778168871424355	0.0194475826655026	0.0778168871424372	0.0907830047521812	0.0214646996081483	-0.0105239733415546	0.0214646996081489	0.0245916913795172	-0.010069993321158	-0.0338368300082783	-0.0100699933211577	0.0907830047521833	0.0214646996081489	-0.0105239733415543	0.0214646996081495
1	1.03464339086288	1.00439454514226	1.03464339086288	1.04695572371911	1.00535137085143	1.00193249788048	1.00535137085143	1.00702745677892	1.00177229695555	1.02634035868898	1.00177229695555	1.04695572371911	1.00535137085143	1.00193249788048	1.00535137085143	2.0999969766425	0.0778167902349843	0.0194475781350786	0.077816790234986	0.0907831548210852	0.0214647018003633	-0.0105239733852602	0.0214647018003639	0.0245916981509032	-0.01006999307558	-0.0338368194275608	-0.0100699930755796	0.0907831548210872	0.0214647018003639	-0.0105239733852599	0.0214647018003645
1	1.0346422281223	1.0043943308021	1.0346422281223	1.04695727427906	1.0053514653056	1.0019325022773	1.0053514653056	1.00702771087009	1.00177227402896	1.02634005907447	1.00177227402896	1.04695727427907	1.0053514653056	1.0019325022773	1.0053514653056	2.09999703650899	0.0778166969858141	0.0194475737814099	0.0778166969858159	0.0907832993045158	0.0214647039070975	-0.0105239734272429	0.021464703907098	0.0245917046587236	-0.0100699928396191	-0.0338368092506373	-0.0100699928396187	0.0907832993045178	0.021464703907098	-0.0105239734272426	0.0214647039070987
1	1.03464110927644	1.0043941248268	1.03464110927644	1.04695876712856	1.00535155607716	1.00193250650197	1.00535155607716	1.00702795507304	1.00177225199968	1.026339770894	1.00177225199968	1.04695876712856	1.00535155607716	1.00193250650197	1.00535155607716	2.09999709519005	0.0778166072568204	0.0194475695976005	0.0778166072568222	0.0907834384103519	0.0214647059316842	-0.0105239734675706	0.0214647059316846	0.0245917109132371	-0.0100699926128989	-0.0338367994620976	-0.0100699926128986	0.0907834384103539	0.0214647059316846	-0.0105239734675703	0.0214647059316854
1	1.03464003266819	1.00439392688991	1.03464003266819	1.04696020441545	1.0053516433097	1.00193251056121	1.0053516433097	1.00702818977257	1.00177223083259	1.02633949371123	1.00177223083259	1.04696020441545	1.0053516433097	1.00193251056121	1.0053516433097	2.09999715270914	0.0778165209151118	0.019447565577023	0.0778165209151136	0.0907835723387373	0.0214647078773264	-0.0105239735063085	0.0214647078773268	0.0245917169243031	-0.0100699923950576	-0.0338367900471203	-0.0100699923950572	0.0907835723387394	0.0214647078773268	-0.0105239735063082	0.0214647078773277
1	1.03463899670297	1.00439373667772	1.03463899670297	1.04696158820765	1.0053517271412	1.00193251446152	1.0053517271412	1.00702841533853	1.00177221049393	1.02633922710645	1.00177221049393	1.04696158820765	1.0053517271412	1.00193251446152	1.0053517271412	2.09999720908927	0.0778164378328141	0.0194475617133087	0.0778164378328159	0.0907837012823681	0.0214647097471024	-0.0105239735435192	0.0214647097471029	0.0245917227013971	-0.0100699921857473	-0.0338367809914483	-0.0100699921857469	0.0907837012823702	0.0214647097471029	-0.0105239735435189	0.0214647097471037
1	1.03463799984644	1.00439355388877	1.03463799984644	1.04696292049613	1.00535180770425	1.00193251820911	1.00535180770426	1.00702863212635	1.0017721909513	1.02633897067598	1.0017721909513	1.04696292049613	1.00535180770426	1.00193251820911	1.00535180770426	2.09999726435301	0.0778163578868807	0.0194475580003374	0.0778163578868824	0.0907838254267681	0.0214647115439706	-0.0105239735792629	0.0214647115439711	0.0245917282536263	-0.010069991984634	-0.0338367722813697	-0.0100699919846337	0.0907838254267702	0.0214647115439711	-0.0105239735792626	0.0214647115439719
1	1.03463704062216	1.00439337823335	1.03463704062217	1.04696420319775	1.0053518851263	1.00193252180995	1.0053518851263	1.00702884047763	1.00177217217353	1.02633872403153	1.00177217217353	1.04696420319775	1.0053518851263	1.00193252180995	1.0053518851263	2.09999731852245	0.0778162809589103	0.0194475544322281	0.077816280958912	0.090783944950557	0.0214647132707735	-0.0105239736135975	0.0214647132707742	0.0245917335897429	-0.0100699917913968	-0.0338367639036952	-0.0100699917913964	0.0907839449505591	0.0214647132707741	-0.0105239736135971	0.0214647132707748
1	1.03463611760946	1.00439320943307	1.03463611760946	1.04696543815805	1.00535195952979	1.00193252526981	1.00535195952979	1.00702904072069	1.00177215413069	1.02633848679964	1.00177215413069	1.04696543815805	1.00535195952979	1.00193252526981	1.00535195952979	2.09999737161926	0.0778162069349718	0.0194475510033285	0.0778162069349735	0.0907840600257064	0.0214647149302434	-0.0105239736465785	0.021464714930244	0.0245917387181587	-0.0100699916057271	-0.0338367558457392	-0.0100699916057268	0.0907840600257085	0.021464714930244	-0.0105239736465781	0.0214647149302447
1	1.03463522944127	1.00439304722039	1.03463522944127	1.04696662715386	1.00535203103242	1.00193252859419	1.00535203103242	1.00702923317108	1.00177213679401	1.02633825862112	1.00177213679401	1.04696662715386	1.00535203103242	1.00193252859419	1.00535203103242	2.09999742366469	0.0778161357054353	0.0194475477082073	0.0778161357054371	0.090784170817788	0.0214647165250057	-0.0105239736782591	0.0214647165250063	0.0245917436469578	-0.0100699914273286	-0.0338367480952999	-0.0100699914273282	0.09078417081779	0.0214647165250063	-0.0105239736782588	0.0214647165250069
1	1.03463437480215	1.00439289133823	1.03463437480215	1.04696777189591	1.00535209974729	1.00193253178841	1.00535209974729	1.00702941813204	1.00177212013586	1.02633803915044	1.00177212013586	1.04696777189591	1.00535209974729	1.00193253178841	1.00535209974729	2.09999747467954	0.0778160671648101	0.0194475445416451	0.0778160671648118	0.0907842774862127	0.0214647180575834	-0.0105239737086907	0.0214647180575841	0.0245917483839102	-0.0100699912559165	-0.033836740640642	-0.0100699912559162	0.0907842774862148	0.0214647180575841	-0.0105239737086904	0.0214647180575846
1	1.03463355242633	1.00439274153952	1.03463355242633	1.04696887403125	1.00535216578308	1.00193253485755	1.00535216578308	1.00702959589503	1.00177210412968	1.02633782805531	1.00177210412968	1.04696887403126	1.00535216578308	1.00193253485755	1.00535216578308	2.09999752468424	0.0778160012115871	0.0194475414986262	0.0778160012115889	0.0907843801844567	0.0214647195304015	-0.0105239737379225	0.0214647195304022	0.0245917529364831	-0.0100699910912174	-0.0338367334704773	-0.0100699910912171	0.0907843801844588	0.0214647195304022	-0.0105239737379221	0.0214647195304027
1	1.03463276109582	1.00439259758687	1.03463276109582	1.04696993514564	1.00535222924425	1.00193253780652	1.00535222924425	1.00702976674018	1.00177208874996	1.02633762501609	1.00177208874996	1.04696993514565	1.00535222924425	1.00193253780652	1.00535222924425	2.09999757369878	0.0778159377480903	0.0194475385743303	0.077815937748092	0.0907844790602863	0.02146472094579	-0.0105239737660017	0.0214647209457905	0.0245917573118528	-0.0100699909329683	-0.0338367265739485	-0.010069990932968	0.0907844790602884	0.0214647209457905	-0.0105239737660014	0.0214647209457913
1	1.0346319996386	1.0043924592521	1.0346319996386	1.04697095676582	1.00535229023118	1.00193254064002	1.00535229023118	1.00702993093668	1.00177207397216	1.02633742972533	1.00177207397216	1.04697095676582	1.00535229023118	1.00193254064002	1.00535229023118	2.09999762174276	0.0778158766803303	0.0194475357641254	0.0778158766803321	0.0907845742559667	0.0214647223059882	-0.0105239737929738	0.0214647223059887	0.0245917615169169	-0.0100699907809166	-0.0338367199406126	-0.0100699907809163	0.0907845742559688	0.0214647223059887	-0.0105239737929735	0.0214647223059894
1	1.03463126692692	1.00439232631599	1.03463126692692	1.04697194036171	1.00535234884033	1.00193254336257	1.00535234884034	1.00703008874329	1.00177205977275	1.02633724188735	1.00177205977275	1.04697194036171	1.00535234884034	1.00193254336257	1.00535234884034	2.09999766883541	0.0778158179178666	0.01944753306356	0.0778158179178683	0.0907846659084691	0.0214647236131479	-0.0105239738188824	0.0214647236131485	0.024591765558304	-0.0100699906348196	-0.0338367135604254	-0.0100699906348192	0.0907846659084712	0.0214647236131485	-0.010523973818882	0.0214647236131492
1	1.03463056187559	1.00439219856784	1.0346305618756	1.04697288734851	1.00535240516442	1.00193254597852	1.00535240516442	1.00703024040867	1.00177204612907	1.02633706121772	1.00177204612907	1.04697288734852	1.00535240516442	1.00193254597852	1.00535240516442	2.09999771499556	0.077815761373674	0.0194475304683569	0.0778157613736758	0.0907847541496678	0.0214647248693377	-0.0105239738437694	0.0214647248693383	0.0245917694423853	-0.0100699904944441	-0.0338367074237261	-0.0100699904944438	0.0907847541496699	0.0214647248693383	-0.0105239738437691	0.021464724869339
1	1.0346298834404	1.00439207580518	1.0346298834404	1.04697379908878	1.00535245929252	1.00193254849204	1.00535245929252	1.00703038617181	1.00177203301939	1.02633688744289	1.00177203301939	1.04697379908879	1.00535245929252	1.00193254849204	1.00535245929252	2.09999776024168	0.0778157069640101	0.0194475279744048	0.0778157069640119	0.0907848391065278	0.0214647260765447	-0.0105239738676751	0.0214647260765453	0.0245917731752831	-0.010069990359566	-0.0338367015212222	-0.0100699903595656	0.0907848391065299	0.0214647260765453	-0.0105239738676748	0.021464726076546
1	1.03462923061655	1.00439195783346	1.03462923061655	1.04697467689435	1.00535251131025	1.00193255090714	1.00535251131026	1.0070305262624	1.00177202042279	1.02633672029972	1.00177202042279	1.04697467689436	1.00535251131026	1.00193255090714	1.00535251131026	2.09999780459186	0.0778156546082965	0.019447525577754	0.0778156546082982	0.0907849209012898	0.0214647272366792	-0.0105239738906383	0.0214647272366797	0.0245917767628825	-0.0100699902299701	-0.0338366958439763	-0.0100699902299698	0.0907849209012919	0.0214647272366797	-0.010523973890638	0.0214647272366804
1	1.03462860243717	1.00439184446569	1.03462860243717	1.04697552202823	1.00535256129991	1.00193255322767	1.00535256129991	1.00703066090119	1.0017720083192	1.02633655953513	1.0017720083192	1.04697552202824	1.00535256129991	1.00193255322767	1.00535256129991	2.09999784806386	0.0778156042289955	0.0194475232746076	0.0778156042289973	0.0907849996516444	0.0214647283515763	-0.0105239739126959	0.0214647283515769	0.0245917802108388	-0.0100699901054495	-0.0338366903833913	-0.0100699901054492	0.0907849996516465	0.0214647283515769	-0.0105239739126956	0.0214647283515775
1	1.03462799797192	1.0043917355222	1.03462799797192	1.04697633570643	1.00535260934055	1.00193255545734	1.00535260934055	1.00703079030035	1.00177199668933	1.02633640490571	1.00177199668933	1.04697633570643	1.00535260934055	1.00193255545734	1.00535260934055	2.09999789067505	0.0778155557514966	0.0194475210613179	0.0778155557514984	0.0907850754709029	0.021464729423	-0.0105239739338838	0.0214647294230006	0.0245917835245873	-0.0100699899858055	-0.0338366851311991	-0.0100699899858052	0.090785075470905	0.0214647294230006	-0.0105239739338834	0.0214647294230013
1	1.03462741632555	1.00439163083034	1.03462741632555	1.04697711909969	1.00535265550817	1.0019325575997	1.00535265550817	1.00703091466378	1.00177198551463	1.02633625617732	1.00177198551463	1.04697711909969	1.00535265550817	1.0019325575997	1.00535265550817	2.09999793244248	0.077815509104007	0.0194475189343791	0.0778155091040087	0.0907851484681582	0.0214647304526456	-0.0105239739542361	0.0214647304526463	0.0245917867093517	-0.0100699898708472	-0.033836680079447	-0.0100699898708468	0.0907851484681603	0.0214647304526463	-0.0105239739542358	0.0214647304526469
1	1.03462685663663	1.00439153022417	1.03462685663663	1.04697787333519	1.00535269987578	1.00193255965818	1.00535269987579	1.00703103418746	1.00177197477728	1.02633611312476	1.00177197477728	1.0469778733352	1.00535269987579	1.00193255965818	1.00535269987579	2.09999797338286	0.0778154642174421	0.0194475168904219	0.0778154642174439	0.0907852187484441	0.0214647314421421	-0.0105239739737859	0.0214647314421428	0.0245917897701526	-0.0100699897603907	-0.0338366752204852	-0.0100699897603904	0.0907852187484463	0.0214647314421428	-0.0105239739737856	0.0214647314421434
1	1.03462631807624	1.00439143354425	1.03462631807624	1.04697859949816	1.00535274251358	1.00193256163606	1.00535274251358	1.00703114905972	1.00177196446018	1.02633597553142	1.00177196446018	1.04697859949817	1.00535274251358	1.00193256163606	1.00535274251358	2.09999801351257	0.0778154210253271	0.0194475149262087	0.0778154210253288	0.0907852864128838	0.021464732393055	-0.0105239739925647	0.0214647323930557	0.024591792711815	-0.0100699896542601	-0.0338366705469561	-0.0100699896542597	0.0907852864128859	0.0214647323930557	-0.0105239739925644	0.0214647323930563
1	1.03462579984675	1.00439134063735	1.03462579984675	1.04697929863344	1.005352783489	1.00193256353649	1.00535278348901	1.00703125946158	1.00177195454687	1.02633584318898	1.00177195454687	1.04697929863344	1.00535278348901	1.00193256353649	1.00535278348901	2.09999805284766	0.0778153794636967	0.0194475130386287	0.0778153794636984	0.0907853515588386	0.0214647333068889	-0.010523974010603	0.0214647333068895	0.0245917955389764	-0.0100699895522859	-0.0338366660517834	-0.0100699895522856	0.0907853515588407	0.0214647333068895	-0.0105239740106027	0.0214647333068901
1	1.03462530118065	1.00439125135623	1.03462530118065	1.04697997174696	1.00535282286686	1.0019325653625	1.00535282286686	1.00703136556701	1.00177194502155	1.02633571589703	1.00177194502155	1.04697997174696	1.00535282286686	1.0019325653625	1.00535282286686	2.09999809140386	0.077815339470999	0.0194475112246917	0.0778153394710008	0.0907854142800445	0.0214647341850893	-0.0105239740279299	0.02146473418509	0.0245917982560933	-0.0100699894543053	-0.0338366617281601	-0.0100699894543049	0.0907854142800466	0.02146473418509	-0.0105239740279295	0.0214647341850906
1	1.03462482133941	1.00439116555938	1.03462482133941	1.04698061980725	1.00535286070944	1.00193256711702	1.00535286070944	1.00703146754321	1.00177193586903	1.02633559346285	1.00177193586903	1.04698061980725	1.00535286070944	1.00193256711702	1.00535286070944	2.09999812919659	0.0778153009880081	0.0194475094815248	0.0778153009880099	0.0907854746667505	0.0214647350290461	-0.0105239740445735	0.0214647350290468	0.0245918008674493	-0.0100699893601619	-0.0338366575695395	-0.0100699893601616	0.0907854746667526	0.0214647350290468	-0.0105239740445731	0.0214647350290474
1	1.03462435961236	1.00439108311083	1.03462435961236	1.04698124374677	1.0053528970766	1.00193256880283	1.0053528970766	1.00703156555088	1.00177192707472	1.02633547570105	1.00177192707472	1.04698124374677	1.0053528970766	1.00193256880283	1.0053528970766	2.09999816624098	0.0778152639577311	0.0194475078063665	0.0778152639577328	0.0907855328058457	0.0214647358400942	-0.0105239740605607	0.0214647358400948	0.0245918033771606	-0.0100699892697055	-0.0338366535696247	-0.0100699892697051	0.0907855328058478	0.0214647358400948	-0.0105239740605604	0.0214647358400954
1	1.03462391531569	1.0043910038799	1.03462391531569	1.04698184446327	1.00535293202586	1.00193257042264	1.00535293202586	1.00703165974445	1.00177191862461	1.02633536243331	1.00177191862461	1.04698184446327	1.00535293202586	1.00193257042264	1.00535293202586	2.09999820255184	0.0778152283253284	0.0194475061965637	0.0778152283253301	0.0907855887809855	0.0214647366195169	-0.0105239740759176	0.0214647366195175	0.024591805789184	-0.0100699891827915	-0.033836649722359	-0.0100699891827912	0.0907855887809876	0.0214647366195175	-0.0105239740759173	0.0214647366195182
1	1.03462348779138	1.00439092774103	1.03462348779138	1.04698242282111	1.00535296561251	1.00193257197902	1.00535296561251	1.00703175027235	1.00177191050522	1.02633525348814	1.00177191050522	1.04698242282111	1.00535296561251	1.00193257197902	1.00535296561251	2.0999982381437	0.0778151940380299	0.0194475046495665	0.0778151940380317	0.0907856426727116	0.0214647373685473	-0.0105239740906687	0.0214647373685478	0.0245918081073214	-0.0100699890992815	-0.0338366460219165	-0.0100699890992811	0.0907856426727137	0.0214647373685478	-0.0105239740906683	0.0214647373685485
1	1.03462307640626	1.00439085457355	1.03462307640626	1.04698297965246	1.00535299788967	1.00193257347445	1.00535299788967	1.00703183727724	1.00177190270361	1.02633514870057	1.00177190270361	1.04698297965246	1.00535299788967	1.00193257347445	1.00535299788967	2.09999827303079	0.0778151610450589	0.0194475031629245	0.0778151610450606	0.0907856945585688	0.0214647380883706	-0.010523974104838	0.0214647380883711	0.0245918103352276	-0.0100699890190419	-0.033836642462694	-0.0100699890190415	0.0907856945585709	0.0214647380883711	-0.0105239741048377	0.0214647380883719
1	1.03462268055106	1.00439078426148	1.03462268055106	1.04698351575852	1.0053530289084	1.00193257491133	1.0053530289084	1.00703192089622	1.00177189520735	1.02633504791195	1.00177189520735	1.04698351575852	1.0053530289084	1.00193257491133	1.0053530289084	2.09999830722708	0.077815129297554	0.019447501734283	0.0778151292975558	0.0907857445132142	0.0214647387801256	-0.0105239741184485	0.0214647387801261	0.0245918124764145	-0.0100699889419447	-0.0338366390393025	-0.0100699889419444	0.0907857445132163	0.0214647387801261	-0.0105239741184482	0.0214647387801269
