1	1.0048871021929	1.00893580639132	1.0048871021929	1.00488710219938	1.0089358063967	1.01294793210092	1.00893580639669	1.00893580640203	1.01294793210611	1.01662490470368	1.01294793210611	1.00488710219938	1.00893580639669	1.01294793210092	1.0089358063967	0.322323862149202	0.273254435939349	0.258973882699825	0.27325443593935	0.273254435956108	0.258973882698307	0.253777902414614	0.258973882698101	0.258973882695906	0.253777902413614	0.248217335264751	0.253777902413614	0.273254435956109	0.258973882698101	0.253777902414614	0.258973882698308
1	1.01517330718528	1.0254292975341	1.01517330718528	1.01517330719131	1.02542929753835	1.0380520510631	1.02542929753833	1.02542929754253	1.03805205106783	1.04645592812684	1.03805205106783	1.01517330719131	1.02542929753833	1.0380520510631	1.02542929753835	0.440900184352739	0.380747946878494	0.344586183947728	0.380747946878495	0.380747946886967	0.344586183947641	0.34691271081803	0.344586183947525	0.344586183947234	0.346912710821209	0.329968723257971	0.34691271082121	0.380747946886967	0.344586183947525	0.346912710818031	0.344586183947643
1	1.02090148806354	1.03675222269524	1.02090148806354	1.02090148839139	1.03675222296033	1.05119447527775	1.03675222296036	1.03675222322557	1.05119447559339	1.06023120024846	1.05119447559339	1.02090148839139	1.03675222296036	1.05119447527775	1.03675222296033	0.48452197547337	0.42101017611337	0.40157141111404	0.421010176113371	0.421010176177052	0.401571410961082	0.381642498083531	0.40157141096137	0.401571410809527	0.381642498377715	0.357067486104436	0.381642498377715	0.421010176177053	0.40157141096137	0.381642498083531	0.401571410961083
1	1.02319139412605	1.04269603322409	1.02319139412605	1.02319139425538	1.04269603330249	1.05625597209151	1.04269603330258	1.04269603338135	1.0562559722477	1.06500632099324	1.0562559722477	1.02319139425538	1.04269603330258	1.05625597209151	1.04269603330249	0.500569535566641	0.434355476813756	0.421561478502388	0.434355476813757	0.434355476863829	0.421561478327365	0.393087784154785	0.421561478327852	0.421561478155082	0.393087784335815	0.365761094509309	0.393087784335816	0.43435547686383	0.421561478327852	0.393087784154786	0.421561478327366
1	1.02399732697917	1.04504320031822	1.02399732697917	1.02399732701784	1.04504320030597	1.05800118965213	1.04504320030604	1.0450432002944	1.05800118971158	1.06656036743724	1.05800118971158	1.02399732701784	1.04504320030604	1.05800118965213	1.04504320030597	0.506473103007379	0.438766283130697	0.428412799992672	0.438766283130698	0.438766283158959	0.428412799761423	0.3968872821693	0.428412799761726	0.428412799533852	0.396887282245343	0.368609157982414	0.396887282245344	0.438766283158959	0.428412799761726	0.3968872821693	0.428412799761423
1	1.02426937421818	1.0458870408483	1.02426937421818	1.02426937422979	1.04588704079479	1.05858726224667	1.04588704079483	1.0458870407422	1.05858726226614	1.06706581527785	1.05858726226614	1.02426937422979	1.04588704079483	1.05858726224667	1.04588704079479	0.5086449040868	0.440223667818898	0.430735953629069	0.440223667818899	0.440223667837854	0.430735953296697	0.398153397868833	0.430735953296841	0.430735952969222	0.398153397889647	0.369550191369072	0.398153397889648	0.440223667837854	0.430735953296841	0.398153397868833	0.430735953296697
1	1.02435979895153	1.04617927301356	1.02435979895153	1.02435979895621	1.04617927292217	1.05878290724177	1.04617927292219	1.04617927283208	1.0587829072449	1.06723136121249	1.0587829072449	1.02435979895621	1.04617927292219	1.05878290724177	1.04617927292217	0.509443865029426	0.440705111932097	0.431520688628575	0.440705111932098	0.440705111951599	0.431520688115231	0.398575833474631	0.431520688115289	0.431520687608835	0.398575833466456	0.369861968360932	0.398575833466456	0.440705111951599	0.431520688115289	0.398575833474632	0.431520688115232
1	1.02425592526975	1.04693423121045	1.02425592526975	1.02425592531784	1.04693422927334	1.05849163056011	1.04693422974526	1.04693422781756	1.05849163041261	1.0730301487318	1.05849163041261	1.02425592531784	1.04693422974526	1.05849163056011	1.04693422927334	0.509737786561699	0.439492687303401	0.437021426807328	0.439492687303402	0.439492687991937	0.437021413121916	0.397328626767219	0.437021416519892	0.43702140289885	0.397328626000279	0.394128039904839	0.397328626000279	0.439492687991938	0.437021416519892	0.397328626767219	0.437021413121917
1	1.02414122241601	1.04745962333563	1.02414122241601	1.02414122246489	1.04745962115782	1.05819584424041	1.0474596215688	1.04745961939881	1.05819584403708	1.07780001656921	1.05819584403708	1.02414122246489	1.0474596215688	1.05819584424041	1.04745962115782	0.509845914250535	0.439019522409233	0.438842064844832	0.439019522409233	0.439019522947521	0.438842055567506	0.396829089247021	0.438842056969811	0.438842047718874	0.396829088565271	0.403387745945699	0.396829088565271	0.439019522947522	0.438842056969811	0.396829089247021	0.438842055567507
1	1.02408903550856	1.04766185829311	1.02408903550856	1.02408903554379	1.04766185674123	1.05806196766579	1.04766185693802	1.04766185538985	1.05806196749512	1.07998398151092	1.05806196749512	1.02408903554379	1.04766185693802	1.05806196766579	1.04766185674123	0.509885692204466	0.438853896366365	0.439423740358482	0.438853896366366	0.438853896741431	0.439423734322796	0.396648021505774	0.439423734903344	0.439423728878475	0.396648020997319	0.407053959400563	0.396648020997319	0.438853896741432	0.439423734903344	0.396648021505774	0.439423734322797
1	1.02406919602516	1.04772716564797	1.02406919602516	1.02406919604841	1.04772716462628	1.05801071636834	1.04772716471045	1.04772716369033	1.05801071624362	1.08090588555936	1.05801071624362	1.02406919604841	1.04772716471045	1.05801071636834	1.04772716462628	0.509900325696088	0.438801465488193	0.439596126873952	0.438801465488194	0.438801465738324	0.439596122990045	0.396588046688966	0.439596123226031	0.43959611934648	0.396588046335683	0.408577528128436	0.396588046335684	0.438801465738325	0.439596123226031	0.396588046688966	0.439596122990046
1	1.02406222586444	1.04774522357626	1.02406222586444	1.02406222587946	1.04774522291614	1.05799251662778	1.04774522295092	1.04774522229144	1.05799251654196	1.08129808936345	1.05799251654196	1.02406222587946	1.04774522295092	1.05799251662778	1.04774522291614	0.509905709056964	0.438786966104682	0.439640511377669	0.438786966104683	0.438786966268407	0.439640508882805	0.396570251839828	0.439640508979109	0.439640506486002	0.3965702516027	0.40923572060871	0.3965702516027	0.438786966268407	0.439640508979109	0.396570251839829	0.439640508882806
1	1.02405990599622	1.04774891140767	1.02405990599622	1.02405990600588	1.04774891098291	1.05798639482402	1.04774891099712	1.04774891057261	1.05798639476671	1.08146899684194	1.05798639476671	1.02405990600588	1.04774891099712	1.05798639482402	1.04774891098291	0.509907689485174	0.438783983301656	0.439648381535916	0.438783983301656	0.438783983407968	0.439648379932561	0.39656593955009	0.439648379971618	0.439648378368964	0.396565939393748	0.409527371836018	0.396565939393749	0.438783983407969	0.439648379971618	0.39656593955009	0.439648379932562
