1	1.04059188379418	1.07235667001637	1.04059188379418	1.04059188379418	1.07235860088563	1.10707649395503	1.07235860088563	1.07235667001636	1.10707649395507	1.14912226765369	1.10707649395507	1.04059188379418	1.07235860088563	1.10707649395503	1.07235860088563	0.581470823632392	0.517292441926921	0.487260997286041	0.517292441926922	0.517292441926923	0.487265228876587	0.485732198734276	0.487265228876587	0.48726099728602	0.485732198734334	0.501830789365281	0.485732198734334	0.517292441926924	0.487265228876587	0.485732198734277	0.487265228876588
1	1.05130742388284	1.0896928125633	1.05130742388284	1.05130742388285	1.08969429088327	1.13215276660449	1.08969429088327	1.08969281256329	1.13215276660452	1.18578915469343	1.13215276660452	1.05130742388285	1.08969429088327	1.13215276660449	1.08969429088327	0.630902052631307	0.555231996307818	0.519623844887679	0.555231996307819	0.555231996307818	0.519626656757063	0.518994496255496	0.519626656757063	0.519623844887667	0.518994496255537	0.540605600426148	0.518994496255538	0.555231996307819	0.519626656757063	0.518994496255496	0.519626656757064
1	1.0571703221029	1.09863571093052	1.0571703221029	1.0571703221029	1.09863674531704	1.14525283738017	1.09863674531704	1.09863571093052	1.14525283738019	1.20574229372844	1.14525283738019	1.0571703221029	1.09863674531704	1.14525283738017	1.09863674531704	0.660883608634337	0.578310565274362	0.539638353958675	0.578310565274363	0.578310565274362	0.539640183894303	0.540350215271268	0.539640183894304	0.539638353958667	0.540350215271298	0.56575140830404	0.540350215271298	0.578310565274363	0.539640183894304	0.540350215271268	0.539640183894304
1	1.06036407015411	1.10335078961042	1.06036407015411	1.06036407015411	1.10335148040973	1.15242208374177	1.10335148040973	1.10335078961042	1.15242208374179	1.21700225984377	1.15242208374179	1.06036407015411	1.10335148040973	1.15242208374177	1.10335148040973	0.679068341600175	0.592218122086667	0.55196548107345	0.592218122086668	0.592218122086667	0.551966654398958	0.553889866398285	0.551966654398959	0.551965481073445	0.553889866398306	0.581580577364807	0.553889866398307	0.592218122086668	0.551966654398959	0.553889866398286	0.55196665439896
1	1.062107288051	1.10591131732664	1.06210728805099	1.062107288051	1.10591176667671	1.15652076362281	1.10591176667671	1.10591131732664	1.15652076362282	1.22348837815917	1.15652076362282	1.06210728805099	1.10591176667671	1.15652076362281	1.10591176667671	0.690097939687361	0.600555438172806	0.559550345104602	0.600555438172808	0.600555438172806	0.559551090021356	0.562419832157337	0.559551090021356	0.559550345104599	0.562419832157352	0.591336406114762	0.562419832157352	0.600555438172807	0.559551090021356	0.562419832157338	0.559551090021357
1	1.0630637669626	1.10734585725223	1.0630637669626	1.0630637669626	1.10734614500599	1.15894918181479	1.10734614500599	1.10734585725223	1.15894918181479	1.2272521555835	1.15894918181479	1.0630637669626	1.10734614500599	1.15894918181479	1.10734614500599	0.696787729090191	0.605539831895062	0.564218458052638	0.605539831895063	0.605539831895061	0.564218927964942	0.567776873462186	0.564218927964943	0.564218458052635	0.567776873462196	0.597259825976545	0.567776873462196	0.605539831895062	0.564218927964943	0.567776873462187	0.564218927964943
1	1.06359171606462	1.10817260888012	1.06359171606462	1.06359171606462	1.10817279139205	1.16042651984922	1.10817279139205	1.10817260888012	1.16042651984923	1.2294339270468	1.16042651984923	1.06359171606462	1.10817279139205	1.16042651984922	1.10817279139205	0.700845291482205	0.608515543946244	0.567093232937765	0.608515543946245	0.608515543946243	0.567093528170568	0.571136515183489	0.567093528170569	0.567093232937763	0.571136515183496	0.60081788170388	0.571136515183497	0.608515543946244	0.567093528170569	0.57113651518349	0.567093528170569
1	1.06388462792723	1.10866019398124	1.06388462792723	1.06388462792723	1.1086603090517	1.16134187012246	1.1086603090517	1.10866019398123	1.16134187012246	1.23069117363818	1.16134187012246	1.06388462792723	1.1086603090517	1.16134187012246	1.1086603090517	0.703306327481125	0.610290799344708	0.568864823805673	0.610290799344709	0.610290799344707	0.56886500882177	0.573242680679607	0.568865008821771	0.568864823805672	0.573242680679611	0.602937704718788	0.573242680679612	0.610290799344708	0.568865008821771	0.573242680679608	0.568865008821771
1	1.06404770236941	1.10895281153969	1.06404770236941	1.06404770236941	1.10895288381704	1.16191599796363	1.10895288381704	1.10895281153969	1.16191599796364	1.2314090864668	1.16191599796364	1.06404770236941	1.10895288381704	1.16191599796363	1.10895288381704	0.704799021265543	0.611349495162233	0.569957316575185	0.611349495162234	0.611349495162233	0.569957432337473	0.574563379738746	0.569957432337474	0.569957316575184	0.574563379738749	0.60419201315604	0.574563379738749	0.611349495162234	0.569957432337474	0.574563379738746	0.569957432337475
1	1.06413862309119	1.10913063921575	1.06413862309119	1.06413862309119	1.10913068450633	1.16227903492243	1.10913068450632	1.10913063921575	1.16227903492243	1.23181414455492	1.16227903492243	1.06413862309119	1.10913068450632	1.16227903492243	1.10913068450632	0.705704385805357	0.611980734961938	0.570631489464005	0.61198073496194	0.611980734961938	0.570631561823823	0.575392114615729	0.570631561823823	0.570631489464004	0.575392114615731	0.604929416001859	0.575392114615731	0.611980734961939	0.570631561823823	0.575392114615729	0.570631561823824
1	1.06418928088308	1.10923965931738	1.06418928088308	1.06418928088308	1.10923968765478	1.16250985083122	1.10923968765478	1.10923965931738	1.16250985083122	1.23203917034565	1.16250985083122	1.06418928088308	1.10923968765478	1.16250985083122	1.10923968765478	0.706253517162631	0.612357061318176	0.571047815644657	0.612357061318178	0.612357061318175	0.571047860847158	0.575912660552233	0.571047860847158	0.571047815644657	0.575912660552234	0.60536002972282	0.575912660552234	0.612357061318176	0.571047860847158	0.575912660552233	0.571047860847159
1	1.06421742593588	1.10930690332478	1.06421742593588	1.06421742593588	1.10930692103804	1.16265716568156	1.10930692103804	1.10930690332478	1.16265716568156	1.23216163825926	1.16265716568156	1.06421742593588	1.10930692103804	1.16265716568156	1.10930692103804	0.706586582176071	0.612581396703265	0.57130510791483	0.612581396703266	0.612581396703264	0.571305136141687	0.576240022038006	0.571305136141688	0.571305107914829	0.576240022038006	0.605609604971454	0.576240022038007	0.612581396703265	0.571305136141688	0.576240022038007	0.571305136141689
1	1.06423298437622	1.10934855720783	1.06423298437622	1.06423298437622	1.10934856827343	1.16275145654892	1.10934856827343	1.10934855720783	1.16275145654892	1.23222641940021	1.16275145654892	1.06423298437622	1.10934856827343	1.16275145654892	1.10934856827343	0.706788596314542	0.612715118160912	0.571464247137493	0.612715118160913	0.612715118160912	0.571464264759693	0.576446174497341	0.571464264759693	0.571464247137491	0.576446174497342	0.60575297584601	0.576446174497342	0.612715118160913	0.571464264759693	0.576446174497342	0.571464264759694
1	1.06424152093919	1.10937443966803	1.06424152093919	1.06424152093919	1.10937444657815	1.16281194610908	1.10937444657815	1.10937443966803	1.16281194610908	1.23225927852644	1.16281194610908	1.06424152093919	1.10937444657815	1.16281194610908	1.10937444657815	0.706911124080337	0.612794821861541	0.571562765304187	0.612794821861542	0.61279482186154	0.571562776304218	0.576576188888071	0.571562776304219	0.571562765304186	0.576576188888071	0.605834447895943	0.576576188888072	0.612794821861542	0.571562776304219	0.576576188888071	0.57156277630422
1	1.06424615658355	1.10939056068107	1.06424615658355	1.06424615658355	1.10939056499518	1.16285082623751	1.10939056499518	1.10939056068107	1.16285082623751	1.23227485518157	1.16285082623751	1.06424615658355	1.10939056499518	1.1628508262375	1.10939056499518	0.706985440928721	0.612842326160613	0.571623814209352	0.612842326160614	0.612842326160613	0.571623821075102	0.576658313450324	0.571623821075103	0.571623814209352	0.576658313450326	0.605880116248839	0.576658313450326	0.612842326160614	0.571623821075103	0.576658313450325	0.571623821075104
1	1.06424863886779	1.10940062133372	1.06424863886778	1.06424863886779	1.10940062402669	1.16287585908123	1.10940062402669	1.10940062133372	1.16287585908123	1.2322813577842	1.16287585908123	1.06424863886778	1.10940062402669	1.16287585908123	1.10940062402669	0.707030516396529	0.612870637984795	0.571661684461987	0.612870637984797	0.612870637984796	0.571661688747045	0.576710272580929	0.571661688747046	0.571661684461987	0.576710272580929	0.605905263377219	0.57671027258093	0.612870637984797	0.571661688747046	0.576710272580929	0.571661688747047
1	1.06424994303264	1.10940691115112	1.06424994303264	1.06424994303264	1.10940691283197	1.16289200277763	1.10940691283197	1.10940691115112	1.16289200277763	1.2322833114669	1.16289200277763	1.06424994303264	1.10940691283197	1.16289200277763	1.10940691283197	0.707057856052839	0.612887510795642	0.571685203158142	0.612887510795643	0.612887510795642	0.571685205832441	0.576743201384977	0.571685205832441	0.571685203158143	0.576743201384978	0.605918780885378	0.576743201384978	0.612887510795643	0.571685205832441	0.576743201384978	0.571685205832442
1	1.0642506102424	1.10941085012457	1.0642506102424	1.0642506102424	1.10941085117363	1.16290242983794	1.10941085117363	1.10941085012457	1.16290242983794	1.23228315189516	1.16290242983794	1.0642506102424	1.10941085117363	1.16290242983794	1.10941085117363	0.70707443838813	0.612897566148996	0.571699826985364	0.612897566148997	0.612897566148995	0.571699828654355	0.576764105429983	0.571699828654355	0.571699826985365	0.576764105429983	0.605925802093832	0.576764105429984	0.612897566148996	0.571699828654355	0.576764105429984	0.571699828654356
1	1.06425093852199	1.10941332106789	1.06425093852198	1.06425093852199	1.10941332172259	1.16290917464644	1.10941332172259	1.10941332106789	1.16290917464644	1.23228214738658	1.16290917464644	1.06425093852198	1.10941332172259	1.16290917464644	1.10941332172259	0.707084496073178	0.612903558606541	0.571708931983842	0.612903558606542	0.612903558606541	0.571708933025426	0.576777398779897	0.571708933025425	0.571708931983843	0.576777398779897	0.605929262545457	0.576777398779898	0.612903558606542	0.571708933025425	0.576777398779897	0.571708933025427
1	1.06425109034532	1.10941487391148	1.06425109034532	1.06425109034532	1.10941487432004	1.16291354430773	1.10941487432003	1.10941487391148	1.16291354430773	1.23228092567841	1.16291354430773	1.06425109034532	1.10941487432003	1.16291354430773	1.10941487432003	0.70709059635094	0.612907129852403	0.571714608827412	0.612907129852404	0.612907129852403	0.571714609477448	0.576785866973864	0.571714609477448	0.571714608827412	0.576785866973865	0.605930821149255	0.576785866973865	0.612907129852404	0.571714609477448	0.576785866973865	0.571714609477449
1	1.0642511530617	1.10941585152021	1.0642511530617	1.0642511530617	1.10941585177513	1.16291637916992	1.10941585177513	1.10941585152022	1.16291637916992	1.23227977146613	1.16291637916992	1.0642511530617	1.10941585177513	1.16291637916992	1.10941585177513	0.707094296344003	0.612909258253702	0.571718153553467	0.612909258253702	0.612909258253701	0.571718153959153	0.576791270849355	0.571718153959153	0.571718153553467	0.576791270849356	0.605931401212472	0.576791270849356	0.612909258253702	0.571718153959153	0.576791270849356	0.571718153959154
1	1.06425117270696	1.10941646741561	1.06425117270696	1.06425117270696	1.10941646757469	1.16291821831733	1.10941646757469	1.10941646741561	1.16291821831733	1.23227879289136	1.16291821831732	1.06425117270696	1.10941646757469	1.16291821831732	1.10941646757469	0.707096540524692	0.612910526836969	0.571720370575444	0.61291052683697	0.612910526836969	0.571720370828629	0.576794725709617	0.57172037082863	0.571720370575445	0.576794725709618	0.605931506261787	0.576794725709618	0.612910526836969	0.571720370828629	0.576794725709618	0.57172037082863
1	1.06425117314536	1.10941685632455	1.06425117314536	1.06425117314536	1.10941685642382	1.16291941369798	1.10941685642382	1.10941685632455	1.16291941369798	1.23227801197365	1.16291941369798	1.06425117314536	1.10941685642382	1.16291941369798	1.10941685642382	0.707097901702099	0.612911283040554	0.571721759520926	0.612911283040555	0.612911283040554	0.571721759678936	0.576796938344773	0.571721759678936	0.571721759520927	0.576796938344774	0.605931403413869	0.576796938344775	0.612911283040555	0.571721759678936	0.576796938344774	0.571721759678937
1	1.0642511662358	1.10941710244917	1.0642511662358	1.0642511662358	1.10941710251113	1.16292019183735	1.10941710251112	1.10941710244917	1.16292019183735	1.23227741228017	1.16292019183735	1.0642511662358	1.10941710251112	1.16292019183735	1.10941710251112	0.707098727305823	0.612911733888703	0.571722631217045	0.612911733888704	0.612911733888703	0.571722631315655	0.576798357866436	0.571722631315656	0.571722631217045	0.576798357866436	0.605931228701665	0.576798357866436	0.612911733888704	0.571722631315656	0.576798357866436	0.571722631315657
1	1.06425115754831	1.10941725855568	1.06425115754831	1.06425115754831	1.10941725859434	1.16292069905025	1.10941725859434	1.10941725855568	1.16292069905025	1.23227696379287	1.16292069905025	1.06425115754831	1.10941725859434	1.16292069905025	1.10941725859434	0.707099228064581	0.612912002742303	0.571723179298629	0.612912002742304	0.612912002742304	0.57172317936017	0.576799270132789	0.571723179360171	0.571723179298629	0.576799270132789	0.605931047032769	0.576799270132789	0.612912002742305	0.571723179360171	0.576799270132789	0.571723179360171
1	1.06425114945442	1.10941735778782	1.06425114945442	1.06425114945442	1.10941735781195	1.16292103007199	1.10941735781195	1.10941735778782	1.16292103007199	1.23227663480225	1.16292103007199	1.06425114945442	1.10941735781195	1.16292103007199	1.10941735781195	0.707099531793025	0.612912163111972	0.571723524568714	0.612912163111973	0.612912163111973	0.571723524607121	0.576799857405853	0.571723524607122	0.571723524568714	0.576799857405853	0.605930885865394	0.576799857405854	0.612912163111974	0.571723524607122	0.576799857405853	0.571723524607122
1	1.06425114276665	1.10941742100895	1.06425114276665	1.06425114276665	1.10941742102401	1.16292124635537	1.10941742102401	1.10941742100895	1.16292124635537	1.23227639698209	1.16292124635537	1.06425114276665	1.10941742102401	1.16292124635537	1.10941742102401	0.7070997160154	0.612912258805155	0.571723742508858	0.612912258805156	0.612912258805156	0.571723742532827	0.576800236097845	0.571723742532829	0.571723742508859	0.576800236097846	0.605930753802494	0.576800236097846	0.612912258805157	0.571723742532828	0.576800236097845	0.571723742532828
1	1.06425113758783	1.10941746137952	1.06425113758783	1.06425113758783	1.10941746138891	1.16292138782551	1.10941746138891	1.10941746137951	1.16292138782551	1.23227622702901	1.16292138782551	1.06425113758783	1.10941746138891	1.16292138782551	1.10941746138891	0.707099827752986	0.612912315930511	0.571723880359216	0.612912315930512	0.612912315930511	0.571723880374174	0.576800480692196	0.571723880374175	0.571723880359217	0.576800480692196	0.605930650624571	0.576800480692197	0.612912315930512	0.571723880374175	0.576800480692196	0.571723880374176
1	1.0642511337367	1.10941748721834	1.0642511337367	1.0642511337367	1.1094174872242	1.16292148045726	1.1094174872242	1.10941748721834	1.16292148045726	1.23227610668794	1.16292148045726	1.0642511337367	1.1094174872242	1.16292148045726	1.1094174872242	0.707099895525907	0.612912350050458	0.571723967735845	0.612912350050459	0.612912350050459	0.571723967745181	0.576800638928358	0.571723967745181	0.571723967735846	0.576800638928358	0.605930572529535	0.576800638928358	0.61291235005046	0.571723967745181	0.576800638928359	0.571723967745182
