1	1.00448309434666	1.00820324777507	1.00448309434666	1.00451776368568	1.0080386256026	1.01185209175098	1.00839086110685	1.00854988462988	1.0117793562918	1.01492217453683	1.0117793562918	1.00451776368568	1.00839086110685	1.01185209175098	1.0080386256026	0.282694904939633	0.253096406466366	0.239915607399553	0.253096406466366	0.254406754276469	0.237035267630649	0.234688958917737	0.243294093753586	0.246146475353378	0.233850374563088	0.226810878658472	0.233850374563089	0.254406754276469	0.243294093753586	0.234688958917737	0.23703526763065
1	1.01239830228008	1.02115895710472	1.01239830228008	1.01248692867171	1.02068558591229	1.03092487036404	1.02216456801339	1.02327037698069	1.03072577631905	1.03712449101369	1.03072577631905	1.01248692867171	1.02216456801339	1.03092487036404	1.02068558591229	0.386692548514541	0.337036669406162	0.308520317092016	0.337036669406163	0.338288659312946	0.305040392158958	0.305908094951348	0.31706964285492	0.326588041841587	0.304954910595667	0.288559116518594	0.304954910595668	0.338288659312947	0.31706964285492	0.305908094951349	0.305040392158959
1	1.01657828807014	1.02691008523641	1.01657828807014	1.01664171747717	1.02664165610219	1.04014328144676	1.02871259065921	1.0309262010673	1.0399273750282	1.04684405269377	1.0399273750282	1.01664171747717	1.02871259065921	1.04014328144676	1.02664165610219	0.424951143431695	0.365724541706401	0.327391433340287	0.365724541706401	0.366591610907558	0.326842796269189	0.328867261020899	0.339593980427658	0.35441729156572	0.328156677988145	0.306816607679916	0.328156677988145	0.366591610907559	0.339593980427659	0.328867261020899	0.326842796269191
1	1.01825213365555	1.0286883659255	1.01825213365555	1.01827978048496	1.02892809133544	1.04356573387928	1.03097296255336	1.03402201382419	1.04337843094119	1.05014390964867	1.04337843094119	1.01827978048496	1.03097296255336	1.04356573387928	1.02892809133544	0.439025693933585	0.375346269659775	0.331746173713027	0.375346269659775	0.375975945670376	0.334589786803917	0.336219696561459	0.345800017455433	0.364213373629652	0.335690681286447	0.312296791328386	0.335690681286448	0.375975945670377	0.345800017455433	0.336219696561459	0.334589786803919
1	1.0188551180837	1.02908394344104	1.0188551180837	1.01886062914229	1.02983361280613	1.04472501000453	1.03158527680229	1.03519544683143	1.0445605186057	1.05117963775127	1.0445605186057	1.01886062914229	1.03158527680229	1.04472501000453	1.02983361280613	0.444203431744764	0.378534516360745	0.332214006421044	0.378534516360746	0.379060872981024	0.337861546242112	0.338564580864217	0.346976229027733	0.367810047467873	0.338122777954555	0.313951522457324	0.338122777954555	0.379060872981025	0.346976229027734	0.338564580864218	0.337861546242113
1	1.01906247084963	1.02909644406293	1.01906247084963	1.01905734232803	1.03025404518538	1.04510426749336	1.03166006932706	1.03564592477856	1.04495054833606	1.05149635649431	1.04495054833606	1.01905734232803	1.03166006932706	1.04510426749336	1.03025404518538	0.44610821507768	0.379583735642614	0.33184776375887	0.379583735642615	0.380073024565187	0.339578019799658	0.339312473259331	0.346712310238433	0.369221435285953	0.338904629453613	0.314452936241426	0.338904629453614	0.380073024565188	0.346712310238433	0.339312473259332	0.339578019799659
1	1.01913228072161	1.02903472209454	1.01913228072161	1.01912259892107	1.03049221294635	1.04522694263606	1.03158494820669	1.03582854755465	1.04507691562995	1.05159246435339	1.04507691562995	1.01912259892107	1.03158494820669	1.04522694263606	1.03049221294635	0.446808945784076	0.379926866709499	0.331442054803138	0.3799268667095	0.38040567097756	0.340654999726693	0.339551681282693	0.346128605356363	0.369821301249679	0.339154661338034	0.314605307642633	0.339154661338034	0.380405670977561	0.346128605356363	0.339551681282694	0.340654999726694
1	1.01915554874814	1.02897801668861	1.01915554874814	1.01914403974432	1.03064881390073	1.045266639955	1.03148382309942	1.03590823669612	1.0451173313784	1.05162161917137	1.0451173313784	1.01914403974432	1.03148382309942	1.045266639955	1.03064881390073	0.447066730233831	0.38003808710839	0.331150827871348	0.380038087108391	0.380515508062681	0.341403550212547	0.339628632870531	0.345557519448832	0.37009722273404	0.339233912166361	0.314651755379923	0.339233912166362	0.380515508062682	0.345557519448832	0.339628632870532	0.341403550212548
1	1.01916326193048	1.02893918033319	1.01916326193048	1.01915104960496	1.03076016824209	1.04527960099648	1.03139242390522	1.03594566939425	1.04513006008131	1.05163049781359	1.04513006008131	1.01915104960496	1.03139242390522	1.04527960099648	1.03076016824209	0.447161563848211	0.380073599423723	0.330967312932527	0.380073599423724	0.380552084675475	0.341948218034848	0.339653642445251	0.345081744492057	0.370232872550953	0.339258628863311	0.314665973765828	0.339258628863312	0.380552084675476	0.345081744492057	0.339653642445251	0.34194821803485
1	1.01916580841548	1.02891517188271	1.01916580841548	1.01915333374934	1.03084200489302	1.04528391060361	1.03131833190096	1.03596435965579	1.04513396903095	1.05163322360656	1.04513396903095	1.01915333374934	1.03131833190096	1.04528391060361	1.03084200489302	0.447196451193163	0.380084634673075	0.330858020953435	0.380084634673076	0.38056443967355	0.342351651309832	0.33966191303575	0.344707477931181	0.370302914611034	0.339266105991591	0.314670353872932	0.339266105991592	0.38056443967355	0.344707477931181	0.33966191303575	0.342351651309833
1	1.01916664530701	1.02890100514805	1.01916664530701	1.01915407547569	1.03090288323554	1.04528538807284	1.03126073367034	1.03597411221538	1.04513511330563	1.0516340724211	1.04513511330563	1.01915407547569	1.03126073367034	1.04528538807283	1.03090288323554	0.447209285535274	0.380087888391373	0.330794727177631	0.380087888391373	0.380568709466061	0.342652370488599	0.339664726357776	0.344420185805224	0.370340284398392	0.339268233032461	0.314671716887553	0.339268233032461	0.380568709466062	0.344420185805224	0.339664726357776	0.3426523704886
