1	1.00690722348219	1.01245400420674	1.00690722348219	1.00706309745035	1.01279114007187	1.01824474443463	1.01279114007184	1.01335550020485	1.01799229199128	1.02304971488441	1.01799229199128	1.00706309745034	1.01279114007184	1.01824474443463	1.01279114007187	0.373967553938484	0.332321647297867	0.312403104338812	0.332321647297868	0.336932514347906	0.317533684710759	0.308282783118339	0.317533684710251	0.325985648203762	0.305724421986037	0.298685438634864	0.305724421986037	0.336932514347906	0.317533684710251	0.308282783118339	0.317533684710759
1	1.02056973501582	1.03423847317773	1.02056973501582	1.02084116765872	1.03590316841956	1.05157191684516	1.03590316841951	1.03929276862714	1.05103311340598	1.06215710147297	1.05103311340598	1.02084116765872	1.03590316841951	1.05157191684516	1.03590316841956	0.511542528563999	0.450920399694033	0.407596511993491	0.450920399694034	0.453807192919494	0.419128949673939	0.412007543544788	0.419128949673748	0.442241367784466	0.410332336408239	0.389978180369605	0.41033233640824	0.453807192919495	0.419128949673748	0.412007543544789	0.41912894967394
1	1.02771615404199	1.04384095123234	1.02771615404199	1.0277216155407	1.0466248628374	1.06778258235465	1.04662486283738	1.05239997800556	1.06764729521773	1.07944351149582	1.06764729521773	1.0277216155407	1.04662486283738	1.06778258235465	1.0466248628374	0.562153533302887	0.496739835532678	0.43963103726301	0.496739835532679	0.49687996446536	0.455314557393037	0.451098312313267	0.455314557392968	0.485900302736914	0.451738280361517	0.422389362653115	0.451738280361517	0.496879964465361	0.455314557392968	0.451098312313267	0.455314557393038
1	1.03067308314694	1.04719436608667	1.03067308314694	1.03041942585872	1.05061593115269	1.07416195262344	1.05061593115268	1.05757915382982	1.07457749481308	1.08574168362958	1.07457749481308	1.03041942585872	1.05061593115268	1.07416195262344	1.05061593115269	0.580772281412013	0.513852746635331	0.450485548948337	0.513852746635332	0.512184994108588	0.468108732551015	0.465622557707383	0.468108732550992	0.501594934890323	0.467959486941398	0.434049209258965	0.467959486941398	0.512184994108589	0.468108732550992	0.465622557707384	0.468108732551016
1	1.03180390730056	1.04831003192002	1.03180390730056	1.0313926802191	1.05202458041367	1.07654999720745	1.05202458041367	1.05946065302062	1.07733975312007	1.08797979384276	1.07733975312007	1.0313926802191	1.05202458041367	1.07654999720745	1.05202458041367	0.58762173611725	0.520084046480223	0.454175302114769	0.520084046480224	0.517506457138618	0.47259875564935	0.470960866975749	0.472598755649343	0.507098714690108	0.47421026735935	0.438243202261814	0.47421026735935	0.517506457138619	0.472598755649343	0.47096086697575	0.472598755649351
1	1.03222078533004	1.0486787964196	1.03222078533004	1.03173093056647	1.05251423443114	1.07743131497544	1.05251423443114	1.06011992138019	1.07842017072544	1.08877710633024	1.07842017072544	1.03173093056647	1.05251423443114	1.07743131497544	1.05251423443114	0.590141509696274	0.522327379818345	0.455434054477256	0.522327379818346	0.519338429162484	0.474169308717112	0.472914556942067	0.47416930871711	0.509009456578282	0.47659756576676	0.439751304167151	0.47659756576676	0.519338429162485	0.47416930871711	0.472914556942068	0.474169308717113
1	1.0323717191326	1.04880099305134	1.0323717191326	1.03184629050272	1.05268353753343	1.07775513168935	1.05268353753343	1.06034716532701	1.07883863017613	1.08906235586204	1.07883863017613	1.03184629050272	1.05268353753343	1.07775513168935	1.05268353753343	0.59106848259003	0.523131437457201	0.455864984729699	0.523131437457202	0.519965680300818	0.474717768997336	0.473628812261292	0.474717768997336	0.509670230824326	0.477506055852042	0.440293769969838	0.477506055852042	0.519965680300819	0.474717768997336	0.473628812261292	0.474717768997337
1	1.0324258939317	1.04884163376091	1.0324258939317	1.03188518693256	1.05274191220937	1.07787397611661	1.05274191220937	1.0604248756343	1.07899989332697	1.08916469403093	1.07899989332697	1.03188518693256	1.05274191220937	1.07787397611661	1.05274191220937	0.591409496929455	0.523419149548461	0.456013009690074	0.523419149548462	0.520179529919303	0.474909077879763	0.473890020256799	0.474909077879764	0.509898345371564	0.477851426412107	0.440489028198674	0.477851426412107	0.520179529919304	0.474909077879764	0.473890020256799	0.474909077879764
1	1.03244525842977	1.04885519378629	1.03244525842977	1.03189818378004	1.05276199094614	1.07791760025059	1.05276199094614	1.06045133084351	1.07906189071787	1.08920147289285	1.07906189071787	1.03189818378004	1.05276199094614	1.07791760025059	1.05276199094614	0.591534949071906	0.52352203479067	0.456064023201131	0.523522034790671	0.52025212283334	0.47497573666223	0.473985626025009	0.47497573666223	0.509977014049852	0.47798272553677	0.440559369803543	0.47798272553677	0.520252122833341	0.47497573666223	0.47398562602501	0.474975736662232
1	1.03245216573207	1.04885973032609	1.03245216573206	1.0319024872751	1.05276887903512	1.07793362370492	1.05276887903512	1.0604603074395	1.07908569905164	1.08921470586384	1.07908569905164	1.0319024872751	1.05276887903512	1.07793362370492	1.05276887903512	0.591581100382799	0.523558817217121	0.456081660802672	0.523558817217122	0.520276644958771	0.474998936887744	0.474020655364254	0.474998936887744	0.510004121354642	0.478032662992858	0.440584733622558	0.478032662992858	0.520276644958772	0.474998936887744	0.474020655364255	0.474998936887745
