1	1.00774860006992	1.01370300685698	1.00774860006992	1.0077486000683	1.01414323634589	1.01954715670626	1.01414323635258	1.01370300685387	1.01954715670439	1.02480639358902	1.01954715670439	1.0077486000683	1.01414323635258	1.01954715670626	1.01414323634589	0.4240378876464	0.373742096685732	0.347363900007644	0.373742096685732	0.373742096691813	0.354051175214808	0.337353110704919	0.354051175315716	0.347363900009449	0.337353110701446	0.3277971916971	0.337353110701446	0.373742096691813	0.354051175315716	0.337353110704919	0.354051175214809
1	1.02552144600066	1.04870178563841	1.02552144600066	1.02552144600354	1.04561602768438	1.06293126481099	1.04561602769814	1.04870178556816	1.06293126480152	1.07615173253067	1.06293126480152	1.02552144600354	1.04561602769814	1.06293126481099	1.04561602768438	0.580032708636323	0.518329959336343	0.515220700933265	0.518329959336344	0.518329959388151	0.490775713864836	0.47250312129188	0.490775713923996	0.515220700455804	0.47250312125056	0.448304828823392	0.47250312125056	0.518329959388152	0.490775713923996	0.47250312129188	0.490775713864837
1	1.03320749690745	1.06692751424784	1.03320749690745	1.03320749566276	1.05918420980257	1.08237877652107	1.05918420981063	1.0669275086345	1.08237877473735	1.0979633627242	1.08237877473735	1.03320749566276	1.05918420981063	1.08237877652107	1.05918420980256	0.637419996173901	0.572759203295593	0.58400498659617	0.572759203295594	0.572759204202458	0.543712342137095	0.527267606581965	0.543712342160778	0.584004967859647	0.527267603288676	0.498622685047823	0.527267603288677	0.572759204202459	0.543712342160778	0.527267606581966	0.543712342137096
1	1.03589441000149	1.07167351991985	1.03589441000149	1.03589440959367	1.0659239031651	1.09012286202738	1.06592390315513	1.07167351588046	1.0901228609365	1.11207897508415	1.0901228609365	1.03589440959367	1.06592390315513	1.09012286202738	1.0659239031651	0.658531599620226	0.595330223892291	0.596974838543397	0.595330223892292	0.595330225163877	0.578803731622722	0.55294074905312	0.578803731542152	0.596974827885679	0.552940747425293	0.542420974646082	0.552940747425293	0.595330225163877	0.578803731542152	0.55294074905312	0.578803731622722
1	1.03670854899947	1.0715350986229	1.03670854899947	1.03670854890244	1.06878946373455	1.09310141441702	1.06878946372404	1.07153509660507	1.09310141388082	1.12350933008719	1.09310141388082	1.03670854890244	1.06878946372404	1.09310141441702	1.06878946373455	0.666298124527418	0.603672293535165	0.598085871664907	0.603672293535166	0.603672294022645	0.590509083439128	0.563597022007393	0.590509083403901	0.598085866610628	0.563597021065673	0.57299275063394	0.563597021065673	0.603672294022646	0.590509083403901	0.563597022007394	0.590509083439129
1	1.03688392429226	1.07056393175134	1.03688392429226	1.03688392424872	1.06939973164481	1.09410471931156	1.06939973163959	1.07056393081391	1.09410471903137	1.13257328584429	1.09410471903137	1.03688392424872	1.06939973163959	1.09410471931156	1.06939973164481	0.669155269391558	0.606093820459141	0.595702303397149	0.606093820459142	0.60609382063056	0.592636093681247	0.567265073967558	0.59263609366643	0.595702301166786	0.567265073469274	0.59473427415291	0.567265073469274	0.606093820630561	0.59263609366643	0.567265073967558	0.592636093681248
1	1.03683001113807	1.06962942246624	1.03683001113807	1.03683001111473	1.06915585136515	1.09422229369668	1.06915585136288	1.06962942205262	1.09422229355481	1.13906981895325	1.09422229355481	1.03683001111473	1.06915585136288	1.09422229369668	1.06915585136515	0.670206354254805	0.606064373826972	0.592773274067647	0.606064373826972	0.60606437388207	0.591543071870391	0.567736027677457	0.591543071864246	0.592773273119021	0.56773602742564	0.608514644694587	0.56773602742564	0.60606437388207	0.591543071864246	0.567736027677457	0.591543071870392
1	1.03671986786519	1.06894444289402	1.03671986786518	1.03671986785279	1.06875421998088	1.09402170157223	1.06875421997993	1.06894444271653	1.09402170150243	1.14316178166464	1.09402170150243	1.03671986785279	1.06875421997993	1.09402170157223	1.06875421998088	0.670593026769659	0.605329101732439	0.590468277081532	0.60532910173244	0.605329101748094	0.589974689523659	0.567118825189854	0.589974689521116	0.590468276684961	0.56711882506585	0.616258995646249	0.567118825065851	0.605329101748095	0.589974689521116	0.567118825189854	0.58997468952366
1	1.03662393304342	1.06851204430735	1.03662393304342	1.03662393303703	1.06843574936171	1.09378054411122	1.06843574936131	1.06851204423212	1.09378054407749	1.14550153112769	1.09378054407749	1.03662393303703	1.06843574936131	1.09378054411122	1.06843574936171	0.670735275639156	0.604614877075272	0.588962484670963	0.604614877075273	0.604614877078703	0.588764001584212	0.566374956674602	0.588764001583158	0.588962484506369	0.566374956614507	0.620323172292269	0.566374956614508	0.604614877078704	0.588764001583158	0.566374956674602	0.588764001584213
1	1.0365577457999	1.06826147505706	1.0365577457999	1.0365577457967	1.06823081862222	1.09359106918758	1.06823081862205	1.06826147502531	1.09359106917146	1.14676834314685	1.09359106917146	1.0365577457967	1.06823081862205	1.09359106918758	1.06823081862222	0.670787606075769	0.604102559178477	0.588064029690235	0.604102559178478	0.604102559178619	0.587984052144163	0.565796895019416	0.587984052143724	0.588064029622111	0.565796894990614	0.622402512627896	0.565796894990614	0.604102559178619	0.587984052143724	0.565796895019416	0.587984052144164
1	1.03651665259324	1.06812269462249	1.03651665259324	1.03651665259169	1.06811035007133	1.09346349233801	1.06811035007126	1.06812269460915	1.09346349233039	1.1474384295819	1.09346349233039	1.03651665259169	1.06811035007126	1.09346349233801	1.06811035007133	0.670806857368909	0.603777170591317	0.587552306154257	0.603777170591317	0.603777170590856	0.587520033623304	0.565411307486068	0.587520033623122	0.587552306126169	0.565411307472402	0.62346435151773	0.565411307472402	0.603777170590857	0.587520033623122	0.565411307486068	0.587520033623305
1	1.03649250565794	1.06804753313346	1.03649250565794	1.0364925056572	1.06804255434314	1.09338395037391	1.06804255434311	1.06804753312785	1.09338395037033	1.1477909722969	1.09338395037033	1.0364925056572	1.06804255434311	1.09338395037391	1.06804255434314	0.670813939524337	0.603582900524274	0.587268006773847	0.603582900524275	0.603582900523868	0.587254973444982	0.565172757122624	0.587254973444906	0.587268006762273	0.565172757116189	0.624011061607536	0.56517275711619	0.603582900523869	0.587254973444906	0.565172757122624	0.587254973444983
1	1.0364787494448	1.06800723874893	1.0364787494448	1.03647874944444	1.06800522869401	1.09333650378573	1.068005228694	1.06800723874657	1.09333650378405	1.14797698678829	1.09333650378405	1.03647874944444	1.068005228694	1.09333650378573	1.06800522869401	0.670816544904366	0.603470916645553	0.587112185476554	0.603470916645554	0.603470916645294	0.58710691960882	0.56503140525208	0.587106919608788	0.587112185471782	0.565031405249066	0.624295675867731	0.565031405249067	0.603470916645294	0.587106919608788	0.565031405252081	0.587106919608821
1	1.03647105455596	1.06798571674277	1.03647105455596	1.0364710545558	1.06798490477979	1.09330897707669	1.06798490477979	1.06798571674178	1.09330897707591	1.14807569039178	1.09330897707591	1.0364710545558	1.06798490477979	1.09330897707669	1.06798490477979	0.670817503370473	0.603407720234102	0.587027404723927	0.603407720234103	0.603407720233957	0.587025276721445	0.564949868966505	0.587025276721431	0.58702740472196	0.564949868965101	0.624445412609917	0.564949868965101	0.603407720233958	0.587025276721431	0.564949868966505	0.587025276721445
