1	1.00633643967277	1.01185869677051	1.00633643967277	1.00633146178195	1.01173578918395	1.01618803886805	1.01141609494734	1.01158211577605	1.0163742201091	1.02055567318779	1.0163742201091	1.00633146178195	1.01141609494734	1.01618803886805	1.01173578918395	0.373967553950369	0.329151264758579	0.316456437257969	0.329151264758579	0.326119920338501	0.313088526432699	0.298306355160654	0.307902026810127	0.309250451753001	0.299500730366005	0.289462598629868	0.299500730366005	0.326119920338502	0.307902026810127	0.298306355160654	0.3130885264327
1	1.02037275521565	1.03810710062446	1.02037275521565	1.01980371583667	1.0357700786501	1.04952714610753	1.03412788111874	1.0337336173848	1.04948982823227	1.06004553506186	1.04948982823227	1.01980371583667	1.03412788111874	1.04952714610753	1.0357700786501	0.511542528599166	0.4479977968196	0.434992511816623	0.4479977968196	0.445860022243725	0.420651901586242	0.404924802078131	0.409629486095839	0.408259603221481	0.40578755844084	0.385221841494186	0.40578755844084	0.445860022243726	0.409629486095839	0.404924802078131	0.420651901586243
1	1.02745557220957	1.05105919144945	1.02745557220957	1.02699823788271	1.05159827200417	1.06636971770624	1.04722421393728	1.04462419737269	1.06618303848962	1.07811231614393	1.06618303848962	1.02699823788271	1.04722421393728	1.06636971770624	1.05159827200417	0.562153533346093	0.493484439712676	0.477574443323101	0.493484439712677	0.492601220451507	0.489728343908183	0.447245712103519	0.464165460293821	0.44776424185263	0.447115326509438	0.41955545787303	0.447115326509439	0.492601220451508	0.464165460293821	0.44724571210352	0.489728343908184
1	1.02994930052816	1.05502914618468	1.02994930052816	1.03006201610295	1.05999215952753	1.07274861386267	1.05280045004894	1.04983778664537	1.07286204623278	1.08460743844172	1.07286204623278	1.03006201610295	1.05280045004894	1.07274861386267	1.05999215952753	0.580772281468801	0.508922349190044	0.489487480268809	0.508922349190045	0.508694096818415	0.516677975402841	0.462133027003267	0.480536239563354	0.466166870650368	0.462011868729386	0.431716723459189	0.462011868729386	0.508694096818416	0.480536239563354	0.462133027003267	0.516677975402842
1	1.03086769838828	1.05600584152368	1.03086769838828	1.03109481563447	1.06352557711825	1.07508771258959	1.05456074750346	1.05228192249662	1.07525950183656	1.08689706260359	1.07525950183656	1.03109481563447	1.05456074750346	1.07508771258959	1.06352557711825	0.58762173618174	0.514150931122172	0.491495587703876	0.514150931122173	0.514165855254922	0.52668213495438	0.467405608096208	0.48510137392436	0.47525495330318	0.46736928140636	0.436090006535213	0.46736928140636	0.514165855254923	0.48510137392436	0.467405608096209	0.526682134954381
1	1.03121607162993	1.05604084815776	1.03121607162993	1.03141188780149	1.06488868678487	1.07595283977341	1.05503048350559	1.05351575907656	1.07610051884284	1.08771990680646	1.07610051884284	1.03141188780149	1.05503048350559	1.0759528397734	1.06488868678487	0.590141509821076	0.515933858430368	0.490813651302924	0.515933858430369	0.516009983239598	0.530318586224025	0.469286185656504	0.486243771433677	0.479993082956031	0.46929285478574	0.437667628253141	0.469292854785741	0.516009983239599	0.486243771433677	0.469286185656504	0.530318586224025
1	1.0313557499448	1.05584687521066	1.0313557499448	1.0314970385008	1.06539585178625	1.07628036045759	1.0551290752802	1.05418058127212	1.07638905720153	1.08801903568328	1.07638905720153	1.0314970385008	1.0551290752802	1.07628036045759	1.06539585178625	0.591068482772707	0.516548796240076	0.489681908800529	0.516548796240077	0.516623436733232	0.531635203184706	0.469961635493685	0.486461567796596	0.482609947030748	0.469980850157195	0.438236796900874	0.469980850157195	0.516623436733233	0.486461567796596	0.469961635493685	0.531635203184707
1	1.03141641514137	1.05564373879433	1.03141641514136	1.03151204661586	1.0655823297039	1.0764087148869	1.05513630189939	1.05455872873504	1.07648371166909	1.08812824227191	1.07648371166909	1.03151204661586	1.05513630189939	1.0764087148869	1.0655823297039	0.591409497096381	0.516765012717316	0.488709395750696	0.516765012717317	0.516822618771369	0.532113567846626	0.470206342908084	0.486463847270195	0.484127448463873	0.470225259247469	0.43844204303009	0.470225259247469	0.51682261877137	0.486463847270195	0.470206342908085	0.532113567846627
1	1.03144542242248	1.05548479930169	1.03144542242248	1.03150844772617	1.06565089627178	1.07646157306696	1.05512765029597	1.05478286366377	1.07651172240819	1.08816815825798	1.07651172240819	1.03150844772617	1.05512765029597	1.07646157306696	1.06565089627177	0.591534949268502	0.516843609646435	0.487997200124894	0.516843609646436	0.516884188692519	0.532288556223144	0.470296143034449	0.486434308903096	0.485040180033572	0.470311038298066	0.438516027607611	0.470311038298066	0.51688418869252	0.486434308903096	0.47029614303445	0.532288556223144
1	1.03146067514996	1.05537237313868	1.03146067514996	1.03150170605855	1.06567625247652	1.07648483991097	1.05512002789606	1.05491964389303	1.07651781805658	1.08818275112851	1.07651781805658	1.03150170605855	1.05512002789606	1.07648483991097	1.06567625247652	0.591581100553461	0.516873788849306	0.487508208407232	0.516873788849307	0.516901170819918	0.532353107900415	0.470329780604535	0.486411456386825	0.485603197121675	0.470340459905113	0.438542689193098	0.470340459905114	0.516901170819919	0.486411456386825	0.470329780604536	0.532353107900416
1	1.03146933323457	1.05529636576872	1.03146933323457	1.03149589111827	1.06568570886543	1.07649592099484	1.05511546515484	1.05500477864339	1.07651740896963	1.08818808658892	1.07651740896963	1.03149589111827	1.05511546515484	1.07649592099484	1.06568570886542	0.591598078670124	0.516886347193253	0.487182577997022	0.516886347193254	0.516904422766716	0.532377141852609	0.470342795464334	0.486398281510903	0.485956252061278	0.470350100112235	0.438552295593451	0.470350100112236	0.516904422766717	0.486398281510903	0.470342795464335	0.532377141852609
