1	1.06571835045359	1.09988433600213	1.06571835045359	1.06571835045359	1.09988433600213	1.15275097980486	1.09988433600213	1.09988433600213	1.15275097980486	1.17773876791909	1.15275097980486	1.06571835045358	1.09988433600213	1.15275097980486	1.09988433600213	0.780129742861559	0.632198935930089	0.54887150462715	0.632198935930091	0.632198935930086	0.548871504627151	0.555738250192794	0.548871504627151	0.548871504627144	0.555738250192794	0.52099624170664	0.555738250192795	0.632198935930088	0.548871504627151	0.555738250192794	0.548871504627153
1	1.08140271357468	1.12035944403317	1.08140271357468	1.08140271357468	1.12035944403317	1.18156963057089	1.12035944403317	1.12035944403316	1.18156963057089	1.21042466181577	1.18156963057089	1.08140271357468	1.12035944403317	1.18156963057089	1.12035944403317	0.846449101250194	0.666416923475002	0.571833080470585	0.666416923475004	0.666416923474997	0.571833080470582	0.578624374921225	0.571833080470584	0.571833080470584	0.57862437492122	0.541858606509642	0.578624374921221	0.666416923474998	0.571833080470584	0.578624374921226	0.571833080470585
1	1.09097979742032	1.13161082376286	1.09097979742032	1.09097979742031	1.13161082376286	1.19766754359374	1.13161082376286	1.13161082376285	1.19766754359373	1.22810201679695	1.19766754359373	1.09097979742031	1.13161082376286	1.19766754359374	1.13161082376286	0.886673825252936	0.689684044920601	0.587048672591452	0.689684044920603	0.689684044920598	0.587048672591452	0.595535084015662	0.587048672591455	0.58704867259145	0.595535084015657	0.556703262858309	0.595535084015658	0.6896840449206	0.587048672591455	0.595535084015663	0.587048672591455
1	1.09704491626878	1.13812981804252	1.09704491626878	1.09704491626878	1.13812981804252	1.20766287134824	1.13812981804252	1.13812981804252	1.20766287134824	1.23859675540336	1.20766287134824	1.09704491626878	1.13812981804252	1.20766287134824	1.13812981804252	0.911071353726645	0.705335148171187	0.596944098033799	0.705335148171189	0.705335148171185	0.596944098033802	0.607497158725413	0.596944098033805	0.596944098033801	0.607497158725406	0.566760187073754	0.607497158725407	0.705335148171187	0.596944098033805	0.607497158725414	0.596944098033804
1	1.1009635964364	1.14203527394114	1.1009635964364	1.1009635964364	1.14203527394114	1.21421866056218	1.14203527394114	1.14203527394114	1.21421866056218	1.24512792038034	1.21421866056218	1.1009635964364	1.14203527394114	1.21421866056218	1.14203527394114	0.925869202822747	0.71577865533559	0.603325839810641	0.715778655335592	0.71577865533559	0.603325839810638	0.615793031068636	0.603325839810642	0.603325839810638	0.615793031068628	0.57344114615779	0.615793031068629	0.715778655335593	0.603325839810642	0.615793031068637	0.603325839810641
1	1.103520374838	1.14442333001012	1.103520374838	1.103520374838	1.14442333001012	1.21862260294295	1.14442333001012	1.14442333001012	1.21862260294295	1.24928175964423	1.21862260294295	1.103520374838	1.14442333001012	1.21862260294295	1.14442333001012	0.934844552048028	0.722708171760503	0.607427451465538	0.722708171760506	0.722708171760504	0.607427451465538	0.621485669968952	0.607427451465541	0.607427451465539	0.621485669968948	0.577841180053134	0.621485669968949	0.722708171760506	0.607427451465541	0.621485669968953	0.607427451465541
1	1.10519571139098	1.1459024214533	1.10519571139098	1.10519571139098	1.1459024214533	1.22160761703739	1.1459024214533	1.1459024214533	1.22160761703738	1.25195061554048	1.22160761703738	1.10519571139098	1.1459024214533	1.22160761703739	1.1459024214533	0.940288376554897	0.727288949777919	0.61006124369254	0.727288949777921	0.727288949777916	0.610061243692539	0.625366668378295	0.610061243692541	0.610061243692541	0.625366668378288	0.580727558210971	0.625366668378289	0.727288949777918	0.610061243692541	0.625366668378296	0.610061243692542
1	1.1062952523525	1.14682643416116	1.10629525235249	1.1062952523525	1.14682643416116	1.22363573471877	1.14682643416116	1.14682643416116	1.22363573471877	1.25367439034062	1.22363573471877	1.10629525235249	1.14682643416116	1.22363573471877	1.14682643416116	0.943590223033383	0.730309993823038	0.611753280974969	0.73030999382304	0.730309993823032	0.611753280974962	0.628000963152511	0.611753280974963	0.611753280974963	0.628000963152505	0.582617734100277	0.628000963152506	0.730309993823034	0.611753280974963	0.628000963152512	0.611753280974965
1	1.1070172423579	1.14740728975875	1.1070172423579	1.1070172423579	1.14740728975875	1.22501329033186	1.14740728975875	1.14740728975875	1.22501329033186	1.2547912862818	1.22501329033186	1.1070172423579	1.14740728975875	1.22501329033186	1.14740728975875	0.945592894160873	0.732299647204154	0.612841614405239	0.732299647204156	0.732299647204149	0.612841614405236	0.629783344609348	0.612841614405238	0.612841614405234	0.629783344609343	0.583854841803078	0.629783344609344	0.732299647204152	0.612841614405238	0.629783344609349	0.612841614405239
1	1.1074913703726	1.14777421892633	1.1074913703726	1.1074913703726	1.14777421892633	1.22594772080855	1.14777421892633	1.14777421892633	1.22594772080855	1.25551659600521	1.22594772080855	1.1074913703726	1.14777421892633	1.22594772080855	1.14777421892633	0.946807575604044	0.733609090939777	0.613542764955164	0.733609090939779	0.733609090939775	0.613542764955164	0.630986387946115	0.613542764955165	0.61354276495516	0.630986387946113	0.584664581645801	0.630986387946114	0.733609090939777	0.613542764955165	0.630986387946116	0.613542764955167
1	1.10780274381956	1.14800695925501	1.10780274381956	1.10780274381956	1.14800695925501	1.22658052112819	1.14800695925501	1.148006959255	1.22658052112819	1.25598846364964	1.22658052112819	1.10780274381956	1.14800695925501	1.22658052112819	1.14800695925501	0.947544317143346	0.73447063267641	0.613995292579731	0.734470632676412	0.734470632676409	0.613995292579734	0.631796838312188	0.613995292579736	0.61399529257973	0.631796838312187	0.585194819564613	0.631796838312188	0.734470632676411	0.613995292579736	0.631796838312189	0.613995292579737
1	1.10800725596719	1.1481551135339	1.10800725596718	1.10800725596719	1.14815511353391	1.2270083350654	1.14815511353391	1.14815511353391	1.2270083350654	1.25629592821866	1.2270083350654	1.10800725596719	1.14815511353391	1.2270083350654	1.14815511353391	0.947991173495486	0.735037486511091	0.614287908870564	0.735037486511093	0.735037486511087	0.614287908870567	0.632341956931357	0.614287908870568	0.614287908870567	0.632341956931356	0.585542250409559	0.632341956931357	0.735037486511089	0.614287908870568	0.632341956931357	0.61428790887057
1	1.10814161024997	1.1482497275498	1.10814161024997	1.10814161024997	1.1482497275498	1.22729710438856	1.1482497275498	1.1482497275498	1.22729710438856	1.25649654987415	1.22729710438856	1.10814161024997	1.1482497275498	1.22729710438856	1.1482497275498	0.94826220558204	0.73541052329254	0.614477481060596	0.735410523292542	0.735410523292536	0.614477481060597	0.632708131006052	0.614477481060598	0.614477481060597	0.632708131006049	0.585770065048432	0.63270813100605	0.735410523292538	0.614477481060598	0.632708131006053	0.6144774810606
1	1.10822990160567	1.14831032860865	1.10822990160567	1.10822990160567	1.14831032860866	1.22749173451107	1.14831032860866	1.14831032860866	1.22749173451107	1.25662762337209	1.22749173451107	1.10822990160567	1.14831032860866	1.22749173451107	1.14831032860866	0.948426594854427	0.735656089498872	0.614600523914391	0.735656089498874	0.735656089498866	0.614600523914398	0.632953828800334	0.614600523914401	0.614600523914395	0.632953828800331	0.585919560732015	0.632953828800332	0.735656089498868	0.614600523914401	0.632953828800335	0.614600523914401
1	1.1082879445884	1.14834925062554	1.1082879445884	1.1082879445884	1.14834925062554	1.22762274025199	1.14834925062554	1.14834925062554	1.22762274025199	1.25671335912364	1.22762274025199	1.1082879445884	1.14834925062554	1.22762274025199	1.14834925062554	0.948526301988845	0.735817805306522	0.614680528386452	0.735817805306525	0.735817805306521	0.614680528386456	0.633118530492403	0.614680528386457	0.614680528386453	0.633118530492404	0.586017738240232	0.633118530492405	0.735817805306523	0.614680528386457	0.633118530492404	0.614680528386459
1	1.10832611858127	1.14837431291902	1.10832611858127	1.10832611858127	1.14837431291902	1.22771081437543	1.14837431291902	1.14837431291902	1.22771081437543	1.25676950015039	1.22771081437543	1.10832611858127	1.14837431291902	1.22771081437543	1.14837431291902	0.948586777423106	0.735924347204741	0.61473263720497	0.735924347204743	0.735924347204739	0.614732637204967	0.633228844459507	0.614732637204972	0.61473263720497	0.633228844459508	0.586082262758767	0.633228844459509	0.735924347204742	0.614732637204972	0.633228844459507	0.614732637204971
1	1.10835123657916	1.14839048947718	1.10835123657916	1.10835123657916	1.14839048947718	1.22776996156185	1.14839048947718	1.14839048947718	1.22776996156185	1.25680629907448	1.22776996156185	1.10835123657916	1.14839048947718	1.22776996156185	1.14839048947718	0.948623457631367	0.73599457042855	0.614766631477741	0.735994570428552	0.73599457042855	0.614766631477741	0.633302675993741	0.614766631477745	0.614766631477741	0.633302675993744	0.586124700722956	0.633302675993745	0.735994570428552	0.614766631477745	0.633302675993742	0.614766631477744
1	1.10836777173783	1.14840095423592	1.10836777173783	1.10836777173783	1.14840095423592	1.22780964310949	1.14840095423592	1.14840095423592	1.22780964310949	1.25683044223834	1.22780964310949	1.10836777173783	1.14840095423592	1.22780964310949	1.14840095423592	0.948645705312504	0.736040876294504	0.614788841733287	0.736040876294507	0.736040876294503	0.614788841733288	0.633352058106109	0.614788841733291	0.614788841733286	0.633352058106112	0.586152631686684	0.633352058106113	0.736040876294505	0.614788841733291	0.63335205810611	0.614788841733291
1	1.10837866212219	1.14840773805157	1.10837866212219	1.10837866212219	1.14840773805157	1.22783624263011	1.14840773805157	1.14840773805157	1.22783624263012	1.25684629593666	1.22783624263012	1.10837866212219	1.14840773805157	1.22783624263011	1.14840773805157	0.948659199215827	0.736071424376813	0.614803373350054	0.736071424376815	0.736071424376811	0.614803373350057	0.633385067610513	0.614803373350061	0.614803373350056	0.633385067610515	0.586171026758063	0.633385067610516	0.736071424376813	0.614803373350062	0.633385067610514	0.61480337335006
1	1.1083858382121	1.14841214426902	1.1083858382121	1.1083858382121	1.14841214426902	1.22785405902369	1.14841214426902	1.14841214426902	1.22785405902369	1.25685671471464	1.22785405902369	1.1083858382121	1.14841214426902	1.22785405902369	1.14841214426902	0.948667383681422	0.736091585753965	0.614812893482812	0.736091585753967	0.736091585753962	0.614812893482817	0.633407121067108	0.614812893482819	0.614812893482811	0.63340712106711	0.586183149020652	0.633407121067111	0.736091585753965	0.614812893482819	0.633407121067109	0.61481289348282
1	1.10839056906015	1.14841501139096	1.10839056906015	1.10839056906015	1.14841501139096	1.22786598411311	1.14841501139096	1.14841501139096	1.22786598411311	1.25686356687631	1.22786598411311	1.10839056906015	1.14841501139096	1.22786598411311	1.14841501139096	0.948672347808749	0.736104897608966	0.614819138008215	0.736104897608968	0.736104897608963	0.614819138008216	0.63342184772614	0.614819138008218	0.614819138008212	0.633421847726139	0.586191142121318	0.63342184772614	0.736104897608965	0.614819138008218	0.63342184772614	0.614819138008219
1	1.10839368933424	1.14841688012981	1.10839368933424	1.10839368933424	1.14841688012981	1.2278739611622	1.14841688012981	1.14841688012981	1.2278739611622	1.2568680764918	1.2278739611622	1.10839368933424	1.14841688012981	1.2278739611622	1.14841688012981	0.948675358700927	0.736113690498903	0.614823238594711	0.736113690498905	0.736113690498899	0.614823238594707	0.633431677360596	0.61482323859471	0.614823238594712	0.633431677360596	0.586196415389344	0.633431677360597	0.736113690498901	0.61482323859471	0.633431677360596	0.61482323859471
1	1.10839574842235	1.14841809927948	1.10839574842235	1.10839574842235	1.14841809927948	1.22787929804961	1.14841809927948	1.14841809927948	1.22787929804961	1.25687104624946	1.22787929804961	1.10839574842235	1.14841809927948	1.22787929804961	1.14841809927948	0.948677184882898	0.736119500631103	0.614825934510836	0.736119500631105	0.7361195006311	0.61482593451083	0.633438234473002	0.614825934510832	0.614825934510837	0.633438234473002	0.586199896117367	0.633438234473003	0.736119500631103	0.614825934510832	0.633438234473002	0.614825934510833
1	1.10839710751981	1.14841889726522	1.10839710751981	1.10839710751981	1.14841889726522	1.22788285933086	1.14841889726522	1.14841889726522	1.22788285933086	1.25687300325759	1.22788285933086	1.10839710751981	1.14841889726522	1.22788285933086	1.14841889726522	0.948678292528843	0.736123341326483	0.614827707922099	0.736123341326486	0.736123341326479	0.614827707922096	0.633442609112145	0.614827707922099	0.614827707922098	0.633442609112142	0.586202194573246	0.633442609112143	0.736123341326481	0.614827707922099	0.633442609112146	0.614827707922099
1	1.10839800500409	1.14841941991967	1.10839800500409	1.10839800500408	1.14841941991966	1.22788523650158	1.14841941991966	1.14841941991967	1.22788523650158	1.25687429353749	1.22788523650158	1.10839800500408	1.14841941991966	1.22788523650158	1.14841941991966	0.948678964356492	0.736125881064188	0.614828875635852	0.73612588106419	0.736125881064184	0.614828875635848	0.63344552643111	0.61482887563585	0.61482887563585	0.633445526431109	0.586203713027689	0.63344552643111	0.736125881064186	0.614828875635851	0.633445526431112	0.614828875635851
1	1.10839859791645	1.14841976257743	1.10839859791645	1.10839859791645	1.14841976257743	1.22788682308486	1.14841976257743	1.14841976257743	1.22788682308486	1.25687514467883	1.22788682308486	1.10839859791645	1.14841976257743	1.22788682308486	1.14841976257743	0.948679371844454	0.736127561076831	0.614829645172933	0.736127561076833	0.736127561076828	0.614829645172925	0.633447471244169	0.614829645172925	0.614829645172927	0.633447471244166	0.586204716592213	0.633447471244167	0.73612756107683	0.614829645172925	0.63344747124417	0.614829645172927
1	1.10839898977338	1.14841998746521	1.10839898977338	1.10839898977338	1.14841998746521	1.22788788172405	1.14841998746521	1.14841998746521	1.22788788172405	1.25687570641725	1.22788788172405	1.10839898977337	1.14841998746521	1.22788788172405	1.14841998746521	0.94867961900076	0.736128672736991	0.614830152688087	0.736128672736993	0.736128672736988	0.614830152688082	0.633448767368009	0.614830152688082	0.614830152688076	0.633448767368007	0.586205380108946	0.633448767368007	0.736128672736991	0.614830152688081	0.63344876736801	0.614830152688085
1	1.10839924884832	1.14842013521272	1.10839924884832	1.10839924884832	1.14842013521272	1.22788858787545	1.14842013521272	1.14842013521272	1.22788858787544	1.25687607732517	1.22788858787544	1.10839924884832	1.14842013521272	1.22788858787545	1.14842013521272	0.948679768910071	0.736129408535966	0.614830487625194	0.736129408535968	0.736129408535962	0.614830487625187	0.633449630951921	0.61483048762519	0.614830487625184	0.633449630951917	0.586205818952052	0.633449630951918	0.736129408535964	0.61483048762519	0.633449630951922	0.61483048762519
1	1.10839942019405	1.14842023237497	1.10839942019405	1.10839942019405	1.14842023237497	1.22788905875848	1.14842023237497	1.14842023237497	1.22788905875847	1.2568763223347	1.22788905875847	1.10839942019405	1.14842023237497	1.22788905875848	1.14842023237497	0.948679859835533	0.736129895689887	0.614830708804936	0.73612989568989	0.736129895689885	0.614830708804931	0.633450206210476	0.614830708804934	0.614830708804927	0.633450206210472	0.586206109291862	0.633450206210473	0.736129895689887	0.614830708804934	0.633450206210477	0.614830708804935
1	1.10839953355451	1.14842029632894	1.10839953355451	1.10839953355451	1.14842029632894	1.22788937266544	1.14842029632894	1.14842029632893	1.22788937266544	1.25687648424388	1.22788937266544	1.1083995335545	1.14842029632894	1.22788937266544	1.14842029632894	0.94867991498514	0.736130218305725	0.614830854945668	0.736130218305728	0.736130218305723	0.614830854945662	0.633450589327364	0.614830854945664	0.614830854945659	0.63345058932736	0.586206301438957	0.633450589327361	0.736130218305725	0.614830854945664	0.633450589327365	0.614830854945665
1	1.10839960857527	1.14842033845966	1.10839960857527	1.10839960857527	1.14842033845966	1.22788958186987	1.14842033845966	1.14842033845966	1.22788958186987	1.2568765912773	1.22788958186987	1.10839960857527	1.14842033845966	1.22788958186987	1.14842033845966	0.948679948435388	0.736130432008667	0.614830951555058	0.73613043200867	0.736130432008665	0.614830951555054	0.633450844431289	0.614830951555056	0.61483095155505	0.633450844431287	0.586206428637385	0.633450844431288	0.736130432008668	0.614830951555056	0.63345084443129	0.614830951555056
1	1.10839965823735	1.14842036623518	1.10839965823735	1.10839965823735	1.14842036623518	1.22788972126012	1.14842036623518	1.14842036623517	1.22788972126012	1.25687666205817	1.22788972126012	1.10839965823734	1.14842036623518	1.22788972126012	1.14842036623518	0.948679968724183	0.736130573599076	0.614831015450476	0.736130573599079	0.736130573599076	0.614831015450472	0.633451014266494	0.614831015450474	0.614831015450469	0.633451014266491	0.586206512862541	0.633451014266492	0.736130573599078	0.614831015450474	0.633451014266495	0.614831015450475
