1	1.23706982206885	1.31802381611924	1.23706982206885	1.21134846603396	1.45653667903117	1.50300384029215	1.45653667903117	1.41666978701707	1.48519408500567	1.5393732872778	1.48519408500567	1.21134846603395	1.45653667903117	1.50300384029215	1.45653667903117	1.18981412589122	0.985095400857993	0.796624908355427	0.985095400857995	0.965505621824935	1.0210924256635	0.854748807470293	1.0210924256635	0.985780716976021	0.847707781112327	0.764717035847944	0.847707781112328	0.965505621824937	1.0210924256635	0.854748807470294	1.0210924256635
1	1.28885232675252	1.37343976277545	1.28885232675251	1.26172727633513	1.56371553141492	1.59571649352979	1.56371553141492	1.51513005366342	1.57684974033528	1.62717313864823	1.57684974033528	1.26172727633513	1.56371553141492	1.59571649352979	1.56371553141492	1.25786938880055	1.02323427908351	0.809066361076198	1.02323427908351	1.00386138076225	1.07604173155897	0.876015120672386	1.07604173155897	1.03370723684372	0.868534313295953	0.774699453084642	0.868534313295954	1.00386138076225	1.07604173155897	0.876015120672388	1.07604173155898
1	1.32705543672834	1.40858788406759	1.32705543672833	1.29770442926386	1.64289012433644	1.65330048738057	1.64289012433644	1.58528771249444	1.63307069040798	1.67646699093614	1.63307069040798	1.29770442926386	1.64289012433644	1.65330048738057	1.64289012433643	1.31358832545284	1.05694075469197	0.824526379208357	1.05694075469197	1.03700593801164	1.12759531304214	0.898218365826431	1.12759531304214	1.07955078411909	0.890638443235897	0.789131569952582	0.890638443235898	1.03700593801164	1.12759531304214	0.898218365826432	1.12759531304214
1	1.35461684806808	1.4313250465262	1.35461684806808	1.32193132404967	1.70069095324879	1.68885751763127	1.70069095324878	1.63432802065383	1.66687919666317	1.70411420641923	1.66687919666317	1.32193132404967	1.70069095324878	1.68885751763127	1.70069095324878	1.35920713241717	1.08639176237406	0.841306145119744	1.08639176237407	1.06502775909043	1.1738804472262	0.919198641751396	1.1738804472262	1.12151539685535	0.91167986466495	0.804425032787312	0.911679864664951	1.06502775909043	1.1738804472262	0.919198641751398	1.1738804472262
1	1.37409225907089	1.44654333567992	1.37409225907089	1.33715363371862	1.74223796554621	1.71046967085749	1.74223796554621	1.66795736573342	1.68651150598112	1.71926432264259	1.68651150598112	1.33715363371862	1.74223796554621	1.71046967085749	1.74223796554621	1.39655665259728	1.11195276828478	0.858435773460719	1.11195276828479	1.0883572209836	1.2141188361114	0.938132637201239	1.2141188361114	1.15875678998598	0.930746869979728	0.819080776304288	0.93074686997973	1.08835722098361	1.2141188361114	0.93813263720124	1.2141188361114
1	1.38757331545257	1.45722345078591	1.38757331545257	1.34582072149478	1.7714425897727	1.72316821632097	1.77144258977269	1.69047258806926	1.69719232315577	1.72704498617674	1.69719232315577	1.34582072149478	1.77144258977269	1.72316821632097	1.77144258977269	1.42713585338022	1.13408172934992	0.875356071889798	1.13408172934992	1.10762859577194	1.24827487684934	0.954878352156807	1.24827487684935	1.19106999374143	0.947661000533924	0.832592598178339	0.947661000533926	1.10762859577194	1.24827487684935	0.954878352156809	1.24827487684935
1	1.39670955718168	1.46516991654597	1.39670955718167	1.34994072189467	1.79133833701002	1.73018314609775	1.79133833701002	1.70504952209254	1.70230655025802	1.7304936991868	1.70230655025801	1.34994072189467	1.79133833701002	1.73018314609775	1.79133833701002	1.4521719854659	1.15324990357507	0.891731998342374	1.15324990357507	1.12353277154755	1.27676167145345	0.969589583455044	1.27676167145345	1.21863810233646	0.962564322224554	0.844882740482733	0.962564322224556	1.12353277154755	1.27676167145345	0.969589583455045	1.27676167145345
1	1.40276366579829	1.47146960242174	1.40276366579829	1.35106258047076	1.80429989725653	1.73363924417796	1.80429989725652	1.71401206759127	1.70407620162288	1.73149101727968	1.70407620162288	1.35106258047075	1.80429989725652	1.73363924417796	1.80429989725652	1.47266983674274	1.1698955675159	0.907358860864818	1.16989556751591	1.13671740719561	1.30022098974046	0.98251906795601	1.30022098974047	1.24185902655819	0.975707821795931	0.856036588302371	0.975707821795932	1.13671740719561	1.30022098974047	0.982519067956012	1.30022098974047
1	1.40667636909973	1.47676997582366	1.40667636909972	1.35032276563443	1.8121794961033	1.73494501304979	1.8121794961033	1.71904577661297	1.70395594963981	1.73122117530642	1.70395594963981	1.35032276563443	1.8121794961033	1.73494501304979	1.81217949610329	1.4894520579551	1.18440369259841	0.922115297045667	1.18440369259842	1.1477383024962	1.31937250494146	0.993928538413783	1.31937250494146	1.26123069608866	0.987354475602539	0.866185844087571	0.987354475602541	1.14773830249621	1.31937250494146	0.993928538413785	1.31937250494146
1	1.40913120292749	1.48144891332581	1.40913120292749	1.34851899037466	1.81640349199596	1.73502648998816	1.81640349199596	1.7213628543517	1.7028813709715	1.73042180445378	1.7028813709715	1.34851899037466	1.81640349199596	1.73502648998816	1.81640349199595	1.50319217856637	1.19710153052288	0.935936999286895	1.19710153052289	1.15704711419497	1.33492078807664	1.00405329761029	1.33492078807664	1.27727689267193	0.997740843429401	0.875461538984433	0.997740843429403	1.15704711419498	1.33492078807664	1.00405329761029	1.33492078807664
1	1.41061354957977	1.48571973826388	1.41061354957977	1.34618803524106	1.81805209263603	1.73448008464035	1.81805209263603	1.72182845038204	1.70143571447656	1.72953584311218	1.70143571447656	1.34618803524105	1.81805209263603	1.73448008464035	1.81805209263602	1.51444163786133	1.20826237755825	0.948799806397975	1.20826237755825	1.16499893225456	1.34750551060513	1.01309233097069	1.34750551060514	1.29050185470585	1.00706611592702	0.88397823232766	1.00706611592702	1.16499893225456	1.34750551060513	1.01309233097069	1.34750551060513
1	1.41146089145921	1.48969681871585	1.41146089145921	1.34367543223159	1.81792934681415	1.73367795344203	1.81792934681415	1.72105596560869	1.6999659023893	1.72881191450078	1.6999659023893	1.34367543223159	1.81792934681415	1.73367795344203	1.81792934681414	1.52365191614134	1.21811265735406	0.960707763425024	1.21811265735406	1.17186782502747	1.35768070392048	1.02120924052929	1.35768070392049	1.30136529100431	1.01549285676083	0.891831139384368	1.01549285676083	1.17186782502748	1.35768070392049	1.02120924052929	1.35768070392049
1	1.41190329781917	1.49343660846903	1.41190329781917	1.34119215028332	1.81662399354546	1.73284197562249	1.81662399354545	1.7194777573114	1.69866362273921	1.72837300852459	1.69866362273921	1.34119215028331	1.81662399354546	1.73284197562249	1.81662399354545	1.53119265421458	1.22683966013276	0.971684392213317	1.22683966013276	1.17786360409485	1.36591158021742	1.02853701730985	1.36591158021743	1.31027131510484	1.02315194875235	0.899097975770918	1.02315194875235	1.17786360409486	1.36591158021743	1.02853701730985	1.36591158021743
1	1.41209463894543	1.49696315736938	1.41209463894543	1.33885782864438	1.81456053142561	1.73209546439062	1.81456053142561	1.71739679025795	1.69762136293609	1.72826353991288	1.69762136293609	1.33885782864438	1.81456053142561	1.73209546439062	1.81456053142561	1.53736648837704	1.23459868251871	0.981766283022545	1.23459868251871	1.18314674652528	1.37258072768321	1.03518357218486	1.37258072768321	1.31756624713249	1.03014841752276	0.905842059989307	1.03014841752276	1.18314674652529	1.37258072768321	1.03518357218486	1.37258072768321
1	1.41213582411056	1.50028373143035	1.41213582411056	1.33673224272154	1.81204051955984	1.73149878788469	1.81204051955983	1.71502393786896	1.69687041029506	1.72848108706641	1.69687041029506	1.33673224272153	1.81204051955983	1.73149878788469	1.81204051955983	1.54242119627101	1.24151911186037	0.990998413314064	1.24151911186037	1.18784052083159	1.37799842658027	1.04123680867648	1.37799842658027	1.3235415600123	1.03656680251211	0.912115353370391	1.03656680251211	1.18784052083159	1.37799842658027	1.04123680867648	1.37799842658027
1	1.41209162453964	1.50339814011495	1.41209162453963	1.33483738828985	1.80927494145979	1.73107345604551	1.80927494145979	1.71250472484316	1.69640607904476	1.72899730179632	1.69640607904476	1.33483738828985	1.80927494145979	1.73107345604551	1.80927494145978	1.5465596410722	1.24770939952651	0.999430744974075	1.24770939952651	1.19204036573085	1.38241402073347	1.04676886391252	1.38241402073347	1.32843941723534	1.04247565454222	0.917961021509615	1.04247565454222	1.19204036573085	1.38241402073347	1.04676886391252	1.38241402073347
1	1.41200257955528	1.50630408688788	1.41200257955528	1.33317251820575	1.80640893672219	1.7308180847235	1.80640893672219	1.70993842218339	1.69620407450729	1.72977129892707	1.69620407450729	1.33317251820575	1.80640893672219	1.7308180847235	1.80640893672219	1.54994791310139	1.25326103955232	1.00711575854203	1.25326103955232	1.19582094618054	1.38602673746191	1.05183949704169	1.38602673746191	1.33245917792166	1.04793112581362	0.923415457499316	1.04793112581363	1.19582094618054	1.38602673746191	1.05183949704169	1.38602673746191
1	1.41189326504189	1.50900003797121	1.41189326504188	1.33172409960561	1.8035403334729	1.73071874893296	1.8035403334729	1.70739165378086	1.69623083282192	1.73075793787073	1.69623083282192	1.33172409960561	1.8035403334729	1.73071874893296	1.80354033347289	1.55272199561192	1.2582517206745	1.01410667150581	1.2582517206745	1.19924138321419	1.38899524030371	1.05649873326852	1.38899524030372	1.33576391589115	1.0529797619757	0.928509829782189	1.0529797619757	1.1992413832142	1.38899524030372	1.05649873326852	1.38899524030372
1	1.4117779414052	1.51148657171792	1.4117779414052	1.33047222184149	1.80073332373628	1.73075553050682	1.80073332373627	1.70490808144809	1.69644984304808	1.73191271139975	1.69644984304808	1.33047222184149	1.80073332373627	1.73075553050682	1.80073332373627	1.55499322227524	1.26274781764345	1.02045615784671	1.26274781764345	1.20234910321673	1.39144570137574	1.06078890249685	1.39144570137574	1.33848644868095	1.05766064273678	0.933271247105224	1.05766064273678	1.20234910321673	1.39144570137574	1.06078890249686	1.39144570137574
1	1.41166435246426	1.51376682509374	1.41166435246426	1.32939458576317	1.7980284316537	1.73090652866014	1.79802843165369	1.7025152921182	1.69682533932559	1.73319443236226	1.69682533932559	1.32939458576316	1.79802843165369	1.73090652866014	1.79802843165369	1.556852745392	1.26680636484498	1.02621543831423	1.26680636484499	1.2051826659077	1.39347843832506	1.06474620343814	1.39347843832506	1.34073465411479	1.06200701068541	0.937723628197668	1.06200701068542	1.2051826659077	1.39347843832506	1.06474620343814	1.39347843832506
1	1.41155624137646	1.5158464287237	1.41155624137646	1.32846888120413	1.79544970657808	1.73115020770133	1.79544970657808	1.70022968915268	1.69732430454339	1.73456652656806	1.69732430454339	1.32846888120412	1.79544970657808	1.73115020770133	1.79544970657808	1.55837519415398	1.27047662795083	1.03143364818465	1.27047662795084	1.20777384539056	1.39517327563622	1.06840190319516	1.39517327563622	1.34259601713278	1.06604750675354	0.941888349105733	1.06604750675354	1.20777384539057	1.39517327563622	1.06840190319516	1.39517327563622
1	1.41145498918327	1.51773317610736	1.41145498918327	1.32767411379187	1.79300986910802	1.73146667498828	1.79300986910802	1.69805995951528	1.69791741430933	1.73599747022828	1.69791741430933	1.32767411379187	1.79300986910802	1.73146667498828	1.79300986910802	1.55962166977558	1.27380136412438	1.03615741506866	1.27380136412438	1.21014916766189	1.3965938263299	1.07178325994182	1.3965938263299	1.34414143912734	1.069807107092	0.945784725301796	1.069807107092	1.21014916766189	1.3965938263299	1.07178325994182	1.3965938263299
1	1.41136066122726	1.51943657808023	1.41136066122725	1.32699126345798	1.79071396430857	1.73183828595205	1.79071396430856	1.69600952503009	1.69857933536329	1.73746072435227	1.69857933536329	1.32699126345798	1.79071396430857	1.73183828595204	1.79071396430856	1.56064219770009	1.27681784041487	1.04043059696252	1.27681784041487	1.21233105302096	1.39779088682569	1.07491423636292	1.39779088682569	1.34542838446875	1.07330783493966	0.949430371979523	1.07330783493966	1.21233105302097	1.39779088682569	1.07491423636292	1.39779088682569
1	1.41127265921968	1.52096739269147	1.41127265921967	1.32640353055431	1.78856193623873	1.73224983830804	1.78856193623873	1.69407826946914	1.69928864734484	1.73893439264072	1.69928864734484	1.32640353055431	1.78856193623873	1.73224983830804	1.78856193623873	1.56147773529638	1.2795586634686	1.04429414287917	1.2795586634686	1.21433867080783	1.39880511697743	1.07781605525569	1.39880511697743	1.34650345419105	1.07656930355805	0.952841474928287	1.07656930355805	1.21433867080783	1.39880511697743	1.07781605525569	1.39880511697743
1	1.41119011438414	1.52233718155216	1.41119011438414	1.32589633791893	1.78655042889798	1.73268852623581	1.78655042889798	1.69226375023532	1.70002755978096	1.74040074547353	1.70002755978095	1.32589633791893	1.78655042889798	1.73268852623581	1.78655042889797	1.56216181562191	1.28205246102088	1.04778604690443	1.28205246102089	1.21618858398784	1.39966915089016	1.08050763594281	1.39966915089016	1.34740447697587	1.07960913252974	0.956032995917696	1.07960913252974	1.21618858398785	1.39966915089016	1.08050763594282	1.39966915089016
1	1.4111121133717	1.52355791888288	1.4111121133717	1.32545719757205	1.78467403596461	1.73314376402065	1.78467403596461	1.69056204399704	1.70078153194446	1.74184569731853	1.70078153194445	1.32545719757205	1.78467403596461	1.73314376402065	1.78467403596461	1.56272189322207	1.28432444603075	1.05094137269659	1.28432444603075	1.21789523950667	1.40040925795396	1.08300594039344	1.40040925795397	1.34816220028343	1.08244326913339	0.95901883016154	1.08244326913339	1.21789523950668	1.40040925795397	1.08300594039344	1.40040925795396
1	1.41103781835309	1.52464166402343	1.41103781835309	1.3250755106987	1.78292616005994	1.73360694796397	1.78292616005994	1.6889683331215	1.70153886123105	1.7432582890019	1.70153886123105	1.3250755106987	1.78292616005994	1.73360694796397	1.78292616005994	1.56318044597749	1.28639688712109	1.05379233010241	1.28639688712109	1.21947134487189	1.40104665009713	1.08532625064365	1.40104665009713	1.34880165415881	1.08508623847515	0.961811928692561	1.08508623847515	1.2194713448719	1.40104665009713	1.08532625064366	1.40104665009713
1	1.41096652190151	1.5256002987941	1.41096652190151	1.32474234294812	1.78129959678179	1.73407119846391	1.78129959678179	1.68747730895188	1.7022902783242	1.7446302031473	1.7022902783242	1.32474234294811	1.78129959678179	1.73407119846391	1.78129959678178	1.56355587722032	1.28828950352648	1.05636838916998	1.28828950352648	1.22092816022283	1.40159851156502	1.0874823935431	1.40159851156503	1.3493432491679	1.08755134006938	0.964424395036799	1.08755134006939	1.22092816022284	1.40159851156503	1.0874823935431	1.40159851156503
1	1.41089766320102	1.52644532578623	1.41089766320102	1.32445019991065	1.7797869259149	1.73453110690112	1.7797869259149	1.6860834463851	1.7030285702502	1.7459553268067	1.7030285702502	1.32445019991065	1.7797869259149	1.73453110690112	1.77978692591489	1.56386325432452	1.29001979876151	1.05869641980685	1.29001979876151	1.22227572731203	1.40207881118348	1.08948692492298	1.40207881118348	1.34980365968405	1.08985080400563	0.966867562975668	1.08985080400564	1.22227572731203	1.40207881118348	1.08948692492298	1.40207881118348
1	1.41083082259889	1.52718772085931	1.41083082259889	1.32419281639233	1.77838076817049	1.734982500656	1.77838076817048	1.68478118816273	1.70374824129868	1.74722936624376	1.70374824129867	1.32419281639233	1.77838076817048	1.734982500656	1.77838076817048	1.56411491341256	1.29160334407893	1.06080084769296	1.29160334407893	1.22352305096987	1.40249894421368	1.09135128214716	1.40249894421368	1.35019653439834	1.09199591653979	0.969152060373781	1.09199591653979	1.22352305096987	1.40249894421368	1.09135128214717	1.40249894421368
1	1.41076570519864	1.5278378320023	1.41076570519864	1.32396496619869	1.77707394880325	1.73542223262939	1.77707394880325	1.68356506621769	1.70444521524739	1.74844951369108	1.70444521524739	1.32396496619868	1.77707394880325	1.73542223262939	1.77707394880325	1.56432095444726	1.29305402049265	1.06270381908062	1.29305402049266	1.22467824456227	1.40286824055085	1.09308591185025	1.40286824055086	1.35053306811496	1.0939971224246	0.971287862664839	1.0939971224246	1.22467824456227	1.40286824055086	1.09308591185025	1.40286824055086
1	1.41070212002842	1.52840531660035	1.41070212002842	1.32376229483458	1.77585959718166	1.73584799732256	1.77585959718166	1.68242977929673	1.705116578354	1.74961416293903	1.705116578354	1.32376229483458	1.77585959718166	1.73584799732256	1.77585959718166	1.56448964657879	1.29438422635977	1.06442536875882	1.29438422635978	1.22574864791222	1.40319436798123	1.09470037798275	1.40319436798123	1.35082246229674	1.09586410945163	0.973284338615669	1.09586410945164	1.22574864791222	1.40319436798123	1.09470037798275	1.40319436798123
1	1.41063995859753	1.52889910959709	1.41063995859752	1.32358117506059	1.77473120273172	1.73625817302886	1.77473120273172	1.68137024044472	1.70576036046667	1.75072266919164	1.70576036046667	1.32358117506059	1.77473120273172	1.73625817302886	1.77473120273172	1.56462776001469	1.29560505613358	1.06598358684794	1.29560505613358	1.22674092401491	1.40348365289494	1.09620345408523	1.40348365289494	1.35107229641659	1.09760587929325	0.97515029025837	1.09760587929325	1.22674092401492	1.40348365289494	1.09620345408523	1.40348365289494
1	1.41057917493869	1.5293274158347	1.41057917493868	1.32341858383674	1.77368264149743	1.73665168830568	1.77368264149742	1.68038160380078	1.70637535051207	1.75177514805271	1.70637535051207	1.32341858383674	1.77368264149742	1.73665168830568	1.77368264149742	1.5647408377321	1.29672645486026	1.06739478120897	1.29672645486027	1.22766113923707	1.40374133596085	1.09760320277553	1.40374133596086	1.35128882779437	1.09923080771124	0.976893988372032	1.09923080771125	1.22766113923707	1.40374133596086	1.09760320277553	1.40374133596086
1	1.41051976813872	1.52969772073653	1.41051976813871	1.32327199854856	1.77270818324497	1.73702791024205	1.77270818324497	1.67945927736819	1.70696094228803	1.75277230851725	1.70696094228803	1.32327199854856	1.77270818324497	1.73702791024205	1.77270818324497	1.56483341793684	1.29775735214401	1.06867363318517	1.29775735214402	1.22851483055662	1.40397177644222	1.09890704477516	1.40397177644222	1.35147723404949	1.10074669643247	0.978523204506415	1.10074669643247	1.22851483055662	1.40397177644222	1.09890704477516	1.40397177644222
1	1.41046176770046	1.53001681441647	1.41046176770045	1.32313931017636	1.77180248597831	1.73738655181984	1.77180248597831	1.67859892639211	1.70751700651335	1.75371531512551	1.70751700651335	1.32313931017636	1.77180248597831	1.73738655181984	1.7718024859783	1.56490921619761	1.29870577863964	1.06983334513524	1.29870577863964	1.2293070625401	1.40417861586992	1.10012181928907	1.40417861586992	1.35164180945238	1.10216081842518	0.980045240264188	1.10216081842518	1.22930706254011	1.40417861586992	1.10012181928907	1.40417861586992
1	1.41040521225274	1.53029081444471	1.41040521225273	1.32301875535473	1.7709605793881	1.73772758673966	1.7709605793881	1.67779648293154	1.70804378802485	1.75460567184629	1.70804378802484	1.32301875535473	1.7709605793881	1.73772758673966	1.7709605793881	1.56497127456473	1.29957896387966	1.07088578404498	1.29957896387967	1.23004246864164	1.40436491140078	1.10125383515748	1.40436491140078	1.35178612797925	1.10347996186523	0.981466955971143	1.10347996186523	1.23004246864164	1.40436491140078	1.10125383515748	1.40436491140078
1	1.41035018049015	1.53052525386052	1.41035018049015	1.3229088363262	1.77017786092923	1.73805122516529	1.77017786092923	1.67704808459018	1.70854180833491	1.75544514318736	1.70854180833491	1.3229088363262	1.77017786092923	1.73805122516529	1.77017786092923	1.5650220836584	1.30038344053593	1.0718415880501	1.30038344053594	1.23072532445802	1.40453323365145	1.10230892584526	1.40453323365145	1.35191315735722	1.10471044965251	0.982794788961623	1.10471044965251	1.23072532445802	1.40453323365145	1.10230892584526	1.40453323365145
1	1.41029671125999	1.53072503174936	1.41029671125998	1.32280831158952	1.7694500486478	1.73835779403612	1.7694500486478	1.67635016652239	1.70901181376713	1.75623565382397	1.70901181376713	1.32280831158951	1.7694500486478	1.73835779403612	1.76945004864779	1.56506368262593	1.3011250947465	1.07271032556755	1.3011250947465	1.23135952862936	1.40468576656101	1.1032924777232	1.40468576656101	1.35202539087351	1.10585819976715	0.984034790021366	1.10585819976715	1.23135952862936	1.40468576656101	1.1032924777232	1.40468576656101
1	1.41024488079415	1.5308945663978	1.41024488079414	1.32271610820743	1.76877319126473	1.73864777509526	1.76877319126473	1.67569933546748	1.70945469860362	1.75697925903442	1.70945469860362	1.32271610820743	1.76877319126473	1.73864777509526	1.76877319126472	1.56509774097995	1.30180926557958	1.07350055840503	1.30180926557959	1.23194869682481	1.40482435971552	1.10420948243416	1.40482435971552	1.35212490553472	1.10692872327386	0.9851926312689	1.10692872327386	1.23194869682481	1.40482435971552	1.10420948243417	1.40482435971552
1	1.41019472109902	1.53103773704734	1.41019472109902	1.3226313324613	1.76814361557373	1.73892169667943	1.76814361557373	1.67509246558783	1.70987147623551	1.75767806599041	1.70987147623551	1.3226313324613	1.76814361557373	1.73892169667943	1.76814361557373	1.56512562560179	1.30244077455482	1.07421998593363	1.30244077455483	1.2324961323654	1.40495060121871	1.10506455620899	1.40495060121871	1.35221345651875	1.10792718071327	0.986273640552655	1.10792718071327	1.2324961323654	1.40495060121871	1.10506455620899	1.40495060121871
1	1.41014628130217	1.5311580141395	1.41014628130216	1.32255320560641	1.76755793184638	1.73918017035101	1.76755793184637	1.67452659884482	1.71026322938698	1.75833422057164	1.71026322938698	1.32255320560641	1.76755793184637	1.739180170351	1.76755793184637	1.56514845559923	1.30302400213037	1.07487549923037	1.30302400213037	1.23300489684989	1.40506584926246	1.1058619830813	1.40506584926246	1.35229251682731	1.1088583838423	0.987282808651441	1.10885838384231	1.23300489684989	1.40506584926246	1.1058619830813	1.40506584926246
1	1.4100995964795	1.53125845655535	1.4100995964795	1.32248106166969	1.76701300023245	1.73942383961148	1.76701300023245	1.67399897781657	1.7106310856805	1.75894986569434	1.7106310856805	1.32248106166968	1.76701300023245	1.73942383961147	1.76701300023244	1.56516714722024	1.30356292856377	1.07547328022795	1.30356292856378	1.23347781446012	1.40517127553636	1.10660573248159	1.40517127553637	1.35236333024492	1.10972682495001	0.988224819976271	1.10972682495001	1.23347781446012	1.40517127553637	1.10660573248159	1.40517127553636
1	1.41005468842746	1.53134175584389	1.41005468842746	1.32241432677957	1.76650591280555	1.73965336513788	1.76650591280555	1.67350703023812	1.71097619419803	1.75952711886636	1.71097619419803	1.32241432677957	1.76650591280555	1.73965336513788	1.76650591280554	1.56518245062519	1.30406116985317	1.07601887599306	1.30406116985317	1.2339174893053	1.4052678959056	1.10729948864315	1.4052678959056	1.35242695182722	1.11053670180516	0.989104063572241	1.11053670180516	1.2339174893053	1.4052678959056	1.10729948864315	1.4052678959056
1	1.41001156813066	1.53141027800933	1.41001156813065	1.32235250195177	1.76603397711788	1.73986941552182	1.76603397711788	1.67304835383646	1.71129970725645	1.76006805458565	1.71129970725645	1.32235250195177	1.76603397711788	1.73986941552182	1.76603397711788	1.56519497999345	1.3045220169516	1.07651726371888	1.30452201695161	1.23432632667689	1.4053565946225	1.10794667220281	1.4053565946225	1.35248427852439	1.11129193498841	0.989924651731721	1.11129193498841	1.2343263266769	1.4053565946225	1.10794667220281	1.4053565946225
1	1.40997023639173	1.53146609825218	1.40997023639173	1.32229515072306	1.76559469971289	1.74007265775353	1.76559469971289	1.67262070556863	1.71160276623666	1.76057469100091	1.71160276623665	1.32229515072306	1.76559469971289	1.74007265775353	1.76559469971288	1.56520523817257	1.30494846857053	1.07697291084379	1.30494846857053	1.23470654969255	1.40543814477906	1.10855046052955	1.40543814477906	1.35253607520156	1.11199618581779	0.990690436342543	1.11199618581779	1.23470654969255	1.40543814477906	1.10855046052955	1.40543814477906
1	1.40993068453536	1.53151103265298	1.40993068453536	1.32224188914201	1.76518577077227	1.74026374980229	1.76518577077227	1.67222199161147	1.71188649077916	1.76104898013225	1.71188649077916	1.32224188914201	1.76518577077227	1.74026374980229	1.76518577077226	1.56521363685928	1.30534326014981	1.07738982909659	1.30534326014982	1.23506021417954	1.40551322522486	1.10911380632936	1.40551322522486	1.35258299618333	1.11265287321486	0.991405024321474	1.11265287321486	1.23506021417955	1.40551322522486	1.10911380632936	1.40551322522486
1	1.40989289519849	1.53154666704786	1.40989289519849	1.32219237757597	1.76480504991681	1.74044333502425	1.76480504991681	1.67185025792036	1.71215197072104	1.76149280094611	1.71215197072104	1.32219237757597	1.76480504991681	1.74044333502425	1.7648050499168	1.56522051312239	1.30570888953836	1.07777162294799	1.30570888953836	1.23538922211057	1.40558243458885	1.10963945468738	1.40558243458885	1.35262560311421	1.11326518952526	0.992071792193636	1.11326518952526	1.23538922211057	1.40558243458885	1.10963945468738	1.40558243458885
1	1.40985684325973	1.53157438332104	1.40985684325973	1.32214631394395	1.76445055314633	1.7406120381273	1.76445055314632	1.67150368122127	1.71240026021982	1.76190795478018	1.71240026021982	1.32214631394395	1.76445055314633	1.7406120381273	1.76445055314632	1.56522614293046	1.30604763994065	1.07812153292471	1.30604763994066	1.23569533388324	1.40564630291015	1.11012995863183	1.40564630291015	1.3526643797222	1.11383611526688	0.99269389995155	1.11383611526688	1.23569533388325	1.40564630291015	1.11012995863183	1.40564630291015
1	1.40982249679788	1.53159538314068	1.40982249679787	1.32210342814835	1.76412044081625	1.74077046231154	1.76412044081625	1.6711805605236	1.7126323736352	1.76229616263114	1.7126323736352	1.32210342814835	1.76412044081625	1.74077046231154	1.76412044081625	1.56523075222746	1.30636160038174	1.07844247432489	1.30636160038174	1.23598017950096	1.40570530133081	1.11058769340478	1.40570530133082	1.35269974407366	1.11436843293822	0.99327430416433	1.11436843293822	1.23598017950097	1.40570530133082	1.11058769340478	1.40570530133081
1	1.40978981803797	1.53161070929952	1.40978981803797	1.32206347748871	1.76381300660618	1.7409191873062	1.76381300660618	1.67087930917489	1.7128492827749	1.76265906381429	1.71284928277489	1.3220634774887	1.76381300660618	1.7409191873062	1.76381300660617	1.56523452600068	1.30665268397267	1.07873707177954	1.30665268397267	1.23624526876458	1.40575985020097	1.11101486957257	1.40575985020098	1.35273205876598	1.11486473996493	0.993815770407572	1.11486473996493	1.23624526876458	1.40575985020098	1.11101486957257	1.40575985020098
1	1.40975876431068	1.53162126486908	1.40975876431068	1.3220262428372	1.76352666734832	1.74105876824048	1.76352666734832	1.67059844728486	1.71305191532109	1.76299821599951	1.71305191532108	1.3220262428372	1.76352666734832	1.74105876824048	1.76352666734832	1.56523761570486	1.30692264433099	1.07900769007076	1.30692264433099	1.23649200064975	1.405810325869	1.11141354503617	1.40581032586901	1.35276163938562	1.11532746076152	0.994320884996237	1.11532746076152	1.23649200064976	1.40581032586901	1.11141354503617	1.40581032586901
1	1.40972928887453	1.53162783017653	1.40972928887453	1.32199152548463	1.76325995357963	1.74118973509225	1.76325995357963	1.67033659463979	1.71324115424655	1.76331509633187	1.71324115424655	1.32199152548463	1.76325995357963	1.74118973509225	1.76325995357962	1.5652401453407	1.30717309020675	1.07925646165025	1.30717309020675	1.23672167182572	1.40585706642697	1.1117856361012	1.40585706642697	1.35278876162081	1.11575885805657	0.994792065970171	1.11575885805657	1.23672167182572	1.40585706642697	1.1117856361012	1.40585706642697
1	1.40970134180787	1.53163107810776	1.40970134180787	1.32195914450979	1.76301150109379	1.74131259245153	1.76301150109378	1.67009246413673	1.71341783760188	1.76361110261626	1.71341783760188	1.32195914450979	1.76301150109379	1.74131259245152	1.76301150109378	1.56524221643136	1.30740549871263	1.07948531109604	1.30740549871263	1.23693548453679	1.40590037652338	1.11213292766483	1.40590037652338	1.35281366712362	1.11616104348725	0.99523157367314	1.11616104348726	1.23693548453679	1.40590037652338	1.11213292766483	1.40590037652338
1	1.40967487071718	1.53163158752751	1.40967487071718	1.32192893460127	1.76278004301281	1.741427819667	1.7627800430128	1.66986485562515	1.71358275903061	1.76388755542604	1.71358275903061	1.32192893460127	1.7627800430128	1.741427819667	1.7627800430128	1.56524391209697	1.30762122710575	1.07969597694912	1.30762122710576	1.23713455375798	1.40594053148132	1.11245708263531	1.40594053148132	1.35283656849054	1.11653598755365	0.995641520598082	1.11653598755365	1.23713455375798	1.40594053148132	1.11245708263531	1.40594053148132
1	1.40964982145594	1.53162985526359	1.40964982145594	1.32190074419322	1.76256440253649	1.74153587131626	1.76256440253649	1.66965265005017	1.71373666866208	1.76414570060673	1.71373666866208	1.32190074419321	1.76256440253649	1.74153587131626	1.76256440253649	1.56524530039056	1.30782152350554	1.07989003113581	1.30782152350554	1.23731991384887	1.40597778078309	1.11275965057606	1.40597778078309	1.35285765338247	1.11688552887345	0.996023880709876	1.11688552887345	1.23731991384887	1.40597778078309	1.11275965057606	1.40597778078309
1	1.40962613870083	1.53162630660555	1.40962613870083	1.32187443392797	1.76236348624334	1.7416371777936	1.76236348624334	1.66945480406272	1.71388027431081	1.76438671200765	1.7138802743108	1.32187443392796	1.76236348624334	1.7416371777936	1.76236348624333	1.56524643702921	1.30800753644882	1.08006889628568	1.30800753644882	1.23749252460032	1.40601235106946	1.11304207573477	1.40601235106947	1.35287708804193	1.11721138289997	0.996380498198341	1.11721138289997	1.23749252460032	1.40601235106947	1.11304207573477	1.40601235106947
1	1.40960376651371	1.53162130463128	1.4096037665137	1.32184987532563	1.76217627794702	1.74173214608524	1.76217627794701	1.66927034490904	1.71401424288138	1.76461169441812	1.71401424288138	1.32184987532563	1.76217627794701	1.74173214608524	1.76217627794701	1.56524736763024	1.30818032360111	1.08023386114643	1.30818032360111	1.23765327685317	1.40604444869936	1.11330570442438	1.40604444869936	1.35289502021004	1.11751515003605	0.996713095742356	1.11751515003606	1.23765327685317	1.40604444869936	1.11330570442438	1.40604444869936
