1	1.00553634462534	1.01017830185123	1.00553634462534	1.00553634462939	1.01017830185418	1.01471035006778	1.01017830185416	1.01017830185705	1.01471035007013	1.01892685561561	1.01471035007013	1.00553634462939	1.01017830185416	1.01471035006778	1.01017830185418	0.357581386896859	0.298510431713004	0.283907076502052	0.298510431713005	0.298510431741025	0.283907076502363	0.277818486821918	0.283907076502048	0.283907076501343	0.277818486816553	0.272110222072819	0.277818486816554	0.298510431741026	0.283907076502048	0.277818486821918	0.283907076502364
1	1.01824024940595	1.03064312329838	1.01824024940595	1.01824024941419	1.03064312330406	1.04603388753644	1.03064312330402	1.03064312330962	1.04603388754219	1.05609693312228	1.04603388754219	1.01824024941419	1.03064312330402	1.04603388753644	1.03064312330406	0.489128227585749	0.424776132408127	0.384934767815499	0.424776132408128	0.424776132421244	0.384934767816149	0.388821744214636	0.38493476781598	0.38493476781636	0.388821744217731	0.369436476428588	0.388821744217732	0.424776132421245	0.38493476781598	0.388821744214637	0.38493476781615
1	1.0251175405615	1.04429766546515	1.0251175405615	1.0251175407893	1.04429766564023	1.06223616014327	1.04429766564049	1.04429766581897	1.0622361603706	1.07329496442858	1.0622361603706	1.0251175407893	1.04429766564049	1.06223616014327	1.04429766564023	0.53752160579993	0.471820534772946	0.451116701543589	0.471820534772947	0.471820534846449	0.451116701391327	0.431279863632145	0.451116701393274	0.451116701266134	0.43127986386361	0.404212850698271	0.43127986386361	0.471820534846449	0.451116701393274	0.431279863632145	0.451116701391328
1	1.02774668673945	1.05135529820748	1.02774668673945	1.0277466868068	1.05135529821736	1.06838837361049	1.05135529821769	1.05135529823573	1.06838837370742	1.0793305052363	1.06838837370742	1.0277466868068	1.05135529821769	1.06838837361049	1.05135529821736	0.555324534689496	0.487714769100159	0.475306608264492	0.48771476910016	0.487714769134005	0.475306608014798	0.446046347986395	0.475306608016227	0.47530660781228	0.446046348121661	0.416236444559996	0.446046348121661	0.487714769134006	0.475306608016227	0.446046347986395	0.475306608014799
1	1.02865453223988	1.05418067930559	1.02865453223988	1.02865453225753	1.0541806792436	1.07055899988916	1.0541806792438	1.0541806791948	1.07055899992443	1.08139286032044	1.07055899992443	1.02865453225753	1.0541806792438	1.07055899988916	1.0541806792436	0.561873866227137	0.493070205218442	0.483885443095912	0.493070205218443	0.493070205240652	0.483885442702481	0.45122153467256	0.483885442703125	0.483885442376844	0.451221534720324	0.420466611691277	0.451221534720324	0.493070205240652	0.483885442703125	0.451221534672561	0.483885442702482
1	1.02895984237802	1.05521928370531	1.02895984237802	1.02895984238699	1.05521928357865	1.07132159949056	1.05521928357874	1.05521928347299	1.07132159949702	1.08211286711263	1.07132159949702	1.02895984238699	1.05521928357874	1.07132159949056	1.05521928357865	0.564283230650001	0.49487659105866	0.486882816302302	0.494876591058661	0.494876591098759	0.486882815598856	0.453044777518974	0.486882815599078	0.486882815005429	0.453044777502606	0.42196678643434	0.453044777502606	0.49487659109876	0.486882815599078	0.453044777518975	0.486882815598857
1	1.02883829941792	1.05625711518478	1.02883829941792	1.02883829941536	1.05625711573445	1.07095925504144	1.05625711573443	1.05625711630023	1.07095925517807	1.0901572290729	1.07095925517807	1.02883829941536	1.05625711573443	1.07095925504144	1.05625711573445	0.565169586491241	0.492626203666561	0.49258401854066	0.492626203666562	0.492626203194737	0.492584022400449	0.450719806781746	0.492584022400134	0.492584026315696	0.450719807331802	0.452609191396696	0.450719807331803	0.492626203194738	0.492584022400134	0.450719806781746	0.49258402240045
1	1.0286437563324	1.05656468894765	1.0286437563324	1.02864375631799	1.05656468944646	1.07045252412571	1.05656468944643	1.05656468995293	1.07045252424438	1.09875109190338	1.07045252424438	1.02864375631799	1.05656468944643	1.07045252412571	1.05656468944646	0.565495658583382	0.492248012679763	0.493170003894403	0.492248012679764	0.49224801248828	0.493170005466587	0.450276384607419	0.493170005466518	0.493170007059125	0.450276384890745	0.472592913625114	0.450276384890745	0.492248012488281	0.493170005466518	0.45027638460742	0.493170005466588
1	1.02854494680372	1.05442441349758	1.02854494680372	1.02854494681374	1.05442441378292	1.07023807906036	1.0544244137829	1.05442441407127	1.07023807913844	1.11111324641233	1.07023807913844	1.02854494681374	1.0544244137829	1.07023807906036	1.05442441378292	0.56561561380426	0.492044102854079	0.478749649431005	0.49204410285408	0.492044102800551	0.478749650333986	0.450226420543668	0.478749650333933	0.478749651244718	0.450226420687762	0.507289078979531	0.450226420687762	0.492044102800552	0.478749650333933	0.450226420543668	0.478749650333987
1	1.0282775498526	1.04927912661499	1.0282775498526	1.02827754986784	1.04927912674137	1.06959505079997	1.04927912674137	1.04927912686878	1.06959505084516	1.12240904432886	1.06959505084516	1.02827754986784	1.04927912674137	1.06959505079997	1.04927912674137	0.565659742864044	0.48750061405617	0.447887327874662	0.487500614056171	0.487500614058054	0.447887328153558	0.446078130495833	0.447887328153543	0.447887328434762	0.446078130567415	0.528540750419312	0.446078130567416	0.487500614058055	0.447887328153543	0.446078130495834	0.447887328153559
1	1.02795584183039	1.04585473785291	1.02795584183039	1.02795584183858	1.04585473789683	1.06882807177098	1.04585473789682	1.04585473794106	1.06882807179196	1.12837511913108	1.06882807179196	1.02795584183858	1.04585473789682	1.06882807177098	1.04585473789683	0.565675977037859	0.48410344708818	0.436303409377661	0.484103447088181	0.484103447096981	0.436303409466233	0.443031138015334	0.436303409466228	0.436303409555507	0.443031138048075	0.536166911936256	0.443031138048076	0.484103447096982	0.436303409466228	0.443031138015334	0.436303409466234
1	1.02773329194246	1.0444435361255	1.02773329194246	1.02773329194624	1.04444353614012	1.06831018902275	1.04444353614012	1.04444353615484	1.06831018903191	1.13073586392349	1.06831018903191	1.02773329194624	1.04444353614012	1.06831018902275	1.04444353614012	0.565681949256658	0.482350347045309	0.432207757855516	0.48235034704531	0.482350347051313	0.432207757883942	0.441472041995917	0.432207757883943	0.432207757912589	0.441472042010443	0.538829096702587	0.441472042010443	0.482350347051314	0.432207757883943	0.441472041995917	0.432207757883944
1	1.02761451797148	1.04392330048553	1.02761451797148	1.02761451797312	1.04392330049038	1.06803709873271	1.04392330049038	1.04392330049525	1.0680370987366	1.13159978628505	1.0680370987366	1.02761451797312	1.04392330049038	1.06803709873271	1.04392330049038	0.565684146313173	0.481536755565777	0.430752077700462	0.481536755565777	0.481536755568927	0.430752077709639	0.440747151664803	0.43075207770964	0.430752077718884	0.440747151671096	0.539758993718517	0.440747151671096	0.481536755568928	0.43075207770964	0.440747151664803	0.430752077709641
1	1.02755803203772	1.04373673585064	1.02755803203772	1.02755803203841	1.04373673585225	1.06790741293602	1.04373673585225	1.04373673585387	1.06790741293765	1.13191022282879	1.06790741293765	1.02755803203841	1.04373673585225	1.06790741293602	1.04373673585225	0.565684954565086	0.481177582598157	0.430230218456961	0.481177582598158	0.481177582599639	0.430230218459936	0.440424687632924	0.430230218459938	0.430230218462934	0.440424687635604	0.540086410520822	0.440424687635604	0.481177582599641	0.430230218459938	0.440424687632924	0.430230218459938
1	1.02753272705736	1.04367003450658	1.02753272705736	1.02753272705764	1.04367003450712	1.06784900520412	1.04367003450712	1.04367003450767	1.0678490052048	1.13202195391184	1.0678490052048	1.02753272705764	1.04367003450712	1.06784900520412	1.04367003450712	0.565685251904379	0.481023615482596	0.430041419157961	0.481023615482597	0.481023615483254	0.430041419158928	0.440284984651042	0.430041419158929	0.430041419159905	0.440284984652171	0.540202934521737	0.440284984652171	0.481023615483255	0.430041419158929	0.440284984651043	0.43004141915893
1	1.02752178126107	1.04364606559906	1.02752178126107	1.02752178126119	1.04364606559924	1.06782350579436	1.04364606559924	1.04364606559942	1.06782350579464	1.13206250790881	1.06782350579464	1.02752178126119	1.04364606559924	1.06782350579436	1.04364606559924	0.565685361289321	0.480958880526823	0.429972482715526	0.480958880526823	0.480958880527104	0.429972482715843	0.440225539665056	0.429972482715844	0.42997248271616	0.440225539665525	0.540244889461141	0.440225539665525	0.480958880527105	0.429972482715844	0.440225539665056	0.429972482715845
