1	1.05190431332124	1.11958056713541	1.05190431332124	1.0478557480832	1.08935233727551	1.11955519259014	1.0893523372698	1.07355150413755	1.11418516710648	1.15097421488173	1.11418516710648	1.0478557480832	1.0893523372698	1.11955519259014	1.08935233727551	0.636978221176286	0.53151641205975	0.583028731676084	0.531516412059752	0.533700194279978	0.498876981539192	0.470603651125069	0.498876981527467	0.45759072899866	0.465143022348359	0.449938901600506	0.46514302234836	0.533700194279979	0.498876981527467	0.470603651125069	0.498876981539193
1	1.07260191107645	1.1710371706788	1.07260191107645	1.05409740530439	1.10855349714239	1.15193537243478	1.10855349713838	1.07822857176618	1.13228954187283	1.17232370901344	1.13228954187283	1.05409740530439	1.10855349713838	1.15193537243478	1.10855349714239	0.691128171635103	0.565907182621607	0.629656909726348	0.565907182621609	0.566203773867062	0.520271672692291	0.497698604754201	0.520271672687597	0.472469533633297	0.48089045663926	0.460713829932822	0.480890456639261	0.566203773867064	0.520271672687597	0.497698604754202	0.520271672692293
1	1.08914779228602	1.21171586555225	1.08914779228602	1.05346733167402	1.11830721864791	1.17432079141332	1.11830721864552	1.07421278887585	1.13635684454112	1.18413747634507	1.13635684454112	1.05346733167402	1.11830721864552	1.17432079141332	1.11830721864791	0.723971776822503	0.587359058670752	0.657027284153298	0.587359058670753	0.583738247045328	0.532686643602761	0.517438145453615	0.532686643599742	0.480852911315336	0.485476366585601	0.475746152448287	0.485476366585603	0.58373824704533	0.532686643599741	0.517438145453616	0.532686643602762
1	1.09842168262672	1.23363878132814	1.09842168262672	1.05352049137974	1.12353688742532	1.1878869928445	1.12353688742383	1.07240435652469	1.13722685580085	1.19409418798023	1.13722685580085	1.05352049137974	1.12353688742383	1.1878869928445	1.12353688742531	0.743892430365958	0.600412071312607	0.67309719436478	0.600412071312609	0.593234376596223	0.540520161690375	0.530451783406756	0.540520161688411	0.485537756332307	0.487169416355686	0.48997432871833	0.487169416355687	0.593234376596225	0.54052016168841	0.530451783406757	0.540520161690376
1	1.10292729919316	1.24378282534153	1.10292729919316	1.05442407170438	1.12656243923646	1.1956848827336	1.12656243923552	1.07255346552872	1.13764520743403	1.20274711047002	1.13764520743403	1.05442407170438	1.12656243923552	1.1956848827336	1.12656243923646	0.755974917501087	0.608115665383313	0.682307051764389	0.608115665383315	0.598604669591848	0.545660393457236	0.538568634223513	0.545660393455923	0.488326022508103	0.488316366519117	0.501091548925783	0.488316366519118	0.59860466959185	0.545660393455923	0.538568634223513	0.545660393457238
1	1.10494944693163	1.24808986019833	1.10494944693163	1.05550890507862	1.12844774631181	1.20007145326018	1.1284477463112	1.07341748141521	1.13810125864724	1.20981226877918	1.13810125864724	1.05550890507862	1.1284477463112	1.20007145326018	1.12844774631181	0.76330331640445	0.61255746779691	0.687463789529242	0.612557467796912	0.601765769119878	0.549167888077275	0.543469668408443	0.549167888076411	0.490144310520865	0.489328339645263	0.509481526938218	0.489328339645265	0.60176576911988	0.54916788807641	0.543469668408444	0.549167888077277
1	1.10569995034106	1.24954641910509	1.10569995034106	1.05652441908163	1.12970746219049	1.2024254118396	1.12970746219008	1.07446238479812	1.13866143050208	1.21537954946304	1.13866143050209	1.05652441908163	1.12970746219008	1.2024254118396	1.12970746219048	0.767748215030901	0.615058478616594	0.690307256895839	0.615058478616595	0.603711882316479	0.551664338726036	0.546328128458031	0.551664338725469	0.491427430927342	0.490286695390876	0.515813524714426	0.490286695390878	0.603711882316481	0.551664338725468	0.546328128458031	0.551664338726038
1	1.10579940451947	1.24961524774261	1.10579940451947	1.05741607049527	1.13060325580261	1.20356087038952	1.13060325580235	1.07549808525316	1.13929588242791	1.21971103227231	1.13929588242791	1.05741607049527	1.13060325580235	1.20356087038952	1.13060325580261	0.770444182330226	0.616422457289589	0.69185828443257	0.61642245728959	0.604973935266946	0.553515167677881	0.547913000037127	0.553515167677513	0.492389651600304	0.491198973175716	0.520637320386361	0.491198973175717	0.604973935266948	0.553515167677512	0.547913000037128	0.553515167677883
1	1.10557106311591	1.24902714177245	1.10557106311591	1.05819144117238	1.13127466340477	1.20396996335677	1.1312746634046	1.07646535244773	1.13996299639116	1.22308157869305	1.13996299639116	1.05819144117238	1.1312746634046	1.20396996335677	1.13127466340477	0.772079369157348	0.617128394395211	0.69269675084838	0.617128394395212	0.605840935394332	0.554939362601054	0.548715340982895	0.554939362600814	0.493145307214613	0.492058608351831	0.524361222283824	0.492058608351832	0.605840935394334	0.554939362600813	0.548715340982895	0.554939362601056
1	1.10518574178464	1.24815088453662	1.10518574178464	1.05887160283398	1.1317998305603	1.20395324255841	1.13179983056019	1.07735201382909	1.14063084035826	1.22572380074041	1.14063084035826	1.05887160283398	1.13179983056019	1.20395324255841	1.1317998305603	0.773071160104453	0.61745811505255	0.693146235014818	0.617458115052552	0.606472916984543	0.556071631017164	0.549044005991518	0.556071631017006	0.493760252281144	0.492860320082159	0.52728083196153	0.49286032008216	0.606472916984545	0.556071631017006	0.549044005991519	0.556071631017166
1	1.10473401892237	1.24717156804382	1.10473401892236	1.05947641712946	1.1322247465602	1.20369428497777	1.13222474656013	1.07816176900854	1.14127944250859	1.22781917088959	1.14127944250859	1.05947641712946	1.13222474656013	1.20369428497777	1.1322247465602	0.773672711723636	0.61757590454476	0.693385395607472	0.617575904544762	0.606960044567788	0.556997222276841	0.549091180345082	0.556997222276739	0.49427488700325	0.493602778532297	0.529608412532385	0.493602778532298	0.60696004456779	0.556997222276739	0.549091180345082	0.556997222276843
1	1.10426345265077	1.24617997213066	1.10426345265077	1.06002140382242	1.13257782389324	1.20330453350969	1.1325778238932	1.07890279499445	1.14189809720243	1.22950422791232	1.14189809720243	1.06002140382241	1.1325778238932	1.20330453350969	1.13257782389324	0.774037571226493	0.617576773709357	0.693512131892655	0.617576773709359	0.607354099865017	0.557771702884355	0.548975380442169	0.55777170288429	0.494715264486988	0.494287864995334	0.531496124263477	0.494287864995335	0.607354099865019	0.55777170288429	0.54897538044217	0.557771702884357
1	1.10379830884539	1.24521840177976	1.10379830884539	1.06051804047056	1.13287744750019	1.20285088540584	1.13287744750015	1.07958374422816	1.14248222771983	1.2308800119059	1.14248222771983	1.06051804047056	1.13287744750015	1.20285088540584	1.13287744750018	0.774258869702759	0.617515219877844	0.693579721276201	0.617515219877846	0.607685501582158	0.558432402042167	0.54876903186242	0.558432402042125	0.495098882812339	0.494919399200558	0.53305328783131	0.494919399200559	0.60768550158216	0.558432402042125	0.54876903186242	0.558432402042169
1	1.10335021903267	1.24430443938035	1.10335021903267	1.06097477254955	1.1331360369027	1.2023728051756	1.13313603690268	1.08021248890111	1.14303096220714	1.23202081400665	1.14303096220714	1.06097477254955	1.13313603690268	1.2023728051756	1.1331360369027	0.774393094014305	0.617422190101111	0.693616930939599	0.617422190101112	0.607972619972031	0.559005168889075	0.54851591592149	0.559005168889048	0.495437914976586	0.495502113808399	0.534358863624479	0.4955021138084	0.607972619972032	0.559005168889047	0.54851591592149	0.559005168889077
1	1.10292400593866	1.24344328863483	1.10292400593866	1.06139793466037	1.13336231630223	1.20189295077092	1.13336231630221	1.08079585424514	1.14354550591091	1.23298124320784	1.14354550591091	1.06139793466037	1.13336231630221	1.20189295077092	1.13336231630222	0.774474505175002	0.617315017043319	0.693639135042788	0.61731501704332	0.608226930640334	0.559508440656238	0.548242111023269	0.55950844065622	0.495741105180773	0.496040984990745	0.535470330457096	0.496040984990746	0.608226930640336	0.55950844065622	0.54824211102327	0.55950844065624
1	1.10252088625566	1.24263417375502	1.10252088625566	1.0617924236799	1.13356263022169	1.2014237599967	1.13356263022168	1.08133967883934	1.14402812488871	1.23380159753118	1.14402812488871	1.0617924236799	1.13356263022168	1.2014237599967	1.13356263022169	0.774523883540316	0.617203208528151	0.693654431541162	0.617203208528153	0.608455895383975	0.559955741640092	0.547962815206204	0.559955741640084	0.496014925284148	0.496540847509956	0.53642994300499	0.496540847509957	0.608455895383977	0.559955741640084	0.547962815206205	0.559955741640095
1	1.1021402323078	1.24187363050637	1.1021402323078	1.06216215073827	1.13374173325184	1.20097152015864	1.13374173325183	1.08184895904861	1.14448154206757	1.2345118205431	1.14448154206757	1.06216215073827	1.13374173325183	1.20097152015864	1.13374173325184	0.774553833033018	0.617091806611179	0.693666994467456	0.617091806611181	0.608664589061122	0.560357251127035	0.547686582209122	0.560357251127029	0.496264300326031	0.497006200219341	0.537269120001873	0.497006200219342	0.608664589061124	0.560357251127029	0.547686582209123	0.560357251127037
1	1.10178053588704	1.24115717204429	1.10178053588704	1.06251033448554	1.13390328062997	1.20053887223083	1.13390328062996	1.08232799493285	1.14490859398324	1.23513436597379	1.14490859398324	1.06251033448554	1.13390328062996	1.20053887223083	1.13390328062996	0.774571998318732	0.616983328441297	0.693678903337495	0.616983328441299	0.608856628798657	0.560720809571881	0.547417942087532	0.560720809571877	0.496493074363388	0.497441127375763	0.538011517280515	0.497441127375764	0.608856628798659	0.560720809571877	0.547417942087533	0.560720809571883
1	1.10143992872582	1.24048010752361	1.10143992872582	1.06283969019348	1.13405014337644	1.20012634342448	1.13405014337644	1.08278051458022	1.14531204595848	1.235686252859	1.14531204595848	1.06283969019348	1.13405014337644	1.20012634342448	1.13405014337644	0.774583016121568	0.616878882463676	0.693691136238946	0.616878882463677	0.609034712046604	0.561052579844962	0.547159016484582	0.561052579844959	0.496704316049485	0.497849285328441	0.538675183014456	0.497849285328443	0.609034712046606	0.561052579844959	0.547159016484582	0.561052579844964
1	1.10111645658905	1.23983792228538	1.10111645658905	1.06315255336353	1.13418461745621	1.19973327821418	1.1341846174562	1.08320977445048	1.1456945008272	1.23618053437613	1.1456945008272	1.06315255336353	1.1341846174562	1.19973327821418	1.13418461745621	0.77458969875687	0.616778806783764	0.693704105172172	0.616778806783765	0.609200933590553	0.561357492591715	0.546910509819041	0.561357492591714	0.49690052342729	0.498233923268187	0.539274075108441	0.498233923268188	0.609200933590555	0.561357492591713	0.546910509819041	0.561357492591717
1	1.10080821701203	1.23922643418457	1.10080821701203	1.06345096294396	1.13430856700145	1.19935839805101	1.13430856700145	1.08361863937654	1.14605836143162	1.23662734761763	1.14605836143162	1.06345096294396	1.13430856700145	1.19935839805101	1.13430856700145	0.774593751980119	0.616683031535813	0.693717941823069	0.616683031535815	0.609356976555404	0.561639553687539	0.546672314003165	0.561639553687539	0.497083764324416	0.498597919657702	0.539819135803989	0.498597919657703	0.609356976555406	0.561639553687539	0.546672314003166	0.561639553687541
1	1.100513422239	1.2386418381367	1.100513422239	1.06373671974166	1.13442352525686	1.19900013275393	1.13442352525686	1.08400964681949	1.14640582306075	1.23703466585919	1.14640582306075	1.06373671974166	1.13442352525686	1.19900013275393	1.13442352525686	0.774596210384323	0.616591282373588	0.693732647994868	0.61659128237359	0.609504230815891	0.561902061699064	0.5464438743501	0.561902061699063	0.497255774951282	0.498943824058992	0.540319058469259	0.498943824058993	0.609504230815893	0.561902061699063	0.546443874350101	0.561902061699066
1	1.10023042186328	1.23808069745314	1.10023042186328	1.06401142936168	1.13453076765779	1.19865681211669	1.13453076765778	1.08438505915472	1.1467388818524	1.23740884065362	1.1467388818524	1.06401142936168	1.13453076765778	1.19865681211669	1.13453076765779	0.774597701481867	0.616503192952572	0.693748173150688	0.616503192952574	0.60964386900774	0.562147765266069	0.546224408363017	0.562147765266066	0.49741803091344	0.499273898966388	0.54078083960801	0.499273898966389	0.609643869007742	0.562147765266066	0.546224408363017	0.562147765266071
1	1.09995770436494	1.23753991178074	1.09995770436494	1.06427653529105	1.13463136598299	1.19832677254958	1.13463136598299	1.08474690695224	1.14705935105897	1.23775499513162	1.14705935105897	1.06427653529105	1.13463136598299	1.19832677254958	1.13463136598299	0.774598605878258	0.616418365534897	0.693764453108223	0.616418365534898	0.609776897334286	0.562378979478841	0.546013034177536	0.56237897947884	0.497571799674216	0.499590159007768	0.541210180223109	0.499590159007769	0.609776897334287	0.562378979478839	0.546013034177537	0.562378979478843
1	1.09969388816407	1.23701667664329	1.09969388816406	1.06453334547155	1.13472622931329	1.19800841253384	1.13472622931329	1.08509702538625	1.14736888061256	1.23807731178114	1.14736888061256	1.06453334547155	1.13472622931329	1.19800841253384	1.13472622931329	0.774599154422406	0.616336402302997	0.693781428331361	0.616336402302998	0.609904191022245	0.562597673626068	0.545808843815414	0.562597673626066	0.497718180252623	0.499894406478927	0.541611780841301	0.499894406478928	0.609904191022247	0.562597673626066	0.545808843815415	0.56259767362607
1	1.09943770796944	1.23650844180424	1.09943770796944	1.06478305438926	1.13481613556825	1.19770021763302	1.13481613556825	1.08543708532515	1.14766897749133	1.2383792450449	1.14766897749133	1.06478305438926	1.13481613556825	1.19770021763302	1.13481613556825	0.774599487131255	0.616256920261597	0.693799051746543	0.616256920261599	0.610026520174991	0.562805538548354	0.545610942919851	0.562805538548353	0.497858133976185	0.500188262957079	0.541989560840624	0.50018826295708	0.610026520174992	0.562805538548352	0.545610942919852	0.562805538548356
1	1.09918799948866	1.23601287165033	1.09918799948866	1.06502676194527	1.13490175616513	1.19740076773111	1.13490175616512	1.08576862024212	1.14796102559689	1.23866368002672	1.14796102559689	1.06502676194526	1.13490175616512	1.19740076773111	1.13490175616513	0.774599688929376	0.616179557138463	0.693817291375739	0.616179557138465	0.610144569391847	0.563004039158946	0.545418470342532	0.563004039158945	0.497992508783933	0.500473197205458	0.542346823462739	0.500473197205459	0.610144569391849	0.563004039158945	0.545418470342533	0.563004039158948
1	1.09894368404723	1.23552780876702	1.09894368404723	1.06526548993533	1.13498367556657	1.19710873417026	1.13498367556657	1.08609304981439	1.14824630454444	1.23893305227935	1.14824630454444	1.06526548993533	1.13498367556657	1.19710873417026	1.13498367556657	0.774599811326126	0.616103972409239	0.69383613056728	0.61610397240924	0.610258953210686	0.563194456007726	0.545230605742575	0.563194456007725	0.498122058814629	0.50075054972117	0.542686381437005	0.500750549721171	0.610258953210688	0.563194456007724	0.545230605742575	0.563194456007728
1	1.09870375382703	1.23505124087248	1.09870375382702	1.06550019671208	1.13506240696724	1.19682287137847	1.13506240696724	1.0864117008902	1.14852600716479	1.23918943925762	1.14852600716479	1.06550019671208	1.13506240696724	1.19682287137847	1.13506240696724	0.774599885563509	0.616029845820635	0.693855567261372	0.616029845820637	0.610370228625886	0.563377918606627	0.545046570196384	0.563377918606627	0.498247460439972	0.501021554397048	0.543010653803456	0.501021554397049	0.610370228625888	0.563377918606626	0.545046570196384	0.563377918606629
1	1.09846725797391	1.23458127081379	1.09846725797391	1.06573179045904	1.13513840502996	1.19654200567869	1.13513840502996	1.08672582638223	1.14880125573567	1.23943463095548	1.14880125573567	1.06573179045904	1.13513840502996	1.19654200567868	1.13513840502996	0.774599930590758	0.615956874651419	0.693875613007301	0.615956874651421	0.610478905513392	0.563555432502103	0.544865622798248	0.563555432502101	0.498369325611613	0.501287357725807	0.543321741416387	0.501287357725807	0.610478905513394	0.5635554325021	0.544865622798248	0.563555432502104
1	1.09823328958066	1.2341160891245	1.09823328958066	1.06596114141891	1.13521207634157	1.19626502280686	1.13521207634157	1.08703662255783	1.14907311708283	1.23967018511255	1.14907311708283	1.06596114141891	1.13521207634157	1.19626502280686	1.13521207634157	0.774599957901166	0.615884770436173	0.693896292081276	0.615884770436175	0.61058545549657	0.563727901531077	0.544687055047748	0.563727901531074	0.498488213111943	0.501549036004072	0.543621486555019	0.501549036004073	0.610585455496572	0.563727901531074	0.544687055047748	0.563727901531079
1	1.0980009734204	1.23365394857608	1.0980009734204	1.06618909337045	1.13528378809764	1.19599085495371	1.13528378809764	1.08734524514441	1.14934261675394	1.23989747087382	1.14934261675394	1.06618909337045	1.13528378809764	1.19599085495371	1.13528378809764	0.774599974465766	0.61581325545571	0.693917640857266	0.615813255455712	0.610690319655573	0.563896146360715	0.544510184026668	0.563896146360714	0.498604638195571	0.50180761091356	0.543911520523944	0.501807610913561	0.610690319655575	0.563896146360713	0.544510184026669	0.563896146360717
1	1.09776945424077	1.23319314013561	1.09776945424077	1.06641647461916	1.13535387540185	1.19571846771013	1.13535387540185	1.08765282462811	1.14961075250488	1.24011770373331	1.14961075250488	1.06641647461916	1.13535387540185	1.19571846771013	1.13535387540185	0.774599984512704	0.615742059188317	0.693939707499241	0.615742059188319	0.610793915353705	0.564060920126324	0.544334344940853	0.564060920126321	0.498719080952074	0.502064063875004	0.544193302141352	0.502064063875005	0.610793915353706	0.564060920126321	0.544334344940853	0.564060920126326
1	1.09753788539274	1.23273196975025	1.09753788539274	1.0666441087559	1.13542264748515	1.19544684703018	1.13542264748515	1.08796048110757	1.14987850735659	1.24033197384029	1.14987850735659	1.06664410875589	1.13542264748515	1.19544684703018	1.13542264748515	0.77459999060648	0.615670914728175	0.693962551994048	0.615670914728177	0.610896642420926	0.564222921823568	0.544158883275835	0.564222921823564	0.498831993696289	0.502319349494685	0.544468149207626	0.502319349494686	0.610896642420928	0.564222921823564	0.544158883275835	0.56422292182357
1	1.09730541754781	1.23226873537734	1.09730541754781	1.06687282543374	1.1354903930816	1.19517498615957	1.1354903930816	1.08826933905364	1.15014686249713	1.24054126921412	1.15014686249713	1.06687282543374	1.1354903930816	1.19517498615957	1.1354903930816	0.774599994302542	0.61559955519505	0.693986246541357	0.615599555195052	0.610998888866354	0.564382807948148	0.543983146671836	0.564382807948144	0.498943807590564	0.50257440845265	0.544737264573019	0.502574408452651	0.610998888866355	0.564382807948144	0.543983146671836	0.56438280794815
1	1.09707118723839	1.23180170367392	1.09707118723839	1.06710347142362	1.13555738515632	1.19490187237133	1.13555738515632	1.08858054233629	1.15041681031903	1.24074649502488	1.15041681031903	1.06710347142362	1.13555738515632	1.19490187237133	1.13555738515632	0.774599996544317	0.615527710044835	0.694010876307173	0.615527710044836	0.611101036294258	0.564541202804581	0.543806476469816	0.564541202804581	0.499054938714758	0.502830180122102	0.545001757974357	0.502830180122103	0.61110103629426	0.56454120280458	0.543806476469817	0.564541202804584
1	1.09683430493627	1.23132908572972	1.09683430493627	1.06733692222488	1.13562388514139	1.19462647327387	1.13562388514138	1.08889526989468	1.15068936790444	1.2409484898191	1.15068936790444	1.06733692222488	1.13562388514138	1.19462647327387	1.13562388514138	0.774599997904022	0.615455101243754	0.694036540569083	0.615455101243756	0.611203465156121	0.564698707804806	0.543628198837051	0.564698707804806	0.499165793724858	0.503087615256068	0.545262664585651	0.503087615256069	0.611203465156123	0.564698707804806	0.543628198837052	0.564698707804808
1	1.0965938423553	1.23084901118273	1.09659384235529	1.0675740945377	1.13569014681531	1.19434772239667	1.13569014681531	1.08921475246463	1.15096559130006	1.24114803935982	1.15096559130006	1.0675740945377	1.13569014681531	1.19434772239667	1.13569014681531	0.774599998728725	0.615381439173373	0.694063354281894	0.615381439173375	0.611306559990172	0.564855910051503	0.54344761528307	0.564855910051504	0.499276775270792	0.503347689037967	0.545520960954399	0.503347689037968	0.611306559990174	0.564855910051503	0.543447615283071	0.564855910051506
1	1.09634881862626	1.23035949997757	1.09634881862626	1.06781595994283	1.13575641993789	1.19406450369905	1.13575641993789	1.08954029082305	1.15124659096652	1.24134588859828	1.15124659096652	1.06781595994283	1.13575641993789	1.19406450369905	1.13575641993789	0.774599999228933	0.615306418191316	0.6940914501254	0.615306418191318	0.611410714773569	0.565013390434046	0.543263992359566	0.565013390434046	0.499388287284315	0.503611414860677	0.545777578892635	0.503611414860678	0.611410714773571	0.565013390434045	0.543263992359566	0.565013390434048
1	1.09609818493916	1.22985843092458	1.09609818493916	1.06806356019197	1.13582295374495	1.19377563458432	1.13582295374494	1.0898732760832	1.15153354884321	1.2415427521738	1.15153354884321	1.06806356019197	1.13582295374494	1.19377563458432	1.13582295374494	0.774599999532324	0.615229711675274	0.694120981102017	0.615229711675276	0.611516338541465	0.565171731464949	0.543076550246892	0.565171731464949	0.499500740288655	0.503879859183621	0.546033417703902	0.503879859183622	0.611516338541466	0.565171731464948	0.543076550246893	0.565171731464951
1	1.09584080717812	1.22934350606753	1.09584080717812	1.06831802458362	1.13589000039291	1.1934798469232	1.13589000039291	1.09021521266309	1.15182773754567	1.24173932374643	1.15182773754567	1.06831802458362	1.13589000039291	1.1934798469232	1.13589000039291	0.77459999971634	0.615150966427413	0.694152123797123	0.615150966427415	0.611623861414504	0.565331525037198	0.542884449903838	0.565331525037197	0.499614556831791	0.504154157912723	0.546289355081019	0.504154157912724	0.611623861414506	0.565331525037197	0.542884449903838	0.5653315250372
1	1.09557544598224	1.22881220968075	1.09557544598224	1.06858058999724	1.13595781844456	1.19317576549566	1.13595781844456	1.09056774467613	1.15213054231147	1.24193628438746	1.15213054231147	1.06858058999724	1.13595781844456	1.19317576549566	1.13595781844456	0.774599999827952	0.615069796206068	0.694185082430033	0.61506979620607	0.611733741214915	0.565493380297996	0.54268677834588	0.565493380297995	0.499730177194226	0.504435534765218	0.546546256855538	0.504435534765219	0.611733741214916	0.565493380297995	0.542686778345881	0.565493380297998
1	1.09530073354702	1.22826176046139	1.09530073354702	1.06885262428076	1.13602667647852	1.1928618831366	1.13602667647852	1.09093268664607	1.15244348643948	1.24213431018357	1.15244348643948	1.06885262428076	1.13602667647852	1.1928618831366	1.13602667647852	0.774599999895648	0.614985774183452	0.694220093887628	0.614985774183454	0.611846470853788	0.565657931797124	0.542482531558052	0.565657931797122	0.499848065478841	0.504725322214078	0.54680498574692	0.504725322214079	0.61184647085379	0.565657931797122	0.542482531558052	0.565657931797126
1	1.09501514632779	1.22768905516567	1.09501514632779	1.06913565384683	1.13609685691208	1.19253653171781	1.13609685691208	1.0913120596558	1.15276826113276	1.24233407913897	1.15276826113276	1.06913565384683	1.13609685691208	1.19253653171781	1.13609685691208	0.774599999936707	0.614898423993153	0.694257433965971	0.614898423993154	0.611962586722125	0.565825848090085	0.542270594392446	0.565825848090083	0.49996871624575	0.505024985669012	0.54706640909929	0.505024985669013	0.611962586722127	0.565825848090083	0.542270594392447	0.565825848090087
1	1.09471697261213	1.227090601521	1.09471697261212	1.06943139653407	1.13616866012172	1.19219784789909	1.13616866012172	1.09170813429172	1.15310676086692	1.2425362773818	1.15310676086692	1.06943139653407	1.13616866012172	1.19219784789909	1.13616866012172	0.774599999961611	0.614807209032706	0.694297425141957	0.614807209032707	0.61208267833971	0.565997840939138	0.542049716680465	0.565997840939136	0.500092661815037	0.505336151737126	0.547331405530472	0.505336151737127	0.612082678339712	0.565997840939136	0.542049716680466	0.56599784093914
1	1.09440427368171	1.22646243773022	1.09440427368171	1.06974180104734	1.13624240895475	1.19184373233563	1.13624240895475	1.09212348207604	1.15346112567469	1.24274160458274	1.15346112567469	1.06974180104734	1.13624240895475	1.19184373233563	1.13624240895475	0.774599999976716	0.614711519508515	0.694340446265476	0.614711519508517	0.612207399580021	0.566174675271607	0.541818484556472	0.566174675271606	0.500220480417672	0.505660641531525	0.547600870199632	0.505660641531526	0.612207399580023	0.566174675271605	0.541818484556472	0.566174675271609
1	1.09407483697502	1.22580003522258	1.09407483697502	1.07006909461132	1.13631845371937	1.19147180071331	1.13631845371937	1.09256103748124	1.15383379207615	1.24295077836293	1.15383379207615	1.07006909461132	1.13631845371937	1.19147180071331	1.13631845371937	0.774599999985877	0.614610656660326	0.694386944716012	0.614610656660328	0.612337481834696	0.566357179998881	0.541575285769054	0.566357179998878	0.500352805330547	0.50600051025531	0.547875718236278	0.506000510255311	0.612337481834698	0.566357179998877	0.541575285769055	0.566357179998884
1	1.09372611927984	1.22509818049942	1.09372611927984	1.07041584087349	1.13639717774472	1.19107932460146	1.13639717774472	1.09302417312951	1.15422755480814	1.24316453728426	1.15422755480814	1.07041584087349	1.13639717774472	1.19107932460146	1.13639717774472	0.774599999991434	0.614503813351479	0.694437451701404	0.61450381335148	0.612473749559777	0.566546259780909	0.541318267397167	0.566546259780904	0.500490335178965	0.506358094494294	0.548156885499278	0.506358094494294	0.612473749559779	0.566546259780903	0.541318267397167	0.566546259780912
1	1.09335517752007	1.22435083092651	1.09335517752007	1.07078501057823	1.136479003583	1.19066315963831	1.136479003583	1.0935167913835	1.15464564202474	1.24338364174505	1.15464564202474	1.07078501057823	1.136479003583	1.19066315963831	1.136479003583	0.774599999994805	0.614390050073783	0.694492601628511	0.614390050073785	0.61261713871506	0.566742907699202	0.541045284010428	0.566742907699198	0.500633845519132	0.506736068993035	0.548445325426924	0.506736068993036	0.612617138715061	0.566742907699198	0.541045284010428	0.566742907699204
1	1.09295858415537	1.22355093816509	1.09295858415537	1.07118006811358	1.13656439990569	1.19021965801609	1.13656439990568	1.09404343625433	1.1550918072657	1.24360887171049	1.1550918072657	1.07118006811358	1.13656439990568	1.19021965801609	1.13656439990569	0.774599999996849	0.6142682650448	0.694553156726155	0.614268265044801	0.61276871868793	0.56694821867173	0.540753833767143	0.566948218671725	0.500784201814586	0.507137514963834	0.548742000000102	0.507137514963835	0.612768718687932	0.566948218671725	0.540753833767144	0.566948218671732
1	1.09253232360572	1.22269023162677	1.09253232360572	1.07160507767894	1.13665388907914	1.18974456160756	1.13665388907914	1.09460943033344	1.15557044220061	1.24384101960978	1.15557044220061	1.07160507767894	1.13665388907914	1.18974456160756	1.13665388907914	0.774599999998089	0.614137156797916	0.69462003851807	0.614137156797918	0.612929718360845	0.567163403132603	0.540440979349528	0.567163403132599	0.500942373761334	0.507566002342477	0.549047861872064	0.507566002342478	0.612929718360847	0.567163403132599	0.540440979349529	0.567163403132605
1	1.09207166551183	1.22175895304947	1.09207166551183	1.07206483348238	1.13674805530399	1.18923287145819	1.13674805530399	1.09522104223193	1.15608671491373	1.24408087584804	1.15608671491373	1.07206483348238	1.13674805530399	1.18923287145819	1.13674805530399	0.774599999998841	0.61399517711513	0.694694368186062	0.613995177115132	0.613101556997866	0.567389800059351	0.540103249874771	0.567389800059349	0.501109450769613	0.508025688596597	0.549363823148558	0.508025688596597	0.613101556997867	0.567389800059349	0.540103249874772	0.567389800059353
1	1.09157101020184	1.22074553232646	1.09157101020184	1.07256501888882	1.13684755299372	1.18867868887722	1.13684755299372	1.09588569054209	1.1566467391492	1.24432920303438	1.1566467391492	1.07256501888882	1.13684755299372	1.18867868887722	1.13684755299372	0.774599999999297	0.613840471689305	0.694777518524293	0.613840471689307	0.613285880575034	0.567628887610825	0.539736519158639	0.567628887610824	0.501286657993005	0.508521436745161	0.549690704072157	0.508521436745162	0.613285880575035	0.567628887610823	0.53973651915864	0.567628887610827
1	1.0910237017885	1.21963619482135	1.0910237017885	1.07311239948348	1.13695311472866	1.18807502333869	1.13695311472866	1.09661219019907	1.15725778020621	1.24458669302739	1.15725778020621	1.07311239948348	1.13695311472866	1.18807502333869	1.13695311472866	0.774599999999573	0.613670805167559	0.694871180867512	0.613670805167561	0.613484603894143	0.567882288374087	0.539335854971789	0.567882288374085	0.501475371724551	0.509058954686502	0.550029151452089	0.509058954686503	0.613484603894145	0.567882288374085	0.53933585497179	0.567882288374089
1	1.0904218055328	1.21841449297497	1.0904218055328	1.07371505391193	1.13706555751168	1.18741356344171	1.13706555751167	1.09741104537893	1.15792850242211	1.24485389788526	1.15792850242211	1.07371505391193	1.13706555751167	1.18741356344171	1.13706555751167	0.774599999999741	0.613483466696681	0.694977451230936	0.613483466696683	0.613699958233519	0.568151764080464	0.538895333633683	0.568151764080462	0.501677131859212	0.509644956382298	0.550379511732986	0.509644956382299	0.613699958233521	0.568151764080462	0.538895333633684	0.568151764080466
1	1.08975584976644	1.21706076287043	1.08975584976644	1.07438264281793	1.13718578505357	1.18668441052639	1.13718578505357	1.09829478802072	1.15866926022035	1.24513112140192	1.15866926022035	1.07438264281793	1.13718578505357	1.18668441052639	1.13718578505357	0.774599999999843	0.613275151563545	0.69509894051801	0.613275151563547	0.613934542934539	0.568439191308188	0.53840781503797	0.568439191308186	0.50189364742687	0.510287341745534	0.550741636391873	0.510287341745535	0.613934542934541	0.568439191308186	0.53840781503797	0.56843919130819
1	1.08901454114737	1.21555152473109	1.08901454114737	1.07512670778681	1.13731478214016	1.18587578239827	1.13731478214015	1.09927834944387	1.15949242721265	1.24541825151892	1.15949242721265	1.07512670778681	1.13731478214015	1.18587578239827	1.13731478214016	0.774599999999905	0.613041814923913	0.695238913815673	0.613041814923915	0.614191376896875	0.568746504376946	0.53786467643315	0.568746504376945	0.50212678830833	0.510995384630922	0.551114587284937	0.510995384630923	0.614191376896877	0.568746504376945	0.537864676433151	0.568746504376948
1	1.08818447959543	1.21385888444261	1.08818447959543	1.0759609745535	1.13745359446075	1.18497371105055	1.13745359446075	1.10037942863836	1.16041274170932	1.24571450513479	1.16041274170932	1.0759609745535	1.13745359446075	1.18497371105055	1.13745359446075	0.774599999999942	0.61277849552003	0.695401462231176	0.612778495520032	0.614473941307316	0.569075583639306	0.537255511631439	0.569075583639305	0.502378551889982	0.511779904046559	0.551496196351371	0.51177990404656	0.614473941307318	0.569075583639305	0.53725551163144	0.569075583639308
1	1.08724993309707	1.2119500668071	1.08724993309707	1.07690160043493	1.1376032830954	1.18396179005211	1.1376032830954	1.10161877492781	1.16144761500381	1.24601804558653	1.16144761500381	1.07690160043493	1.1376032830954	1.18396179005211	1.1376032830954	0.774599999999965	0.612479113275881	0.695591705562028	0.612479113275882	0.614786197153178	0.569428055828472	0.536567820681273	0.569428055828469	0.502650986743017	0.512653368030649	0.551882418669031	0.51265336803065	0.614786197153179	0.569428055828468	0.536567820681274	0.569428055828474
1	1.08619279385758	1.20978734536617	1.08619279385758	1.07796724334392	1.13776483677914	1.18282108498143	1.13776483677913	1.10302021980046	1.16261728967262	1.24632542126538	1.16261728967262	1.07796724334392	1.13776483677913	1.18282108498143	1.13776483677913	0.774599999999979	0.612136258135476	0.695816010967631	0.612136258135477	0.6151325479748	0.569804958125651	0.535786751935655	0.569804958125646	0.502946046423878	0.513629835924947	0.552266405328774	0.513629835924947	0.615132547974802	0.569804958125646	0.535786751935656	0.569804958125653
1	1.08499294009333	1.20732885926401	1.08499294009333	1.07917872394531	1.13793901706074	1.18153041768454	1.13793901706074	1.10461015394543	1.16394463344255	1.24663076715855	1.16394463344255	1.07917872394531	1.13793901706074	1.18153041768454	1.13793901706074	0.774599999999987	0.611741015844127	0.696082184686832	0.611741015844129	0.615517698855452	0.570206202122013	0.534895026796117	0.570206202122009	0.503265335648572	0.51472457596539	0.552637226456632	0.514724575965391	0.615517698855453	0.57020620212201	0.534895026796118	0.570206202122015
1	1.08362938111324	1.20453114410384	1.08362938111324	1.08055789329263	1.138126103251	1.18006738263808	1.138126103251	1.10641593949605	1.16545419683478	1.24692472513513	1.16545419683478	1.08055789329263	1.138126103251	1.18006738263807	1.138126103251	0.774599999999992	0.611282929223676	0.696399539952763	0.611282929223678	0.615946336338139	0.570629768224101	0.533873292938168	0.570629768224096	0.503609702444479	0.515953100037549	0.552978227399905	0.515953100037549	0.615946336338141	0.570629768224096	0.533873292938169	0.570629768224103
1	1.08208274714749	1.20135461013403	1.08208274714749	1.08212512435524	1.13832550207391	1.17841063458341	1.13832550207391	1.10846250145231	1.1671699622362	1.24719310723068	1.1671699622362	1.08212512435524	1.13832550207391	1.17841063458341	1.13832550207391	0.774599999999995	0.610750281657505	0.696778653540277	0.610750281657507	0.616422528961869	0.571070591248884	0.532701320511073	0.571070591248883	0.503978634642398	0.517329257735006	0.553265163008287	0.517329257735006	0.616422528961871	0.571070591248883	0.532701320511074	0.571070591248886
1	1.08033978657311	1.1977734193847	1.08033978657311	1.08389473144721	1.13853520555119	1.17654410507219	1.13853520555119	1.11076621263544	1.16911106148845	1.24741550297795	1.16911106148845	1.08389473144721	1.13853520555119	1.17654410507219	1.13853520555119	0.774599999999997	0.610131009677483	0.697230502503804	0.610131009677485	0.61694874650161	0.571519213008627	0.531360635953335	0.571519213008627	0.504369458768154	0.518862007334301	0.553464614571067	0.518862007334302	0.616948746501612	0.571519213008627	0.531360635953335	0.571519213008629
1	1.07840025929379	1.19379058821623	1.07840025929379	1.08586788731781	1.1387511465608	1.17446359869891	1.1387511465608	1.11332557190082	1.17128490824905	1.24756437796299	1.17128490824905	1.08586788731781	1.1387511465608	1.17446359869891	1.1387511465608	0.774599999999998	0.609414648861171	0.697764584926494	0.609414648861173	0.617524467462711	0.57196054119195	0.529839212784601	0.571960541191949	0.504776446115111	0.520550711599241	0.553533804613177	0.520550711599242	0.617524467462713	0.571960541191949	0.529839212784602	0.571960541191951
1	1.07628548345777	1.18945657849043	1.07628548345777	1.08802375863103	1.13896664065007	1.17218524160762	1.13896664065007	1.11610973291296	1.17367816073856	1.24760570012697	1.17367816073856	1.08802375863103	1.13896664065007	1.17218524160762	1.13896664065007	0.774599999999999	0.60859562515118	0.698385758961128	0.608595625151182	0.618144552806921	0.572373469755372	0.52813833725701	0.572373469755371	0.505190121532463	0.522379546302301	0.553423605251247	0.522379546302301	0.618144552806923	0.572373469755371	0.528138337257011	0.572373469755374
1	1.07404554269407	1.18488455161802	1.07404554269407	1.09031190922748	1.13917229334258	1.16975321549483	1.13917229334258	1.11904901690586	1.17624806366987	1.24750246227593	1.17624806366987	1.09031190922748	1.13917229334258	1.16975321549483	1.13917229334258	0.774599999999999	0.607677637130648	0.699090168204768	0.607677637130649	0.618797920676942	0.572732459905045	0.526280300163101	0.572732459905043	0.505597280076978	0.524312925436447	0.553086554229353	0.524312925436447	0.618797920676943	0.572732459905043	0.526280300163102	0.572732459905047
1	1.07175985114874	1.18025029133956	1.07175985114874	1.09265146411963	1.13935684596626	1.16724194096496	1.13935684596626	1.12203466579723	1.17891924434507	1.24722194253088	1.17891924434507	1.09265146411963	1.13935684596626	1.16724194096496	1.13935684596626	0.774599999999999	0.606677700336515	0.699861815163603	0.606677700336516	0.619467378193853	0.573011873148626	0.524313341461296	0.573011873148625	0.505982232926752	0.526295054726326	0.552489829284772	0.526295054726326	0.619467378193855	0.573011873148625	0.524313341461297	0.573011873148628
1	1.06952645486209	1.17576660429197	1.06952645486209	1.09494191896483	1.13950916904903	1.16474802457168	1.13950916904903	1.12493405444003	1.18159119292092	1.24674553626889	1.18159119292092	1.09494191896483	1.13950916904903	1.16474802457168	1.13950916904903	0.774599999999999	0.60562728135669	0.700672284194292	0.605627281356692	0.620131336687789	0.573192368857748	0.522309155188765	0.573192368857747	0.506329365721796	0.528256203499368	0.551629103891035	0.528256203499369	0.62013133668779	0.573192368857747	0.522309155188766	0.57319236885775
1	1.06744146778267	1.17163614204001	1.06744146778267	1.09708429027624	1.13962091157095	1.16237219181216	1.13962091157095	1.12761918470383	1.18415673160781	1.2460772595783	1.18415673160781	1.09708429027624	1.13962091157095	1.16237219181216	1.13962091157095	0.774599999999999	0.604568395883685	0.701485235486051	0.604568395883686	0.620767284250493	0.573266679224171	0.520350953437357	0.57326667922417	0.506626274990913	0.530124995293635	0.550535856409367	0.530124995293636	0.620767284250495	0.57326667922417	0.520350953437358	0.573266679224173
1	1.06557775883532	1.16800431220337	1.06557775883532	1.09900320938063	1.1396886500864	1.16019849217936	1.13968865008639	1.1299956596659	1.18652414495887	1.24524615914792	1.18652414495887	1.09900320938063	1.13968865008639	1.16019849217935	1.13968865008639	0.774599999999999	0.603545328225312	0.702264317357784	0.603545328225314	0.621355782671667	0.573241604351277	0.518516146512263	0.573241604351277	0.506866186791069	0.531841919504831	0.54927266298558	0.531841919504831	0.621355782671669	0.573241604351278	0.518516146512264	0.573241604351279
1	1.06397329483394	1.16493608782762	1.06397329483394	1.1006590875832	1.13971448179489	1.15828034473024	1.13971448179489	1.13201779918881	1.18863270376	1.24430071262076	1.18863270376	1.1006590875832	1.13971448179489	1.15828034473024	1.13971448179489	0.774599999999999	0.602595665049431	0.702980653954493	0.602595665049432	0.621883384824265	0.573135234855198	0.516861699153842	0.573135234855199	0.5070486749251	0.53336829667791	0.547918280190676	0.533368296677911	0.621883384824267	0.5731352348552	0.516861699153843	0.5731352348552
1	1.06263248323421	1.1624230785685	1.06263248323421	1.10204679257526	1.13970491327237	1.15663792445459	1.13970491327237	1.13368563509068	1.19045634760515	1.24329790097432	1.19045634760515	1.10204679257526	1.13970491327237	1.15663792445459	1.13970491327237	0.774599999999999	0.601744566707138	0.703616689465573	0.60174456670714	0.622343589700689	0.572971316485515	0.515417934324843	0.572971316485515	0.507178649550931	0.534688111947459	0.546550260837187	0.534688111947459	0.622343589700691	0.572971316485515	0.515417934324844	0.572971316485517
1	1.06153596218982	1.16040871691889	1.06153596218982	1.10318556001091	1.13966880016562	1.15526445209493	1.13966880016562	1.13503053113247	1.19199775411201	1.24229200145169	1.19199775411201	1.10318556001091	1.13966880016562	1.15526445209493	1.13966880016562	0.774599999999999	0.601003654583369	0.70416595122492	0.601003654583371	0.62273604370498	0.572773680556257	0.514190762138014	0.572773680556256	0.507264365183317	0.535804191987652	0.545232324955249	0.535804191987653	0.622736043704982	0.572773680556256	0.514190762138015	0.572773680556259
1	1.06065208001415	1.15881523473257	1.06065208001415	1.1041071898743	1.13961531133683	1.15413597061416	1.13961531133683	1.13609899849257	1.19327844196894	1.24132693158657	1.19327844196894	1.1041071898743	1.13961531133683	1.15413597061416	1.13961531133683	0.774599999999999	0.600373310790336	0.704630365221865	0.600373310790338	0.623064812991276	0.572562570454095	0.513168524028521	0.572562570454094	0.507315339845169	0.536731969425941	0.54400899283389	0.536731969425942	0.623064812991278	0.572562570454095	0.513168524028522	0.572562570454096
1	1.05994581703225	1.15756305583129	1.05994581703225	1.10484693003774	1.13955251839423	1.15322035855197	1.13955251839422	1.136940506471	1.19432945141202	1.24043317536061	1.19432945141202	1.10484693003774	1.13955251839422	1.15322035855197	1.13955251839422	0.774599999999999	0.599846337260674	0.705016998095081	0.599846337260675	0.623336527812113	0.572353130374108	0.512329534231721	0.572353130374108	0.507340760683373	0.537493480488535	0.542906020292611	0.537493480488536	0.623336527812115	0.572353130374109	0.512329534231722	0.57235313037411
1	1.05938409159936	1.15658110045792	1.05938409159936	1.10543810321319	1.1394867281513	1.15248376688111	1.1394867281513	1.13760053576643	1.19518458054462	1.23962826945782	1.19518458054462	1.10543810321319	1.1394867281513	1.15248376688111	1.1394867281513	0.774599999999999	0.599411438057524	0.705335335013886	0.599411438057526	0.623558866053899	0.572155442260999	0.511648122908268	0.572155442260999	0.507348550206534	0.538112847334743	0.541933899033871	0.538112847334744	0.623558866053901	0.572155442260999	0.511648122908269	0.572155442261001
1	1.05893815277538	1.15581041203383	1.05893815277538	1.10590971235048	1.13942238578996	1.1518944064247	1.13942238578996	1.13811770858731	1.19587630461448	1.238919198832	1.19587630461448	1.10590971235048	1.13942238578996	1.1518944064247	1.13942238578996	0.774599999999999	0.59905583771914	0.705595427474171	0.599055837719142	0.623739519277815	0.571975353097857	0.511098604176478	0.571975353097856	0.507345002802131	0.538613426616335	0.541092204035394	0.538613426616335	0.623739519277817	0.571975353097857	0.511098604176479	0.571975353097859
1	1.05858417313758	1.1552040735513	1.05858417313758	1.10628586000553	1.13936230376328	1.15142433518005	1.13936230376328	1.13852334704576	1.196433738593	1.23830534769537	1.196433738593	1.10628586000553	1.13936230376328	1.15142433518005	1.13936230376328	0.774599999999999	0.598766949070689	0.705806820382625	0.59876694907069	0.623885594940963	0.571815538308891	0.510657455647069	0.571815538308891	0.507334802414849	0.539016302594486	0.540373550832922	0.539016302594487	0.623885594940965	0.571815538308892	0.51065745564707	0.571815538308893
1	1.0583029372176	1.15472555643317	1.0583029372176	1.10658606405676	1.13930801781309	1.15104998122343	1.13930801781309	1.13884218601323	1.1968819083008	1.23778121577224	1.1968819083008	1.10658606405676	1.13930801781309	1.15104998122343	1.13930801781309	0.7746	0.59853327623435	0.705978035155971	0.598533276234352	0.624003339043074	0.571676497740068	0.510304250762201	0.571676497740068	0.507321240399096	0.539339691230349	0.539766692480952	0.539339691230349	0.624003339043076	0.571676497740068	0.510304250762203	0.57167649774007
1	1.05807918062093	1.1543466955487	1.05807918062093	1.10682591199004	1.13926014812147	1.15075197480502	1.13926014812147	1.13909347674702	1.19724175689145	1.23733857335218	1.19724175689145	1.10682591199003	1.13926014812147	1.15075197480502	1.13926014812147	0.7746	0.59834479677086	0.706116397659017	0.598344796770862	0.624098063360579	0.571557362095392	0.510021838879289	0.571557362095392	0.507306503723912	0.53959888572692	0.539258716147777	0.53959888572692	0.624098063360581	0.571557362095393	0.51002183887929	0.571557362095394
1	1.05790086867136	1.15404582405602	1.05790086867136	1.10701776958761	1.13921870750419	1.15051466498684	1.13921870750419	1.13929210055669	1.19753050982306	1.23696800917167	1.19753050982306	1.10701776958761	1.13921870750418	1.15051466498684	1.13921870750418	0.7746	0.598193030567784	0.706228056399435	0.598193030567786	0.624174187413767	0.571456489568892	0.509796130416641	0.571456489568891	0.507291957377818	0.539806483172389	0.538836481208805	0.539806483172389	0.624174187413768	0.571456489568892	0.509796130416642	0.571456489568894
1	1.05775854073307	1.15380624050579	1.05775854073307	1.10717142298202	1.13918333906435	1.1503255384684	1.13918333906435	1.13944953848801	1.19776217621848	1.23665995448186	1.19776217621848	1.10717142298202	1.13918333906435	1.1503255384684	1.13918333906435	0.7746	0.59807094246202	0.706318092039697	0.598070942462022	0.624235334996958	0.571371878284872	0.509615712247424	0.571371878284872	0.507278385352389	0.539972729185475	0.53848748566139	0.539972729185475	0.624235334996959	0.571371878284872	0.509615712247426	0.571371878284874
1	1.05764476091742	1.153615016128	1.05764476091742	1.10729461656992	1.1391534866948	1.15017465313506	1.1391534866948	1.13957465801232	1.19794806739179	1.23640530529436	1.19794806739179	1.10729461656992	1.1391534866948	1.15017465313506	1.1391534866948	0.7746	0.597972771449715	0.706390660613904	0.597972771449716	0.624284448901736	0.571301434382248	0.509471420900803	0.571301434382247	0.507266179729897	0.54010588794484	0.538200331918845	0.540105887944841	0.624284448901738	0.571301434382247	0.509471420900804	0.57130143438225
1	1.05755367662754	1.15346209090513	1.05755367662754	1.10739348659137	1.13912851022584	1.15005413600223	1.13912851022583	1.13967432780014	1.19809727534686	1.23619575933002	1.19809727534686	1.10739348659137	1.13912851022583	1.15005413600223	1.13912851022583	0.7746	0.597893839825529	0.706449139718513	0.597893839825531	0.624323904111888	0.571243134751035	0.509355938071529	0.571243134751033	0.507255480577423	0.540212590361727	0.537964927618842	0.540212590361728	0.624323904111889	0.571243134751034	0.50935593807153	0.571243134751037
1	1.05748067132291	1.15333959560026	1.05748067132291	1.10747290398639	1.13910775865661	1.14995776083089	1.13910775865661	1.13975388876031	1.1982170888361	1.23602396265353	1.1982170888361	1.10747290398639	1.13910775865661	1.14995776083089	1.13910775865661	0.7746	0.597830369998384	0.70649626303695	0.597830369998386	0.6243556100543	0.571195116861435	0.509263435796186	0.571195116861434	0.507246274776823	0.540298140174206	0.537772520729647	0.540298140174206	0.624355610054301	0.571195116861435	0.509263435796187	0.571195116861437
1	1.0574220943146	1.15324134432633	1.0574220943146	1.107536743088	1.13909061343087	1.14988060356568	1.13909061343087	1.13981751131929	1.19831334291829	1.23588353583652	1.19831334291829	1.107536743088	1.13909061343087	1.14988060356568	1.13909061343087	0.7746	0.597779321352509	0.70653423751448	0.597779321352511	0.624381098543191	0.57115572044437	0.509189278568597	0.57115572044437	0.507238463170115	0.540366772497281	0.537615638047077	0.540366772497281	0.624381098543192	0.571155720444371	0.509189278568598	0.571155720444372
1	1.05737505136877	1.15316245334427	1.05737505136877	1.10758809158172	1.13907651133921	1.14981876653137	1.13907651133921	1.13986846554368	1.1983907064082	1.23576902947144	1.1983907064082	1.10758809158172	1.13907651133921	1.14981876653137	1.13907651133921	0.7746	0.597738251051033	0.706564842215851	0.597738251051035	0.624401597168591	0.571123498874805	0.509129779794056	0.571123498874806	0.507231904463161	0.540421866883065	0.537487972905415	0.540421866883066	0.624401597168592	0.571123498874806	0.509129779794057	0.571123498874807
1	1.05733724230504	1.15309905191253	1.05733724230504	1.10762941482966	1.13906495427299	1.14976916022809	1.13906495427299	1.13990932604858	1.19845291483047	1.23567584398013	1.19845291483047	1.10762941482965	1.13906495427299	1.14976916022809	1.13906495427299	0.7746	0.597705198335145	0.706589510184826	0.597705198335146	0.624418089403811	0.571097212575672	0.509082005834498	0.571097212575673	0.50722644263014	0.540466120255173	0.537384250929551	0.540466120255173	0.624418089403813	0.571097212575674	0.509082005834499	0.571097212575674
1	1.05730683499297	1.1530480623879	1.05730683499297	1.10766268452954	1.13905551072491	1.14972933165765	1.13905551072491	1.13994212731482	1.19850295808679	1.23560013201401	1.19850295808679	1.10766268452954	1.13905551072491	1.14972933165765	1.13905551072491	0.7746	0.59767858984884	0.706609395345854	0.597678589848842	0.624431363272976	0.571075812682276	0.509043619906598	0.571075812682278	0.507221923265605	0.540501685776313	0.537300092266118	0.540501685776313	0.624431363272978	0.571075812682278	0.509043619906599	0.571075812682277
1	1.05728236721607	1.1530070312098	1.05728236721607	1.10768947982245	1.13904781256678	1.14969732975044	1.13904781256678	1.13996848226132	1.19854323062893	1.23553869822776	1.19854323062893	1.10768947982245	1.13904781256678	1.14969732975043	1.13904781256678	0.7746	0.597657162973561	0.70662542679799	0.597657162973563	0.624442050470253	0.571058420252644	0.509012758409199	0.571058420252645	0.507218202570601	0.540530283720601	0.537231880220223	0.540530283720601	0.624442050470255	0.571058420252646	0.5090127584092	0.571058420252646
1	1.05726266996109	1.15297399804895	1.05726266996109	1.10771106700206	1.13904154936656	1.14967159995079	1.13904154936656	1.13998967325469	1.19857565131718	1.23548890369121	1.19857565131718	1.10771106700206	1.13904154936656	1.14967159995079	1.13904154936656	0.7746	0.597639904128273	0.706638352678206	0.597639904128275	0.624450657666379	0.571044304277881	0.508987933203688	0.571044304277881	0.507215151642836	0.540553289687705	0.537176641599517	0.540553289687705	0.62445065766638	0.571044304277881	0.508987933203689	0.571044304277883
1	1.05724680722854	1.15294739383108	1.05724680722854	1.10772846255057	1.1390364616806	1.14965090158324	1.1390364616806	1.14000672236431	1.19860175896058	1.23544857876792	1.19860175896058	1.10772846255057	1.1390364616806	1.14965090158324	1.1390364616806	0.7746	0.597625999285956	0.706648775504937	0.597625999285957	0.624457591515179	0.57103286039012	0.508967954461597	0.571032860390119	0.507212657887293	0.540571804666625	0.537131940959801	0.540571804666625	0.62445759151518	0.57103286039012	0.508967954461598	0.571032860390122
1	1.057234028633	1.15292596080001	1.057234028633	1.10774248313429	1.1390323341921	1.14963424296952	1.1390323341921	1.14002044590433	1.19862278844713	1.23541594607356	1.19862278844713	1.10774248313429	1.1390323341921	1.14963424296952	1.1390323341921	0.7746	0.597614794361998	0.706657180617192	0.597614794362	0.624463178606665	0.571023591279411	0.508951869723069	0.57102359127941	0.507210624748131	0.540586710658949	0.537095789092609	0.54058671065895	0.624463178606667	0.571023591279411	0.50895186972307	0.571023591279413
1	1.05722373194776	1.15290868954263	1.05722373194776	1.10775378536113	1.13902898919121	1.14962083037096	1.13902898919121	1.14003149700471	1.19863973142412	1.235389553779	1.19863973142412	1.10775378536113	1.13902898919121	1.14962083037096	1.13902898919121	0.7746	0.597605763525771	0.706663959043708	0.597605763525772	0.624467681392317	0.571016089273472	0.508938915701725	0.571016089273472	0.507208970537896	0.540598714849996	0.537066565046785	0.540598714849997	0.624467681392319	0.571016089273472	0.508938915701727	0.571016089273474
1	1.05721543341242	1.15289476914883	1.05721543341242	1.10776289747328	1.13902628065216	1.1496100277124	1.13902628065216	1.14004039901251	1.19865338469115	1.23536821879177	1.19865338469115	1.10776289747328	1.13902628065216	1.1496100277124	1.13902628065216	0.7746	0.597598483852421	0.706669425891777	0.597598483852423	0.62447131089933	0.571010021193971	0.50892848010604	0.571010021193969	0.507207626846197	0.540608384718622	0.537042950438134	0.540608384718623	0.624471310899331	0.57101002119397	0.508928480106041	0.571010021193973
1	1.05720874406967	1.15288354731449	1.05720874406967	1.10777024472846	1.1390240890409	1.14960132474976	1.1390240890409	1.1400475719936	1.19866438873228	1.23535097950838	1.19866438873228	1.10777024472846	1.1390240890409	1.14960132474976	1.1390240890409	0.7746	0.597592615044952	0.706673835157712	0.597592615044954	0.624474236889065	0.571005115401713	0.508920071324577	0.571005115401711	0.507206536776985	0.540616176013567	0.537023874447078	0.540616176013568	0.624474236889067	0.571005115401712	0.508920071324578	0.571005115401715
1	1.05720335115862	1.15287449993357	1.05720335115862	1.10777616943351	1.13902231668205	1.14959431171814	1.13902231668205	1.14005335290442	1.19867325898845	1.23533705352823	1.19867325898845	1.10777616943351	1.13902231668205	1.14959431171814	1.13902231668205	0.7746	0.597587883147007	0.706677391550978	0.597587883147009	0.624476596001581	0.571001150883752	0.508913294368651	0.571001150883749	0.50720565343864	0.540622454887961	0.5370084688486	0.540622454887962	0.624476596001582	0.57100115088375	0.508913294368652	0.571001150883754
1	1.05719900294947	1.15286720497146	1.05719900294947	1.10778094733574	1.13902088402886	1.14958865938492	1.13902088402886	1.14005801268518	1.19868041011038	1.23532580684766	1.19868041011038	1.10778094733574	1.13902088402886	1.14958865938492	1.13902088402886	0.7746	0.597584067574208	0.706680260115897	0.59758406757421	0.624478498244618	0.570997948103981	0.508907831670974	0.570997948103979	0.507204938254777	0.540627515750304	0.536996030087584	0.540627515750304	0.62447849824462	0.570997948103979	0.508907831670975	0.570997948103983
1	1.05719549675212	1.15286132252495	1.05719549675212	1.10778480062288	1.13901972640595	1.14958410302553	1.13901972640595	1.14006176928576	1.19868617587065	1.23531672588678	1.19868617587065	1.10778480062287	1.13901972640595	1.14958410302553	1.13901972640595	0.7746	0.597580990655985	0.706682573931004	0.597580990655986	0.624480032215806	0.570995361406755	0.5089034277635	0.570995361406752	0.507204359623699	0.540631595436228	0.536985988552872	0.540631595436228	0.624480032215807	0.570995361406753	0.508903427763501	0.570995361406757
1	1.05719266930947	1.15285657877944	1.05719266930947	1.10778790836202	1.13901879130298	1.14958042965941	1.13901879130298	1.14006479810709	1.1986908250462	1.23530939486694	1.1986908250462	1.10778790836202	1.13901879130298	1.14958042965941	1.13901879130298	0.7746	0.59757850924759	0.706684440309289	0.597578509247592	0.624481269290776	0.570993272747759	0.508899877035834	0.570993272747756	0.507203891739586	0.540634884548796	0.536977883397004	0.540634884548797	0.624481269290778	0.570993272747757	0.508899877035835	0.570993272747761
1	1.05719038909041	1.15285275311263	1.05719038909041	1.10779041489173	1.13901803613634	1.14957746785462	1.13901803613634	1.14006724036422	1.19869457414019	1.23530347738783	1.19869457414019	1.10779041489173	1.13901803613634	1.14957746785462	1.13901803613634	0.7746	0.597576507995186	0.706685945792704	0.597576507995187	0.624482266984589	0.570991586542185	0.508897013939082	0.570991586542183	0.507203513581328	0.540637536540552	0.536971341976663	0.540637536540552	0.624482266984591	0.570991586542183	0.508897013939083	0.570991586542188
1	1.05718855010112	1.15284966772854	1.05718855010112	1.10779243657289	1.13901742640585	1.14957507956875	1.13901742640584	1.1400692097877	1.19869759759119	1.23529870141414	1.19869759759119	1.10779243657289	1.13901742640584	1.14957507956875	1.13901742640584	0.7746	0.597574893923271	0.706687160176345	0.597574893923273	0.624483071652639	0.57099022544596	0.508894705136212	0.570990225445957	0.507203208058706	0.540639674993467	0.536966063107748	0.540639674993468	0.62448307165264	0.570990225445958	0.508894705136213	0.570990225445961
1	1.05718706691164	1.15284717932306	1.05718706691164	1.10779406722168	1.13901693418234	1.14957315361006	1.13901693418234	1.14007079799793	1.19870003597484	1.23529484705344	1.19870003597484	1.10779406722168	1.13901693418234	1.14957315361006	1.13901693418234	0.7746	0.597573592082117	0.706688139751498	0.597573592082119	0.624483720661903	0.570989126910772	0.508892843205137	0.57098912691077	0.507202961299003	0.540641399459896	0.536961803453121	0.540641399459896	0.624483720661905	0.570989126910771	0.508892843205138	0.570989126910774
1	1.05718587065673	1.15284517238054	1.05718587065672	1.10779538248372	1.13901653687055	1.14957160039108	1.13901653687055	1.14007207881885	1.19870200259747	1.23529173661967	1.19870200259747	1.10779538248372	1.13901653687055	1.14957160039108	1.13901653687055	0.7746	0.597572542045519	0.70668892991961	0.59757254204552	0.624484244137866	0.57098824037752	0.508891341582672	0.570988240377518	0.507202762055651	0.540642790152471	0.536958366473509	0.540642790152471	0.624484244137868	0.570988240377519	0.508891341582673	0.570988240377522
1	1.05718490581835	1.1528435537804	1.05718490581835	1.10779644335657	1.13901621619974	1.14957034771532	1.13901621619974	1.14007311174292	1.19870358880022	1.23528922656426	1.19870358880022	1.10779644335657	1.13901621619974	1.14957034771532	1.13901621619974	0.7746	0.597571695091606	0.706689567299476	0.597571695091608	0.624484666370388	0.570987524994072	0.508890130501652	0.570987524994069	0.507202601220924	0.540643911712524	0.536955593469952	0.540643911712524	0.62448466637039	0.57098752499407	0.508890130501653	0.570987524994074
1	1.0571841276361	1.15284224845683	1.0571841276361	1.10779729902727	1.13901595740181	1.14956933739094	1.13901595740181	1.14007394471578	1.19870486822805	1.23528720092957	1.19870486822805	1.10779729902726	1.13901595740181	1.14956933739094	1.13901595740181	0.7746	0.597571011932563	0.706690081426045	0.597571011932565	0.624485006945833	0.570986947762268	0.508889153724058	0.570986947762266	0.507202471426278	0.54064481623963	0.536953356329426	0.54064481623963	0.624485006945835	0.570986947762266	0.508889153724059	0.57098694776227
1	1.05718350015375	1.15284119662823	1.05718350015375	1.10779798901604	1.13901574847134	1.14956852245534	1.13901574847134	1.14007461594499	1.19870590054116	1.2352855644294	1.19870590054116	1.10779798901604	1.13901574847134	1.14956852245534	1.13901574847134	0.7746	0.59757046086361	0.706690496070446	0.597570460863612	0.624485281666886	0.570986482049637	0.508888365939345	0.570986482049634	0.507202366825419	0.540645545635874	0.536951552033332	0.540645545635874	0.624485281666887	0.570986482049635	0.508888365939346	0.570986482049639
1	1.05718299387259	1.15284034715742	1.05718299387259	1.10779854573812	1.13901558001499	1.14956786530648	1.13901558001499	1.1400751579948	1.1987067326151	1.23528424709262	1.1987067326151	1.10779854573812	1.13901558001499	1.14956786530648	1.13901558001499	0.7746	0.597570016429311	0.706690830591487	0.597570016429313	0.624485503236043	0.570986106312045	0.5088877305392	0.570986106312042	0.507202282241434	0.540646134035167	0.536950095947719	0.540646134035167	0.624485503236045	0.570986106312042	0.508887730539201	0.570986106312047
1	1.05718258539947	1.15283966150046	1.05718258539947	1.10779899491881	1.13901544414263	1.14956733527476	1.13901544414263	1.1400755954633	1.19870740366869	1.235283185049	1.19870740366869	1.10779899491881	1.13901544414263	1.14956733527476	1.13901544414263	0.7746	0.597569657948044	0.706691100469241	0.597569657948046	0.624485681954258	0.570985803161252	0.508887218006165	0.570985803161249	0.507202213921397	0.540646608682267	0.53694892105246	0.540646608682268	0.62448568195426	0.57098580316125	0.508887218006166	0.570985803161254
1	1.05718225585267	1.1528391082201	1.05718225585267	1.10779935731487	1.13901533453316	1.14956690772909	1.13901533453315	1.14007594843983	1.19870794496547	1.23528232838936	1.19870794496547	1.10779935731486	1.13901533453315	1.14956690772909	1.13901533453315	0.7746	0.597569368775898	0.706691318194078	0.5975693687759	0.624485826117871	0.570985558575341	0.508886804562402	0.570985558575338	0.507202158767349	0.540646991572121	0.536947973102937	0.540646991572122	0.624485826117872	0.570985558575339	0.508886804562404	0.570985558575343
1	1.05718198998866	1.15283866181745	1.05718198998866	1.1077996496845	1.13901524610394	1.14956656283677	1.13901524610394	1.14007623321431	1.19870838162529	1.23528163728307	1.19870838162529	1.1077996496845	1.13901524610394	1.14956656283677	1.13901524610394	0.7746	0.597569135503151	0.706691493843797	0.597569135503153	0.6244859424125	0.570985361242118	0.508886471041216	0.570985361242114	0.507202114253798	0.540647300447689	0.536947208283725	0.540647300447689	0.624485942412502	0.570985361242115	0.508886471041218	0.57098536124212
1	1.05718177550387	1.15283830166843	1.05718177550387	1.10779988555512	1.13901517476046	1.14956628461208	1.13901517476046	1.14007646295599	1.19870873388481	1.23528107971014	1.19870873388481	1.10779988555512	1.13901517476046	1.14956628461208	1.13901517476046	0.7746	0.597568947319472	0.7066916355492	0.597568947319474	0.624486036227997	0.570985202034224	0.508886201987728	0.57098520203422	0.507202078332996	0.540647549619701	0.536946591227252	0.540647549619702	0.624486036227998	0.570985202034221	0.508886201987729	0.570985202034226
1	1.05718160246993	1.15283801111484	1.05718160246993	1.10780007584346	1.13901511720122	1.14956606016465	1.13901511720122	1.14007664829768	1.19870901806113	1.23528062986583	1.19870901806113	1.10780007584346	1.13901511720122	1.14956606016465	1.13901511720122	0.7746	0.597568795507371	0.706691749870005	0.597568795507373	0.624486111910697	0.570985073586944	0.508885984937829	0.570985073586941	0.507202049348581	0.540647750630707	0.536946093391842	0.540647750630708	0.624486111910699	0.570985073586941	0.50888598493783	0.570985073586946
1	1.05718146287627	1.15283777671054	1.05718146287627	1.10780022935795	1.13901507076311	1.14956587909803	1.13901507076311	1.14007679781982	1.19870924731484	1.23528026693711	1.19870924731484	1.10780022935795	1.13901507076311	1.14956587909803	1.13901507076311	0.7746	0.597568673035854	0.706691842098315	0.597568673035856	0.624486172966016	0.57098496995785	0.508885809838379	0.570984969957847	0.507202025962306	0.540647912790909	0.536945691746602	0.540647912790909	0.624486172966018	0.570984969957848	0.50888580983838	0.570984969957853
1	1.05718135026014	1.15283758760544	1.05718135026014	1.10780035320524	1.1390150332976	1.14956573302649	1.1390150332976	1.14007691844515	1.19870943226182	1.23527997413263	1.19870943226182	1.10780035320523	1.1390150332976	1.14956573302649	1.1390150332976	0.7746	0.597568574233627	0.706691916503536	0.597568574233629	0.624486222221406	0.570984886352223	0.508885668580341	0.570984886352221	0.507202007093562	0.540648043610196	0.536945367708363	0.540648043610196	0.624486222221407	0.570984886352222	0.508885668580342	0.570984886352225
