1	1.00661305099312	1.01190355320094	1.00661305099312	1.00670831293807	1.01225915931959	1.01753302978074	1.01225915931932	1.01201744290288	1.01754857592386	1.02231754604471	1.01754857592386	1.00670831293807	1.01225915931932	1.01753302978074	1.01225915931959	0.368585954076311	0.320595400700119	0.301068358240629	0.32059540070012	0.321408958445525	0.305538858376448	0.297431782694237	0.305538858372347	0.300962325822988	0.296986709384632	0.289171515843176	0.296986709384632	0.321408958445526	0.305538858372347	0.297431782694237	0.305538858376449
1	1.01970548739763	1.03919629499553	1.01970548739763	1.02011473203925	1.03703874366542	1.05084034025071	1.03703874382633	1.03492011462017	1.05068349384792	1.06706257084279	1.05068349384792	1.02011473203925	1.03703874382633	1.05084034025071	1.03703874366542	0.504181148763131	0.448409311391426	0.45646490656415	0.448409311391427	0.450643479040777	0.436052717595813	0.416088875096661	0.436052718860637	0.419377541282912	0.414302238509934	0.417123660475133	0.414302238509935	0.450643479040778	0.436052718860637	0.416088875096662	0.436052717595814
1	1.02574527512552	1.05487578826292	1.02574527512552	1.02602787639939	1.04859240605406	1.06650591021751	1.04859240620659	1.04430309772167	1.06479767025617	1.0896027132479	1.06479767025617	1.02602787639939	1.04859240620659	1.06650591021751	1.04859240605406	0.554063833157458	0.492722175344754	0.517347487700121	0.492722175344755	0.499029519466868	0.48336048960089	0.463234427837665	0.483360490149533	0.460544293537791	0.456281857094792	0.47006250358156	0.456281857094792	0.499029519466868	0.483360490149533	0.463234427837665	0.483360489600891
1	1.0276298481472	1.06076909188614	1.0276298481472	1.02841066062199	1.05278033133228	1.07253406166134	1.05278033140753	1.04786648229163	1.06992154929189	1.09905238768293	1.06992154929189	1.02841066062199	1.05278033140753	1.07253406166134	1.05278033133228	0.572414647261699	0.507996994527995	0.539429336846403	0.507996994527995	0.516734437155208	0.50044548807733	0.481719674975148	0.500445488304212	0.47574907297059	0.471833480668968	0.491521327059099	0.471833480668968	0.516734437155208	0.500445488304212	0.481719674975148	0.50044548807733
1	1.02817228890281	1.06272414194649	1.02817228890281	1.02934508826305	1.05425872709186	1.07483838734978	1.05425872712398	1.04928219329961	1.0718602817756	1.10292947075552	1.0718602817756	1.02934508826305	1.05425872712398	1.07483838734978	1.05425872709186	0.579165534500715	0.513317924789985	0.547085373762374	0.513317924789985	0.523130410034118	0.506617503045034	0.488831385509833	0.506617503135283	0.481506754158829	0.477795203238529	0.500001032779781	0.477795203238529	0.523130410034119	0.506617503135283	0.488831385509833	0.506617503045035
1	1.02833202328828	1.0633446671858	1.02833202328828	1.02969399388589	1.05478062694389	1.07572424711462	1.05478062695685	1.04984086705127	1.0726192532657	1.10448925046998	1.0726192532657	1.02969399388589	1.05478062695685	1.07572424711462	1.05478062694389	0.581649047129637	0.515190887966857	0.549687895125979	0.515190887966858	0.52542984982495	0.508847227240581	0.491540269739279	0.508847227275958	0.483704105173539	0.480111917571559	0.50329757886004	0.480111917571559	0.525429849824951	0.508847227275958	0.49154026973928	0.508847227240582
1	1.02838099665958	1.06353625202374	1.02838099665958	1.02982004815208	1.05496494989669	1.07606485581456	1.0549649499018	1.05005837235455	1.07292061817104	1.10510642578757	1.07292061817104	1.02982004815208	1.0549649499018	1.07606485581456	1.05496494989669	0.58256268040247	0.515854942182699	0.550564275455133	0.515854942182699	0.526255400341895	0.509652811139773	0.49256810816365	0.509652811153566	0.48454335530025	0.481015918071448	0.504569499164812	0.481015918071448	0.526255400341896	0.509652811153566	0.49256810816365	0.509652811139774
1	1.02839643004948	1.06359353653758	1.02839643004948	1.02986484649321	1.05503000785488	1.07619557985953	1.05503000785688	1.05014233591199	1.07304082945409	1.1053482350908	1.07304082945409	1.02986484649321	1.05503000785688	1.07619557985952	1.05503000785488	0.582898787337696	0.516091675733775	0.550857479654587	0.516091675733776	0.526551757719406	0.509943953376807	0.492957630900979	0.509943953382172	0.484863485969611	0.481369191211694	0.505058949484317	0.481369191211694	0.526551757719406	0.509943953382172	0.492957630900979	0.509943953376808
1	1.02840135263335	1.06360986273664	1.02840135263335	1.02988065245147	1.05505294000741	1.07624565586533	1.05505294000819	1.05017459224204	1.07308882984863	1.10544252113817	1.07308882984863	1.02988065245147	1.05505294000819	1.07624565586533	1.05505294000741	0.583022434177812	0.516176482708678	0.550954953410449	0.516176482708679	0.52665818135123	0.510049222378935	0.493105213631801	0.510049222381022	0.484985389759813	0.48150737755367	0.505247212992415	0.48150737755367	0.52665818135123	0.510049222381022	0.493105213631801	0.510049222378936
1	1.0284029249158	1.063614151645	1.0284029249158	1.02988621250778	1.05506100845886	1.07626480681439	1.05506100845917	1.05018694532661	1.07310799512423	1.10547921115833	1.07310799512423	1.02988621250778	1.05506100845917	1.07626480681439	1.05506100845886	0.583067921288223	0.516207008373058	0.550987121493224	0.516207008373059	0.526696420892247	0.51008730465454	0.493161131302078	0.510087304655351	0.485031729874663	0.481561479482575	0.505319661038385	0.481561479482576	0.526696420892248	0.510087304655351	0.493161131302078	0.510087304654541
