1	1.06332466388038	1.1110646103096	1.06332466388038	1.06332466388025	1.12758841888459	1.15206717754898	1.12758841896707	1.11106461030949	1.15206717754853	1.18455744915592	1.15206717754853	1.06332466388025	1.12758841896707	1.15206717754898	1.12758841888459	0.735525077353986	0.629155870132089	0.585809721366141	0.62915587013209	0.629155870131959	0.639098365209227	0.562494412267369	0.639098365461405	0.585809721366209	0.562494412266843	0.535962438256945	0.562494412266843	0.62915587013196	0.639098365461405	0.562494412267369	0.639098365209229
1	1.07996549139385	1.13608194526985	1.07996549139385	1.07996549139377	1.16146334641102	1.18450903988851	1.16146334653729	1.1360819452698	1.18450903988817	1.2203880140613	1.18450903988816	1.07996549139377	1.16146334653729	1.18450903988851	1.16146334641102	0.798045357645766	0.672170055029574	0.62140096174637	0.672170055029575	0.672170055029487	0.687303149393141	0.594309476804194	0.687303149709449	0.62140096174641	0.594309476803824	0.563876184642236	0.594309476803825	0.672170055029489	0.687303149709449	0.594309476804195	0.687303149393143
1	1.08946555368999	1.14985102172951	1.08946555368998	1.08946555368993	1.1810676657342	1.20136638467436	1.18106766589074	1.14985102172947	1.20136638467412	1.23853286882073	1.20136638467412	1.08946555368993	1.18106766589074	1.20136638467436	1.1810676657342	0.835965824338789	0.698317397260828	0.644485298909026	0.69831739726083	0.698317397260771	0.717244224198953	0.61482877974505	0.717244224551403	0.644485298909049	0.614828779744793	0.582749793891574	0.614828779744794	0.698317397260773	0.717244224551403	0.614828779745051	0.717244224198954
1	1.09485897728144	1.1577765975161	1.09485897728144	1.09485897728141	1.19233737756529	1.21067635787451	1.19233737773896	1.15777659751608	1.21067635787435	1.24871180537488	1.21067635787434	1.09485897728141	1.19233737773896	1.21067635787451	1.19233737756529	0.858965750091466	0.714089984807809	0.659244882074356	0.71408998480781	0.714089984807772	0.735338362852595	0.62790634632511	0.73533836321998	0.65924488207437	0.627906346324936	0.595228440690785	0.627906346324936	0.714089984807773	0.73533836321998	0.627906346325111	0.735338362852596
1	1.09792936204059	1.16251916211265	1.09792936204059	1.09792936204057	1.19877030717991	1.21610263054158	1.1987703073606	1.16251916211264	1.21610263054147	1.25488460205771	1.21610263054147	1.09792936204057	1.1987703073606	1.21610263054158	1.19877030717991	0.872915910303101	0.723569037790001	0.668660459986518	0.723569037790003	0.723569037789977	0.746072872055116	0.636213582884903	0.746072872423041	0.668660459986525	0.636213582884787	0.603416213383948	0.636213582884788	0.723569037789979	0.746072872423041	0.636213582884904	0.746072872055117
1	1.09968825609852	1.16544787580852	1.09968825609852	1.09968825609851	1.20241370038159	1.21939734889871	1.20241370056249	1.16544787580851	1.21939734889864	1.25881863831981	1.21939734889864	1.09968825609851	1.20241370056249	1.21939734889871	1.20241370038159	0.881377110206302	0.729257159271632	0.674676086285528	0.729257159271634	0.729257159271617	0.75236226478134	0.641489088726118	0.752362265141301	0.674676086285532	0.641489088726041	0.608773996560782	0.641489088726042	0.729257159271619	0.752362265141301	0.641489088726119	0.752362264781342
1	1.10070272718612	1.16729987862203	1.10070272718611	1.10070272718611	1.20445919064076	1.22145422463633	1.20445919081782	1.16729987862202	1.22145422463628	1.26139631981213	1.22145422463628	1.1007027271861	1.20445919081782	1.22145422463633	1.20445919064075	0.886509087397792	0.732669425216816	0.67853129661917	0.732669425216818	0.732669425216808	0.756014774321493	0.644842003864145	0.756014774669124	0.678531296619171	0.644842003864092	0.612276286421111	0.644842003864092	0.732669425216809	0.756014774669124	0.644842003864145	0.756014774321494
1	1.10129132653789	1.16849125866662	1.10129132653789	1.10129132653789	1.20559607471358	1.22276102594673	1.20559607488478	1.16849125866661	1.2227610259467	1.26310861853582	1.2227610259467	1.10129132653789	1.20559607488478	1.22276102594673	1.20559607471357	0.889621788920336	0.734717273579212	0.681011627102924	0.734717273579214	0.734717273579206	0.758121233739517	0.646975661357995	0.758121234073415	0.681011627102923	0.646975661357958	0.614564736963107	0.646975661357959	0.734717273579208	0.758121234073415	0.646975661357995	0.758121233739518
1	1.10163442035203	1.16926719483462	1.10163442035203	1.10163442035203	1.20622034528143	1.22360008252542	1.20622034544595	1.16926719483462	1.22360008252539	1.26425267584447	1.22360008252539	1.10163442035203	1.20622034544595	1.22360008252542	1.20622034528142	0.891509737831625	0.735947351965998	0.682614468551127	0.735947351966	0.735947351965995	0.759328490063838	0.64833542952115	0.75932849038372	0.682614468551126	0.648335429521125	0.616059876279476	0.648335429521126	0.735947351965996	0.75932849038372	0.648335429521151	0.759328490063839
1	1.10183507934069	1.16977721236474	1.10183507934068	1.10183507934068	1.20655790917564	1.22414215767545	1.2065579093333	1.16977721236474	1.22414215767543	1.26501832124725	1.22414215767543	1.10183507934068	1.2065579093333	1.22414215767545	1.20655790917564	0.89265483673135	0.736687105090353	0.683655170406182	0.736687105090355	0.736687105090351	0.760015992330302	0.649203374884511	0.760015992636447	0.683655170406184	0.649203374884495	0.617036766548722	0.649203374884496	0.736687105090353	0.760015992636447	0.649203374884512	0.760015992330304
1	1.10195269882192	1.17011484143315	1.10195269882192	1.10195269882192	1.20673673620863	1.22449362743582	1.20673673635953	1.17011484143315	1.22449362743581	1.26553051248909	1.22449362743581	1.10195269882192	1.20673673635953	1.22449362743582	1.20673673620863	0.89334937432279	0.737132622782612	0.684334183013976	0.737132622782614	0.737132622782612	0.760404714430284	0.649758293091853	0.760404714723215	0.684334183013979	0.649758293091843	0.617675148637559	0.649758293091844	0.737132622782614	0.760404714723215	0.649758293091853	0.760404714430285
1	1.10202173762642	1.17033965148956	1.10202173762642	1.10202173762642	1.20682877723403	1.22472198981726	1.20682877737842	1.17033965148956	1.22472198981725	1.26587269899575	1.22472198981725	1.10202173762642	1.20682877737842	1.22472198981725	1.20682877723402	0.893770632669331	0.737401375149511	0.684779371292235	0.737401375149513	0.737401375149511	0.760622632525618	0.650113660085328	0.760622632805953	0.684779371292237	0.650113660085319	0.61809241768867	0.65011366008532	0.737401375149512	0.760622632805953	0.650113660085328	0.760622632525619
1	1.10206228869435	1.17049007695483	1.10206228869435	1.10206228869435	1.20687414249168	1.22487054781508	1.20687414262987	1.17049007695483	1.22487054781508	1.26610092796747	1.22487054781508	1.10206228869435	1.20687414262987	1.22487054781508	1.20687414249167	0.894026138785248	0.737563788523202	0.685072644512992	0.737563788523204	0.737563788523202	0.760743506056821	0.650341602427034	0.760743506325182	0.685072644512993	0.650341602427028	0.618365233764328	0.650341602427029	0.737563788523204	0.760743506325182	0.650341602427035	0.760743506056823
1	1.10208611021799	1.17059115798113	1.10208611021799	1.10208611021799	1.2068949603264	1.2249672622087	1.20689496045869	1.17059115798113	1.2249672622087	1.2662528894312	1.2249672622087	1.10208611021799	1.20689496045869	1.2249672622087	1.2068949603264	0.894181111081196	0.737662130480385	0.68526672146815	0.737662130480387	0.737662130480385	0.760809641553219	0.650488039268569	0.760809641810199	0.68526672146815	0.650488039268566	0.61854365647092	0.650488039268566	0.737662130480386	0.760809641810199	0.65048803926857	0.760809641553221
1	1.10210009965542	1.17065933350599	1.10210009965542	1.10210009965542	1.20690327711259	1.22503025429545	1.20690327723927	1.17065933350599	1.22503025429545	1.2663539032972	1.22503025429545	1.10210009965542	1.20690327723927	1.22503025429545	1.20690327711259	0.894275106530377	0.737721801549888	0.685395704284588	0.737721801549889	0.737721801549889	0.760845176164539	0.650582255158436	0.760845176410691	0.685395704284589	0.650582255158435	0.618660380277233	0.650582255158436	0.73772180154989	0.760845176410691	0.650582255158436	0.76084517616454
1	1.10210830927218	1.17070546520455	1.10210830927218	1.10210830927218	1.20690553507336	1.22507129433811	1.2069055351947	1.17070546520455	1.22507129433811	1.26642094857462	1.22507129433811	1.10210830927218	1.2069055351947	1.22507129433811	1.20690553507336	0.894332117651932	0.737758088746021	0.685481766459197	0.737758088746023	0.737758088746021	0.760863795435608	0.650642958565521	0.760863795671447	0.685481766459198	0.650642958565521	0.618736763221996	0.650642958565522	0.737758088746023	0.760863795671447	0.650642958565522	0.76086379543561
1	1.10211312180921	1.17073676965859	1.10211312180921	1.10211312180921	1.20690509529519	1.22509803745429	1.20690509541144	1.17073676965859	1.22509803745429	1.26646538687533	1.22509803745428	1.10211312180921	1.20690509541144	1.22509803745429	1.20690509529519	0.894366696644698	0.737780207516557	0.685539399631003	0.737780207516559	0.737780207516558	0.76087320053551	0.650682122049361	0.760873200761509	0.685539399631003	0.650682122049361	0.618786761710269	0.650682122049362	0.737780207516559	0.760873200761509	0.650682122049362	0.760873200535512
1	1.10211593885225	1.17075806475275	1.10211593885225	1.10211593885225	1.20690364930839	1.22511546595628	1.20690364941979	1.17075806475275	1.22511546595628	1.26649480346512	1.22511546595628	1.10211593885225	1.20690364941979	1.22511546595628	1.20690364930839	0.894387669873316	0.737793723151868	0.685578122569959	0.737793723151869	0.73779372315187	0.760877684391074	0.650707420511469	0.760877684607677	0.685578122569959	0.650707420511468	0.618819498767866	0.650707420511469	0.737793723151871	0.760877684607677	0.650707420511469	0.760877684391076
1	1.10211758467871	1.17077258225047	1.10211758467871	1.10211758467871	1.2069020005749	1.22512682522636	1.20690200068167	1.17077258225046	1.22512682522636	1.26651425548388	1.22512682522636	1.10211758467871	1.20690200068167	1.22512682522636	1.2069020005749	0.894400390782729	0.737802003097539	0.685604217371666	0.737802003097541	0.737802003097542	0.760879611482427	0.650723781597345	0.760879611690046	0.685604217371667	0.650723781597345	0.618840939096805	0.650723781597346	0.737802003097543	0.760879611690046	0.650723781597346	0.760879611482428
1	1.10211854393572	1.17078249764086	1.10211854393571	1.10211854393571	1.20690049389212	1.22513422919975	1.20690049399446	1.17078249764086	1.22513422919975	1.26652710593978	1.22513422919975	1.10211854393571	1.20690049399446	1.22513422919975	1.20690049389212	0.89440810640407	0.73780708910515	0.68562184895327	0.737807089105151	0.737807089105151	0.760880263644638	0.650734374125796	0.760880263843663	0.685621848953271	0.650734374125796	0.618854984238584	0.650734374125796	0.737807089105152	0.760880263843663	0.650734374125796	0.76088026364464
1	1.10211910136612	1.17078928056979	1.10211910136612	1.10211910136612	1.20689924632912	1.22513905524266	1.20689924642722	1.17078928056979	1.22513905524266	1.26653558797062	1.22513905524266	1.10211910136612	1.20689924642722	1.22513905524266	1.20689924632912	0.894412786163083	0.737810221839734	0.685633790193645	0.737810221839736	0.737810221839736	0.760880321023653	0.65074123883147	0.760880321214451	0.685633790193646	0.650741238831471	0.618864186964872	0.650741238831472	0.737810221839738	0.760880321214451	0.650741238831471	0.760880321023654
1	1.10211942408179	1.17079392702675	1.10211942408179	1.10211942408179	1.20689826914038	1.22514220102907	1.20689826923442	1.17079392702675	1.22514220102908	1.2665411825828	1.22514220102908	1.10211942408179	1.20689826923442	1.22514220102907	1.20689826914037	0.894415624577125	0.737812156933414	0.685641894304532	0.737812156933416	0.737812156933416	0.760880133670573	0.650745691743474	0.760880133853495	0.685641894304535	0.650745691743478	0.61887021798344	0.650745691743478	0.737812156933418	0.760880133853495	0.650745691743475	0.760880133670575
1	1.10211960986064	1.17079711543868	1.10211960986064	1.10211960986064	1.20689752932126	1.22514425261431	1.20689752941141	1.17079711543867	1.22514425261431	1.26654487417899	1.22514425261431	1.10211960986064	1.20689752941141	1.22514425261431	1.20689752932126	0.894417346146506	0.73781335578134	0.685647403773992	0.737813355781342	0.737813355781342	0.760879873774973	0.650748582397545	0.760879873950348	0.685647403773993	0.650748582397549	0.618874170116116	0.650748582397549	0.737813355781344	0.760879873950348	0.650748582397546	0.760879873774974
1	1.102119716523	1.17079930186385	1.102119716523	1.102119716523	1.20689698490051	1.22514558847152	1.20689698498694	1.17079930186385	1.22514558847153	1.26654730081916	1.22514558847153	1.102119716523	1.20689698498694	1.22514558847152	1.20689698490051	0.894418390341101	0.737814100576996	0.685651156057428	0.737814100576998	0.737814100576998	0.760879619086351	0.650750460820277	0.760879619254494	0.685651156057429	0.65075046082028	0.618876762191096	0.650750460820281	0.737814100577	0.760879619254494	0.650750460820278	0.760879619086352
1	1.10211977726855	1.1708008031506	1.10211977726855	1.10211977726855	1.20689659061304	1.22514645871255	1.2068965906959	1.1708008031506	1.22514645871255	1.26654889703632	1.22514645871255	1.10211977726855	1.2068965906959	1.22514645871255	1.20689659061303	0.894419023683192	0.737814564691316	0.68565371505866	0.737814564691318	0.737814564691318	0.760879400252303	0.650751682308425	0.760879400413516	0.685653715058661	0.650751682308429	0.618878462299225	0.650751682308429	0.737814564691319	0.760879400413516	0.650751682308426	0.760879400252305
1	1.10211981153408	1.17080183489872	1.10211981153408	1.10211981153408	1.2068963086349	1.22514702572082	1.20689630871435	1.17080183489872	1.22514702572082	1.26654994699017	1.22514702572082	1.10211981153408	1.20689630871435	1.22514702572082	1.2068963086349	0.894419407828261	0.737814854776677	0.685655462331079	0.737814854776678	0.737814854776678	0.760879224709691	0.650752477127754	0.760879224864263	0.68565546233108	0.650752477127758	0.618879577502859	0.650752477127759	0.73781485477668	0.760879224864263	0.650752477127755	0.760879224709693
1	1.10211983063021	1.17080254440394	1.1021198306302	1.1021198306302	1.20689610896815	1.22514739516038	1.20689610904432	1.17080254440394	1.22514739516038	1.26655063743986	1.22514739516038	1.1021198306302	1.20689610904432	1.22514739516038	1.20689610896814	0.894419640826251	0.737815036636617	0.685656656588355	0.737815036636619	0.737815036636618	0.760879089678344	0.650752994629616	0.76087908982655	0.685656656588357	0.650752994629619	0.61888030913483	0.650752994629619	0.737815036636619	0.76087908982655	0.650752994629617	0.760879089678345
1	1.10211984110414	1.17080303253842	1.10211984110414	1.10211984110414	1.20689596869329	1.22514763585589	1.20689596876633	1.17080303253842	1.22514763585589	1.26655109132426	1.22514763585589	1.10211984110414	1.20689596876633	1.22514763585588	1.20689596869329	0.894419782148026	0.737815150990705	0.685657473586477	0.737815150990707	0.737815150990706	0.760878988679876	0.650753331761807	0.76087898882198	0.685657473586481	0.650753331761808	0.618880789194593	0.650753331761809	0.737815150990708	0.76087898882198	0.650753331761808	0.760878988679877
1	1.10211984672486	1.17080336848976	1.10211984672486	1.10211984672486	1.20689587076126	1.2251477926552	1.20689587083129	1.17080336848976	1.2251477926552	1.26655138959202	1.2251477926552	1.10211984672486	1.20689587083129	1.2251477926552	1.20689587076126	0.894419867864836	0.737815223111023	0.685658032926388	0.737815223111025	0.737815223111023	0.760878914622172	0.650753551504538	0.760878914758428	0.685658032926391	0.650753551504539	0.618881104231962	0.650753551504539	0.737815223111024	0.760878914758428	0.650753551504539	0.760878914622174
1	1.10211984964806	1.17080359976514	1.10211984964806	1.10211984964806	1.2068958027357	1.22514789478666	1.20689580280284	1.17080359976514	1.22514789478666	1.26655158553153	1.22514789478666	1.10211984964806	1.20689580280284	1.22514789478666	1.20689580273569	0.894419919855205	0.737815268729079	0.685658416116676	0.737815268729081	0.737815268729078	0.760878861109044	0.650753694801546	0.760878861239692	0.685658416116679	0.650753694801548	0.618881311004069	0.650753694801549	0.737815268729079	0.760878861239692	0.650753694801547	0.760878861109046
1	1.10211985109693	1.1708037590115	1.10211985109693	1.10211985109693	1.20689575567717	1.22514796129933	1.20689575574156	1.1708037590115	1.22514796129933	1.26655171420889	1.22514796129933	1.10211985109693	1.20689575574156	1.22514796129933	1.20689575567717	0.89441995138926	0.737815297666888	0.685658678777643	0.737815297666889	0.737815297666887	0.760878822869568	0.650753788288662	0.760878822994838	0.685658678777646	0.650753788288663	0.61888144673654	0.650753788288664	0.737815297666888	0.760878822994838	0.650753788288663	0.760878822869569
