1	1.08441264789163	1.12179385500199	1.08441264789163	1.08396041041761	1.16291699702079	1.19520118095446	1.16291699702079	1.15963886458272	1.19460802123028	1.21783649838256	1.19460802123028	1.08396041041761	1.16291699702079	1.19520118095446	1.16291699702079	0.80362123084927	0.671413198287473	0.562682027540945	0.671413198287475	0.670985116824156	0.661035480894826	0.589153632933768	0.661035480894829	0.658490455108339	0.588724516057004	0.536103700514129	0.588724516057005	0.670985116824158	0.661035480894829	0.589153632933769	0.661035480894828
1	1.10654653528627	1.14726488727705	1.10654653528626	1.10580328693562	1.20317466417941	1.23587149258446	1.20317466417941	1.19886184611044	1.23519032876462	1.25771253910989	1.23519032876462	1.10580328693562	1.20317466417941	1.23587149258446	1.2031746641794	0.868363374394574	0.712871628934442	0.586292115585894	0.712871628934444	0.712737949954219	0.709930424795031	0.617583893307225	0.709930424795034	0.700596092978112	0.617552925540753	0.556955274270035	0.617552925540754	0.71273794995422	0.709930424795034	0.617583893307226	0.709930424795033
1	1.12101624601542	1.1620493327914	1.12101624601542	1.11904801105249	1.23038624718239	1.25919721416639	1.23038624718239	1.22256827281154	1.25782049289217	1.27873025283838	1.25782049289217	1.11904801105249	1.23038624718239	1.25919721416639	1.23038624718239	0.911761331008504	0.74122190791877	0.603504390733875	0.741221907918772	0.740802260410674	0.744703407419154	0.638410230601772	0.744703407419156	0.730766879707378	0.638474210595474	0.573140816026914	0.638474210595475	0.740802260410676	0.744703407419156	0.638410230601773	0.744703407419155
1	1.1304317326641	1.17108697784995	1.1304317326641	1.12697613566667	1.24859380536018	1.27333477810275	1.24859380536018	1.23718871797586	1.27107154383823	1.2908873123909	1.27107154383823	1.12697613566667	1.24859380536018	1.27333477810275	1.24859380536018	0.940851851241295	0.760458811674348	0.615887275583893	0.76045881167435	0.759412226850299	0.768872907703133	0.65327908451357	0.768872907703135	0.751821159034718	0.653227680037316	0.585062242365272	0.653227680037317	0.759412226850301	0.768872907703135	0.653279084513572	0.768872907703135
1	1.13655602153947	1.17687890855064	1.13655602153947	1.13168984641879	1.26068190173857	1.28231306008036	1.26068190173857	1.24635592127337	1.27917660317562	1.29848450291146	1.27917660317562	1.13168984641879	1.26068190173857	1.28231306008036	1.26068190173857	0.96035181010918	0.77345289096034	0.62472785207316	0.773452890960342	0.7716536898029	0.785390322082616	0.663785618155287	0.785390322082618	0.766270226618531	0.663503441292223	0.593665690920561	0.663503441292224	0.771653689802903	0.785390322082618	0.663785618155288	0.785390322082618
1	1.14054984822824	1.18073240795962	1.14054984822824	1.13448691186269	1.26865969266943	1.28823013212748	1.26865969266943	1.25217855338495	1.28432074813677	1.30351267860149	1.28432074813677	1.13448691186269	1.26865969266943	1.28823013212748	1.26865969266943	0.973423023440835	0.782208275658093	0.631003118142286	0.782208275658095	0.779669322967814	0.796541434552245	0.67118185319096	0.796541434552247	0.776078590594031	0.670623236185751	0.599821163262327	0.670623236185752	0.779669322967816	0.796541434552247	0.671181853190961	0.796541434552247
1	1.14316549212865	1.18336468776955	1.14316549212865	1.13614782968395	1.27390043451257	1.2922409606204	1.27390043451257	1.2559115402321	1.2876843793228	1.30697325096798	1.2876843793228	1.13614782968394	1.27390043451257	1.2922409606204	1.27390043451257	0.982184919771346	0.788100424245355	0.635435418269697	0.788100424245357	0.784904785594736	0.804005203940964	0.676384168658691	0.804005203940965	0.782688266438419	0.675546710242741	0.604207236599831	0.675546710242742	0.784904785594738	0.804005203940965	0.676384168658692	0.804005203940966
1	1.14488696695639	1.18519276373364	1.14488696695638	1.13713558083664	1.27733033329636	1.29501612059549	1.27733033329636	1.25831961298377	1.28993466830123	1.30941449751724	1.28993466830123	1.13713558083664	1.27733033329636	1.29501612059549	1.27733033329636	0.98805819453869	0.79206396219311	0.638552175133558	0.792063962193112	0.788319831351354	0.808971066419675	0.680045163671793	0.808971066419676	0.787120200777835	0.678949918847399	0.607325556160787	0.6789499188474	0.788319831351356	0.808971066419676	0.680045163671794	0.808971066419676
1	1.14602546506973	1.18647394795866	1.14602546506973	1.1377235301463	1.27956812210659	1.29696452558678	1.27956812210659	1.25987854230076	1.29146569703262	1.31116177378424	1.29146569703262	1.1377235301463	1.27956812210659	1.29696452558678	1.27956812210659	0.991995168358887	0.794730332536291	0.640735170746064	0.794730332536293	0.790545984132065	0.812261216428785	0.68262445201641	0.812261216428788	0.790081484835592	0.681303017375489	0.609539399476396	0.68130301737549	0.790545984132067	0.812261216428788	0.682624452016411	0.812261216428787
1	1.14678177757216	1.1873754885884	1.14678177757216	1.13807324809231	1.28102418850338	1.29834646621359	1.28102418850338	1.26088924520066	1.29251993740771	1.31242205511376	1.29251993740771	1.13807324809231	1.28102418850338	1.29834646621359	1.28102418850338	0.994634200835726	0.79652478341211	0.642258738572949	0.796524783412112	0.791996777573749	0.814434672686812	0.684444334501488	0.814434672686814	0.792055047133425	0.682931148189833	0.611109502321263	0.682931148189834	0.791996777573752	0.814434672686814	0.684444334501489	0.814434672686814
1	1.14728617329889	1.18801041165799	1.14728617329889	1.13828062814519	1.28196925388941	1.29933356016084	1.28196925388941	1.26154441956217	1.29325196774373	1.31333427906981	1.29325196774373	1.13828062814518	1.28196925388941	1.29933356016084	1.2819692538894	0.996403197214431	0.797733185281424	0.643318721104378	0.797733185281426	0.79294227471347	0.81586733949078	0.685730535316859	0.815867339490783	0.793367730997523	0.684058665277962	0.612222179646157	0.684058665277963	0.792942274713473	0.815867339490783	0.68573053531686	0.815867339490781
1	1.14762369957963	1.1884570927325	1.14762369957963	1.13840286135441	1.28258116091644	1.30004208590267	1.28258116091644	1.26196850299849	1.2937632001752	1.31399524140059	1.2937632001752	1.13840286135441	1.28258116091644	1.30004208590267	1.28258116091644	0.997588990963726	0.798547567690605	0.644054105857474	0.798547567690607	0.793558585527357	0.816810128605091	0.686641154596968	0.816810128605094	0.794239414034143	0.684840271011937	0.61301021028381	0.684840271011938	0.793558585527359	0.816810128605094	0.686641154596969	0.816810128605093
1	1.1478502176504	1.18877068553424	1.1478502176504	1.13847420550921	1.28297635971708	1.30055242277758	1.28297635971708	1.26224228685236	1.29412164289301	1.31447395994446	1.29412164289301	1.13847420550921	1.28297635971708	1.30055242277758	1.28297635971707	0.998383852289881	0.799096894671873	0.644563018305001	0.799096894671875	0.793960460386275	0.817429693000967	0.687287025087361	0.81742969300097	0.794817409784018	0.685382653613652	0.613568047641274	0.685382653613653	0.793960460386277	0.81742969300097	0.687287025087362	0.817429693000969
1	1.14800261849293	1.18899027416865	1.14800261849292	1.13851524090852	1.28323090309456	1.30092093172806	1.28323090309456	1.26241838474166	1.29437363949021	1.31482028950752	1.29437363949021	1.13851524090852	1.28323090309456	1.30092093172806	1.28323090309456	0.99891666377236	0.799467792282669	0.644914417591127	0.799467792282671	0.794222637566924	0.817836349448573	0.687745944833471	0.817836349448576	0.795200134313997	0.685759431213662	0.613962788244137	0.685759431213663	0.794222637566926	0.817836349448576	0.687745944833472	0.817836349448575
1	1.14810537947172	1.18914361245075	1.14810537947172	1.1385383421188	1.28339435230587	1.30118752810405	1.28339435230587	1.26253110463392	1.29455113128316	1.31507047177117	1.29455113128316	1.1385383421188	1.28339435230587	1.30118752810405	1.28339435230587	0.999273817990274	0.799718474544498	0.645156570562366	0.7997184745445	0.794393786373736	0.818102951058748	0.688072608909496	0.81810295105875	0.795453200804232	0.686021444682311	0.614242041505434	0.686021444682312	0.794393786373738	0.81810295105875	0.688072608909497	0.81810295105875
1	1.14817480595501	1.18925039243274	1.14817480595501	1.13855093888579	1.28349894142069	1.30138067691434	1.28349894142069	1.26260281718199	1.29467630778695	1.31525091240303	1.29467630778695	1.13855093888578	1.28349894142069	1.30138067691434	1.28349894142069	0.999513225622109	0.799888087566569	0.645323141219092	0.799888087566571	0.794505599644779	0.818277527697648	0.688305536803992	0.818277527697649	0.795620283790419	0.686203839362069	0.614439558451225	0.68620383936207	0.794505599644781	0.818277527697649	0.688305536803993	0.818277527697649
1	1.14822179588025	1.18932455296523	1.14822179588025	1.1385574739047	1.28356559514611	1.30152077645153	1.28356559514611	1.26264809361179	1.29476466827435	1.31538084950403	1.29476466827435	1.1385574739047	1.28356559514611	1.30152077645153	1.2835655951461	0.999673705356765	0.800002975912638	0.645437535517961	0.80000297591264	0.794578717664906	0.818391702255429	0.688471906075649	0.818391702255431	0.795730416872068	0.686330936666854	0.614579247792335	0.686330936666855	0.794578717664908	0.818391702255431	0.68847190607565	0.818391702255431
