1	17.230632990744	2.20512234402704	17.2306329907442	17.2306329868389	2.5742603961617	1.14679079562315	2.57426039861079	2.20512234108997	1.14679079554391	22.8191641521677	1.1467907955439	17.2306329868391	2.57426039861079	1.14679079562314	2.57426039616207	16	6.2293249560994	0.503263300440595	6.22932495609951	6.22932495384339	0.61287699264909	-0.118782108995791	0.612876993253585	0.503263299528924	-0.118782108956074	-4.2030501088543	-0.118782108956068	6.2293249538435	0.612876993253584	-0.118782108995785	0.612876992649196
1	1.00000000283846	1.00000000114796	1.00000000283846	1.00000000285455	1.0000000013289	1.00000000021926	1.0000000013289	1.00000000114344	1.00000000021926	1.00000000304751	1.00000000021926	1.00000000285455	1.0000000013289	1.00000000021926	1.0000000013289	16	9.99999999999838	3.99999999999169	9.99999999999846	9.99999999999838	3.99999999999187	-1.99999999998822	3.99999999999195	3.99999999999169	-1.99999999998822	-7.99999999980556	-1.99999999998814	9.99999999999846	3.99999999999195	-1.99999999998814	3.99999999999203
1	1.00000000335779	1.00000000164289	1.00000000335779	1.00000000375848	1.00000000164289	1	1.00000000164289	1.00000000164289	1	1.00000000375848	1	1.00000000375848	1.00000000164289	1	1.00000000164289	16	9.99999999999998	4	10.0000000000001	9.99999999999998	3.99999999999996	-2.00000000000002	4.00000000000004	4	-2.00000000000002	-7.99767402899032	-1.99999999999994	10.0000000000001	4.00000000000004	-1.99999999999994	4.00000000000013
1	1.00000000291189	1.00000000195215	1.00000000291189	1.00000000291189	1.00000000195215	1	1.00000000195215	1.00000000195215	1	1.00000000291189	1	1.00000000291189	1.00000000195215	1	1.00000000195215	16	9.99999999999998	4	10.0000000000001	9.99999999999998	3.99999999999996	-2.00000000000002	4.00000000000004	4	-2.00000000000002	-8.00083973881299	-1.99999999999994	10.0000000000001	4.00000000000004	-1.99999999999994	4.00000000000013
1	1.00000000245073	1.00000000164432	1.00000000245073	1.00000000245073	1.00000000164432	1	1.00000000164432	1.00000000164432	1	1.00000000245073	1	1.00000000245073	1.00000000164432	1	1.00000000164432	16	9.99999999999998	4	10.0000000000001	9.99999999999998	3.99999999999996	-2.00000000000002	4.00000000000004	4	-2.00000000000002	-8.00045370765133	-1.99999999999994	10.0000000000001	4.00000000000004	-1.99999999999994	4.00000000000013
1	1.00000000210593	1.00000000140595	1.00000000210593	1.00000000210593	1.00000000140595	1	1.00000000140595	1.00000000140595	1	1.00000000210593	1	1.00000000210593	1.00000000140595	1	1.00000000140595	16	9.99999999999998	4	10.0000000000001	9.99999999999998	3.99999999999996	-2.00000000000002	4.00000000000004	4	-2.00000000000002	-8.00072464242529	-1.99999999999994	10.0000000000001	4.00000000000004	-1.99999999999994	4.00000000000013
1	1.00000000186582	1.00000000112866	1.00000000186582	1.00000000186582	1.00000000112866	1	1.00000000112866	1.00000000112866	1	1.00000000186582	1	1.00000000186582	1.00000000112866	1	1.00000000112866	16	9.99999999999998	4	10.0000000000001	9.99999999999998	3.99999999999996	-2.00000000000002	4.00000000000004	4	-2.00000000000002	-8.00230341240485	-1.99999999999994	10.0000000000001	4.00000000000004	-1.99999999999994	4.00000000000013
1	1.00000000452654	1.00000000223387	1.00000000452654	1.00000000452654	1.00000000223387	1	1.00000000223387	1.00000000223387	1	1.00000000452654	1	1.00000000452654	1.00000000223387	1	1.00000000223387	16	9.99999999999998	4	10.0000000000001	9.99999999999998	3.99999999999996	-2.00000000000002	4.00000000000004	4	-2.00000000000002	-8.00038080333544	-1.99999999999994	10.0000000000001	4.00000000000004	-1.99999999999994	4.00000000000013
1	1.0000000008368	1.0000000004128	1.0000000008368	1.0000000008368	1.0000000004128	1	1.0000000004128	1.0000000004128	1	1.0000000008368	1	1.0000000008368	1.0000000004128	1	1.0000000004128	16	9.99999999999998	4	10.0000000000001	9.99999999999998	3.99999999999996	-2.00000000000002	4.00000000000004	4	-2.00000000000002	-8.00020105448117	-1.99999999999994	10.0000000000001	4.00000000000004	-1.99999999999994	4.00000000000013
1	1.0000000015708	1.0000000015708	1.0000000015708	1.0000000015708	1.0000000015708	1	1.0000000015708	1.0000000015708	1	1.0000000015708	1	1.0000000015708	1.0000000015708	1	1.0000000015708	16	9.99999999999998	4	10.0000000000001	9.99999999999998	3.99999999999996	-2.00000000000002	4.00000000000004	4	-2.00000000000002	-7.99585628901745	-1.99999999999994	10.0000000000001	4.00000000000004	-1.99999999999994	4.00000000000013
1	1.00000000121653	1.00000000121653	1.00000000121653	1.00000000121653	1.00000000121653	1	1.00000000121653	1.00000000121653	1	1.00000000121653	1	1.00000000121653	1.00000000121653	1	1.00000000121653	16	9.99999999999998	4	10.0000000000001	9.99999999999998	3.99999999999996	-2.00000000000002	4.00000000000004	4	-2.00000000000002	-8.00107950629368	-1.99999999999994	10.0000000000001	4.00000000000004	-1.99999999999994	4.00000000000013
1	1.00000000110537	1.00000000110537	1.00000000110537	1.00000000110537	1.00000000110537	1	1.00000000110537	1.00000000110537	1	1.00000000110537	1	1.00000000110537	1.00000000110537	1	1.00000000110537	16	9.99999999999998	4	10.0000000000001	9.99999999999998	3.99999999999996	-2.00000000000002	4.00000000000004	4	-2.00000000000002	-8.00047044597635	-1.99999999999994	10.0000000000001	4.00000000000004	-1.99999999999994	4.00000000000013
1	1.00000000160214	1.00000000160214	1.00000000160214	1.00000000160214	1.00000000160214	1	1.00000000160214	1.00000000160214	1	1.00000000160214	1	1.00000000160214	1.00000000160214	1	1.00000000160214	16	9.99999999999998	4	10.0000000000001	9.99999999999998	3.99999999999996	-2.00000000000002	4.00000000000004	4	-2.00000000000002	-7.99419201729584	-1.99999999999994	10.0000000000001	4.00000000000004	-1.99999999999994	4.00000000000013
1	1	1	1	1	1	1	1	1	1	1	1	1	1	1	1	16	9.99999999999999	4	10.0000000000001	9.99999999999999	3.99999999999996	-2.00000000000002	4.00000000000004	4	-2.00000000000002	-7.99960949882708	-1.99999999999994	10.0000000000001	4.00000000000004	-1.99999999999994	4.00000000000012
1	1	1	1	1	1	1	1	1	1	1	1	1	1	1	1	16	9.99999999999998	4	10.0000000000001	9.99999999999998	3.99999999999996	-2.00000000000002	4.00000000000003	4	-2.00000000000002	-7.99943146716443	-1.99999999999994	10.0000000000001	4.00000000000003	-1.99999999999994	4.00000000000012
1	1	1	1	1	1	1	1	1	1	1	1	1	1	1	1	16	9.99999999999998	4	10.0000000000001	9.99999999999998	3.99999999999996	-2.00000000000003	4.00000000000006	4	-2.00000000000003	-7.99947756493832	-1.99999999999994	10.0000000000001	4.00000000000006	-1.99999999999994	4.00000000000013
1	1	1	1	1	1	1	1	1	1	1	1	1	1	1	1	16	10.0000000000459	4	10.0000000000549	10.0000000000459	3.99999999999996	-1.99999999998531	4.00000000002677	4	-1.99999999999173	-7.99286939243992	-1.99999999999994	10.0000000000549	4.00000000002677	-1.99999999999994	3.99999999996983
1	1	1	1	1	1	1	1	1	1	1	1	1	1	1	1	16	9.99999999999999	4	10.0000000000001	9.99999999999999	3.99999999999996	-2.00000000000002	4.00000000000004	4	-2.00000000000001	-8.00041009439258	-1.99999999999994	10.0000000000001	4.00000000000004	-1.99999999999994	4.00000000000012
1	1	1	1	1	1	1	1	1	1	1	1	1	1	1	1	16	9.99999999999998	4	10.0000000000001	9.99999999999998	3.99999999999996	-2.00000000000002	4.00000000000004	4	-2.00000000000002	-8.00153865325798	-1.99999999999994	10.0000000000001	4.00000000000004	-1.99999999999994	4.00000000000013
1	1	1	1	1	1	1	1	1	1	1	1	1	1	1	1	16	9.99999999999998	4	10.0000000000001	9.99999999999998	3.99999999999996	-2.00000000000002	4.00000000000004	4	-2.00000000000002	-8.00900817117907	-1.99999999999994	10.0000000000001	4.00000000000004	-1.99999999999994	4.00000000000012
1	1	1	1	1	1	1	1	1	1	1	1	1	1	1	1	16	9.99999999999999	4	10.0000000000001	9.99999999999999	3.99999999999996	-2.00000000000002	4.00000000000003	4	-2.00000000000002	-7.99970413506212	-1.99999999999994	10.0000000000001	4.00000000000003	-1.99999999999994	4.00000000000012
1	1	1	1	1	1	1	1	1	1	1	1	1	1	1	1	16	10.0000000152215	4	10.0000000183775	10.0000000152215	3.99999999999996	-2.00000000330607	3.99999999641064	4	-1.99999999742386	-7.98885128202986	-1.99999999999994	10.0000000183775	3.99999999641064	-1.99999999999994	3.9999999945465
1	1	1	1	1	1	1	1	1	1	1	1	1	1	1	1	16	9.99999999999999	4	10.0000000000001	9.99999999999999	3.99999999999996	-2.00000000000002	4.00000000000004	4	-2.00000000000002	-8.00083809724175	-1.99999999999994	10.0000000000001	4.00000000000004	-1.99999999999994	4.00000000000012
1	1	1	1	1	1	1	1	1	1	1	1	1	1	1	1	16	9.99999999999998	4	10.0000000000001	9.99999999999998	3.99999999999996	-2.00000000000002	4.00000000000004	4	-2.00000000000002	-8.00036575747436	-1.99999999999994	10.0000000000001	4.00000000000004	-1.99999999999994	4.00000000000013
1	1	1	1	1	1	1	1	1	1	1	1	1	1	1	1	16	10	4	10.0000000000002	10	3.99999999999996	-2.00000000000006	4.00000000000004	4	-2.00000000000001	-7.99937984012246	-1.99999999999994	10.0000000000002	4.00000000000004	-1.99999999999994	4.00000000000006
1	1	1	1	1	1	1	1	1	1	1	1	1	1	1	1	16	9.99999999999996	4	10.0000000000001	9.99999999999996	3.99999999999996	-2.00000000000002	4.00000000000004	4	-2.00000000000002	-8.00086112148801	-1.99999999999994	10.0000000000001	4.00000000000004	-1.99999999999994	4.00000000000014
1	1	1	1	1	1	1	1	1	1	1	1	1	1	1	1	16	9.99999999999999	4	10.0000000000001	9.99999999999999	3.99999999999996	-2.00000000000002	4.00000000000004	4	-2.00000000000002	-8.00081237591202	-1.99999999999994	10.0000000000001	4.00000000000004	-1.99999999999994	4.00000000000013
1	1	1	1	1	1	1	1	1	1	1	1	1	1	1	1	16	9.99999999999997	4	10.0000000000001	9.99999999999997	3.99999999999996	-2.00000000000001	4.00000000000003	4	-2.00000000000002	-8.00029555715548	-1.99999999999994	10.0000000000001	4.00000000000003	-1.99999999999994	4.00000000000012
1	1	1	1	1	1	1	1	1	1	1	1	1	1	1	1	16	9.99999999999999	4	10.0000000000001	9.99999999999999	3.99999999999996	-2.00000000000002	4.00000000000004	4	-2.00000000000002	-7.99959606300793	-1.99999999999994	10.0000000000001	4.00000000000004	-1.99999999999994	4.00000000000012
1	1	1	1	1	1	1	1	1	1	1	1	1	1	1	1	16	10	4	10.0000000000001	10	3.99999999999996	-2.00000000000002	4.00000000000004	4	-2.00000000000002	-8.00198244496808	-1.99999999999994	10.0000000000001	4.00000000000004	-1.99999999999994	4.00000000000012
1	1	1	1	1	1	1	1	1	1	1	1	1	1	1	1	16	9.99999999999998	4	10.0000000000001	9.99999999999998	3.99999999999996	-2.00000000000002	4.00000000000004	4	-2.00000000000002	-8.0008292888006	-1.99999999999994	10.0000000000001	4.00000000000004	-1.99999999999994	4.00000000000012
1	1	1	1	1	1	1	1	1	1	1	1	1	1	1	1	16	9.99999999999998	4	10.0000000000001	9.99999999999998	3.99999999999996	-2.00000000000002	4.00000000000004	4	-2.00000000000002	-8.00216326275227	-1.99999999999994	10.0000000000001	4.00000000000004	-1.99999999999994	4.00000000000012
1	1	1	1	1	1	1	1	1	1	1	1	1	1	1	1	16	9.99999999999998	4	10.0000000000001	9.99999999999998	3.99999999999996	-2.00000000000002	4.00000000000004	4	-2.00000000000002	-8.00072528818582	-1.99999999999994	10.0000000000001	4.00000000000004	-1.99999999999994	4.00000000000013
1	1	1	1	1	1	1	1	1	1	1	1	1	1	1	1	16	10	4	10.0000000000006	10	3.99999999999996	-2.00000000000005	3.99999999999997	4	-2.00000000000002	-7.99741975514103	-1.99999999999994	10.0000000000006	3.99999999999997	-1.99999999999994	4
1	1	1	1	1	1	1	1	1	1	1	1	1	1	1	1	16	9.99999999999998	4	10.0000000000001	9.99999999999998	3.99999999999996	-2.00000000000002	4.00000000000004	4	-2.00000000000002	-7.99960093855216	-1.99999999999994	10.0000000000001	4.00000000000004	-1.99999999999994	4.00000000000012
1	1	1	1	1	1	1	1	1	1	1	1	1	1	1	1	16	9.99999999999996	4	10	9.99999999999996	3.99999999999996	-2.00000000000002	4.00000000000004	4	-2.00000000000002	-8.00119187735267	-1.99999999999994	10	4.00000000000004	-1.99999999999994	4.00000000000012
1	1	1	1	1	1	1	1	1	1	1	1	1	1	1	1	16	10	4	10.0000000000001	10	3.99999999999996	-2.00000000000003	4.00000000000004	4	-2.00000000000002	-8.00038247707441	-1.99999999999994	10.0000000000001	4.00000000000004	-1.99999999999994	4.00000000000012
1	1	1	1	1	1	1	1	1	1	1	1	1	1	1	1	16	9.99999999999998	4	10.0000000000001	9.99999999999998	3.99999999999996	-2.00000000000002	4.00000000000004	4	-2.00000000000002	-8.00069619997645	-1.99999999999994	10.0000000000001	4.00000000000004	-1.99999999999994	4.00000000000013
1	1	1	1	1	1	1	1	1	1	1	1	1	1	1	1	16	9.99999999999996	4	9.99999999999998	9.99999999999996	3.99999999999996	-2.00000000000004	4.00000000000007	4	-2.00000000000003	-7.99901588555954	-1.99999999999994	9.99999999999998	4.00000000000007	-1.99999999999994	4.00000000000012
1	1	1	1	1	1	1	1	1	1	1	1	1	1	1	1	16	10.0000000000001	4	10	10.0000000000001	3.99999999999996	-2.00000000000006	4.00000000000004	4	-2.00000000000001	-7.99886891664279	-1.99999999999994	10	4.00000000000004	-1.99999999999994	4.00000000000006
1	1	1	1	1	1	1	1	1	1	1	1	1	1	1	1	16	9.99999999999998	4	10.0000000000001	9.99999999999998	3.99999999999996	-2.00000000000002	4.00000000000004	4	-2.00000000000002	-8.00068417959311	-1.99999999999994	10.0000000000001	4.00000000000004	-1.99999999999994	4.00000000000012
1	1	1	1	1	1	1	1	1	1	1	1	1	1	1	1	16	9.99999999999998	4	10.0000000000001	9.99999999999998	3.99999999999996	-2.00000000000002	4.00000000000004	4	-2.00000000000002	-8.00095249970006	-1.99999999999994	10.0000000000001	4.00000000000004	-1.99999999999994	4.00000000000013
1	1	1	1	1	1	1	1	1	1	1	1	1	1	1	1	16	9.99999999999999	4	10.0000000000001	9.99999999999999	3.99999999999996	-2.00000000000002	4.00000000000004	4	-2.00000000000001	-7.99943871261788	-1.99999999999994	10.0000000000001	4.00000000000004	-1.99999999999994	4.00000000000012
1	1	1	1	1	1	1	1	1	1	1	1	1	1	1	1	16	9.99999999999998	4	10.0000000000001	9.99999999999998	3.99999999999996	-2.00000000000002	4.00000000000005	4	-2.00000000000002	-7.99962247310232	-1.99999999999994	10.0000000000001	4.00000000000005	-1.99999999999994	4.00000000000013
1	1	1	1	1	1	1	1	1	1	1	1	1	1	1	1	16	9.99999999999998	4	10	9.99999999999998	3.99999999999996	-2.00000000000002	4.00000000000004	4	-2.00000000000002	-8.00098433516998	-1.99999999999994	10	4.00000000000004	-1.99999999999994	4.00000000000012
1	1	1	1	1	1	1	1	1	1	1	1	1	1	1	1	16	9.99999999999998	4	10	9.99999999999998	3.99999999999996	-2.00000000000003	4.00000000000004	4	-2.00000000000002	-7.999741482705	-1.99999999999994	10	4.00000000000004	-1.99999999999994	4.00000000000011
1	1	1	1	1	1	1	1	1	1	1	1	1	1	1	1	16	9.99999999999998	4	10.0000000000001	9.99999999999998	3.99999999999996	-2.00000000000002	4.00000000000004	4	-2.00000000000002	-8.00069775788818	-1.99999999999994	10.0000000000001	4.00000000000004	-1.99999999999994	4.00000000000012
1	1	1	1	1	1	1	1	1	1	1	1	1	1	1	1	16	9.99999999999998	4	10.0000000000001	9.99999999999998	3.99999999999996	-2.00000000000002	4.00000000000004	4	-2.00000000000002	-8.00649743038962	-1.99999999999994	10.0000000000001	4.00000000000004	-1.99999999999994	4.00000000000013
1	1	1	1	1	1	1	1	1	1	1	1	1	1	1	1	16	9.99999999999998	4	10.0000000000001	9.99999999999998	3.99999999999996	-2.00000000000002	4.00000000000004	4	-2.00000000000002	-8.00096739526442	-1.99999999999994	10.0000000000001	4.00000000000004	-1.99999999999994	4.00000000000012
1	1	1	1	1	1	1	1	1	1	1	1	1	1	1	1	16	9.99999999999998	4	10.0000000000001	9.99999999999998	3.99999999999996	-2.00000000000002	4.00000000000004	4	-2.00000000000002	-8.0030931990429	-1.99999999999994	10.0000000000001	4.00000000000004	-1.99999999999994	4.00000000000013
1	1	1	1	1	1	1	1	1	1	1	1	1	1	1	1	16	10	4	10.0000000000001	10	3.99999999999996	-2.00000000000003	4.00000000000006	4	-2.00000000000002	-7.99886366287843	-1.99999999999994	10.0000000000001	4.00000000000006	-1.99999999999994	4.00000000000015
1	1	1	1	1	1	1	1	1	1	1	1	1	1	1	1	16	10	4	10.0000000000003	10	3.99999999999996	-2.00000000000003	4.00000000000001	4	-1.99999999999998	-7.99803469139093	-1.99999999999994	10.0000000000003	4.00000000000001	-1.99999999999994	4.00000000000014
1	1	1	1	1	1	1	1	1	1	1	1	1	1	1	1	16	9.99999999999997	4	10.0000000000001	9.99999999999997	3.99999999999996	-2.00000000000002	4.00000000000003	4	-2.00000000000002	-7.99925797210964	-1.99999999999994	10.0000000000001	4.00000000000003	-1.99999999999994	4.00000000000013
1	1	1	1	1	1	1	1	1	1	1	1	1	1	1	1	16	9.99999999999998	4	10.0000000000001	9.99999999999998	3.99999999999996	-2.00000000000002	4.00000000000004	4	-2.00000000000002	-8.00111174486191	-1.99999999999994	10.0000000000001	4.00000000000004	-1.99999999999994	4.00000000000012
1	1	1	1	1	1	1	1	1	1	1	1	1	1	1	1	16	10.0000000000006	4	9.99999999999801	10.0000000000006	3.99999999999996	-2.00000000000022	3.99999999999956	4	-1.99999999999981	-7.99559882700512	-1.99999999999994	9.99999999999801	3.99999999999956	-1.99999999999994	4
1	1	1	1	1	1	1	1	1	1	1	1	1	1	1	1	16	9.99999999999999	4	10.0000000000001	9.99999999999999	3.99999999999996	-2.00000000000002	4.00000000000003	4	-2.00000000000002	-8.00018483416291	-1.99999999999994	10.0000000000001	4.00000000000003	-1.99999999999994	4.00000000000012
1	1	1	1	1	1	1	1	1	1	1	1	1	1	1	1	16	9.99999999999997	4	10.0000000000001	9.99999999999997	3.99999999999996	-2.00000000000003	4.00000000000004	4	-2.00000000000002	-7.99965951914206	-1.99999999999994	10.0000000000001	4.00000000000004	-1.99999999999994	4.00000000000014
1	1	1	1	1	1	1	1	1	1	1	1	1	1	1	1	16	9.99999999999999	4	10.0000000000001	9.99999999999999	3.99999999999996	-2.00000000000002	4.00000000000004	4	-2.00000000000002	-8.00074511400154	-1.99999999999994	10.0000000000001	4.00000000000004	-1.99999999999994	4.00000000000012
1	1	1	1	1	1	1	1	1	1	1	1	1	1	1	1	16	10.0000000000001	4	10	10.0000000000001	3.99999999999996	-2.00000000000001	4.00000000000007	4	-2.00000000000002	-7.99977776435459	-1.99999999999994	10	4.00000000000007	-1.99999999999994	4.0000000000001
1	1	1	1	1	1	1	1	1	1	1	1	1	1	1	1	16	10	4	10.0000000000003	10	3.99999999999996	-2	4.00000000000015	4	-1.99999999999991	-7.99638726242443	-1.99999999999994	10.0000000000003	4.00000000000015	-1.99999999999994	3.99999999999991
1	1	1	1	1	1	1	1	1	1	1	1	1	1	1	1	16	9.99999999999998	4	10.0000000000001	9.99999999999998	3.99999999999996	-2.00000000000004	4.00000000000002	4	-2.00000000000022	-7.9971209465253	-1.99999999999994	10.0000000000001	4.00000000000002	-1.99999999999994	4.00000000000062
1	1	1	1	1	1	1	1	1	1	1	1	1	1	1	1	16	9.99999999999998	4	10.0000000000001	9.99999999999998	3.99999999999996	-2.00000000000002	4.00000000000004	4	-2.00000000000002	-8.00206485255569	-1.99999999999994	10.0000000000001	4.00000000000004	-1.99999999999994	4.00000000000013
1	1	1	1	1	1	1	1	1	1	1	1	1	1	1	1	16	9.99999999999998	4	10	9.99999999999998	3.99999999999996	-2.00000000000002	4.0000000000001	4	-2.00000000000006	-7.99777544351321	-1.99999999999994	10	4.0000000000001	-1.99999999999994	4.00000000000017
1	1	1	1	1	1	1	1	1	1	1	1	1	1	1	1	16	9.99999999999999	4	9.99999999999998	9.99999999999999	3.99999999999996	-2.00000000000004	4.00000000000003	4	-2.00000000000002	-7.99896694002427	-1.99999999999994	9.99999999999998	4.00000000000003	-1.99999999999994	4.00000000000011
1	1	1	1	1	1	1	1	1	1	1	1	1	1	1	1	16	10	4	10.0000000000001	10	3.99999999999996	-2.00000000000002	4.00000000000003	4	-2.00000000000002	-8.00051263947772	-1.99999999999994	10.0000000000001	4.00000000000003	-1.99999999999994	4.00000000000012
1	1	1	1	1	1	1	1	1	1	1	1	1	1	1	1	16	9.99999999999998	4	10.0000000000001	9.99999999999998	3.99999999999996	-2.00000000000002	4.00000000000004	4	-2.00000000000002	-7.99975459765229	-1.99999999999994	10.0000000000001	4.00000000000004	-1.99999999999994	4.00000000000012
1	1	1	1	1	1	1	1	1	1	1	1	1	1	1	1	16	10.0000000000001	4	10.0000000000001	10.0000000000001	3.99999999999996	-2.00000000000005	4.00000000000005	4	-2.00000000000001	-7.99907841475732	-1.99999999999994	10.0000000000001	4.00000000000005	-1.99999999999994	4.00000000000008
1	1	1	1	1	1	1	1	1	1	1	1	1	1	1	1	16	9.99999999999996	4	10	9.99999999999996	3.99999999999996	-2.00000000000002	4.00000000000006	4	-2.00000000000002	-7.99953602454921	-1.99999999999994	10	4.00000000000006	-1.99999999999994	4.0000000000001
1	1	1	1	1	1	1	1	1	1	1	1	1	1	1	1	16	9.99999999999998	4	10.0000000000001	9.99999999999998	3.99999999999996	-2.00000000000001	4.00000000000004	4	-2.00000000000003	-8.00096597727318	-1.99999999999994	10.0000000000001	4.00000000000004	-1.99999999999994	4.00000000000013
1	1	1	1	1	1	1	1	1	1	1	1	1	1	1	1	16	10	4	10.0000000000001	10	3.99999999999996	-2.00000000000002	4.00000000000004	4	-2.00000000000002	-8.0011598221804	-1.99999999999994	10.0000000000001	4.00000000000004	-1.99999999999994	4.00000000000012
1	1	1	1	1	1	1	1	1	1	1	1	1	1	1	1	16	9.99999999999997	4	10.0000000000001	9.99999999999997	3.99999999999996	-2.00000000000002	4.00000000000004	4	-2.00000000000002	-8.00053021301445	-1.99999999999994	10.0000000000001	4.00000000000004	-1.99999999999994	4.00000000000012
1	1	1	1	1	1	1	1	1	1	1	1	1	1	1	1	16	9.99999999999998	4	10.0000000000001	9.99999999999998	3.99999999999996	-2.00000000000002	4.00000000000004	4	-2.00000000000002	-8.00152380723806	-1.99999999999994	10.0000000000001	4.00000000000004	-1.99999999999994	4.00000000000012
1	1	1	1	1	1	1	1	1	1	1	1	1	1	1	1	16	10.0000000000007	4	9.99999999999994	10.0000000000007	3.99999999999996	-2.00000000000014	4.00000000000003	4	-2.00000000000003	-7.99820858682925	-1.99999999999994	9.99999999999994	4.00000000000003	-1.99999999999994	4.00000000000012
1	1	1	1	1	1	1	1	1	1	1	1	1	1	1	1	16	9.99999999999998	4	10.0000000000001	9.99999999999998	3.99999999999996	-2.00000000000002	4.00000000000004	4	-2.00000000000002	-8.00051244357441	-1.99999999999994	10.0000000000001	4.00000000000004	-1.99999999999994	4.00000000000013
1	1	1	1	1	1	1	1	1	1	1	1	1	1	1	1	16	10	4	10.0000000000006	10	3.99999999999996	-2.00000000000003	4.00000000000003	4	-1.99999999999998	-7.99855625219874	-1.99999999999994	10.0000000000006	4.00000000000003	-1.99999999999994	4.00000000000012
1	1	1	1	1	1	1	1	1	1	1	1	1	1	1	1	16	9.99999999999999	4	10.0000000000001	9.99999999999999	3.99999999999996	-2.00000000000002	4.00000000000005	4	-2.00000000000002	-8.00030670060733	-1.99999999999994	10.0000000000001	4.00000000000005	-1.99999999999994	4.00000000000012
1	1	1	1	1	1	1	1	1	1	1	1	1	1	1	1	16	9.99999999999995	4	10.0000000000001	9.99999999999995	3.99999999999996	-2.00000000000001	4.00000000000006	4	-2.00000000000002	-7.9998138923576	-1.99999999999994	10.0000000000001	4.00000000000006	-1.99999999999994	4.0000000000001
1	1	1	1	1	1	1	1	1	1	1	1	1	1	1	1	16	9.99999999999998	4	10.0000000000001	9.99999999999998	3.99999999999996	-2.00000000000002	4.00000000000002	4	-2.00000000000002	-7.99953299582883	-1.99999999999994	10.0000000000001	4.00000000000002	-1.99999999999994	4.00000000000012
1	1	1	1	1	1	1	1	1	1	1	1	1	1	1	1	16	9.99999999999998	4	10.0000000000001	9.99999999999998	3.99999999999996	-2.00000000000002	4.00000000000004	4	-2.00000000000002	-8.00137850654063	-1.99999999999994	10.0000000000001	4.00000000000004	-1.99999999999994	4.00000000000013
1	1	1	1	1	1	1	1	1	1	1	1	1	1	1	1	16	9.99999999999998	4	10.0000000000001	9.99999999999998	3.99999999999996	-2.00000000000002	4.00000000000004	4	-2.00000000000002	-8.00016070380599	-1.99999999999994	10.0000000000001	4.00000000000004	-1.99999999999994	4.00000000000012
1	1	1	1	1	1	1	1	1	1	1	1	1	1	1	1	16	9.99999999999998	4	10.0000000000001	9.99999999999998	3.99999999999996	-2.00000000000002	4.00000000000004	4	-2.00000000000002	-8.00286418663546	-1.99999999999994	10.0000000000001	4.00000000000004	-1.99999999999994	4.00000000000012
1	1	1	1	1	1	1	1	1	1	1	1	1	1	1	1	16	9.99999999999999	4	10.0000000000001	9.99999999999999	3.99999999999996	-2.00000000000002	4.00000000000004	4	-2.00000000000002	-8.00131716763212	-1.99999999999994	10.0000000000001	4.00000000000004	-1.99999999999994	4.00000000000012
1	1	1	1	1	1	1	1	1	1	1	1	1	1	1	1	16	9.99999999999998	4	10	9.99999999999998	3.99999999999996	-2.00000000000002	4.00000000000004	4	-2.00000000000002	-7.99912532567426	-1.99999999999994	10	4.00000000000004	-1.99999999999994	4.00000000000012
1	1	1	1	1	1	1	1	1	1	1	1	1	1	1	1	16	9.99999999999998	4	10.0000000000001	9.99999999999998	3.99999999999996	-2.00000000000002	4.00000000000004	4	-2.00000000000002	-8.00085604827083	-1.99999999999994	10.0000000000001	4.00000000000004	-1.99999999999994	4.00000000000012
1	1	1	1	1	1	1	1	1	1	1	1	1	1	1	1	16	9.99999999999998	4	10.0000000000001	9.99999999999998	3.99999999999996	-2.00000000000002	4.00000000000005	4	-2.00000000000002	-8.00034680744689	-1.99999999999994	10.0000000000001	4.00000000000005	-1.99999999999994	4.00000000000012
1	1	1	1	1	1	1	1	1	1	1	1	1	1	1	1	16	9.99999999999998	4	10.0000000000001	9.99999999999998	3.99999999999996	-2.00000000000002	4.00000000000004	4	-2.00000000000002	-8.00047801240285	-1.99999999999994	10.0000000000001	4.00000000000004	-1.99999999999994	4.00000000000013
1	1	1	1	1	1	1	1	1	1	1	1	1	1	1	1	16	9.99999999999977	4	10.0000000000001	9.99999999999977	3.99999999999996	-1.99999999999997	4.00000000000014	4	-2.00000000000003	-7.99859183762515	-1.99999999999994	10.0000000000001	4.00000000000014	-1.99999999999994	4.00000000000017
1	1	1	1	1	1	1	1	1	1	1	1	1	1	1	1	16	10.0000000000004	4	10.0000000000002	10.0000000000004	3.99999999999996	-2.00000000000003	4.00000000000002	4	-1.99999999999991	-7.99797615946335	-1.99999999999994	10.0000000000002	4.00000000000002	-1.99999999999994	3.9999999999999
1	1	1	1	1	1	1	1	1	1	1	1	1	1	1	1	16	9.99999999999998	4	10.0000000000001	9.99999999999998	3.99999999999996	-2.00000000000002	4.00000000000004	4	-2.00000000000002	-7.99816662652743	-1.99999999999994	10.0000000000001	4.00000000000004	-1.99999999999994	4.00000000000013
1	1	1	1	1	1	1	1	1	1	1	1	1	1	1	1	16	10.0000000000005	4	10.0000000000002	10.0000000000005	3.99999999999996	-2	4.00000000000003	4	-2.00000000000002	-7.99828557271246	-1.99999999999994	10.0000000000002	4.00000000000003	-1.99999999999994	4.00000000000012
1	1	1	1	1	1	1	1	1	1	1	1	1	1	1	1	16	9.99999999999998	4	10.0000000000001	9.99999999999998	3.99999999999996	-2.00000000000002	4.00000000000004	4	-2.00000000000002	-8.00124256490794	-1.99999999999994	10.0000000000001	4.00000000000004	-1.99999999999994	4.00000000000013
1	1	1	1	1	1	1	1	1	1	1	1	1	1	1	1	16	9.99999999999998	4	10.0000000000001	9.99999999999998	3.99999999999996	-2.00000000000002	4.00000000000004	4	-2.00000000000002	-8.00059022581653	-1.99999999999994	10.0000000000001	4.00000000000004	-1.99999999999994	4.00000000000012
1	1	1	1	1	1	1	1	1	1	1	1	1	1	1	1	16	9.99999999999999	4	10.0000000000001	9.99999999999999	3.99999999999996	-2.00000000000002	4.00000000000004	4	-2.00000000000002	-8.00080500936544	-1.99999999999994	10.0000000000001	4.00000000000004	-1.99999999999994	4.00000000000013
1	1	1	1	1	1	1	1	1	1	1	1	1	1	1	1	16	9.99999999999998	4	10.0000000000001	9.99999999999998	3.99999999999996	-2.00000000000002	4.00000000000004	4	-2.00000000000002	-7.99956754997089	-1.99999999999994	10.0000000000001	4.00000000000004	-1.99999999999994	4.00000000000012
1	1	1	1	1	1	1	1	1	1	1	1	1	1	1	1	16	9.99999999999998	4	10.0000000000001	9.99999999999998	3.99999999999996	-2.00000000000002	4.00000000000004	4	-2.00000000000002	-8.03476446382224	-1.99999999999994	10.0000000000001	4.00000000000004	-1.99999999999994	4.00000000000013
1	1	1	1	1	1	1	1	1	1	1	1	1	1	1	1	16	10	4	10.0000000000002	10	3.99999999999996	-2.00000000000003	4.00000000000003	4	-1.99999999999997	-7.99814008335557	-1.99999999999994	10.0000000000002	4.00000000000003	-1.99999999999994	4
1	1	1	1	1	1	1	1	1	1	1	1	1	1	1	1	16	9.99999999999998	4	10.0000000000001	9.99999999999998	3.99999999999996	-2.00000000000002	4.00000000000004	4	-2.00000000000002	-8.00389589227991	-1.99999999999994	10.0000000000001	4.00000000000004	-1.99999999999994	4.00000000000012
1	1	1	1	1	1	1	1	1	1	1	1	1	1	1	1	16	9.99999999999998	4	10.0000000000001	9.99999999999998	3.99999999999996	-2.00000000000002	4.00000000000004	4	-2.00000000000002	-8.00094283232596	-1.99999999999994	10.0000000000001	4.00000000000004	-1.99999999999994	4.00000000000013
1	1	1	1	1	1	1	1	1	1	1	1	1	1	1	1	16	9.99999999999997	4	10.0000000000001	9.99999999999997	3.99999999999996	-2.00000000000002	4.00000000000004	4	-2.00000000000002	-7.99949307583852	-1.99999999999994	10.0000000000001	4.00000000000004	-1.99999999999994	4.00000000000012
1	1	1	1	1	1	1	1	1	1	1	1	1	1	1	1	16	9.99999999999997	4	10	9.99999999999997	3.99999999999996	-2.00000000000002	4.00000000000003	4	-2.00000000000002	-8.00024207402346	-1.99999999999994	10	4.00000000000003	-1.99999999999994	4.00000000000012
1	1	1	1	1	1	1	1	1	1	1	1	1	1	1	1	16	9.99999999999998	4	10	9.99999999999998	3.99999999999996	-2.00000000000002	4.00000000000003	4	-2.00000000000002	-8.00072997327642	-1.99999999999994	10	4.00000000000003	-1.99999999999994	4.00000000000012
1	1	1	1	1	1	1	1	1	1	1	1	1	1	1	1	16	9.99999999999999	4	10.0000000000001	9.99999999999999	3.99999999999996	-2.00000000000002	4.00000000000004	4	-2.00000000000002	-7.99945573589211	-1.99999999999994	10.0000000000001	4.00000000000004	-1.99999999999994	4.00000000000012
1	1	1	1	1	1	1	1	1	1	1	1	1	1	1	1	16	10.0000000000001	4	10.0000000000001	10.0000000000001	3.99999999999996	-2.00000000000004	4.00000000000002	4	-1.99999999999997	-7.99889307066718	-1.99999999999994	10.0000000000001	4.00000000000002	-1.99999999999994	4.00000000000002
1	1	1	1	1	1	1	1	1	1	1	1	1	1	1	1	16	9.99999999999999	4	10.0000000000002	9.99999999999999	3.99999999999996	-2.00000000000003	4.00000000000003	4	-2.00000000000002	-7.99839903156765	-1.99999999999994	10.0000000000002	4.00000000000003	-1.99999999999994	4.00000000000011
1	1	1	1	1	1	1	1	1	1	1	1	1	1	1	1	16	9.99999999999998	4	10.0000000000001	9.99999999999998	3.99999999999996	-2.00000000000002	4.00000000000004	4	-2.00000000000002	-8.00437210069989	-1.99999999999994	10.0000000000001	4.00000000000004	-1.99999999999994	4.00000000000012
1	1	1	1	1	1	1	1	1	1	1	1	1	1	1	1	16	10	4	10.0000000000001	10	3.99999999999996	-2.00000000000002	4.00000000000005	4	-2.00000000000002	-8.00054711040799	-1.99999999999994	10.0000000000001	4.00000000000005	-1.99999999999994	4.00000000000013
1	1	1	1	1	1	1	1	1	1	1	1	1	1	1	1	16	10	4	10	10	3.99999999999996	-2.00000000000002	4.00000000000003	4	-2.00000000000002	-7.99844242025003	-1.99999999999994	10	4.00000000000003	-1.99999999999994	4.00000000000012
1	1	1	1	1	1	1	1	1	1	1	1	1	1	1	1	16	9.99999999999999	4	10.0000000000001	9.99999999999999	3.99999999999996	-2.00000000000002	4.00000000000004	4	-2.00000000000002	-8.00114489243603	-1.99999999999994	10.0000000000001	4.00000000000004	-1.99999999999994	4.00000000000012
1	1	1	1	1	1	1	1	1	1	1	1	1	1	1	1	16	10	4	10	10	3.99999999999996	-2.00000000000002	4.00000000000001	4	-2.00000000000001	-7.99950965658182	-1.99999999999994	10	4.00000000000001	-1.99999999999994	4.0000000000001
1	1	1	1	1	1	1	1	1	1	1	1	1	1	1	1	16	9.99999999999998	4	10.0000000000001	9.99999999999998	3.99999999999996	-2.00000000000003	4.00000000000001	4	-2.00000000000004	-8.00042602622197	-1.99999999999994	10.0000000000001	4.00000000000001	-1.99999999999994	4.00000000000011
1	1	1	1	1	1	1	1	1	1	1	1	1	1	1	1	16	9.99999999999998	4	10.0000000000001	9.99999999999998	3.99999999999996	-2.00000000000002	4.00000000000005	4	-2.00000000000002	-7.99965711872805	-1.99999999999994	10.0000000000001	4.00000000000005	-1.99999999999994	4.00000000000012
1	1	1	1	1	1	1	1	1	1	1	1	1	1	1	1	16	10.0000000054293	4	9.99999999731679	10.0000000054293	3.99999999999996	-2.00000000224474	4.00000000149262	4	-2.00000000135435	-7.89439930955913	-1.99999999999994	9.99999999731679	4.00000000149262	-1.99999999999994	4.00000000270356
1	1	1	1	1	1	1	1	1	1	1	1	1	1	1	1	16	9.99999999999999	4	10.0000000000001	9.99999999999999	3.99999999999996	-2.00000000000003	4.00000000000004	4	-2.00000000000002	-7.99970002711912	-1.99999999999994	10.0000000000001	4.00000000000004	-1.99999999999994	4.00000000000012
1	1	1	1	1	1	1	1	1	1	1	1	1	1	1	1	16	9.99999999999998	4	10.0000000000001	9.99999999999998	3.99999999999996	-2.00000000000002	4.00000000000004	4	-2.00000000000002	-8.00098925657182	-1.99999999999994	10.0000000000001	4.00000000000004	-1.99999999999994	4.00000000000012
1	1	1	1	1	1	1	1	1	1	1	1	1	1	1	1	16	9.99999999999996	4	10	9.99999999999996	3.99999999999996	-2.00000000000002	4.00000000000004	4	-2.00000000000001	-8.00105616940181	-1.99999999999994	10	4.00000000000004	-1.99999999999994	4.00000000000011
1	1	1	1	1	1	1	1	1	1	1	1	1	1	1	1	16	9.99999999999998	4	10.0000000000001	9.99999999999998	3.99999999999996	-2.00000000000002	4.00000000000006	4	-2.00000000000002	-7.99900299238551	-1.99999999999994	10.0000000000001	4.00000000000006	-1.99999999999994	4.00000000000013
1	1	1	1	1	1	1	1	1	1	1	1	1	1	1	1	16	10	4	10.0000000000001	10	3.99999999999996	-2.00000000000003	4.00000000000006	4	-2.00000000000002	-7.99899514500978	-1.99999999999994	10.0000000000001	4.00000000000006	-1.99999999999994	4.00000000000013
1	1	1	1	1	1	1	1	1	1	1	1	1	1	1	1	16	9.99999999999998	4	10.0000000000001	9.99999999999998	3.99999999999996	-2.00000000000002	4.00000000000004	4	-2.00000000000002	-8.00082219328806	-1.99999999999994	10.0000000000001	4.00000000000004	-1.99999999999994	4.00000000000012
1	1	1	1	1	1	1	1	1	1	1	1	1	1	1	1	16	9.99999999999997	4	10.0000000000001	9.99999999999997	3.99999999999996	-2.00000000000002	4.00000000000004	4	-2.00000000000002	-8.00757767683684	-1.99999999999994	10.0000000000001	4.00000000000004	-1.99999999999994	4.00000000000013
1	1	1	1	1	1	1	1	1	1	1	1	1	1	1	1	16	9.99999999999998	4	10.0000000000001	9.99999999999998	3.99999999999996	-2.00000000000002	4.00000000000004	4	-2.00000000000002	-8.00039077656849	-1.99999999999994	10.0000000000001	4.00000000000004	-1.99999999999994	4.00000000000012
1	1	1	1	1	1	1	1	1	1	1	1	1	1	1	1	16	9.99999999999998	4	10.0000000000001	9.99999999999998	3.99999999999996	-2.00000000000002	4.00000000000004	4	-2.00000000000002	-8.00042517418422	-1.99999999999994	10.0000000000001	4.00000000000004	-1.99999999999994	4.00000000000013
1	1	1	1	1	1	1	1	1	1	1	1	1	1	1	1	16	9.99999999999995	4	10	9.99999999999995	3.99999999999996	-2.00000000000003	4.00000000000007	4	-2.00000000000001	-7.99943892670472	-1.99999999999994	10	4.00000000000007	-1.99999999999994	4.00000000000009
1	1	1	1	1	1	1	1	1	1	1	1	1	1	1	1	16	9.99999999999998	4	10.0000000000001	9.99999999999998	3.99999999999996	-2.00000000000002	4.00000000000003	4	-2.00000000000002	-8.00079045831237	-1.99999999999994	10.0000000000001	4.00000000000003	-1.99999999999994	4.00000000000013
1	1	1	1	1	1	1	1	1	1	1	1	1	1	1	1	16	10	4	10.0000000000001	10	3.99999999999996	-2.00000000000002	4.00000000000004	4	-2.00000000000002	-7.99831441989217	-1.99999999999994	10.0000000000001	4.00000000000004	-1.99999999999994	4.00000000000012
1	1	1	1	1	1	1	1	1	1	1	1	1	1	1	1	16	9.99999999999998	4	10.0000000000001	9.99999999999998	3.99999999999996	-2.00000000000002	4.00000000000004	4	-2.00000000000002	-8.00038811290822	-1.99999999999994	10.0000000000001	4.00000000000004	-1.99999999999994	4.00000000000013
1	1	1	1	1	1	1	1	1	1	1	1	1	1	1	1	16	9.99999999999999	4	10.0000000000001	9.99999999999999	3.99999999999996	-2.00000000000002	4.00000000000005	4	-2.00000000000002	-7.99984320306408	-1.99999999999994	10.0000000000001	4.00000000000005	-1.99999999999994	4.00000000000012
1	1	1	1	1	1	1	1	1	1	1	1	1	1	1	1	16	9.99999999999998	4	10.0000000000001	9.99999999999998	3.99999999999996	-2.00000000000002	4.00000000000004	4	-2.00000000000002	-8.04739132795165	-1.99999999999994	10.0000000000001	4.00000000000004	-1.99999999999994	4.00000000000013
1	1	1	1	1	1	1	1	1	1	1	1	1	1	1	1	16	9.99999999999998	4	10.0000000000001	9.99999999999998	3.99999999999996	-2.00000000000002	4.00000000000004	4	-2.00000000000002	-8.00043658082017	-1.99999999999994	10.0000000000001	4.00000000000004	-1.99999999999994	4.00000000000013
1	1	1	1	1	1	1	1	1	1	1	1	1	1	1	1	16	10.0000000000299	4	10.000000000007	10.0000000000299	3.99999999999996	-1.99999999999475	3.999999999993	4	-1.99999999999448	-7.99327202489488	-1.99999999999994	10.000000000007	3.999999999993	-1.99999999999994	3.99999999999046
1	1	1	1	1	1	1	1	1	1	1	1	1	1	1	1	16	9.99999999999999	4	10	9.99999999999999	3.99999999999996	-2.00000000000002	4.00000000000004	4	-2.00000000000003	-8.00049782514516	-1.99999999999994	10	4.00000000000004	-1.99999999999994	4.00000000000014
1	1	1	1	1	1	1	1	1	1	1	1	1	1	1	1	16	9.99999999999998	4	10.0000000000001	9.99999999999998	3.99999999999996	-2.00000000000003	4.00000000000006	4	-2.00000000000002	-7.999025014987	-1.99999999999994	10.0000000000001	4.00000000000006	-1.99999999999994	4.00000000000012
1	1	1	1	1	1	1	1	1	1	1	1	1	1	1	1	16	9.99999999999998	4	10.0000000000001	9.99999999999998	3.99999999999996	-2.00000000000002	4.00000000000004	4	-2.00000000000002	-8.00027468637707	-1.99999999999994	10.0000000000001	4.00000000000004	-1.99999999999994	4.00000000000013
1	1	1	1	1	1	1	1	1	1	1	1	1	1	1	1	16	10	4	10	10	3.99999999999996	-2.00000000000003	4.00000000000003	4	-2.00000000000004	-8.00035158527721	-1.99999999999994	10	4.00000000000003	-1.99999999999994	4.00000000000011
1	1	1	1	1	1	1	1	1	1	1	1	1	1	1	1	16	9.99999999999998	4	10.0000000000001	9.99999999999998	3.99999999999996	-2.00000000000002	4.00000000000003	4	-2.00000000000002	-8.0003176002949	-1.99999999999994	10.0000000000001	4.00000000000003	-1.99999999999994	4.00000000000012
1	1	1	1	1	1	1	1	1	1	1	1	1	1	1	1	16	9.99999999999999	4	10.0000000000001	9.99999999999999	3.99999999999996	-2.00000000000001	4.00000000000004	4	-2.00000000000002	-7.99967646631423	-1.99999999999994	10.0000000000001	4.00000000000004	-1.99999999999994	4.00000000000012
1	1	1	1	1	1	1	1	1	1	1	1	1	1	1	1	16	9.99999999999999	4	10.0000000000001	9.99999999999999	3.99999999999996	-2.00000000000002	4.00000000000004	4	-2.00000000000002	-8.00063748982406	-1.99999999999994	10.0000000000001	4.00000000000004	-1.99999999999994	4.00000000000013
1	1	1	1	1	1	1	1	1	1	1	1	1	1	1	1	16	9.99999999999998	4	10.0000000000001	9.99999999999998	3.99999999999996	-2.00000000000002	4.00000000000004	4	-2.00000000000002	-8.0006347937169	-1.99999999999994	10.0000000000001	4.00000000000004	-1.99999999999994	4.00000000000012
1	1	1	1	1	1	1	1	1	1	1	1	1	1	1	1	16	9.99999999999998	4	10.0000000000001	9.99999999999998	3.99999999999996	-2.00000000000002	4.00000000000007	4	-2.00000000000002	-7.998929453014	-1.99999999999994	10.0000000000001	4.00000000000007	-1.99999999999994	4.00000000000011
1	1	1	1	1	1	1	1	1	1	1	1	1	1	1	1	16	9.99999999999998	4	10.0000000000001	9.99999999999998	3.99999999999996	-2.00000000000002	4.00000000000004	4	-2.00000000000002	-7.99963529919289	-1.99999999999994	10.0000000000001	4.00000000000004	-1.99999999999994	4.00000000000012
1	1	1	1	1	1	1	1	1	1	1	1	1	1	1	1	16	9.99999999999997	4	10.0000000000001	9.99999999999997	3.99999999999996	-2.00000000000001	4.00000000000002	4	-2.00000000000002	-7.99953581530799	-1.99999999999994	10.0000000000001	4.00000000000002	-1.99999999999994	4.00000000000012
1	1	1	1	1	1	1	1	1	1	1	1	1	1	1	1	16	9.99999999999997	4	10.0000000000001	9.99999999999997	3.99999999999996	-2.00000000000002	4.00000000000004	4	-2.00000000000002	-8.00066740560634	-1.99999999999994	10.0000000000001	4.00000000000004	-1.99999999999994	4.00000000000013
1	1	1	1	1	1	1	1	1	1	1	1	1	1	1	1	16	9.99999999999998	4	10.0000000000001	9.99999999999998	3.99999999999996	-2.00000000000002	4.00000000000004	4	-2.00000000000002	-7.99954120259218	-1.99999999999994	10.0000000000001	4.00000000000004	-1.99999999999994	4.00000000000013
1	1	1	1	1	1	1	1	1	1	1	1	1	1	1	1	16	9.99999999999998	4	10.0000000000001	9.99999999999998	3.99999999999996	-2.00000000000002	4.00000000000004	4	-2.00000000000003	-8.00047444743098	-1.99999999999994	10.0000000000001	4.00000000000004	-1.99999999999994	4.00000000000013
1	1	1	1	1	1	1	1	1	1	1	1	1	1	1	1	16	9.99999999999998	4	10.0000000000001	9.99999999999998	3.99999999999996	-2.00000000000002	4.00000000000005	4	-2.00000000000002	-8.00172543449827	-1.99999999999994	10.0000000000001	4.00000000000005	-1.99999999999994	4.00000000000012
1	1	1	1	1	1	1	1	1	1	1	1	1	1	1	1	16	9.99999999999998	4	10.0000000000001	9.99999999999998	3.99999999999996	-2.00000000000002	4.00000000000004	4	-2.00000000000002	-8.00062894828722	-1.99999999999994	10.0000000000001	4.00000000000004	-1.99999999999994	4.00000000000013
1	1	1	1	1	1	1	1	1	1	1	1	1	1	1	1	16	10.0000000000002	4	10.0000000000004	10.0000000000002	3.99999999999996	-2.00000000000002	4.00000000000009	4	-1.99999999999997	-7.99848408332691	-1.99999999999994	10.0000000000004	4.00000000000009	-1.99999999999994	4.00000000000006
1	1	1	1	1	1	1	1	1	1	1	1	1	1	1	1	16	9.99999999999998	4	10.0000000000001	9.99999999999998	3.99999999999996	-2.00000000000002	4.00000000000004	4	-2.00000000000002	-8.00132457296568	-1.99999999999994	10.0000000000001	4.00000000000004	-1.99999999999994	4.00000000000013
1	1	1	1	1	1	1	1	1	1	1	1	1	1	1	1	16	9.99999999999999	4	10.0000000000001	9.99999999999999	3.99999999999996	-2.00000000000002	4.00000000000004	4	-2.00000000000002	-8.00136570203008	-1.99999999999994	10.0000000000001	4.00000000000004	-1.99999999999994	4.00000000000012
1	1	1	1	1	1	1	1	1	1	1	1	1	1	1	1	16	9.99999999999995	4	10	9.99999999999995	3.99999999999996	-2.00000000000006	4.00000000000011	4	-2.00000000000001	-7.9996725008255	-1.99999999999994	10	4.00000000000011	-1.99999999999994	4.00000000000008
1	1	1	1	1	1	1	1	1	1	1	1	1	1	1	1	16	9.99999999999992	4	10	9.99999999999992	3.99999999999996	-1.99999999999998	4.00000000000003	4	-2.00000000000001	-7.99898638942196	-1.99999999999994	10	4.00000000000003	-1.99999999999994	4.00000000000016
1	1	1	1	1	1	1	1	1	1	1	1	1	1	1	1	16	10.0000000195819	4	10.0000000221761	10.0000000195819	3.99999999999996	-2.00000000919009	3.99999999328198	4	-1.99999999525331	-7.97290130844127	-1.99999999999994	10.0000000221761	3.99999999328198	-1.99999999999994	3.99999999028837
1	1	1	1	1	1	1	1	1	1	1	1	1	1	1	1	16	9.99999999999996	4	10.0000000000001	9.99999999999996	3.99999999999996	-2.00000000000002	4.00000000000004	4	-2.00000000000001	-8.00221875163701	-1.99999999999994	10.0000000000001	4.00000000000004	-1.99999999999994	4.00000000000011
1	1	1	1	1	1	1	1	1	1	1	1	1	1	1	1	16	9.99999999999997	4	10.0000000000001	9.99999999999997	3.99999999999996	-2.00000000000005	4.00000000000002	4	-2.00000000000001	-7.99866514180431	-1.99999999999994	10.0000000000001	4.00000000000002	-1.99999999999994	4.0000000000001
1	1	1	1	1	1	1	1	1	1	1	1	1	1	1	1	16	9.99999999999999	4	10.0000000000001	9.99999999999999	3.99999999999996	-2.00000000000002	4.00000000000004	4	-2.00000000000002	-7.99945338405052	-1.99999999999994	10.0000000000001	4.00000000000004	-1.99999999999994	4.00000000000012
1	1	1	1	1	1	1	1	1	1	1	1	1	1	1	1	16	9.99999999999999	4	10.0000000000003	9.99999999999999	3.99999999999996	-2.00000000000005	4.00000000000011	4	-2.00000000000003	-7.99838792057207	-1.99999999999994	10.0000000000003	4.00000000000011	-1.99999999999994	4.00000000000012
1	1	1	1	1	1	1	1	1	1	1	1	1	1	1	1	16	10	4	10.0000000000001	10	3.99999999999996	-2.00000000000002	4.00000000000005	4	-2.00000000000001	-8.0007918270649	-1.99999999999994	10.0000000000001	4.00000000000005	-1.99999999999994	4.00000000000012
1	1	1	1	1	1	1	1	1	1	1	1	1	1	1	1	16	9.99999999999997	4	10.0000000000001	9.99999999999997	3.99999999999996	-2.00000000000002	4.00000000000004	4	-2.00000000000002	-8.00176249830604	-1.99999999999994	10.0000000000001	4.00000000000004	-1.99999999999994	4.00000000000013
1	1	1	1	1	1	1	1	1	1	1	1	1	1	1	1	16	9.99999999999999	4	10.0000000000001	9.99999999999999	3.99999999999996	-2.00000000000002	4.00000000000004	4	-2.00000000000002	-8.00040310321413	-1.99999999999994	10.0000000000001	4.00000000000004	-1.99999999999994	4.00000000000012
1	1	1	1	1	1	1	1	1	1	1	1	1	1	1	1	16	9.99999999999998	4	10.0000000000001	9.99999999999998	3.99999999999996	-2.00000000000002	4.00000000000004	4	-2.00000000000002	-8.00414321869347	-1.99999999999994	10.0000000000001	4.00000000000004	-1.99999999999994	4.00000000000013
1	1	1	1	1	1	1	1	1	1	1	1	1	1	1	1	16	9.99999999999998	4	10.0000000000002	9.99999999999998	3.99999999999996	-2.00000000000002	4.00000000000003	4	-2.00000000000001	-7.99958312236423	-1.99999999999994	10.0000000000002	4.00000000000003	-1.99999999999994	4.00000000000013
1	1	1	1	1	1	1	1	1	1	1	1	1	1	1	1	16	9.99999999999999	4	10.0000000000001	9.99999999999999	3.99999999999996	-2.00000000000003	4.00000000000005	4	-2.00000000000002	-8.00058407840595	-1.99999999999994	10.0000000000001	4.00000000000005	-1.99999999999994	4.00000000000012
1	1	1	1	1	1	1	1	1	1	1	1	1	1	1	1	16	10	4	10.0000000000002	10	3.99999999999996	-2.00000000000005	4.00000000000006	4	-2.00000000000001	-7.99964423664916	-1.99999999999994	10.0000000000002	4.00000000000006	-1.99999999999994	4.00000000000012
1	1	1	1	1	1	1	1	1	1	1	1	1	1	1	1	16	9.99999999999998	4	10.0000000000001	9.99999999999998	3.99999999999996	-2.00000000000002	4.00000000000004	4	-2.00000000000002	-8.00026260848793	-1.99999999999994	10.0000000000001	4.00000000000004	-1.99999999999994	4.00000000000012
1	1	1	1	1	1	1	1	1	1	1	1	1	1	1	1	16	9.99999999999952	4	9.99999999999998	9.99999999999952	3.99999999999996	-2.0000000000001	3.99999999999994	4	-1.99999999999998	-7.99826120483761	-1.99999999999994	9.99999999999998	3.99999999999994	-1.99999999999994	4.00000000000013
1	1	1	1	1	1	1	1	1	1	1	1	1	1	1	1	16	10	4	10.0000000000001	10	3.99999999999996	-2.00000000000002	4.00000000000005	4	-2.00000000000002	-8.00079983104192	-1.99999999999994	10.0000000000001	4.00000000000005	-1.99999999999994	4.00000000000013
1	1	1	1	1	1	1	1	1	1	1	1	1	1	1	1	16	9.99999999999998	4	10.0000000000001	9.99999999999998	3.99999999999996	-2.00000000000002	4.00000000000004	4	-2.00000000000002	-8.38290594262301	-1.99999999999994	10.0000000000001	4.00000000000004	-1.99999999999994	4.00000000000013
1	1	1	1	1	1	1	1	1	1	1	1	1	1	1	1	16	9.99999999999998	4	10.0000000000001	9.99999999999998	3.99999999999996	-2.00000000000002	4.00000000000006	4	-2.00000000000002	-7.99947531505461	-1.99999999999994	10.0000000000001	4.00000000000006	-1.99999999999994	4.00000000000012
1	1	1	1	1	1	1	1	1	1	1	1	1	1	1	1	16	9.99999999999999	4	10.0000000000001	9.99999999999999	3.99999999999996	-2.00000000000002	4.00000000000003	4	-2.00000000000001	-8.00099065912126	-1.99999999999994	10.0000000000001	4.00000000000003	-1.99999999999994	4.00000000000012
1	1	1	1	1	1	1	1	1	1	1	1	1	1	1	1	16	9.99999999999998	4	10.0000000000001	9.99999999999998	3.99999999999996	-2.00000000000002	4.00000000000004	4	-2.00000000000002	-8.00151264606528	-1.99999999999994	10.0000000000001	4.00000000000004	-1.99999999999994	4.00000000000013
1	1	1	1	1	1	1	1	1	1	1	1	1	1	1	1	16	9.99999999999998	4	10.0000000000001	9.99999999999998	3.99999999999996	-2.00000000000002	4.00000000000005	4	-2.00000000000002	-8.00072849023721	-1.99999999999994	10.0000000000001	4.00000000000005	-1.99999999999994	4.00000000000013
1	1	1	1	1	1	1	1	1	1	1	1	1	1	1	1	16	10.0000000000003	4	10.0000000000005	10.0000000000003	3.99999999999996	-1.99999999999997	4.00000000000019	4	-2.00000000000002	-7.99739348106903	-1.99999999999994	10.0000000000005	4.00000000000019	-1.99999999999994	4.0000000000001
1	1	1	1	1	1	1	1	1	1	1	1	1	1	1	1	16	10	4	10.0000000000001	10	3.99999999999996	-2.00000000000002	4.00000000000004	4	-2.00000000000002	-7.99976865996089	-1.99999999999994	10.0000000000001	4.00000000000004	-1.99999999999994	4.00000000000013
1	1	1	1	1	1	1	1	1	1	1	1	1	1	1	1	16	9.99999999999999	4	10.0000000000001	9.99999999999999	3.99999999999996	-2.00000000000002	4.00000000000004	4	-2.00000000000002	-8.00040445794478	-1.99999999999994	10.0000000000001	4.00000000000004	-1.99999999999994	4.00000000000013
1	1	1	1	1	1	1	1	1	1	1	1	1	1	1	1	16	9.99999999999997	4	10.0000000000001	9.99999999999997	3.99999999999996	-2.00000000000002	4.00000000000004	4	-2.00000000000002	-8.06107573580344	-1.99999999999994	10.0000000000001	4.00000000000004	-1.99999999999994	4.00000000000012
1	1	1	1	1	1	1	1	1	1	1	1	1	1	1	1	16	9.99999999999985	4	10.0000000000001	9.99999999999985	3.99999999999996	-2.00000000000003	4.0000000000001	4	-2.00000000000002	-7.99897078605072	-1.99999999999994	10.0000000000001	4.0000000000001	-1.99999999999994	4.00000000000013
1	1	1	1	1	1	1	1	1	1	1	1	1	1	1	1	16	9.99999999999998	4	10.0000000000001	9.99999999999998	3.99999999999996	-2.00000000000003	4.00000000000004	4	-2.00000000000002	-7.99889168358469	-1.99999999999994	10.0000000000001	4.00000000000004	-1.99999999999994	4.0000000000001
1	1	1	1	1	1	1	1	1	1	1	1	1	1	1	1	16	9.99999999999998	4	10.0000000000001	9.99999999999998	3.99999999999996	-2.00000000000002	4.00000000000004	4	-2.00000000000002	-7.99958080766334	-1.99999999999994	10.0000000000001	4.00000000000004	-1.99999999999994	4.00000000000013
1	1	1	1	1	1	1	1	1	1	1	1	1	1	1	1	16	9.99999999999998	4	10.0000000000001	9.99999999999998	3.99999999999996	-2.00000000000002	4.00000000000004	4	-2.00000000000002	-8.00341054787168	-1.99999999999994	10.0000000000001	4.00000000000004	-1.99999999999994	4.00000000000013
1	1	1	1	1	1	1	1	1	1	1	1	1	1	1	1	16	9.99999999999998	4	10.0000000000001	9.99999999999998	3.99999999999996	-2.00000000000002	4.00000000000003	4	-2.00000000000002	-7.99913415583976	-1.99999999999994	10.0000000000001	4.00000000000003	-1.99999999999994	4.00000000000012
1	1	1	1	1	1	1	1	1	1	1	1	1	1	1	1	16	9.99999999999999	4	10	9.99999999999999	3.99999999999996	-2.00000000000002	4.00000000000004	4	-2.00000000000002	-8.00690344620098	-1.99999999999994	10	4.00000000000004	-1.99999999999994	4.00000000000012
1	1	1	1	1	1	1	1	1	1	1	1	1	1	1	1	16	9.99999999999996	4	10.0000000000001	9.99999999999996	3.99999999999996	-2.00000000000002	4.00000000000003	4	-2.00000000000001	-7.9997708778384	-1.99999999999994	10.0000000000001	4.00000000000003	-1.99999999999994	4.00000000000011
1	1	1	1	1	1	1	1	1	1	1	1	1	1	1	1	16	9.99999999999996	4	10.0000000000001	9.99999999999996	3.99999999999996	-2.00000000000002	4.00000000000005	4	-2.00000000000002	-8.00135466603196	-1.99999999999994	10.0000000000001	4.00000000000005	-1.99999999999994	4.00000000000012
1	1	1	1	1	1	1	1	1	1	1	1	1	1	1	1	16	9.99999999999998	4	10.0000000000001	9.99999999999998	3.99999999999996	-2.00000000000002	4.00000000000004	4	-2.00000000000002	-8.00067054675232	-1.99999999999994	10.0000000000001	4.00000000000004	-1.99999999999994	4.00000000000012
1	1	1	1	1	1	1	1	1	1	1	1	1	1	1	1	16	9.99999999999998	4	10.0000000000001	9.99999999999998	3.99999999999996	-2.00000000000002	4.00000000000003	4	-2.00000000000001	-8.00112120985123	-1.99999999999994	10.0000000000001	4.00000000000003	-1.99999999999994	4.00000000000013
1	1	1	1	1	1	1	1	1	1	1	1	1	1	1	1	16	9.99999999999999	4	10	9.99999999999999	3.99999999999996	-2.00000000000002	4.00000000000004	4	-2.00000000000002	-8.0007973548196	-1.99999999999994	10	4.00000000000004	-1.99999999999994	4.00000000000012
1	1	1	1	1	1	1	1	1	1	1	1	1	1	1	1	16	9.99999999999994	4	10	9.99999999999994	3.99999999999996	-2.00000000000003	4.00000000000004	4	-2.00000000000004	-7.99900846462318	-1.99999999999994	10	4.00000000000004	-1.99999999999994	4.00000000000016
1	1	1	1	1	1	1	1	1	1	1	1	1	1	1	1	16	9.99999999999999	4	10	9.99999999999999	3.99999999999996	-2.00000000000002	4.00000000000004	4	-2.00000000000002	-8.00256335888221	-1.99999999999994	10	4.00000000000004	-1.99999999999994	4.00000000000012
1	1	1	1	1	1	1	1	1	1	1	1	1	1	1	1	16	10.0000000000029	4	9.99999999999874	10.0000000000029	3.99999999999996	-2.00000000000044	4.00000000000084	4	-1.99999999999999	-7.99652565042408	-1.99999999999994	9.99999999999874	4.00000000000084	-1.99999999999994	3.9999999999985
1	1	1	1	1	1	1	1	1	1	1	1	1	1	1	1	16	9.99999999999998	4	10.0000000000001	9.99999999999998	3.99999999999996	-2.00000000000002	4.00000000000004	4	-2.00000000000002	-8.00473538131958	-1.99999999999994	10.0000000000001	4.00000000000004	-1.99999999999994	4.00000000000012
1	1	1	1	1	1	1	1	1	1	1	1	1	1	1	1	16	9.99999999999999	4	10.0000000000001	9.99999999999999	3.99999999999996	-2.00000000000002	4.00000000000004	4	-2.00000000000002	-8.00130581976032	-1.99999999999994	10.0000000000001	4.00000000000004	-1.99999999999994	4.00000000000012
1	1	1	1	1	1	1	1	1	1	1	1	1	1	1	1	16	9.99999999999999	4	10.0000000000001	9.99999999999999	3.99999999999996	-2.00000000000002	4.00000000000003	4	-2.00000000000001	-7.99978046923828	-1.99999999999994	10.0000000000001	4.00000000000003	-1.99999999999994	4.00000000000013
1	1	1	1	1	1	1	1	1	1	1	1	1	1	1	1	16	9.99999999999998	4	10.0000000000001	9.99999999999998	3.99999999999996	-2.00000000000002	4.00000000000004	4	-2.00000000000002	-8.00049885223005	-1.99999999999994	10.0000000000001	4.00000000000004	-1.99999999999994	4.00000000000012
1	1	1	1	1	1	1	1	1	1	1	1	1	1	1	1	16	9.99999999999999	4	10.0000000000001	9.99999999999999	3.99999999999996	-2.00000000000002	4.00000000000004	4	-2.00000000000002	-7.99919439727319	-1.99999999999994	10.0000000000001	4.00000000000004	-1.99999999999994	4.00000000000012
1	1	1	1	1	1	1	1	1	1	1	1	1	1	1	1	16	9.99999999999998	4	10.0000000000001	9.99999999999998	3.99999999999996	-2.00000000000002	4.00000000000004	4	-2.00000000000002	-8.0002847269159	-1.99999999999994	10.0000000000001	4.00000000000004	-1.99999999999994	4.00000000000012
1	1	1	1	1	1	1	1	1	1	1	1	1	1	1	1	16	9.99999999999997	4	10.0000000000001	9.99999999999997	3.99999999999996	-2.00000000000002	4.00000000000004	4	-2.00000000000002	-7.99944398764313	-1.99999999999994	10.0000000000001	4.00000000000004	-1.99999999999994	4.00000000000012
1	1	1	1	1	1	1	1	1	1	1	1	1	1	1	1	16	9.99999999999997	4	10.0000000000001	9.99999999999997	3.99999999999996	-2.00000000000004	4.00000000000004	4	-2.00000000000003	-7.9991314701496	-1.99999999999994	10.0000000000001	4.00000000000004	-1.99999999999994	4.00000000000012
1	1	1	1	1	1	1	1	1	1	1	1	1	1	1	1	16	9.99999999999999	4	10.0000000000001	9.99999999999999	3.99999999999996	-2.00000000000002	4.00000000000004	4	-2.00000000000002	-7.9997494523481	-1.99999999999994	10.0000000000001	4.00000000000004	-1.99999999999994	4.00000000000013
1	1	1	1	1	1	1	1	1	1	1	1	1	1	1	1	16	9.99999999999997	4	10.0000000000001	9.99999999999997	3.99999999999996	-2.00000000000002	4.00000000000004	4	-2.00000000000002	-7.9993027362444	-1.99999999999994	10.0000000000001	4.00000000000004	-1.99999999999994	4.00000000000011
1	1	1	1	1	1	1	1	1	1	1	1	1	1	1	1	16	10.0000000000001	4	10.0000000000001	10.0000000000001	3.99999999999996	-2.0000000000001	4	4	-1.99999999999999	-7.99719461032507	-1.99999999999994	10.0000000000001	4	-1.99999999999994	3.99999999999999
1	1	1	1	1	1	1	1	1	1	1	1	1	1	1	1	16	9.99999999999998	4	10.0000000000001	9.99999999999998	3.99999999999996	-2.00000000000002	4.00000000000004	4	-2.00000000000002	-8.00170520476756	-1.99999999999994	10.0000000000001	4.00000000000004	-1.99999999999994	4.00000000000012
1	1	1	1	1	1	1	1	1	1	1	1	1	1	1	1	16	9.99999999999999	4	9.99999999999893	9.99999999999999	3.99999999999996	-2.00000000000036	3.9999999999991	4	-1.99999999999965	-7.99580126528991	-1.99999999999994	9.99999999999893	3.9999999999991	-1.99999999999994	4.00000000000045
1	1	1	1	1	1	1	1	1	1	1	1	1	1	1	1	16	9.99999999999999	4	10.0000000000001	9.99999999999999	3.99999999999996	-2.00000000000002	4.00000000000004	4	-2.00000000000002	-8.00078480497279	-1.99999999999994	10.0000000000001	4.00000000000004	-1.99999999999994	4.00000000000012
1	1	1	1	1	1	1	1	1	1	1	1	1	1	1	1	16	9.99999999999996	4	10.0000000000001	9.99999999999996	3.99999999999996	-2.00000000000003	4.00000000000005	4	-1.99999999999998	-7.99830439414712	-1.99999999999994	10.0000000000001	4.00000000000005	-1.99999999999994	4.00000000000013
1	1	1	1	1	1	1	1	1	1	1	1	1	1	1	1	16	9.99999999999999	4	10	9.99999999999999	3.99999999999996	-2.00000000000002	4.00000000000005	4	-2.00000000000002	-8.00013791090622	-1.99999999999994	10	4.00000000000005	-1.99999999999994	4.00000000000014
1	1	1	1	1	1	1	1	1	1	1	1	1	1	1	1	16	10	4	10.0000000000001	10	3.99999999999996	-2.00000000000002	4.00000000000005	4	-2.00000000000002	-7.99971941416678	-1.99999999999994	10.0000000000001	4.00000000000005	-1.99999999999994	4.00000000000011
1	1	1	1	1	1	1	1	1	1	1	1	1	1	1	1	16	9.99999999999998	4	10.0000000000001	9.99999999999998	3.99999999999996	-2.00000000000002	4.00000000000005	4	-2.00000000000002	-7.99891864291496	-1.99999999999994	10.0000000000001	4.00000000000005	-1.99999999999994	4.00000000000012
1	1	1	1	1	1	1	1	1	1	1	1	1	1	1	1	16	10	4	10.0000000000001	10	3.99999999999996	-2.00000000000003	4.00000000000001	4	-2.00000000000001	-7.99877355941762	-1.99999999999994	10.0000000000001	4.00000000000001	-1.99999999999994	4.00000000000012
1	1	1	1	1	1	1	1	1	1	1	1	1	1	1	1	16	9.99999999999997	4	10	9.99999999999997	3.99999999999996	-2.00000000000001	4.00000000000005	4	-2.00000000000001	-7.9997665297579	-1.99999999999994	10	4.00000000000005	-1.99999999999994	4.00000000000011
1	1	1	1	1	1	1	1	1	1	1	1	1	1	1	1	16	9.99999999999996	4	10.0000000000001	9.99999999999996	3.99999999999996	-2.00000000000003	3.99999999999998	4	-2.00000000000001	-7.9991901150617	-1.99999999999994	10.0000000000001	3.99999999999998	-1.99999999999994	4.00000000000011
1	1	1	1	1	1	1	1	1	1	1	1	1	1	1	1	16	9.99999999999998	4	10.0000000000001	9.99999999999998	3.99999999999996	-2.00000000000003	4.00000000000004	4	-2.00000000000002	-8.00060795092553	-1.99999999999994	10.0000000000001	4.00000000000004	-1.99999999999994	4.00000000000012
1	1	1	1	1	1	1	1	1	1	1	1	1	1	1	1	16	9.99999999999999	4	10.0000000000001	9.99999999999999	3.99999999999996	-2.00000000000003	4.00000000000005	4	-2.00000000000003	-7.9993821823222	-1.99999999999994	10.0000000000001	4.00000000000005	-1.99999999999994	4.00000000000015
1	1	1	1	1	1	1	1	1	1	1	1	1	1	1	1	16	9.99999999999998	4	10.0000000000001	9.99999999999998	3.99999999999996	-2.00000000000002	4.00000000000004	4	-2.00000000000002	-8.00061593330722	-1.99999999999994	10.0000000000001	4.00000000000004	-1.99999999999994	4.00000000000013
1	1	1	1	1	1	1	1	1	1	1	1	1	1	1	1	16	9.99999999999999	4	10.0000000000001	9.99999999999999	3.99999999999996	-2.00000000000002	4.00000000000005	4	-2.00000000000002	-8.00057556354049	-1.99999999999994	10.0000000000001	4.00000000000005	-1.99999999999994	4.00000000000012
1	1	1	1	1	1	1	1	1	1	1	1	1	1	1	1	16	9.99999999999997	4	10.0000000000001	9.99999999999997	3.99999999999996	-2.00000000000002	4.00000000000004	4	-2.00000000000002	-7.99922757807656	-1.99999999999994	10.0000000000001	4.00000000000004	-1.99999999999994	4.00000000000012
1	1	1	1	1	1	1	1	1	1	1	1	1	1	1	1	16	10	4	10.0000000000001	10	3.99999999999996	-2.00000000000002	4.00000000000005	4	-2.00000000000003	-7.99957561503226	-1.99999999999994	10.0000000000001	4.00000000000005	-1.99999999999994	4.00000000000014
1	1	1	1	1	1	1	1	1	1	1	1	1	1	1	1	16	10.0000000000001	4	10.0000000000006	10.0000000000001	3.99999999999996	-2.00000000000006	4.00000000000001	4	-2.00000000000002	-7.99899824964523	-1.99999999999994	10.0000000000006	4.00000000000001	-1.99999999999994	3.99999999999996
1	1	1	1	1	1	1	1	1	1	1	1	1	1	1	1	16	9.99999999999997	4	10.0000000000001	9.99999999999997	3.99999999999996	-2.00000000000002	4.00000000000005	4	-2.00000000000002	-8.00114905675432	-1.99999999999994	10.0000000000001	4.00000000000005	-1.99999999999994	4.00000000000013
1	1	1	1	1	1	1	1	1	1	1	1	1	1	1	1	16	9.99999999999998	4	10.0000000000001	9.99999999999998	3.99999999999996	-2.00000000000002	4.00000000000004	4	-2.00000000000002	-8.00377644292054	-1.99999999999994	10.0000000000001	4.00000000000004	-1.99999999999994	4.00000000000013
1	1	1	1	1	1	1	1	1	1	1	1	1	1	1	1	16	9.99999999999998	4	10.0000000000001	9.99999999999998	3.99999999999996	-2.00000000000004	4.00000000000004	4	-2.00000000000003	-7.9993058196736	-1.99999999999994	10.0000000000001	4.00000000000004	-1.99999999999994	4.00000000000014
1	1	1	1	1	1	1	1	1	1	1	1	1	1	1	1	16	9.99999999999998	4	10.0000000000001	9.99999999999998	3.99999999999996	-2.00000000000002	4.00000000000004	4	-2.00000000000002	-8.00242600946336	-1.99999999999994	10.0000000000001	4.00000000000004	-1.99999999999994	4.00000000000012
1	1	1	1	1	1	1	1	1	1	1	1	1	1	1	1	16	9.99999999999998	4	10.0000000000001	9.99999999999998	3.99999999999996	-2.00000000000002	4.00000000000004	4	-2.00000000000002	-8.00044049277515	-1.99999999999994	10.0000000000001	4.00000000000004	-1.99999999999994	4.00000000000013
1	1	1	1	1	1	1	1	1	1	1	1	1	1	1	1	16	9.99999999999998	4	10.0000000000001	9.99999999999998	3.99999999999996	-2.00000000000002	4.00000000000004	4	-2.00000000000002	-8.00203146163705	-1.99999999999994	10.0000000000001	4.00000000000004	-1.99999999999994	4.00000000000012
1	1	1	1	1	1	1	1	1	1	1	1	1	1	1	1	16	10	4	10.0000000000001	10	3.99999999999996	-2.00000000000002	4.00000000000002	4	-2	-7.99923149455399	-1.99999999999994	10.0000000000001	4.00000000000002	-1.99999999999994	4.00000000000012
1	1	1	1	1	1	1	1	1	1	1	1	1	1	1	1	16	9.99999999999998	4	10.0000000000001	9.99999999999998	3.99999999999996	-2.00000000000002	4.00000000000004	4	-2.00000000000002	-8.00182902481018	-1.99999999999994	10.0000000000001	4.00000000000004	-1.99999999999994	4.00000000000012
1	1	1	1	1	1	1	1	1	1	1	1	1	1	1	1	16	10	4	10.0000000000001	10	3.99999999999996	-2.00000000000002	4.00000000000004	4	-2.00000000000002	-8.00035249040122	-1.99999999999994	10.0000000000001	4.00000000000004	-1.99999999999994	4.00000000000012
1	1	1	1	1	1	1	1	1	1	1	1	1	1	1	1	16	9.99999999999999	4	10.0000000000001	9.99999999999999	3.99999999999996	-2.00000000000003	4.00000000000005	4	-2.00000000000002	-8.00026830164567	-1.99999999999994	10.0000000000001	4.00000000000005	-1.99999999999994	4.00000000000014
1	1	1	1	1	1	1	1	1	1	1	1	1	1	1	1	16	9.99999999999999	4	10.0000000000001	9.99999999999999	3.99999999999996	-2.00000000000008	4.00000000000001	4	-1.99999999999999	-7.99816147849055	-1.99999999999994	10.0000000000001	4.00000000000001	-1.99999999999994	4.00000000000004
1	1	1	1	1	1	1	1	1	1	1	1	1	1	1	1	16	9.99999999999998	4	10.0000000000001	9.99999999999998	3.99999999999996	-2.00000000000002	4.00000000000004	4	-2.00000000000002	-8.00139485956388	-1.99999999999994	10.0000000000001	4.00000000000004	-1.99999999999994	4.00000000000013
1	1	1	1	1	1	1	1	1	1	1	1	1	1	1	1	16	10	4	10.0000000000001	10	3.99999999999996	-2.00000000000002	4.00000000000004	4	-2.00000000000002	-7.99915599127931	-1.99999999999994	10.0000000000001	4.00000000000004	-1.99999999999994	4.00000000000012
1	1	1	1	1	1	1	1	1	1	1	1	1	1	1	1	16	9.99999999999996	4	10	9.99999999999996	3.99999999999996	-2.00000000000003	4.00000000000003	4	-2.00000000000002	-8.00060180260697	-1.99999999999994	10	4.00000000000003	-1.99999999999994	4.00000000000013
1	1	1	1	1	1	1	1	1	1	1	1	1	1	1	1	16	9.99999999999998	4	10.0000000000001	9.99999999999998	3.99999999999996	-2.00000000000002	4.00000000000004	4	-2.00000000000002	-7.99909364260595	-1.99999999999994	10.0000000000001	4.00000000000004	-1.99999999999994	4.00000000000012
1	1	1	1	1	1	1	1	1	1	1	1	1	1	1	1	16	9.99999999999998	4	10.0000000000001	9.99999999999998	3.99999999999996	-2.00000000000002	4.00000000000004	4	-2.00000000000002	-8.00073322901812	-1.99999999999994	10.0000000000001	4.00000000000004	-1.99999999999994	4.00000000000012
1	1	1	1	1	1	1	1	1	1	1	1	1	1	1	1	16	9.99999999999999	4	10.0000000000001	9.99999999999999	3.99999999999996	-2.00000000000002	4.00000000000004	4	-2.00000000000002	-8.00068576891299	-1.99999999999994	10.0000000000001	4.00000000000004	-1.99999999999994	4.00000000000012
1	1	1	1	1	1	1	1	1	1	1	1	1	1	1	1	16	9.99999999999998	4	10.0000000000001	9.99999999999998	3.99999999999996	-2.00000000000002	4.0000000000001	4	-2.00000000000002	-8.00019857340537	-1.99999999999994	10.0000000000001	4.0000000000001	-1.99999999999994	4.00000000000011
1	1	1	1	1	1	1	1	1	1	1	1	1	1	1	1	16	9.99999999999998	4	10.0000000000001	9.99999999999998	3.99999999999996	-2.00000000000002	4.00000000000004	4	-2.00000000000002	-8.00034093885788	-1.99999999999994	10.0000000000001	4.00000000000004	-1.99999999999994	4.00000000000012
1	1	1	1	1	1	1	1	1	1	1	1	1	1	1	1	16	10	4	10.0000000000001	10	3.99999999999996	-2.00000000000002	4.00000000000005	4	-2.00000000000002	-8.00027120560284	-1.99999999999994	10.0000000000001	4.00000000000005	-1.99999999999994	4.00000000000012
1	1	1	1	1	1	1	1	1	1	1	1	1	1	1	1	16	9.99999999999999	4	10.0000000000001	9.99999999999999	3.99999999999996	-2.00000000000002	4.00000000000005	4	-2.00000000000001	-7.9989870591263	-1.99999999999994	10.0000000000001	4.00000000000005	-1.99999999999994	4.00000000000012
1	1	1	1	1	1	1	1	1	1	1	1	1	1	1	1	16	9.99999999999998	4	10.0000000000001	9.99999999999998	3.99999999999996	-2.00000000000003	4.00000000000004	4	-2.00000000000002	-7.9995558590728	-1.99999999999994	10.0000000000001	4.00000000000004	-1.99999999999994	4.00000000000013
1	1	1	1	1	1	1	1	1	1	1	1	1	1	1	1	16	9.99999999999999	4	10.0000000000001	9.99999999999999	3.99999999999996	-2.00000000000003	4.00000000000007	4	-2.00000000000003	-7.99882696129328	-1.99999999999994	10.0000000000001	4.00000000000007	-1.99999999999994	4.00000000000012
1	1	1	1	1	1	1	1	1	1	1	1	1	1	1	1	16	9.99999999999998	4	10.0000000000001	9.99999999999998	3.99999999999996	-2.00000000000002	4.00000000000004	4	-2.00000000000002	-8.01732594066773	-1.99999999999994	10.0000000000001	4.00000000000004	-1.99999999999994	4.00000000000013
1	1	1	1	1	1	1	1	1	1	1	1	1	1	1	1	16	9.99999999999999	4	10.0000000000001	9.99999999999999	3.99999999999996	-2.00000000000002	4.00000000000003	4	-2.00000000000002	-7.99938408480224	-1.99999999999994	10.0000000000001	4.00000000000003	-1.99999999999994	4.00000000000013
1	1	1	1	1	1	1	1	1	1	1	1	1	1	1	1	16	10	4	10.0000000000001	10	3.99999999999996	-2	3.99999999999999	4	-2.00000000000002	-8.00034191228082	-1.99999999999994	10.0000000000001	3.99999999999999	-1.99999999999994	4.0000000000001
1	1	1	1	1	1	1	1	1	1	1	1	1	1	1	1	16	10	4	10.0000000000001	10	3.99999999999996	-2.00000000000003	4.00000000000006	4	-2.00000000000001	-7.99898593521266	-1.99999999999994	10.0000000000001	4.00000000000006	-1.99999999999994	4.00000000000011
1	1	1	1	1	1	1	1	1	1	1	1	1	1	1	1	16	9.99999999999999	4	10.0000000000001	9.99999999999999	3.99999999999996	-2.00000000000002	4.00000000000004	4	-2.00000000000002	-8.00067606159489	-1.99999999999994	10.0000000000001	4.00000000000004	-1.99999999999994	4.00000000000012
1	1	1	1	1	1	1	1	1	1	1	1	1	1	1	1	16	9.99999999999989	4	10.0000000000003	9.99999999999989	3.99999999999996	-2.00000000000004	3.99999999999999	4	-2.00000000000002	-7.9978049492704	-1.99999999999994	10.0000000000003	3.99999999999999	-1.99999999999994	4.00000000000019
1	1	1	1	1	1	1	1	1	1	1	1	1	1	1	1	16	9.99999999999999	4	10.0000000000001	9.99999999999999	3.99999999999996	-2.00000000000002	4.00000000000004	4	-2.00000000000002	-8.00033500179705	-1.99999999999994	10.0000000000001	4.00000000000004	-1.99999999999994	4.00000000000012
1	1	1	1	1	1	1	1	1	1	1	1	1	1	1	1	16	9.99999999999998	4	10.0000000000001	9.99999999999998	3.99999999999996	-2.00000000000002	4.00000000000005	4	-2.00000000000002	-8.00063058073103	-1.99999999999994	10.0000000000001	4.00000000000005	-1.99999999999994	4.00000000000012
1	1	1	1	1	1	1	1	1	1	1	1	1	1	1	1	16	9.99999999999997	4	10	9.99999999999997	3.99999999999996	-2.00000000000002	4.00000000000004	4	-2.00000000000002	-8.00026895015363	-1.99999999999994	10	4.00000000000004	-1.99999999999994	4.00000000000014
1	1	1	1	1	1	1	1	1	1	1	1	1	1	1	1	16	9.99999999999999	4	10.0000000000001	9.99999999999999	3.99999999999996	-2.00000000000003	4.00000000000003	4	-2.00000000000002	-8.00069647651106	-1.99999999999994	10.0000000000001	4.00000000000003	-1.99999999999994	4.00000000000012
1	1	1	1	1	1	1	1	1	1	1	1	1	1	1	1	16	9.99999999999996	4	10	9.99999999999996	3.99999999999996	-2.00000000000003	4.00000000000006	4	-2.00000000000004	-7.99960573509657	-1.99999999999994	10	4.00000000000006	-1.99999999999994	4.00000000000012
1	1	1	1	1	1	1	1	1	1	1	1	1	1	1	1	16	10	4	10.0000000000001	10	3.99999999999996	-2.00000000000001	4.00000000000003	4	-2.00000000000002	-7.99957049656883	-1.99999999999994	10.0000000000001	4.00000000000003	-1.99999999999994	4.00000000000011
1	1	1	1	1	1	1	1	1	1	1	1	1	1	1	1	16	9.99999999999997	4	10.0000000000001	9.99999999999997	3.99999999999996	-2.00000000000002	4.00000000000004	4	-2.00000000000002	-8.0020675001628	-1.99999999999994	10.0000000000001	4.00000000000004	-1.99999999999994	4.00000000000012
1	1	1	1	1	1	1	1	1	1	1	1	1	1	1	1	16	9.99999999999998	4	10.0000000000001	9.99999999999998	3.99999999999996	-2.00000000000002	4.00000000000004	4	-2.00000000000002	-8.001499612826	-1.99999999999994	10.0000000000001	4.00000000000004	-1.99999999999994	4.00000000000013
1	1	1	1	1	1	1	1	1	1	1	1	1	1	1	1	16	9.99999999999999	4	10.0000000000001	9.99999999999999	3.99999999999996	-2.00000000000002	4.00000000000003	4	-2.00000000000002	-7.99947455845207	-1.99999999999994	10.0000000000001	4.00000000000003	-1.99999999999994	4.00000000000012
1	1	1	1	1	1	1	1	1	1	1	1	1	1	1	1	16	9.99999999999997	4	10.0000000000001	9.99999999999997	3.99999999999996	-2.00000000000002	4.00000000000003	4	-2.00000000000001	-7.99944228081159	-1.99999999999994	10.0000000000001	4.00000000000003	-1.99999999999994	4.00000000000015
1	1	1	1	1	1	1	1	1	1	1	1	1	1	1	1	16	9.99999999999996	4	10.0000000000001	9.99999999999996	3.99999999999996	-2.00000000000003	4.00000000000003	4	-2.00000000000001	-7.99972348444259	-1.99999999999994	10.0000000000001	4.00000000000003	-1.99999999999994	4.00000000000013
1	1	1	1	1	1	1	1	1	1	1	1	1	1	1	1	16	10	4	10.0000000000001	10	3.99999999999996	-2.00000000000002	4.00000000000002	4	-2.00000000000002	-7.99952254264223	-1.99999999999994	10.0000000000001	4.00000000000002	-1.99999999999994	4.00000000000012
1	1	1	1	1	1	1	1	1	1	1	1	1	1	1	1	16	9.99999999999268	4	10.000000000012	9.99999999999268	3.99999999999996	-2.00000000000503	3.99999999999575	4	-1.99999999999964	-7.99435746029289	-1.99999999999994	10.000000000012	3.99999999999575	-1.99999999999994	3.99999999999568
1	1	1	1	1	1	1	1	1	1	1	1	1	1	1	1	16	10	4	10.0000000000001	10	3.99999999999996	-2.00000000000003	4.00000000000003	4	-2.00000000000003	-8.00068221015382	-1.99999999999994	10.0000000000001	4.00000000000003	-1.99999999999994	4.00000000000013
1	1	1	1	1	1	1	1	1	1	1	1	1	1	1	1	16	10.0000000000029	4	10.0000000000013	10.0000000000029	3.99999999999996	-1.99999999999978	4.00000000000021	4	-1.99999999999942	-7.995133332119	-1.99999999999994	10.0000000000013	4.00000000000021	-1.99999999999994	3.99999999999858
1	1	1	1	1	1	1	1	1	1	1	1	1	1	1	1	16	9.99999999999998	4	10.0000000000001	9.99999999999998	3.99999999999996	-2.00000000000002	4.00000000000004	4	-2.00000000000002	-8.00230196870743	-1.99999999999994	10.0000000000001	4.00000000000004	-1.99999999999994	4.00000000000013
1	1	1	1	1	1	1	1	1	1	1	1	1	1	1	1	16	10.0000000000337	4	10.000000000036	10.0000000000337	3.99999999999996	-2.00000000000553	3.99999999999348	4	-1.9999999999916	-7.99475056940083	-1.99999999999994	10.000000000036	3.99999999999348	-1.99999999999994	3.99999999998394
1	1	1	1	1	1	1	1	1	1	1	1	1	1	1	1	16	9.99999999999998	4	10.0000000000001	9.99999999999998	3.99999999999996	-2.00000000000002	4.00000000000004	4	-2.00000000000002	-8.00060978894292	-1.99999999999994	10.0000000000001	4.00000000000004	-1.99999999999994	4.00000000000013
1	1	1	1	1	1	1	1	1	1	1	1	1	1	1	1	16	10.0000000000053	4	9.99999999999255	10.0000000000053	3.99999999999996	-2.00000000000435	4.0000000000008	4	-1.99999999999799	-7.99466982347925	-1.99999999999994	9.99999999999255	4.0000000000008	-1.99999999999994	3.99999999999964
1	1	1	1	1	1	1	1	1	1	1	1	1	1	1	1	16	9.99999999999997	4	10.0000000000001	9.99999999999997	3.99999999999996	-2.00000000000002	4.00000000000004	4	-2.00000000000002	-8.00052132036759	-1.99999999999994	10.0000000000001	4.00000000000004	-1.99999999999994	4.00000000000013
1	1	1	1	1	1	1	1	1	1	1	1	1	1	1	1	16	9.99999999999998	4	10.0000000000001	9.99999999999998	3.99999999999996	-2.00000000000002	4.00000000000004	4	-2.00000000000002	-8.00053290939264	-1.99999999999994	10.0000000000001	4.00000000000004	-1.99999999999994	4.00000000000012
1	1	1	1	1	1	1	1	1	1	1	1	1	1	1	1	16	10	4	10	10	3.99999999999996	-2.00000000000002	4.00000000000002	4	-2.00000000000002	-7.99937692030041	-1.99999999999994	10	4.00000000000002	-1.99999999999994	4.00000000000016
1	1	1	1	1	1	1	1	1	1	1	1	1	1	1	1	16	9.99999999999998	4	10.0000000000001	9.99999999999998	3.99999999999996	-2.00000000000002	4.00000000000005	4	-2.00000000000002	-7.99898755830077	-1.99999999999994	10.0000000000001	4.00000000000005	-1.99999999999994	4.00000000000012
1	1	1	1	1	1	1	1	1	1	1	1	1	1	1	1	16	9.99999999999999	4	10.0000000000001	9.99999999999999	3.99999999999996	-2.00000000000002	4.00000000000004	4	-2.00000000000002	-7.99970439849738	-1.99999999999994	10.0000000000001	4.00000000000004	-1.99999999999994	4.00000000000012
1	1	1	1	1	1	1	1	1	1	1	1	1	1	1	1	16	9.99999999999998	4	10	9.99999999999998	3.99999999999996	-2.00000000000002	4.00000000000004	4	-2.00000000000002	-7.99962886893536	-1.99999999999994	10	4.00000000000004	-1.99999999999994	4.00000000000012
1	1	1	1	1	1	1	1	1	1	1	1	1	1	1	1	16	9.99999999999999	4	10.0000000000001	9.99999999999999	3.99999999999996	-2.00000000000003	4.00000000000004	4	-2.00000000000002	-7.99920203962769	-1.99999999999994	10.0000000000001	4.00000000000004	-1.99999999999994	4.00000000000012
1	1	1	1	1	1	1	1	1	1	1	1	1	1	1	1	16	10	4	10.0000000000001	10	3.99999999999996	-2.00000000000002	4.00000000000004	4	-2.00000000000002	-8.00056193807352	-1.99999999999994	10.0000000000001	4.00000000000004	-1.99999999999994	4.00000000000012
1	1	1	1	1	1	1	1	1	1	1	1	1	1	1	1	16	9.99999999999997	4	10.0000000000001	9.99999999999997	3.99999999999996	-2.00000000000002	4.00000000000004	4	-2.00000000000002	-8.00079369525309	-1.99999999999994	10.0000000000001	4.00000000000004	-1.99999999999994	4.00000000000012
1	1	1	1	1	1	1	1	1	1	1	1	1	1	1	1	16	9.99999999999999	4	10.0000000000001	9.99999999999999	3.99999999999996	-2.00000000000002	4.00000000000004	4	-2.00000000000002	-7.99945705885551	-1.99999999999994	10.0000000000001	4.00000000000004	-1.99999999999994	4.00000000000012
1	1	1	1	1	1	1	1	1	1	1	1	1	1	1	1	16	9.99999999999998	4	10.0000000000001	9.99999999999998	3.99999999999996	-2.00000000000002	4.00000000000004	4	-2.00000000000002	-8.00421055960289	-1.99999999999994	10.0000000000001	4.00000000000004	-1.99999999999994	4.00000000000013
1	1	1	1	1	1	1	1	1	1	1	1	1	1	1	1	16	9.99999999999986	4	10.0000000000002	9.99999999999986	3.99999999999996	-1.99999999999999	4.00000000000002	4	-2.00000000000002	-7.99932486537484	-1.99999999999994	10.0000000000002	4.00000000000002	-1.99999999999994	4.00000000000026
1	1	1	1	1	1	1	1	1	1	1	1	1	1	1	1	16	9.99999999999998	4	10.0000000000001	9.99999999999998	3.99999999999996	-2.00000000000002	4.00000000000005	4	-2.00000000000002	-8.00049291822746	-1.99999999999994	10.0000000000001	4.00000000000005	-1.99999999999994	4.00000000000013
1	1	1	1	1	1	1	1	1	1	1	1	1	1	1	1	16	9.99999999999998	4	10.0000000000001	9.99999999999998	3.99999999999996	-2.00000000000002	4.00000000000004	4	-2.00000000000002	-8.00230125367964	-1.99999999999994	10.0000000000001	4.00000000000004	-1.99999999999994	4.00000000000012
1	1	1	1	1	1	1	1	1	1	1	1	1	1	1	1	16	9.99999999999999	4	10.0000000000001	9.99999999999999	3.99999999999996	-2.00000000000002	4.00000000000004	4	-2.00000000000002	-7.99972113998145	-1.99999999999994	10.0000000000001	4.00000000000004	-1.99999999999994	4.00000000000013
1	1	1	1	1	1	1	1	1	1	1	1	1	1	1	1	16	9.99999999999999	4	10.0000000000001	9.99999999999999	3.99999999999996	-2.00000000000002	4.00000000000004	4	-2.00000000000002	-7.99953814348646	-1.99999999999994	10.0000000000001	4.00000000000004	-1.99999999999994	4.00000000000013
1	1	1	1	1	1	1	1	1	1	1	1	1	1	1	1	16	9.99999999999991	4	10.0000000000002	9.99999999999991	3.99999999999996	-2.00000000000005	3.99999999999999	4	-2.00000000000001	-7.99954572018346	-1.99999999999994	10.0000000000002	3.99999999999999	-1.99999999999994	4.00000000000011
1	1	1	1	1	1	1	1	1	1	1	1	1	1	1	1	16	9.99999999999998	4	10.0000000000001	9.99999999999998	3.99999999999996	-2.00000000000002	4.00000000000004	4	-2.00000000000002	-8.00131885879124	-1.99999999999994	10.0000000000001	4.00000000000004	-1.99999999999994	4.00000000000013
1	1	1	1	1	1	1	1	1	1	1	1	1	1	1	1	16	10	4	10.0000000000001	10	3.99999999999996	-2.00000000000002	4.00000000000005	4	-2.00000000000002	-8.00035360030006	-1.99999999999994	10.0000000000001	4.00000000000005	-1.99999999999994	4.00000000000012
1	1	1	1	1	1	1	1	1	1	1	1	1	1	1	1	16	9.99999999999998	4	10.0000000000001	9.99999999999998	3.99999999999996	-2.00000000000002	4.00000000000004	4	-2.00000000000002	-7.99975716903145	-1.99999999999994	10.0000000000001	4.00000000000004	-1.99999999999994	4.00000000000012
1	1	1	1	1	1	1	1	1	1	1	1	1	1	1	1	16	9.99999999999997	4	10.0000000000001	9.99999999999997	3.99999999999996	-2.00000000000002	4.00000000000005	4	-2.00000000000002	-7.99884380121196	-1.99999999999994	10.0000000000001	4.00000000000005	-1.99999999999994	4.00000000000012
1	1	1	1	1	1	1	1	1	1	1	1	1	1	1	1	16	9.99999999999998	4	10.0000000000001	9.99999999999998	3.99999999999996	-2.00000000000002	4.00000000000004	4	-2.00000000000002	-8.00087205901312	-1.99999999999994	10.0000000000001	4.00000000000004	-1.99999999999994	4.00000000000013
1	1	1	1	1	1	1	1	1	1	1	1	1	1	1	1	16	9.99999999999997	4	10.0000000000001	9.99999999999997	3.99999999999996	-2.00000000000002	4.00000000000004	4	-2.00000000000002	-8.00243502770025	-1.99999999999994	10.0000000000001	4.00000000000004	-1.99999999999994	4.00000000000013
1	1	1	1	1	1	1	1	1	1	1	1	1	1	1	1	16	10	4	10.0000000000001	10	3.99999999999996	-2	4.00000000000002	4	-2.00000000000001	-7.999118032608	-1.99999999999994	10.0000000000001	4.00000000000002	-1.99999999999994	4.00000000000005
1	1	1	1	1	1	1	1	1	1	1	1	1	1	1	1	16	9.99999999856938	4	9.99999999928259	9.99999999856938	3.99999999999996	-2.00000000024917	4.00000000037483	4	-1.99999999992316	-7.98990937876196	-1.99999999999994	9.99999999928259	4.00000000037483	-1.99999999999994	3.99999999977538
1	1	1	1	1	1	1	1	1	1	1	1	1	1	1	1	16	9.99999999999998	4	10.0000000000001	9.99999999999998	3.99999999999996	-2.00000000000002	4.00000000000004	4	-2.00000000000002	-8.00067642510926	-1.99999999999994	10.0000000000001	4.00000000000004	-1.99999999999994	4.00000000000012
1	1	1	1	1	1	1	1	1	1	1	1	1	1	1	1	16	9.99999999999998	4	10.0000000000001	9.99999999999998	3.99999999999996	-2.00000000000004	3.99999999999996	4	-1.99999999999999	-7.99809996044343	-1.99999999999994	10.0000000000001	3.99999999999996	-1.99999999999994	4.00000000000005
1	1	1	1	1	1	1	1	1	1	1	1	1	1	1	1	16	10	4	10.0000000000001	10	3.99999999999996	-2.00000000000002	4.00000000000004	4	-2.00000000000002	-8.00307433900508	-1.99999999999994	10.0000000000001	4.00000000000004	-1.99999999999994	4.00000000000012
1	1	1	1	1	1	1	1	1	1	1	1	1	1	1	1	16	9.99999999999998	4	10	9.99999999999998	3.99999999999996	-2.00000000000003	4.00000000000004	4	-2.00000000000002	-7.99909786841248	-1.99999999999994	10	4.00000000000004	-1.99999999999994	4.00000000000012
1	1	1	1	1	1	1	1	1	1	1	1	1	1	1	1	16	9.99999999999998	4	10.0000000000001	9.99999999999998	3.99999999999996	-2.00000000000001	4.00000000000008	4	-2.00000000000002	-7.99900697249838	-1.99999999999994	10.0000000000001	4.00000000000008	-1.99999999999994	4.00000000000013
1	1	1	1	1	1	1	1	1	1	1	1	1	1	1	1	16	9.99999999999998	4	10.0000000000001	9.99999999999998	3.99999999999996	-2.00000000000002	4.00000000000004	4	-2.00000000000002	-8.00207798925227	-1.99999999999994	10.0000000000001	4.00000000000004	-1.99999999999994	4.00000000000012
1	1	1	1	1	1	1	1	1	1	1	1	1	1	1	1	16	9.99999999999996	4	10	9.99999999999996	3.99999999999996	-2.00000000000002	4.00000000000005	4	-2.00000000000002	-8.00045156998656	-1.99999999999994	10	4.00000000000005	-1.99999999999994	4.00000000000012
1	1	1	1	1	1	1	1	1	1	1	1	1	1	1	1	16	9.99999999999998	4	10.0000000000001	9.99999999999998	3.99999999999996	-2.00000000000002	4.00000000000004	4	-2.00000000000002	-8.00160674409399	-1.99999999999994	10.0000000000001	4.00000000000004	-1.99999999999994	4.00000000000012
1	1	1	1	1	1	1	1	1	1	1	1	1	1	1	1	16	10	4	9.99999999999998	10	3.99999999999996	-2.00000000000002	4.00000000000007	4	-2.00000000000002	-7.99881491603402	-1.99999999999994	9.99999999999998	4.00000000000007	-1.99999999999994	4.0000000000001
1	1	1	1	1	1	1	1	1	1	1	1	1	1	1	1	16	10.0000000031241	4	9.99999999885579	10.0000000031241	3.99999999999996	-1.99999999985821	3.99999999922335	4	-1.99999999986928	-7.9902838202694	-1.99999999999994	9.99999999885579	3.99999999922335	-1.99999999999994	3.99999999921204
1	1	1	1	1	1	1	1	1	1	1	1	1	1	1	1	16	10	4	10.0000000000001	10	3.99999999999996	-2.00000000000002	4.00000000000004	4	-2.00000000000002	-8.00043627562575	-1.99999999999994	10.0000000000001	4.00000000000004	-1.99999999999994	4.00000000000012
1	1	1	1	1	1	1	1	1	1	1	1	1	1	1	1	16	9.99999999999998	4	10.0000000000001	9.99999999999998	3.99999999999996	-2.00000000000002	4.00000000000004	4	-2.00000000000002	-7.99980282364705	-1.99999999999994	10.0000000000001	4.00000000000004	-1.99999999999994	4.00000000000012
1	1	1	1	1	1	1	1	1	1	1	1	1	1	1	1	16	10	4	10	10	3.99999999999996	-2.00000000000001	4.00000000000004	4	-2	-7.99970854695306	-1.99999999999994	10	4.00000000000004	-1.99999999999994	4.00000000000012
1	1	1	1	1	1	1	1	1	1	1	1	1	1	1	1	16	9.99999998527617	4	10.0000000008959	9.99999998527617	3.99999999999996	-2.00000000247071	3.99999999575163	4	-1.99999999920164	-7.98017378239682	-1.99999999999994	10.0000000008959	3.99999999575163	-1.99999999999994	3.99999999825813
1	1	1	1	1	1	1	1	1	1	1	1	1	1	1	1	16	9.99999999999997	4	10.0000000000001	9.99999999999997	3.99999999999996	-2.00000000000003	4.00000000000003	4	-2.00000000000001	-7.99952407504803	-1.99999999999994	10.0000000000001	4.00000000000003	-1.99999999999994	4.00000000000012
1	1	1	1	1	1	1	1	1	1	1	1	1	1	1	1	16	9.99999999999998	4	10.0000000000001	9.99999999999998	3.99999999999996	-2.00000000000002	4.00000000000004	4	-2.00000000000002	-7.99982035684582	-1.99999999999994	10.0000000000001	4.00000000000004	-1.99999999999994	4.00000000000013
1	1	1	1	1	1	1	1	1	1	1	1	1	1	1	1	16	9.99999999999998	4	10.0000000000001	9.99999999999998	3.99999999999996	-2.00000000000001	4.00000000000003	4	-2.00000000000002	-8.00058920722235	-1.99999999999994	10.0000000000001	4.00000000000003	-1.99999999999994	4.00000000000012
1	1	1	1	1	1	1	1	1	1	1	1	1	1	1	1	16	9.99999999999998	4	10.0000000000001	9.99999999999998	3.99999999999996	-2.00000000000002	4.00000000000004	4	-2.00000000000002	-8.00045834330766	-1.99999999999994	10.0000000000001	4.00000000000004	-1.99999999999994	4.00000000000012
1	1	1	1	1	1	1	1	1	1	1	1	1	1	1	1	16	9.99999999999998	4	10	9.99999999999998	3.99999999999996	-2.00000000000003	4.00000000000003	4	-2.00000000000002	-7.99903273185791	-1.99999999999994	10	4.00000000000003	-1.99999999999994	4.00000000000012
1	1	1	1	1	1	1	1	1	1	1	1	1	1	1	1	16	9.99999999999998	4	10.0000000000001	9.99999999999998	3.99999999999996	-2.00000000000002	4.00000000000004	4	-2.00000000000002	-8.00296383988365	-1.99999999999994	10.0000000000001	4.00000000000004	-1.99999999999994	4.00000000000012
1	1	1	1	1	1	1	1	1	1	1	1	1	1	1	1	16	9.99999999999999	4	10.0000000000001	9.99999999999999	3.99999999999996	-2.00000000000002