1	1.00582519563655	1.01077617354841	1.00582519563655	1.0058251956339	1.01077617354629	1.01556482857181	1.01077617354632	1.01077617354421	1.01556482856985	1.02010593295908	1.01556482856985	1.0058251956339	1.01077617354632	1.01556482857181	1.01077617354629	0.368585954078952	0.305843817155719	0.292002165327009	0.30584381715572	0.305843817146464	0.292002165327968	0.285650939053744	0.292002165328358	0.292002165329532	0.285650939055257	0.280469626823304	0.285650939055258	0.305843817146464	0.292002165328358	0.285650939053744	0.292002165327969
1	1.01923873652148	1.03594691587078	1.01923873652148	1.01923873650922	1.035946915872	1.04879306840792	1.03594691587204	1.03594691586485	1.04879306839632	1.05940365227954	1.04879306839632	1.01923873650922	1.03594691587204	1.04879306840792	1.035946915872	0.504181148782507	0.440801443575576	0.428273956413517	0.440801443575577	0.440801443561967	0.428273956504337	0.404564186710414	0.428273956504505	0.428273956528838	0.404564186697273	0.383977303980302	0.404564186697273	0.440801443561967	0.428273956504505	0.404564186710415	0.428273956504338
1	1.02625586370975	1.05023429212727	1.02625586370975	1.02625586371442	1.05023429215145	1.065524282988	1.05023429215147	1.05023429216666	1.06552428299251	1.08365036746744	1.06552428299251	1.02625586371442	1.05023429215147	1.065524282988	1.05023429215145	0.554063833258685	0.490580545692376	0.48449277046771	0.490580545692377	0.490580545687084	0.484492770559552	0.450489985769447	0.484492770559625	0.484492770617826	0.450489985774552	0.447855958354455	0.450489985774552	0.490580545687085	0.484492770559625	0.450489985769447	0.484492770559553
1	1.02892297003976	1.05594505385966	1.02892297003976	1.02892297004181	1.05594505387591	1.07200540396301	1.05594505387592	1.05594505388733	1.07200540396651	1.09733192056174	1.07200540396651	1.02892297004181	1.05594505387592	1.07200540396301	1.05594505387591	0.572414647365354	0.508420880586474	0.503859515279068	0.508420880586474	0.508420880583976	0.503859515327924	0.467821228561599	0.503859515327956	0.50385951536241	0.46782122856735	0.478403725034863	0.46782122856735	0.508420880583976	0.503859515327956	0.467821228561599	0.503859515327925
1	1.02984504465496	1.05762934451337	1.02984504465496	1.02984504465598	1.05762934452202	1.07438098950495	1.05762934452202	1.05762934452854	1.07438098950727	1.10637477236296	1.07438098950727	1.02984504465598	1.05762934452202	1.07438098950495	1.05762934452202	0.579165534668585	0.514593557838582	0.508601145171358	0.514593557838583	0.514593557837677	0.508601145194955	0.474220424050592	0.508601145194969	0.508601145212777	0.474220424054493	0.50012920295195	0.474220424054494	0.514593557837678	0.508601145194969	0.474220424050592	0.508601145194956
1	1.03003051448542	1.05686767127149	1.03003051448542	1.03003051448596	1.05686767127561	1.07491049539974	1.05686767127561	1.05686767127887	1.07491049540107	1.1162540413725	1.07491049540107	1.03003051448596	1.05686767127561	1.07491049539974	1.05686767127561	0.581649047350969	0.514940440282852	0.501922051074745	0.514940440282853	0.514940440282775	0.501922051085324	0.47478868697838	0.50192205108533	0.501922051093685	0.474788686980548	0.525920736554714	0.474788686980548	0.514940440282776	0.50192205108533	0.474788686978381	0.501922051085325
1	1.02964488483752	1.05281698342727	1.02964488483752	1.02964488483778	1.05281698342894	1.07389997034763	1.05281698342894	1.0528169834303	1.07389997034828	1.12639890514511	1.07389997034828	1.02964488483778	1.05281698342894	1.07389997034763	1.05281698342894	0.582562680616391	0.507848161462384	0.475003445849806	0.507848161462385	0.50784816146264	0.475003445853632	0.467947204973796	0.475003445853634	0.475003445856732	0.467947204974835	0.546856085641164	0.467947204974836	0.507848161462641	0.475003445853634	0.467947204973797	0.475003445853633
1	1.02904761876881	1.04891355921851	1.02904761876881	1.02904761876893	1.0489135592191	1.07237769255955	1.0489135592191	1.0489135592196	1.07237769255984	1.13278313313595	1.07237769255984	1.02904761876893	1.0489135592191	1.07237769255955	1.0489135592191	0.582898787512591	0.500983066429227	0.457271460157902	0.500983066429228	0.500983066429446	0.457271460159156	0.461481215717173	0.457271460159157	0.457271460160186	0.461481215717645	0.555565972503598	0.461481215717646	0.500983066429447	0.457271460159157	0.461481215717174	0.457271460159158
1	1.02858982195378	1.0468048983893	1.02858982195378	1.02858982195384	1.0468048983895	1.07124463811568	1.0468048983895	1.04680489838967	1.07124463811581	1.1356564895151	1.07124463811581	1.02858982195384	1.0468048983895	1.07124463811568	1.0468048983895	0.583022434329727	0.497108089547335	0.449941543891648	0.497108089547336	0.49710808954746	0.449941543892058	0.457870467775637	0.449941543892059	0.449941543892398	0.457870467775847	0.558783269944291	0.457870467775847	0.497108089547461	0.449941543892059	0.457870467775637	0.44994154389206
1	1.02832574231982	1.04589848900546	1.02832574231982	1.02832574231985	1.04589848900552	1.07060101201999	1.04589848900552	1.04589848900558	1.07060101202005	1.13679601885431	1.07060101202005	1.02832574231985	1.04589848900552	1.07060101201999	1.04589848900552	0.583067921451523	0.495182500702219	0.447049258180804	0.49518250070222	0.495182500702281	0.447049258180937	0.456077578140795	0.447049258180937	0.447049258181048	0.456077578140886	0.559970467785746	0.456077578140887	0.495182500702282	0.447049258180937	0.456077578140795	0.447049258180938
1	1.02819130578254	1.04553377331115	1.02819130578254	1.02819130578256	1.04553377331118	1.07027481520713	1.04553377331118	1.0455337733112	1.07027481520716	1.13723638850357	1.07027481520716	1.02819130578255	1.04553377331118	1.07027481520713	1.04553377331118	0.583084655229323	0.494273749674455	0.445905913951454	0.494273749674457	0.494273749674486	0.445905913951499	0.455227462491152	0.445905913951499	0.445905913951535	0.45522746249119	0.560416093652626	0.455227462491191	0.494273749674487	0.445905913951499	0.455227462491153	0.4459059139515
1	1.02812696302205	1.04538905765696	1.02812696302205	1.02812696302205	1.04538905765697	1.07011834876853	1.04538905765697	1.04538905765697	1.07011834876854	1.13740781129294	1.07011834876854	1.02812696302205	1.04538905765697	1.07011834876853	1.04538905765697	0.583090811242725	0.493856784186014	0.445449277180393	0.493856784186015	0.493856784186026	0.445449277180408	0.454834529473377	0.445449277180408	0.445449277180421	0.454834529473396	0.560586948637966	0.454834529473396	0.493856784186027	0.445449277180408	0.454834529473378	0.44544927718041
1	1.02809720264803	1.04533141395207	1.02809720264803	1.02809720264804	1.04533141395207	1.07004555648793	1.04533141395207	1.04533141395208	1.07004555648793	1.13747565522986	1.07004555648793	1.02809720264803	1.04533141395207	1.07004555648793	1.04533141395207	0.583093075913647	0.493668794959739	0.445264722163407	0.49366879495974	0.493668794959743	0.44526472216341	0.454655889618169	0.445264722163411	0.445264722163416	0.454655889618178	0.560653868913618	0.454655889618178	0.493668794959744	0.445264722163411	0.45465588961817	0.445264722163411
1	1.02808371980214	1.04530822686186	1.02808371980214	1.02808371980214	1.04530822686186	1.07001232982824	1.04530822686186	1.04530822686186	1.07001232982824	1.13750298071721	1.07001232982824	1.02808371980214	1.04530822686186	1.07001232982824	1.04530822686186	0.583093909039524	0.493585022182952	0.445189266814958	0.493585022182953	0.493585022182953	0.445189266814957	0.454575605690081	0.445189266814958	0.445189266814961	0.454575605690086	0.560680602586751	0.454575605690086	0.493585022182954	0.445189266814958	0.454575605690081	0.445189266814959
