1	1.06821348692447	1.12566685403903	1.06821348692447	1.06821348692448	1.1256671944535	1.16775084053713	1.12566719445349	1.12566685403903	1.16775084053713	1.28763913195377	1.16775084053713	1.06821348692448	1.12566719445349	1.16775084053712	1.12566719445349	0.780147876548965	0.673591810974689	0.648989340361371	0.673591810974691	0.673591810974688	0.648990086087238	0.61105514470634	0.648990086087227	0.648989340361368	0.611055144706344	0.723991643023736	0.611055144706345	0.673591810974689	0.648990086087227	0.61105514470634	0.64899008608724
1	1.08427613793718	1.15342011268205	1.08427613793718	1.08427613793718	1.15342042669088	1.19960872557915	1.15342042669087	1.15342011268205	1.19960872557915	1.36535981529301	1.19960872557915	1.08427613793718	1.15342042669087	1.19960872557915	1.15342042669088	0.846460099919441	0.715963225033001	0.690723563047484	0.715963225033002	0.715963225033002	0.690724157157284	0.643552659340385	0.690724157157275	0.690723563047482	0.643552659340386	0.795873817870679	0.643552659340386	0.715963225033003	0.690724157157275	0.643552659340385	0.690724157157286
1	1.09185734248518	1.16658819886416	1.09185734248518	1.09185734248518	1.16658845176794	1.21272126876843	1.16658845176793	1.16658819886415	1.21272126876843	1.40795479581592	1.21272126876843	1.09185734248518	1.16658845176793	1.21272126876843	1.16658845176794	0.886680496526308	0.740068050604537	0.716106959632154	0.740068050604539	0.740068050604538	0.716107398191229	0.663055326341427	0.716107398191222	0.716106959632153	0.663055326341429	0.84024974606383	0.663055326341429	0.74006805060454	0.716107398191222	0.663055326341427	0.716107398191231
1	1.09544860182612	1.17312862796843	1.09544860182612	1.09544860182612	1.17312881711977	1.21850095667159	1.17312881711977	1.17312862796843	1.21850095667159	1.43074295917904	1.21850095667159	1.09544860182612	1.17312881711977	1.21850095667159	1.17312881711977	0.911075400218037	0.754233841448493	0.731416164926824	0.754233841448494	0.754233841448494	0.73141647636013	0.675062266939415	0.731416476360126	0.731416164926825	0.675062266939417	0.865288176642534	0.675062266939418	0.754233841448496	0.731416476360126	0.675062266939416	0.731416476360132
1	1.09731749968624	1.17671812014803	1.09731749968624	1.09731749968624	1.17671825594103	1.2216124831167	1.17671825594102	1.17671812014803	1.2216124831167	1.44258852050403	1.2216124831167	1.09731749968624	1.17671825594102	1.2216124831167	1.17671825594103	0.925871657239721	0.762919421034484	0.740761942104029	0.762919421034486	0.762919421034487	0.74076215872966	0.682795351980692	0.740762158729655	0.74076194210403	0.682795351980694	0.878613991785992	0.682795351980694	0.762919421034489	0.740762158729655	0.682795351980693	0.740762158729662
1	1.09841315110034	1.17886887485041	1.09841315110033	1.09841315110034	1.17886897006618	1.22365822542028	1.17886897006618	1.17886887485041	1.22365822542028	1.44843431028163	1.22365822542028	1.09841315110034	1.17886897006618	1.22365822542028	1.17886897006618	0.934846040731699	0.768435647126641	0.7465605736762	0.768435647126643	0.768435647126642	0.746560722644983	0.687972744940183	0.746560722644981	0.746560573676199	0.68797274494018	0.885428155320056	0.687972744940181	0.768435647126644	0.746560722644981	0.687972744940183	0.746560722644985
1	1.09911727189152	1.18022517770407	1.09911727189152	1.09911727189152	1.18022524354025	1.2251568255391	1.18022524354025	1.18022517770407	1.2251568255391	1.4510894140161	1.2251568255391	1.09911727189152	1.18022524354025	1.2251568255391	1.18022524354025	0.940289279491205	0.772034093605283	0.750212465444702	0.772034093605285	0.772034093605283	0.750212567216248	0.69153691624358	0.750212567216247	0.750212465444701	0.691536916243578	0.888798344654817	0.691536916243579	0.772034093605285	0.750212567216247	0.691536916243581	0.75021256721625
1	1.0995950697026	1.18110128716984	1.0995950697026	1.0995950697026	1.18110133230726	1.22629589212397	1.18110133230726	1.18110128716984	1.22629589212396	1.45213114722388	1.22629589212396	1.0995950697026	1.18110133230726	1.22629589212397	1.18110133230726	0.943590770698693	0.77443042191111	0.752542656891754	0.774430421911112	0.774430421911111	0.752542726146684	0.694037758175039	0.752542726146684	0.752542656891753	0.694037758175035	0.890404177027521	0.694037758175036	0.774430421911112	0.752542726146684	0.69403775817504	0.752542726146686
1	1.09992855614423	1.18167314626134	1.09992855614423	1.09992855614423	1.18167317704659	1.22716670276561	1.18167317704659	1.18167314626134	1.22716670276561	1.45240926786674	1.2271667027656	1.09992855614423	1.18167317704659	1.22716670276561	1.18167317704659	0.945593226346024	0.776052545726792	0.754046955857528	0.776052545726794	0.776052545726792	0.754047002872026	0.69581544064309	0.754047002872025	0.754046955857528	0.695815440643088	0.891128717243385	0.695815440643089	0.776052545726793	0.754047002872025	0.69581544064309	0.754047002872028
1	1.10016457856134	1.18204821746732	1.10016457856134	1.10016457856134	1.1820482383959	1.22782953909791	1.1820482383959	1.18204821746731	1.22782953909791	1.45235921757085	1.22782953909791	1.10016457856134	1.1820482383959	1.22782953909791	1.1820482383959	0.946807777104805	0.777165175263178	0.755028430779447	0.77716517526318	0.77716517526318	0.755028462647886	0.697090271163047	0.755028462647885	0.755028430779447	0.697090271163047	0.891424923300989	0.697090271163048	0.777165175263181	0.755028462647886	0.697090271163048	0.755028462647888
1	1.1003327842674	1.18229492220397	1.1003327842674	1.1003327842674	1.18229493640285	1.22833072543678	1.18229493640284	1.18229492220397	1.22833072543678	1.45219232353	1.22833072543678	1.1003327842674	1.18229493640284	1.22833072543678	1.18229493640284	0.947544439386179	0.777936506000899	0.755675022247052	0.777936506000901	0.7779365060009	0.75567504382841	0.698009908211011	0.755675043828409	0.755675022247052	0.69800990821101	0.891520758921452	0.698009908211011	0.777936506000902	0.755675043828409	0.698009908211012	0.755675043828412
1	1.10045309758	1.1824575737257	1.10045309758	1.10045309758	1.18245758334647	1.22870724116596	1.18245758334646	1.1824575737257	1.22870724116596	1.45200433763299	1.22870724116596	1.10045309758	1.18245758334646	1.22870724116596	1.18245758334646	0.947991247650645	0.778475813669645	0.756104777945149	0.778475813669647	0.778475813669643	0.756104792551173	0.698675875281927	0.756104792551171	0.756104777945151	0.698675875281929	0.891528659200575	0.69867587528193	0.778475813669645	0.756104792551171	0.698675875281928	0.756104792551175
1	1.1005393353822	1.1825650627849	1.10053933538219	1.1005393353822	1.18256506929834	1.22898850530792	1.18256506929834	1.1825650627849	1.22898850530792	1.45183402240832	1.22898850530792	1.10053933538219	1.18256506929834	1.22898850530792	1.18256506929834	0.9482622505654	0.778855458000021	0.756392723976916	0.778855458000023	0.778855458000021	0.75639273385823	0.699159302792734	0.756392733858229	0.756392723976917	0.699159302792735	0.891502569304349	0.699159302792736	0.778855458000022	0.756392733858229	0.699159302792735	0.756392733858232
1	1.10060123151798	1.18263627894429	1.10060123151797	1.10060123151797	1.1826362833517	1.22919761417794	1.1826362833517	1.18263627894429	1.22919761417794	1.45169343339454	1.22919761417794	1.10060123151797	1.1826362833517	1.22919761417794	1.1826362833517	0.948426622147566	0.779124140195693	0.756587070739598	0.779124140195695	0.779124140195693	0.756587077422805	0.699510712081758	0.756587077422805	0.756587070739596	0.699510712081757	0.891467262402812	0.699510712081758	0.779124140195695	0.756587077422805	0.699510712081759	0.756587077422807
1	1.10064569889701	1.18268359410974	1.100645698897	1.100645698897	1.18268359709106	1.22935245770906	1.18268359709106	1.18268359410974	1.22935245770906	1.45158300706865	1.22935245770906	1.100645698897	1.18268359709106	1.22935245770906	1.18268359709106	0.948526318556553	0.779315091339805	0.756719116317572	0.779315091339806	0.779315091339803	0.75671912083698	0.699766333693973	0.75671912083698	0.756719116317571	0.699766333693974	0.891433254481615	0.699766333693975	0.779315091339805	0.75671912083698	0.699766333693974	0.756719120836982
1	1.10067766850381	1.18271512424182	1.10067766850381	1.10067766850381	1.18271512625804	1.22946673417612	1.18271512625804	1.18271512424182	1.22946673417612	1.45149879637863	1.22946673417612	1.10067766850381	1.18271512625804	1.22946673417612	1.18271512625804	0.948586787487145	0.779451245656052	0.756809373195638	0.779451245656054	0.779451245656053	0.756809376251464	0.699952320796647	0.756809376251463	0.756809373195636	0.699952320796646	0.891404307957791	0.699952320796647	0.779451245656055	0.756809376251463	0.699952320796647	0.756809376251465
1	1.10070066666989	1.1827362028267	1.10070066666989	1.10070066666989	1.18273620419005	1.22955083356461	1.18273620419005	1.1827362028267	1.22955083356461	1.45143576530601	1.22955083356461	1.10070066666989	1.18273620419005	1.22955083356461	1.18273620419005	0.948623463748369	0.779548578000552	0.756871403209601	0.779548578000554	0.77954857800055	0.75687140527566	0.700087633380441	0.75687140527566	0.756871403209597	0.700087633380438	0.891381149999285	0.700087633380439	0.779548578000552	0.75687140527566	0.700087633380442	0.756871405275662
1	1.1007172194473	1.18275034193583	1.1007172194473	1.1007172194473	1.18275034285762	1.22961257682659	1.18275034285761	1.18275034193583	1.22961257682659	1.45138916066514	1.22961257682659	1.1007172194473	1.18275034285761	1.22961257682659	1.18275034285761	0.948645709025818	0.779618298416641	0.756914245032239	0.779618298416643	0.779618298416638	0.756914246429038	0.700186053092036	0.756914246429038	0.756914245032235	0.700186053092032	0.891363273455917	0.700186053092032	0.77961829841664	0.756914246429038	0.700186053092036	0.75691424642904
1	1.10072913852091	1.18275985957572	1.10072913852091	1.10072913852091	1.18275986019893	1.22965781472019	1.18275986019893	1.18275985957572	1.22965781472018	1.45135498261121	1.22965781472018	1.10072913852091	1.18275986019893	1.22965781472018	1.18275986019893	0.948659201469042	0.779668319712262	0.756943967149081	0.779668319712264	0.779668319712259	0.756943968093382	0.700257612534016	0.756943968093382	0.75694396714908	0.700257612534013	0.891349777434093	0.700257612534014	0.779668319712261	0.756943968093382	0.700257612534016	0.756943968093384
1	1.10073772443409	1.18276628957664	1.10073772443409	1.10073772443409	1.18276628999796	1.22969090192538	1.18276628999796	1.18276628957664	1.22969090192538	1.45133005622923	1.22969090192538	1.10073772443409	1.18276628999796	1.22969090192538	1.18276628999796	0.948667385049884	0.77970425323089	0.756964671324864	0.779704253230892	0.779704253230887	0.756964671963241	0.700309620301179	0.756964671963243	0.756964671324865	0.700309620301179	0.89133973506418	0.70030962030118	0.779704253230889	0.756964671963243	0.700309620301179	0.756964671963243
1	1.10074391149151	1.18277064975833	1.10074391149151	1.10074391149151	1.18277065004315	1.22971506564803	1.18277065004315	1.18277064975833	1.22971506564803	1.45131194608493	1.22971506564803	1.10074391149151	1.18277065004315	1.22971506564803	1.18277065004315	0.948672348643791	0.779730092773356	0.756979147040538	0.779730092773357	0.779730092773353	0.756979147472093	0.700347401678708	0.756979147472093	0.756979147040538	0.700347401678708	0.891332334624246	0.700347401678709	0.779730092773355	0.756979147472093	0.700347401678708	0.756979147472095
1	1.10074837134893	1.18277361750876	1.10074837134893	1.10074837134893	1.1827736177013	1.22973268981014	1.1827736177013	1.18277361750876	1.22973268981014	1.45129882172931	1.22973268981014	1.10074837134892	1.1827736177013	1.22973268981014	1.1827736177013	0.948675359216876	0.779748689026854	0.756989302014098	0.779748689026856	0.779748689026853	0.756989302305838	0.70037483611325	0.756989302305839	0.756989302014102	0.70037483611325	0.891326916924453	0.700374836113251	0.779748689026855	0.756989302305839	0.70037483611325	0.75698930230584
1	1.10075158712303	1.1827756450811	1.10075158712303	1.10075158712303	1.18277564521127	1.22974553028392	1.18277564521127	1.1827756450811	1.22974553028392	1.4512893261279	1.22974553028392	1.10075158712303	1.18277564521127	1.22974553028392	1.18277564521127	0.948677185222145	0.779762081341814	0.756996447642654	0.779762081341816	0.779762081341814	0.75699644783987	0.700394748710975	0.756996447839871	0.756996447642657	0.700394748710975	0.891322968679235	0.700394748710976	0.779762081341816	0.756996447839871	0.700394748710975	0.756996447839872
1	1.1007539064672	1.18277703549695	1.1007539064672	1.1007539064672	1.18277703558495	1.2297548765788	1.18277703558495	1.18277703549696	1.2297548765788	1.45128246347318	1.2297548765788	1.1007539064672	1.18277703558495	1.2297548765788	1.18277703558494	0.948678292750386	0.779771731263496	0.757001489633726	0.779771731263497	0.779771731263494	0.757001489767046	0.700409195940904	0.757001489767047	0.757001489633727	0.700409195940904	0.891320100270662	0.700409195940905	0.779771731263496	0.757001489767047	0.700409195940904	0.757001489767047
1	1.10075557967188	1.18277799248938	1.10075557967188	1.10075557967188	1.18277799254886	1.22976167390845	1.18277799254886	1.18277799248938	1.22976167390845	1.45127750709145	1.22976167390845	1.10075557967188	1.18277799254886	1.22976167390845	1.18277799254886	0.948678964500151	0.779778687738262	0.757005056209239	0.779778687738264	0.779778687738262	0.757005056299364	0.700419673940246	0.757005056299364	0.75700505620924	0.700419673940245	0.891318020810196	0.700419673940246	0.779778687738264	0.757005056299364	0.700419673940247	0.757005056299366
1	1.10075678700699	1.18277865352806	1.10075678700699	1.10075678700699	1.18277865356827	1.22976661393182	1.18277865356827	1.18277865352806	1.22976661393182	1.45127392879289	1.22976661393182	1.10075678700699	1.18277865356827	1.22976661393182	1.18277865356827	0.948679371936849	0.779783704454789	0.757007584842681	0.77978370445479	0.77978370445479	0.757007584903607	0.700427270581589	0.757007584903608	0.757007584842681	0.700427270581591	0.89131651549296	0.700427270581592	0.779783704454792	0.757007584903608	0.70042727058159	0.757007584903609
1	1.1007576583596	1.18277911171102	1.1007576583596	1.1007576583596	1.1827791117382	1.22977020202533	1.1827791117382	1.18277911171102	1.22977020202533	1.45127134566101	1.22977020202533	1.1007576583596	1.1827791117382	1.22977020202533	1.1827791117382	0.948679619059523	0.779787323455419	0.757009381279423	0.779787323455421	0.779787323455419	0.757009381320611	0.700432776442246	0.757009381320612	0.757009381279424	0.700432776442247	0.891315426873116	0.700432776442248	0.779787323455421	0.757009381320612	0.700432776442247	0.757009381320613
1	1.10075828741589	1.18277943001559	1.10075828741589	1.10075828741589	1.18277943003395	1.22977280929455	1.18277943003395	1.18277943001559	1.22977280929455	1.45126947588534	1.22977280929455	1.10075828741589	1.18277943003395	1.22977280929455	1.18277943003395	0.948679768945712	0.779789934839515	0.757010659983654	0.779789934839517	0.779789934839517	0.757010660011501	0.700436765142132	0.757010660011504	0.757010659983656	0.700436765142133	0.891314640386253	0.700436765142133	0.779789934839519	0.757010660011504	0.700436765142133	0.757010660011503
1	1.10075874148557	1.18277965246229	1.10075874148557	1.10075874148557	1.1827796524747	1.22977469813905	1.1827796524747	1.18277965246229	1.22977469813905	1.45126813219928	1.22977469813905	1.10075874148557	1.1827796524747	1.22977469813905	1.1827796524747	0.948679859857151	0.77979181959348	0.757011571537049	0.779791819593482	0.779791819593483	0.757011571555875	0.70043965506496	0.75701157155588	0.757011571537051	0.700439655064959	0.891314071927143	0.700439655064959	0.779791819593485	0.75701157155588	0.700439655064961	0.757011571555877
1	1.10075906931871	1.18277980824602	1.10075906931871	1.10075906931871	1.18277980825441	1.22977606723615	1.18277980825441	1.18277980824602	1.22977606723615	1.45126716373558	1.22977606723615	1.10075906931871	1.18277980825441	1.22977606723615	1.18277980825441	0.948679914998253	0.779793180208218	0.75701222236811	0.77979318020822	0.779793180208222	0.757012222380838	0.700441748269054	0.757012222380841	0.75701222236811	0.700441748269054	0.891313661248218	0.700441748269054	0.779793180208224	0.757012222380841	0.700441748269055	0.75701222238084
1	1.10075930605246	1.18277991761688	1.10075930605246	1.10075930605246	1.18277991762255	1.2297770595878	1.18277991762255	1.18277991761688	1.2297770595878	1.45126646500485	1.2297770595878	1.10075930605246	1.18277991762255	1.2297770595878	1.18277991762255	0.948679948443341	0.779794162625105	0.757012687687731	0.779794162625107	0.779794162625108	0.757012687696336	0.700443264051673	0.757012687696339	0.757012687687732	0.700443264051671	0.891313364618678	0.700443264051672	0.77979416262511	0.757012687696339	0.700443264051674	0.757012687696338
1	1.1007594770267	1.1827799945989	1.1007594770267	1.10075947702671	1.18277999460273	1.22977777872755	1.18277999460273	1.1827799945989	1.22977777872755	1.45126596067961	1.22977777872755	1.1007594770267	1.18277999460273	1.22977777872755	1.18277999460273	0.948679968729007	0.779794872079989	0.757013020781494	0.779794872079991	0.779794872079991	0.757013020787311	0.700444361487143	0.757013020787315	0.757013020781494	0.700444361487141	0.89131315038353	0.700444361487142	0.779794872079993	0.757013020787315	0.700444361487144	0.757013020787313
1	1.10075960052315	1.18278004891732	1.10075960052315	1.10075960052315	1.18278004891991	1.22977829975191	1.18278004891991	1.18278004891732	1.22977829975191	1.45126559659508	1.22977829975191	1.10075960052315	1.18278004891991	1.22977829975191	1.18278004891991	0.948679981033002	0.779795384484348	0.757013259484014	0.77979538448435	0.779795384484352	0.757013259487947	0.700445155905265	0.757013259487949	0.757013259484014	0.700445155905263	0.891312995658145	0.700445155905264	0.779795384484353	0.757013259487949	0.700445155905266	0.757013259487948
1	1.10075968973527	1.18278008733331	1.10075968973527	1.10075968973527	1.18278008733506	1.22977867715114	1.18278008733506	1.18278008733331	1.22977867715114	1.45126533371486	1.22977867715114	1.10075968973527	1.18278008733506	1.22977867715114	1.18278008733506	0.948679988495825	0.779795754612675	0.757013430711092	0.779795754612677	0.779795754612679	0.757013430713751	0.700445730889844	0.757013430713756	0.757013430711093	0.700445730889843	0.891312883908969	0.700445730889844	0.779795754612681	0.757013430713756	0.700445730889845	0.757013430713753
1	1.10075975418678	1.18278011456106	1.10075975418678	1.10075975418678	1.18278011456224	1.22977895045775	1.18278011456225	1.18278011456106	1.22977895045775	1.4512651438833	1.22977895045775	1.10075975418678	1.18278011456225	1.22977895045775	1.18278011456224	0.948679993022298	0.779796021997588	0.757013553643844	0.77979602199759	0.77979602199759	0.757013553645644	0.700446146999274	0.757013553645647	0.757013553643844	0.700446146999274	0.891312803194931	0.700446146999275	0.779796021997592	0.757013553645647	0.700446146999275	0.757013553645646
1	1.10075980075369	1.18278013389734	1.10075980075368	1.10075980075369	1.18278013389814	1.2297791483437	1.18278013389814	1.18278013389734	1.22977914834371	1.45126500678594	1.22977914834371	1.10075980075369	1.18278013389814	1.2297791483437	1.18278013389814	0.94867999576777	0.779796215177089	0.75701364197253	0.779796215177091	0.779796215177091	0.757013641973748	0.700446448098495	0.757013641973751	0.75701364197253	0.700446448098496	0.891312744893209	0.700446448098496	0.779796215177093	0.757013641973751	0.700446448098495	0.75701364197375
1	1.10075983440116	1.18278014765431	1.10075983440116	1.10075983440117	1.18278014765486	1.2297792915971	1.18278014765486	1.18278014765432	1.22977929159711	1.4512649077629	1.2297792915971	1.10075983440116	1.18278014765486	1.2297792915971	1.18278014765486	0.948679997432998	0.779796354756064	0.757013705481983	0.779796354756065	0.779796354756064	0.757013705482805	0.700446665953773	0.757013705482808	0.75701370548198	0.700446665953771	0.891312702777523	0.700446665953772	0.779796354756066	0.757013705482808	0.700446665953774	0.757013705482807
