1	1.02434640561639	1.03333763725026	1.02434640561639	1.03118866109731	1.05292903744022	1.07359869905452	1.05292903744022	1.05626781088921	1.08358643557518	1.1133674264016	1.08358643557518	1.03118866109731	1.05292903744022	1.07359869905452	1.05292903744022	0.822348647500468	0.800789056086491	0.628303602332894	0.800789056086491	0.791792260873713	0.776899509710011	0.764292015438896	0.776899509710011	0.739504400858755	0.783526705985868	0.818813167752229	0.783526705985868	0.791792260873713	0.776899509710011	0.764292015438896	0.776899509710011
1	1.02786283164004	1.03134058602267	1.02786283164004	1.03305703853284	1.05750605104353	1.08001884550498	1.05750605104353	1.05490902617271	1.0888926370578	1.12458256706092	1.0888926370578	1.03305703853284	1.05750605104353	1.08001884550498	1.05750605104353	0.892249007944062	0.867285709452727	0.586490797816192	0.867285709452727	0.860222004383077	0.841305613436843	0.823637451378926	0.841305613436843	0.753427456722333	0.842654239185464	0.892423762722468	0.842654239185464	0.860222004383078	0.841305613436843	0.823637451378926	0.841305613436844
1	1.02824149021474	1.02514987183394	1.02824149021474	1.03216930992179	1.05675125613404	1.0789287075937	1.05675125613404	1.04850482380573	1.08610706905084	1.12339645168927	1.08610706905084	1.03216930992179	1.05675125613404	1.0789287075937	1.05675125613404	0.934645719692822	0.90830101121891	0.532902162193957	0.90830101121891	0.902980201090354	0.882082659048074	0.862156772301318	0.882082659048072	0.749412980578562	0.878070702490815	0.935248087167394	0.878070702490815	0.902980201090354	0.882082659048072	0.862156772301318	0.882082659048074
1	1.02770094083387	1.01946050009207	1.02770094083387	1.03105016564555	1.05511214614727	1.07661584124182	1.05511214614727	1.04300532135861	1.08255339280023	1.1197062972883	1.08255339280023	1.03105016564555	1.05511214614727	1.07661584124182	1.05511214614727	0.960360625243728	0.933602287035472	0.487054664289078	0.933602287035472	0.929455362954148	0.907695896554897	0.886967975219363	0.907695896554893	0.746684247404023	0.900024269106304	0.959920215537325	0.900024269106305	0.929455362954148	0.907695896554893	0.886967975219363	0.907695896554898
1	1.02700632568584	1.01533446499169	1.02700632568584	1.03021293844466	1.0536898382656	1.07461560769106	1.0536898382656	1.03950231055294	1.07983695418598	1.11622919675418	1.07983695418598	1.03021293844466	1.0536898382656	1.07461560769106	1.0536898382656	0.975957503874464	0.949243007916345	0.453875447113136	0.949243007916346	0.94580136196558	0.923785525099198	0.902958087568182	0.923785525099189	0.749552874537464	0.914055421358054	0.974125719560945	0.914055421358054	0.94580136196558	0.923785525099189	0.902958087568183	0.923785525099199
1	1.02638647294832	1.01262837844313	1.02638647294832	1.02968677123367	1.05266572126292	1.07316592978243	1.05266572126292	1.03775837219903	1.07807587667461	1.11355484810146	1.07807587667461	1.02968677123367	1.05266572126292	1.07316592978243	1.05266572126292	0.985417488960984	0.958946429153522	0.432318750865092	0.958946429153523	0.955882167290237	0.933939112424323	0.913346782243662	0.933939112424306	0.757801307137045	0.923362769253293	0.98231199589725	0.923362769253293	0.955882167290237	0.933939112424306	0.913346782243663	0.933939112424324
1	1.02588161747154	1.01094065940754	1.02588161747154	1.02940788865755	1.05199047909634	1.07218702534366	1.05199047909633	1.03732842816092	1.07707675815563	1.11166538349341	1.07707675815563	1.02940788865755	1.05199047909633	1.07218702534366	1.05199047909634	0.991155259956276	0.964998975593874	0.41925031458392	0.964998975593875	0.962092356677883	0.940405284825423	0.920215689530636	0.940405284825395	0.770308881106877	0.929862269247661	0.987026346192232	0.929862269247661	0.962092356677884	0.940405284825395	0.920215689530636	0.940405284825424
1	1.02547083135575	1.00990879152441	1.02547083135575	1.02931138873306	1.05157392996617	1.07154709312676	1.05157392996617	1.03783959521652	1.07663150180146	1.11039329121172	1.07663150180146	1.02931138873306	1.05157392996617	1.07154709312676	1.05157392996617	0.994635393983802	0.968807960097504	0.411633782723001	0.968807960097504	0.965910428571025	0.944591592354045	0.924907516841001	0.944591592354	0.785888141444843	0.934728865787879	0.989727889277392	0.934728865787879	0.965910428571026	0.944591592354	0.924907516841002	0.944591592354045
1	1.02511919910595	1.00927306938244	1.02511919910595	1.02934716567667	1.05133453024489	1.0711302680663	1.05133453024489	1.03901761466884	1.07657696814847	1.10956061117154	1.07657696814847	1.02934716567667	1.05133453024489	1.0711302680663	1.05133453024489	0.996746201971609	0.971242572735537	0.407275831530985	0.971242572735537	0.968248757586587	0.947381645096206	0.928291260375868	0.947381645096139	0.803399326090975	0.938688936881517	0.991254298199242	0.938688936881517	0.968248757586587	0.947381645096139	0.928291260375868	0.947381645096206
1	1.02479524498228	1.00886597964242	1.02479524498228	1.02947729890415	1.05120845496627	1.07084914676882	1.05120845496626	1.04065540066735	1.07679272825273	1.10901650223138	1.07679272825273	1.02947729890415	1.05120845496626	1.07084914676882	1.05120845496627	0.998026471732804	0.972840833719768	0.404789876274746	0.972840833719768	0.969670778621263	0.949330578374097	0.930928608706929	0.949330578374002	0.821751976970258	0.942178387574415	0.99208763742093	0.942178387574415	0.969670778621264	0.949330578374002	0.930928608706929	0.949330578374097
1	1.0244770213825	1.00858598473269	1.0244770213825	1.02967054258681	1.05114779938822	1.07064247297854	1.05114779938821	1.04258175782882	1.0771862956366	1.10864263036781	1.0771862956366	1.02967054258681	1.05114779938821	1.07064247297854	1.05114779938822	0.998802994596089	0.973935099560192	0.403352113467093	0.973935099560193	0.970524995299455	0.950784026243149	0.933174671052657	0.950784026243025	0.83994371900724	0.945429867665569	0.992506363693035	0.94542986766557	0.970524995299456	0.950784026243026	0.933174671052657	0.95078402624315
1	1.02415367607658	1.00837458816138	1.02415367607658	1.02989869460456	1.05111745660162	1.07047036186279	1.0511174566016	1.04464472502883	1.07768118203629	1.10835099819684	1.07768118203629	1.02989869460456	1.0511174566016	1.07047036186279	1.05111745660161	0.999273979521099	0.974728430382433	0.402484780125331	0.974728430382433	0.971027554229346	0.951950885298534	0.935238681852089	0.951950885298384	0.85713842964453	0.948529821947729	0.992672863667648	0.948529821947729	0.971027554229346	0.951950885298384	0.935238681852089	0.951950885298535
1	1.02382460004186	1.00820015509965	1.02382460004186	1.03013607287297	1.05109326033754	1.07031013591676	1.05109326033753	1.04670962876019	1.07821215533533	1.10808183426626	1.07821215533533	1.03013607287297	1.05109326033753	1.07031013591676	1.05109326033754	0.99955964631874	0.975341708976308	0.401912758643357	0.975341708976309	0.971313144625193	0.952949615710702	0.937224007084038	0.95294961571053	0.87273690817845	0.951468883554642	0.992684040879509	0.951468883554643	0.971313144625194	0.95294961571053	0.937224007084039	0.952949615710702
1	1.02349671678813	1.00804722272522	1.02349671678813	1.03036129400329	1.05106099290459	1.07015248311783	1.05106099290457	1.04866586000035	1.07872651882845	1.10780159739941	1.07872651882845	1.03036129400329	1.05106099290457	1.07015248311783	1.05106099290459	0.999732911990326	0.975843680999302	0.401479861465577	0.975843680999303	0.971466307409578	0.953840007133504	0.939160042842906	0.953840007133317	0.88640074524824	0.954191314515612	0.992600251502803	0.954191314515612	0.971466307409578	0.953840007133317	0.939160042842906	0.953840007133504
1	1.02318063721261	1.00790948248727	1.02318063721261	1.03055945089716	1.05101505981265	1.06999723405192	1.05101505981263	1.05043457050634	1.07918733070928	1.10749909095985	1.07918733070928	1.03055945089716	1.05101505981263	1.06999723405192	1.05101505981265	0.999838002932711	0.976270942713741	0.401102365420402	0.976270942713741	0.971540495651928	0.95464643949286	0.94103100245156	0.95464643949267	0.898024456685004	0.956636514690221	0.99246128761254	0.956636514690221	0.971540495651928	0.95464643949267	0.941031002451561	0.954646439492861
1	1.02288689595055	1.00778521126255	1.02288689595055	1.03072300411965	1.05095624735358	1.06984894873082	1.05095624735356	1.0519715438185	1.0795746763806	1.1071790340036	1.0795746763806	1.03072300411965	1.05095624735356	1.06984894873082	1.05095624735358	0.999901743811529	0.976641523531497	0.400741936526939	0.976641523531498	0.971569518197147	0.955374814565085	0.94280098966186	0.955374814564901	0.907676775741472	0.958764532262536	0.992294680756633	0.958764532262536	0.971569518197148	0.955374814564902	0.94280098966186	0.955374814565086
1	1.022623354492	1.00767445797777	1.022623354492	1.03085090739269	1.05088895164168	1.0697131841649	1.05088895164166	1.05326373269284	1.07988358654042	1.10685450978443	1.07988358654042	1.03085090739268	1.05088895164166	1.0697131841649	1.05088895164167	0.999940404608941	0.976963870425339	0.400387758934092	0.976963870425339	0.971574456468982	0.956024002129024	0.944432689870986	0.956024002128853	0.915535881986516	0.960564381155561	0.992119753577375	0.960564381155561	0.971574456468983	0.956024002128853	0.944432689870986	0.956024002129025
1	1.02239417123659	1.00757751479562	1.02239417123659	1.03094656052125	1.05081865956726	1.06959414778172	1.05081865956725	1.05432139815559	1.08011958355771	1.10654037898047	1.08011958355771	1.03094656052125	1.05081865956725	1.06959414778172	1.05081865956726	0.999963853567983	0.977242331649419	0.400043385993984	0.977242331649419	0.971568016112509	0.956592427229866	0.945898373568653	0.956592427229711	0.921834236695332	0.962050465888132	0.991949649926749	0.962050465888132	0.97156801611251	0.956592427229711	0.945898373568653	0.956592427229866
1	1.02220003008789	1.00749426126602	1.02220003008789	1.03101557340673	1.05075024929612	1.06949380818204	1.05075024929611	1.05516903782898	1.08029378836808	1.10624901395909	1.08029378836808	1.03101557340673	1.05075024929611	1.06949380818204	1.05075024929612	0.999978076080631	0.977480093866288	0.399717635347501	0.977480093866288	0.971557437293427	0.957081024348181	0.947183944848318	0.957081024348045	0.926818576005468	0.9632539351947	0.991792610194623	0.9632539351947	0.971557437293428	0.957081024348045	0.947183944848318	0.957081024348181
1	1.0220390362699	1.00742402498247	1.0220390362699	1.03106400976158	1.05068719677536	1.0694120350268	1.05068719677535	1.05583751752657	1.08041898900358	1.10598846406553	1.08041898900358	1.03106400976158	1.05068719677535	1.0694120350268	1.05068719677536	0.999986702470644	0.977680450799468	0.399419059049769	0.977680450799469	0.971546507011217	0.957493813134297	0.948288288841135	0.95749381313418	0.930724477582505	0.964213926788527	0.9916530521923	0.964213926788527	0.971546507011217	0.95749381313418	0.948288288841135	0.957493813134297
1	1.02190775473198	1.00736568877959	1.02190775473198	1.03109733524824	1.05063146529461	1.06934722480235	1.0506314652946	1.05635848842025	1.08050718103431	1.10576240051189	1.08050718103431	1.03109733524824	1.0506314652946	1.06934722480235	1.05063146529461	0.999991934640697	0.977847127428532	0.399153410026463	0.977847127428533	0.971536940869655	0.957837275775967	0.949220280673482	0.957837275775868	0.933762501162185	0.964970960160869	0.99153258910039	0.964970960160869	0.971536940869656	0.957837275775868	0.949220280673482	0.957837275775967
1	1.0218020859571	1.00731787417212	1.0218020859571	1.03111997293346	1.05058376577752	1.06929699762247	1.05058376577751	1.05676109538336	1.08056841401229	1.10557099484365	1.0805684140123	1.03111997293346	1.05058376577751	1.06929699762247	1.05058376577751	0.99999510811227	0.977984167656214	0.398923106862124	0.977984167656214	0.971529297116092	0.958119350131435	0.949995216792114	0.958119350131352	0.93611251635891	0.965562869433713	0.991430944490885	0.965562869433713	0.971529297116093	0.958119350131352	0.949995216792115	0.958119350131435
1	1.02171787496494	1.00727911316845	1.02171787496494	1.03113525312688	1.05054393805239	1.06925875229106	1.05054393805238	1.05707045933644	1.08061051816249	1.10541206976521	1.08061051816249	1.03113525312688	1.05054393805238	1.06925875229106	1.05054393805239	0.999997032920088	0.978095687429539	0.398727742749614	0.978095687429539	0.971523549054262	0.958348483577645	0.95063165139578	0.958348483577576	0.937923256495786	0.96602280275239	0.991346703576594	0.96602280275239	0.971523549054262	0.958348483577577	0.95063165139578	0.958348483577646
1	1.02165126921304	1.0072479752882	1.02165126921304	1.03114555992416	1.05051130756314	1.06923002216029	1.05051130756313	1.05730731241958	1.08063930056193	1.10528214309788	1.08063930056193	1.03114555992416	1.05051130756313	1.06923002216029	1.05051130756314	0.999998200375049	0.978185642075898	0.398564954625372	0.978185642075898	0.971519420564215	0.958532925130107	0.951149014697226	0.95853292513005	0.939314812717368	0.966378607712534	0.991277875226838	0.966378607712534	0.971519420564215	0.95853292513005	0.951149014697226	0.958532925130107
1	1.02159888820443	1.0072231462244	1.02159888820443	1.03115254055382	1.05048495832359	1.06920865702394	1.05048495832358	1.05748827005512	1.08065892258605	1.10517721529651	1.08065892258605	1.03115254055382	1.05048495832358	1.06920865702394	1.05048495832359	0.999998908472281	0.978257662158449	0.39843126934813	0.978257662158449	0.971516567426641	0.958680279340541	0.951566033722383	0.958680279340494	0.940382470491121	0.966653016035706	0.991222276530935	0.966653016035707	0.971516567426641	0.958680279340494	0.951566033722383	0.958680279340541
1	1.02155787097882	1.0072034666468	1.02155787097882	1.03115730638334	1.05046391437858	1.06919288249228	1.05046391437858	1.05762638672867	1.08067229703838	1.10509328796759	1.08067229703838	1.03115730638334	1.05046391437858	1.06919288249228	1.05046391437858	0.999999337954964	0.978314963768129	0.398322751185159	0.978314963768129	0.971514664944365	0.958797269736776	0.951899810076916	0.958797269736738	0.941200880991507	0.966864225001736	0.991177772515654	0.966864225001736	0.971514664944365	0.958797269736738	0.951899810076916	0.958797269736776
1	1.02152585850679	1.00718794562402	1.02152585850679	1.03116059449104	1.05044724852609	1.06918129407534	1.05044724852609	1.05773178003542	1.08068142855237	1.10502666525041	1.08068142855237	1.03116059449104	1.05044724852609	1.06918129407534	1.05044724852609	0.999999598449381	0.978360316474137	0.398235515318656	0.978360316474137	0.971513441606602	0.958889688283488	0.952165411778718	0.958889688283457	0.941828001279008	0.967026570919187	0.991142409283785	0.967026570919187	0.971513441606602	0.958889688283457	0.952165411778719	0.958889688283488
1	1.02150093639221	1.00717575351686	1.02150093639221	1.03116289102907	1.05043413367193	1.06917280638242	1.05043413367193	1.05781222557323	1.08068768247785	1.10497409247544	1.08068768247785	1.03116289102907	1.05043413367192	1.06917280638242	1.05043413367193	0.999999756447233	0.978396055834558	0.398165921943836	0.978396055834559	0.971512687719368	0.95896239097519	0.952375739408357	0.958962390975165	0.942308547649801	0.967151264202309	0.99111447442745	0.967151264202309	0.971512687719368	0.958962390975165	0.952375739408357	0.958962390975191
1	1.02148157129372	1.00716620749998	1.02148157129372	1.03116451604079	1.05042386270201	1.06916659840476	1.05042386270201	1.05787366603858	1.08069198403415	1.10493280002643	1.08069198403415	1.03116451604079	1.05042386270201	1.06916659840476	1.05042386270201	0.999999852277775	0.978424117832177	0.398110742921977	0.978424117832177	0.971512248046051	0.959019386934482	0.952541621358472	0.959019386934462	0.942676875040023	0.967247003862159	0.991092511822715	0.967247003862159	0.971512248046052	0.959019386934462	0.952541621358472	0.959019386934483
1	1.02146654633847	1.00715875304724	1.02146654633847	1.03116568077232	1.05041584803627	1.06916205834935	1.05041584803627	1.05792062845117	1.08069495807726	1.10490048655071	1.08069495807726	1.03116568077232	1.05041584803627	1.06916205834934	1.05041584803627	0.999999910401938	0.978446085585079	0.398067209297808	0.978446085585079	0.971512012141817	0.959063942943207	0.952672006075794	0.95906394294319	0.942959308376998	0.967320507204082	0.991075310286028	0.967320507204082	0.971512012141817	0.95906394294319	0.952672006075795	0.959063942943207
1	1.02145490215487	1.00715294442135	1.02145490215487	1.03116652573699	1.05040961105146	1.06915873506039	1.05040961105146	1.05795655600401	1.08069702630746	1.10487527272542	1.08069702630746	1.03116652573699	1.05040961105146	1.06915873506039	1.05040961105146	0.999999945656026	0.978463239785104	0.398033000944935	0.978463239785104	0.971511903832338	0.959098693064845	0.952774198045038	0.959098693064832	0.943175988990311	0.967376944963598	0.991061878868572	0.967376944963598	0.971511903832338	0.959098693064832	0.952774198045038	0.959098693064846
1	1.02144588607071	1.00714842618385	1.02144588607071	1.03116714544076	1.05040476738605	1.06915629822881	1.05040476738605	1.05798406635168	1.08069847367411	1.10485564356218	1.08069847367411	1.03116714544076	1.05040476738605	1.06915629822881	1.05040476738605	0.999999967038712	0.978476607547781	0.398006207680303	0.978476607547781	0.971511872030989	0.95912574350421	0.952854101703111	0.959125743504199	0.94334231636347	0.967420289370384	0.991051416973525	0.967420289370384	0.971511872030989	0.959125743504199	0.952854101703112	0.959125743504211
1	1.02143890980002	1.00714491669047	1.02143890980002	1.03116760426986	1.05040101156842	1.06915450723976	1.05040101156842	1.05800515004089	1.080699493238	1.1048403896618	1.080699493238	1.03116760426986	1.05040101156842	1.06915450723976	1.05040101156842	0.999999980007968	0.978487006854561	0.397985277716734	0.978487006854562	0.971511883415761	0.959146767182536	0.952916452306633	0.959146767182527	0.943470063000802	0.967453588220847	0.991043284078896	0.967453588220847	0.971511883415761	0.959146767182527	0.952916452306633	0.959146767182537
1	1.02143351528491	1.00714219396979	1.02143351528491	1.03116794611773	1.05039810247215	1.06915318765082	1.05039810247215	1.05802132063607	1.08070021680954	1.10482855280512	1.08070021680954	1.03116794611773	1.05039810247215	1.06915318765082	1.05039810247215	0.999999987874219	0.978495084989034	0.397968956989092	0.978495084989035	0.971511908808725	0.959163080334707	0.952965021181232	0.959163080334701	0.943568222149244	0.967479191352412	0.991036971397483	0.967479191352412	0.971511908808725	0.959163080334701	0.952965021181232	0.959163080334708
1	1.02142934497096	1.00714008338027	1.02142934497096	1.03116820319325	1.05039585115849	1.06915221172955	1.05039585115849	1.0580337338762	1.08070073423317	1.10481937780175	1.08070073423317	1.03116820319325	1.05039585115849	1.06915221172955	1.05039585115849	0.999999992645341	0.978501353266068	0.397956256029096	0.978501353266069	0.971511948418499	0.9591757311876	0.953002802938916	0.959175731187596	0.94364369518598	0.967498869652834	0.991032077922728	0.967498869652834	0.9715119484185	0.959175731187596	0.953002802938917	0.959175731187601
1	1.02142612234526	1.00713844873765	1.02142612234526	1.03116839754274	1.05039411018883	1.06915148788421	1.05039411018883	1.05804326939139	1.08070110607343	1.10481227247121	1.08070110607343	1.03116839754274	1.05039411018883	1.06915148788421	1.05039411018883	0.999999995539174	0.978506212411655	0.397946391844101	0.978506212411655	0.971511991859402	0.959185532829706	0.953032157383391	0.959185532829702	0.943701751275042	0.967514001058082	0.991028288353863	0.967514001058082	0.971511991859403	0.959185532829702	0.953032157383391	0.959185532829706
1	1.0214236327378	1.00713718359096	1.0214236327378	1.03116854514591	1.05039276457217	1.06915094923983	1.05039276457217	1.05805059894337	1.08070137487004	1.104806773859	1.08070137487004	1.03116854514591	1.05039276457217	1.06915094923983	1.05039276457217	0.999999997294372	0.978509976193849	0.397938739109173	0.97850997619385	0.971512034298929	0.959193121562257	0.953054940686049	0.959193121562255	0.94374642900006	0.967525640213032	0.991025355976809	0.967525640213032	0.971512034298929	0.959193121562254	0.953054940686049	0.959193121562258
1	1.0214217098626	1.00713620494673	1.0214217098626	1.03116865761363	1.05039172491624	1.06915054711426	1.05039172491624	1.05805623593374	1.08070157033017	1.10480252104478	1.08070157033017	1.03116865761363	1.05039172491624	1.06915054711426	1.05039172491624	0.999999998358953	0.978512889591765	0.397932806928634	0.978512889591766	0.971512072708031	0.959198993332821	0.953072608453455	0.959198993332819	0.943780823875949	0.967534596639117	0.991023088301879	0.967534596639117	0.971512072708031	0.959198993332819	0.953072608453456	0.959198993332822
1	1.02142022492757	1.0071354482178	1.02142022492757	1.03116874357878	1.05039092187106	1.06915024589567	1.05039092187106	1.05806057338803	1.08070171331218	1.10479923323898	1.08070171331218	1.03116874357878	1.05039092187106	1.06915024589567	1.05039092187106	0.999999999004655	0.978515143529905	0.397928211198548	0.978515143529905	0.971512106448604	0.959203534546445	0.953086299083911	0.959203534546442	0.943807311907606	0.967541490556008	0.991021335516815	0.967541490556008	0.971512106448605	0.959203534546443	0.953086299083911	0.959203534546446
1	1.02141907835406	1.00713486329054	1.02141907835406	1.03116880942412	1.05039030171471	1.06915001955477	1.05039030171471	1.05806391229109	1.08070181847295	1.10479669238107	1.08070181847295	1.03116880942412	1.05039030171471	1.06915001955477	1.05039030171471	0.999999999396292	0.978516886493333	0.397924652849505	0.978516886493333	0.9715121350971	0.959207045240384	0.953096901237104	0.959207045240382	0.943827716621082	0.967546798674067	0.991019981228033	0.967546798674067	0.971512135097101	0.959207045240382	0.953096901237105	0.959207045240385
1	1.0214181931316	1.00713441127642	1.0214181931316	1.03116885994874	1.05038982286923	1.06914984897655	1.05038982286923	1.05806648348629	1.08070189622921	1.10479472933207	1.08070189622921	1.03116885994874	1.05038982286923	1.06914984897655	1.05038982286923	0.999999999633833	0.978518233826904	0.397921899206358	0.978518233826904	0.971512158985177	0.959209758403785	0.95310510727853	0.959209758403784	0.943843439255069	0.967550886831793	0.99101893514917	0.967550886831793	0.971512158985178	0.959209758403784	0.95310510727853	0.959209758403786
1	1.02141751078184	1.00713406249692	1.02141751078184	1.03116889775507	1.05038945321955	1.06914972139366	1.05038945321955	1.05806846207737	1.08070195332708	1.10479321330848	1.08070195332708	1.03116889775507	1.05038945321955	1.06914972139366	1.05038945321955	0.999999999777908	0.978519274294064	0.397919776022369	0.978519274294064	0.971512174392578	0.959211852772047	0.953111459713248	0.959211852772046	0.943855549530492	0.967554037446818	0.991018127586557	0.967554037446818	0.971512174392578	0.959211852772046	0.953111459713248	0.959211852772048
1	1.02141698335857	1.00713379271156	1.02141698335856	1.0311689272616	1.05038916763806	1.06914962407536	1.05038916763806	1.05806998744332	1.08070199628375	1.10479204216356	1.08070199628375	1.0311689272616	1.05038916763806	1.06914962407536	1.05038916763806	0.999999999865295	0.978520078433493	0.39791811977391	0.978520078433494	0.971512188567637	0.959213471191635	0.953116371121997	0.959213471191634	0.943864888830913	0.96755646450706	0.991017503991136	0.96755646450706	0.971512188567638	0.959213471191634	0.953116371121997	0.959213471191635
1	1.02141657598258	1.00713358393569	1.02141657598258	1.03116895017002	1.05038894712481	1.06914954983634	1.05038894712481	1.05807116350242	1.08070202853914	1.10479113768532	1.08070202853914	1.03116895017002	1.05038894712481	1.06914954983634	1.05038894712481	0.999999999918297	0.978520699764519	0.397916829056384	0.978520699764519	0.971512200884209	0.959214721424661	0.95312016742679	0.95921472142466	0.943872090328616	0.96755833480819	0.991017022547192	0.96755833480819	0.971512200884209	0.95921472142466	0.95312016742679	0.959214721424661
1	1.02141626149497	1.0071334225977	1.02141626149497	1.03116896794684	1.05038877698272	1.06914949328473	1.05038877698272	1.05807207037579	1.08070205291171	1.10479043945052	1.08070205291171	1.03116896794684	1.05038877698272	1.06914949328473	1.05038877698272	0.999999999950445	0.978521179710558	0.397915838311581	0.978521179710559	0.971512211325398	0.959215687128608	0.953123100997947	0.959215687128608	0.943877644191595	0.967559776327038	0.991016650865825	0.967559776327038	0.971512211325399	0.959215687128608	0.953123100997948	0.959215687128609
1	1.02141601875517	1.0071332980944	1.02141601875517	1.0311689817336	1.05038864572731	1.06914945015368	1.05038864572731	1.05807276976788	1.08070207138453	1.10478990049658	1.08070207138453	1.0311689817336	1.05038864572731	1.06914945015368	1.05038864572731	0.999999999969943	0.978521550377999	0.3979150773701	0.978521550378	0.971512220003768	0.959216432947197	0.953125367407108	0.959216432947197	0.943881927813061	0.96756088755064	0.991016363943729	0.96756088755064	0.971512220003769	0.959216432947197	0.953125367407108	0.959216432947198
1	1.02141583140913	1.00713320205824	1.02141583140913	1.0311689924063	1.0503885444625	1.06914941720141	1.0503885444625	1.05807330918352	1.08070208539639	1.10478948448947	1.08070208539639	1.0311689924063	1.0503885444625	1.06914941720141	1.0503885444625	0.99999999998177	0.97852183660718	0.397914491945823	0.97852183660718	0.971512227106774	0.959217008883925	0.953127118072396	0.959217008883924	0.943885231995836	0.967561744291524	0.991016142468507	0.967561744291524	0.971512227106774	0.959217008883924	0.953127118072397	0.959217008883926
1	1.02141568682321	1.00713312799641	1.02141568682321	1.03116900067024	1.05038846634378	1.06914939200409	1.05038846634378	1.05807372526965	1.08070209606267	1.10478916341099	1.08070209606267	1.03116900067024	1.05038846634378	1.06914939200409	1.05038846634378	0.999999999988943	0.978522057610839	0.39791404239946	0.978522057610839	0.971512232877766	0.959217453605476	0.953128470143817	0.959217453605476	0.943887780882554	0.967562404916401	0.991015971515538	0.967562404916401	0.971512232877767	0.959217453605476	0.953128470143818	0.959217453605477
1	1.02141557528537	1.00713307083889	1.02141557528537	1.03116900702614	1.05038840609384	1.06914937281583	1.05038840609383	1.05807404623918	1.08070210418696	1.10478891561663	1.08070210418696	1.03116900702614	1.05038840609383	1.06914937281582	1.05038840609383	0.999999999993293	0.978522228226645	0.397913697997067	0.978522228226645	0.971512237505801	0.959217796960195	0.953129514230271	0.959217796960194	0.943889747205561	0.967562914368953	0.991015839571442	0.967562914368953	0.971512237505801	0.959217796960194	0.953129514230272	0.959217796960195
1	1.02141548916898	1.00713302684811	1.02141548916898	1.03116901197224	1.05038835959003	1.06914935799157	1.05038835959003	1.05807429382813	1.080702110383	1.10478872435649	1.080702110383	1.03116901197224	1.05038835959003	1.06914935799157	1.05038835959003	0.999999999995932	0.978522359938257	0.397913431827753	0.978522359938258	0.971512241189143	0.959218062035979	0.953130320425199	0.959218062035978	0.943891264228566	0.967563307287771	0.991015737736016	0.967563307287772	0.971512241189143	0.959218062035978	0.953130320425199	0.959218062035979
1	1.02141542269627	1.00713299293969	1.02141542269627	1.03116901580411	1.05038832370021	1.06914934657259	1.05038832370021	1.05807448482727	1.08070211511237	1.10478857673629	1.08070211511237	1.03116901580411	1.05038832370021	1.06914934657259	1.05038832370021	0.999999999997533	0.978522461609262	0.397913226398694	0.978522461609262	0.971512244101388	0.959218266665234	0.953130942877105	0.959218266665234	0.943892434665208	0.967563610355682	0.991015659141776	0.967563610355682	0.971512244101389	0.959218266665234	0.953130942877105	0.959218266665235
1	1.02141537139061	1.00713296678598	1.02141537139061	1.03116901876858	1.05038829600344	1.06914933778377	1.05038829600344	1.05807463218347	1.08070211872863	1.1047884628019	1.08070211872863	1.03116901876858	1.05038829600344	1.06914933778377	1.05038829600344	0.999999999998504	0.978522540088335	0.397913067884655	0.978522540088335	0.971512246395673	0.959218424624638	0.953131423427461	0.959218424624637	0.943893337734667	0.967563844137107	0.991015598485657	0.967563844137107	0.971512246395673	0.959218424624637	0.953131423427462	0.959218424624638
1	1.02141533179435	1.00713294660697	1.02141533179434	1.0311690210586	1.05038827462942	1.06914933102071	1.05038827462942	1.05807474587248	1.08070212149571	1.10478837486762	1.08070212149571	1.0311690210586	1.05038827462942	1.06914933102071	1.05038827462942	0.999999999999092	0.978522600662628	0.397912945500341	0.978522600662629	0.971512248194104	0.959218546551209	0.953131794403491	0.959218546551208	0.943894034532938	0.967564024483458	0.991015551674906	0.967564024483459	0.971512248194104	0.959218546551209	0.953131794403491	0.959218546551209
1	1.02141530123515	1.00713293103509	1.02141530123515	1.03116902282776	1.0503882581351	1.06914932581506	1.0503882581351	1.05807483359184	1.08070212361667	1.10478830700185	1.08070212361667	1.03116902282776	1.0503882581351	1.06914932581506	1.0503882581351	0.99999999999945	0.978522647416132	0.397912851045497	0.978522647416133	0.971512249601374	0.95921864066211	0.953132080774767	0.95921864066211	0.943894572190857	0.967564163616189	0.991015515549291	0.967564163616189	0.971512249601374	0.95921864066211	0.953132080774767	0.95921864066211
