1	3.2743370026204	1.15910957667205	3.27433700262056	2.87122773240484	1.16031384905824	1.00522284099297	1.1603138490811	1.17023070820758	1.00534166069215	1.385027690877	1.00534166069215	2.87122773240496	1.1603138490811	1.00522284099297	1.16031384905825	8.49999999999999	0.890967085619001	0.118432357900299	0.890967085619053	0.842856435075844	0.129088438896987	-0.0182717611416115	0.129088438904748	0.134593110965899	-0.0191138465177635	-0.154951249629395	-0.0191138465177619	0.842856435075891	0.129088438904748	-0.01827176114161	0.129088438896995
1	6.23508448898756	1.15031481797182	6.23508448898774	4.89032886288768	1.16154987483029	1.00500924299186	1.16154987483064	1.14319368305446	1.00516281399059	1.40641719141877	1.00516281399059	4.89032886288784	1.16154987483063	1.00500924299186	1.1615498748303	8.49999999999999	1.77365747802639	0.115857199587063	1.77365747802645	1.51902840402038	0.130852796739563	-0.0180411942079291	0.130852796739712	0.124302713146712	-0.0189763230924245	-0.161204911096956	-0.0189763230924229	1.51902840402045	0.130852796739712	-0.0180411942079276	0.130852796739571
1	10.1628206401637	1.14235922295837	10.162820602873	6.82809068757163	1.16263010377787	1.00483001169432	1.16263010377788	1.11974592018415	1.0050168169214	1.39633782934956	1.00501681692139	6.82809068757177	1.16263010377788	1.00483001169432	1.16263010377789	8.49999999999999	2.97555163298472	0.11489202373422	2.97555163972494	2.19041724777402	0.133966886199467	-0.0180611000680788	0.133966886199471	0.115529540215655	-0.019076190186822	-0.161830440377971	-0.0190761901868205	2.19041724777408	0.133966886199471	-0.0180611000680773	0.133966886199475
1	13.7391040964007	1.24435059193155	13.7391040964007	5.12732855810282	1.12388844642617	1.00291699509095	1.12388844642618	1.18211701279102	1.00396080559544	1.20593760607173	1.00396080559544	5.12732855810292	1.12388844642618	1.00291699509095	1.12388844642618	8.49999999999999	5.35052627542294	0.204469513869051	5.35052627542298	2.247462080219	0.157162409895956	-0.0189330192259545	0.15716240989596	0.199214775459779	-0.0231998317780961	-0.152709035504417	-0.0231998317780942	2.24746208021906	0.15716240989596	-0.0189330192259529	0.157162409895964
1	11.4892384327153	2.86390520391052	11.4892384327153	2.6552482991526	1.07608507006117	1.00195907670185	1.07608507006117	1.10123826164232	1.00267291959972	1.12503113503958	1.00267291959972	2.65524829915268	1.07608507006117	1.00195907670185	1.07608507006117	8.49999999999999	5.38555613923128	0.892895726256107	5.38555613923133	1.19165281118136	0.140211714816779	-0.0182241758612139	0.140211714816782	0.157999137730342	-0.0215254052782578	-0.134972585458289	-0.0215254052782561	1.19165281118141	0.140211714816782	-0.0182241758612124	0.140211714816786
1	10.2994016182341	4.3854960147196	10.2994016182341	1.12999170498045	1.02819550177688	1.00128003837729	1.02819550177689	1.04348489836914	1.00145706345286	1.07461866635408	1.00145706345286	1.12999170498046	1.02819550177689	1.00128003837729	1.02819550177689	8.49999999999999	5.40127619795183	1.59092670223619	5.40127619795187	0.307071847769187	0.0981972563882517	-0.0169422474962759	0.0981972563882535	0.123007948187064	-0.0187907117895142	-0.120588840705858	-0.0187907117895127	0.307071847769194	0.0981972563882533	-0.0169422474962745	0.0981972563882564
1	9.22679680588265	4.41062111305189	9.22679680588266	1.05096579114892	1.01664008022808	1.0008820156477	1.01664008022808	1.0243072880193	1.00094186769252	1.05118956104034	1.00094186769252	1.05096579114892	1.01664008022808	1.0008820156477	1.01664008022808	8.49999999999999	5.41315899352966	1.79263093214036	5.4131589935297	0.211047451706249	0.0841358261069307	-0.0157281592152831	0.0841358261069326	0.102388927575223	-0.0168857681675179	-0.110975092313337	-0.0168857681675165	0.211047451706254	0.0841358261069325	-0.0157281592152818	0.0841358261069346
1	8.71339110685587	4.31367529998216	8.71339110685587	1.0410535939654	1.01377107647818	1.00074016205933	1.01377107647818	1.01978771709862	1.000792294528	1.04335597957904	1.000792294528	1.0410535939654	1.01377107647818	1.00074016205933	1.01377107647818	8.49999999999999	5.41857774843179	1.85743950752751	5.41857774843183	0.195874552742986	0.0802037128181956	-0.0151661507163404	0.0802037128181977	0.0956557176051299	-0.0161597556699231	-0.106759251501199	-0.0161597556699218	0.19587455274299	0.0802037128181976	-0.0151661507163392	0.0802037128181993
1	8.46812512619196	4.25510599848134	8.46812512619197	1.03765324451658	1.01263790504895	1.00068082461285	1.01263790504895	1.01810880438539	1.0007329048514	1.04013760951156	1.0007329048514	1.03765324451658	1.01263790504895	1.00068082461285	1.01263790504895	8.49999999999999	5.42112954428939	1.88542954467495	5.42112954428944	0.190339766659566	0.0785454390281187	-0.0149089785711686	0.0785454390281201	0.0928892314326474	-0.0158460957979697	-0.10488264747631	-0.0158460957979684	0.190339766659571	0.07854543902812	-0.0149089785711674	0.0785454390281225
1	8.34593819119786	4.22353607086987	8.34593819119786	1.03613573056303	1.01211477160625	1.00065302632209	1.01211477160625	1.01735231578361	1.00070554781571	1.038642850342	1.00070554781571	1.03613573056303	1.01211477160625	1.00065302632209	1.01211477160625	8.49999999999999	5.42239304856136	1.89884482738226	5.4223930485614	0.187781672433222	0.0777514832968069	-0.0147834030514719	0.0777514832968085	0.091587460972635	-0.0156961987941304	-0.103983123040033	-0.0156961987941291	0.187781672433226	0.0777514832968085	-0.0147834030514707	0.0777514832968106
1	8.28353217625982	4.20684203429827	8.28353217625983	1.0353985393552	1.01185724646056	1.00063925906361	1.01185724646056	1.01698398100363	1.00069209757599	1.03790558783588	1.00069209757599	1.0353985393552	1.01185724646056	1.00063925906361	1.01185724646056	8.49999999999999	5.42303648987365	1.905574219709	5.42303648987369	0.186516499546109	0.0773533543901279	-0.0147199347055355	0.0773533543901295	0.090940184352785	-0.015621175962166	-0.103532825290237	-0.0156211759621648	0.186516499546113	0.0773533543901295	-0.0147199347055344	0.0773533543901316
1	8.25123320480346	4.19805537546302	8.25123320480347	1.03502644610854	1.01172643870477	1.00063224565423	1.01172643870477	1.01679790026445	1.00068527003146	1.03753076999415	1.00068527003146	1.03502644610854	1.01172643870477	1.00063224565423	1.01172643870477	8.49999999999999	5.42336902330218	1.90902602202483	5.42336902330222	0.185872049907665	0.077149218164814	-0.0146872682543109	0.0771492181648157	0.0906097045171588	-0.0155827503443378	-0.103302201859813	-0.0155827503443366	0.185872049907669	0.0771492181648156	-0.0146872682543097	0.0771492181648176
1	8.98356643208	4.35197584893423	8.98356643208001	1.07945157825392	1.01934812787684	1.00090932259914	1.01934812787684	1.01561117860313	1.00073530196137	1.04443003373594	1.00073530196137	1.07945157825392	1.01934812787684	1.00090932259914	1.01934812787684	8.49999999999999	5.41588447043315	1.81685629880615	5.41588447043319	0.217014503089285	0.0828051363514204	-0.0151873819192622	0.0828051363514223	0.0669683063952286	-0.0130194516641394	-0.0937188118515317	-0.0130194516641383	0.21701450308929	0.0828051363514224	-0.0151873819192609	0.0828051363514243
1	9.34652622511464	4.412396216634	9.34652622511465	1.08828677348471	1.02150079535179	1.00101093002209	1.0215007953518	1.01670858756833	1.00079877234259	1.04903045986734	1.00079877234259	1.08828677348471	1.0215007953518	1.00101093002209	1.0215007953518	8.49999999999999	5.41205901490023	1.76979058341615	5.41205901490027	0.225823220934835	0.0851528651781902	-0.0155433275486418	0.085152865178192	0.0682656376871576	-0.0132962159607469	-0.0962286022779585	-0.0132962159607458	0.225823220934841	0.0851528651781922	-0.0155433275486405	0.0851528651781942
1	9.51030899841841	4.43375205564731	9.51030899841842	1.09259380235963	1.02254869356537	1.00106026149347	1.02254869356538	1.01723769621145	1.00082988935514	1.05132782696096	1.00082988935514	1.09259380235963	1.02254869356538	1.00106026149347	1.02254869356538	8.49999999999999	5.41031602543512	1.74727637229833	5.41031602543517	0.229926693056609	0.0862400580501989	-0.0157078050745354	0.0862400580502004	0.0688746044070096	-0.0134284583303211	-0.0974542123152093	-0.01342845833032	0.229926693056615	0.0862400580502005	-0.0157078050745341	0.0862400580502029
1	9.58188661677034	4.4417890697087	9.58188661677035	1.09457981378675	1.02302599219964	1.00108259083874	1.02302599219964	1.01747745392844	1.00084401055446	1.05237542887176	1.00084401055446	1.09457981378675	1.02302599219964	1.00108259083874	1.02302599219964	8.49999999999999	5.40955074814882	1.73714568117632	5.40955074814887	0.231787861515567	0.0867263966329732	-0.0157807336238992	0.0867263966329749	0.0691466962242765	-0.0134875350954656	-0.0980043871971242	-0.0134875350954645	0.231787861515573	0.086726396632975	-0.0157807336238979	0.0867263966329774
1	9.61278948090304	4.44500223855595	9.61278948090304	1.09545933012982	1.02323596341218	1.00109238170466	1.02323596341218	1.01758273420262	1.00085021096544	1.05283626741479	1.00085021096544	1.09545933012983	1.02323596341218	1.00109238170466	1.02323596341218	8.49999999999999	5.40921966136776	1.73271332352084	5.4092196613678	0.23260635297811	0.086938724008566	-0.0158124255532099	0.0869387240085682	0.0692654478867628	-0.013513293670275	-0.0982447089495653	-0.0135132936702739	0.232606352978115	0.0869387240085683	-0.0158124255532087	0.0869387240085702
1	9.62606636286234	4.44633405563925	9.62606636286235	1.09584148584621	1.02332691716057	1.00109661648761	1.02332691716058	1.01762830554506	1.00085289451873	1.05303587268357	1.00085289451873	1.09584148584621	1.02332691716058	1.00109661648761	1.02332691716058	8.49999999999999	5.40907728681339	1.73079787460532	5.40907728681343	0.232960930591106	0.0870304003187945	-0.0158260802394248	0.0870304003187965	0.0693167153677842	-0.0135244081662585	-0.0983484825386345	-0.0135244081662573	0.232960930591112	0.0870304003187966	-0.0158260802394235	0.0870304003187987
1	9.63175898008589	4.44689603697816	9.6317589800859	1.09600614467076	1.02336605310473	1.00109843744737	1.02336605310473	1.01764790825232	1.00085404877703	1.05312175538913	1.00085404877703	1.09600614467076	1.02336605310473	1.00109843744737	1.02336605310474	8.49999999999999	5.40901621821857	1.72997452227288	5.40901621821861	0.233113511206259	0.0870697924478054	-0.0158319420434622	0.0870697924478069	0.0693387433873513	-0.0135291825045074	-0.0983930737519518	-0.0135291825045063	0.233113511206264	0.0870697924478071	-0.015831942043461	0.0870697924478095
1	9.6341976660277	4.44713511735215	9.63419766602771	1.09607683273124	1.02338284428634	1.00109921850302	1.02338284428634	1.01765631767603	1.00085454392873	1.05315860228373	1.00085454392873	1.09607683273124	1.02338284428634	1.00109921850302	1.02338284428634	8.49999999999999	5.40899005237738	1.7296214183331	5.40899005237743	0.233178978147206	0.0870866835073991	-0.0158344545344896	0.087086683507401	0.0693481886702033	-0.0135312294377323	-0.0984121943837362	-0.0135312294377312	0.233178978147212	0.0870866835074011	-0.0158344545344883	0.0870866835074033
1	9.63524200508943	4.4472371939634	9.63524200508944	1.09610713153874	1.02339003961506	1.0010995531586	1.02339003961506	1.01765992107286	1.00085475609555	1.05317439169178	1.00085475609555	1.09610713153874	1.02339003961506	1.0010995531586	1.02339003961506	8.49999999999999	5.40897884635215	1.72947013498719	5.4089788463522	0.233207032449628	0.0870939197961428	-0.0158355307235707	0.0870939197961446	0.0693522350916394	-0.013532106314818	-0.0984203857827274	-0.0135321063148169	0.233207032449633	0.0870939197961448	-0.0158355307235694	0.087093919796147
1	9.63568916164139	4.44728084399087	9.6356891616414	1.09612010967306	1.02339312131401	1.00109969648125	1.02339312131401	1.01766146434181	1.00085484696211	1.05318115413326	1.00085484696211	1.09612010967306	1.02339312131401	1.00109969648125	1.02339312131401	8.49999999999999	5.40897404810008	1.72940534675102	5.40897404810012	0.233219047967898	0.0870970187006036	-0.0158359915621367	0.0870970187006059	0.0693539679469076	-0.0135324818242033	-0.0984238936957422	-0.0135324818242022	0.233219047967903	0.087097018700606	-0.0158359915621355	0.0870970187006078
1	9.63588060872954	4.44729952213519	9.63588060872954	1.09612566710077	1.0233944408811	1.00109975784986	1.02339444088111	1.01766212515473	1.00085488587018	1.05318404977346	1.00085488587018	1.09612566710077	1.02339444088111	1.00109975784986	1.02339444088111	8.49999999999999	5.40897199373341	1.72937760572195	5.40897199373346	0.233224192968407	0.0870983455736615	-0.0158361888754136	0.0870983455736637	0.0693547099146175	-0.0135326426073235	-0.0984253956200717	-0.0135326426073224	0.233224192968413	0.0870983455736638	-0.0158361888754123	0.0870983455736656
1	9.6359625731821	4.44730751693718	9.63596257318211	1.0961280465775	1.02339500585776	1.00109978412476	1.02339500585776	1.01766240808268	1.0008549025287	1.05318528954493	1.0008549025287	1.09612804657751	1.02339500585776	1.00109978412476	1.02339500585776	8.49999999999999	5.40897111419019	1.72936572848913	5.40897111419023	0.233226395818467	0.0870989136666629	-0.015836273352763	0.0870989136666654	0.0693550275803552	-0.0135327114443447	-0.0984260387284166	-0.0135327114443436	0.233226395818472	0.0870989136666655	-0.0158362733527617	0.0870989136666671
1	9.63599766428169	4.44731093937068	9.6359976642817	1.09612906532437	1.02339524774422	1.00109979537393	1.02339524774422	1.01766252921367	1.00085490966077	1.05318582034628	1.00085490966077	1.09612906532437	1.02339524774422	1.00109979537393	1.02339524774422	8.49999999999999	5.40897073763408	1.72936064345729	5.40897073763412	0.233227338938713	0.08709915688628	-0.0158363095202525	0.0870991568862822	0.0693551635922412	-0.0135327409183983	-0.0984263138858477	-0.0135327409183972	0.233227338938718	0.0870991568862824	-0.0158363095202512	0.0870991568862841
1	9.63601268760631	4.44731240453308	9.63601268760632	1.0961295014793	1.02339535130243	1.00109980019	1.02339535130243	1.01766258107352	1.00085491271422	1.05318604757798	1.00085491271422	1.0961295014793	1.02339535130243	1.00109980019	1.02339535130243	8.49999999999999	5.40897057642142	1.72935846642383	5.40897057642146	0.233227742711852	0.0870992610132886	-0.0158363250040194	0.0870992610132906	0.0693552218078911	-0.0135327535325149	-0.0984264319698361	-0.0135327535325138	0.233227742711857	0.0870992610132906	-0.0158363250040181	0.0870992610132927
1	9.63601911943392	4.44731303178796	9.63601911943393	1.09612968820867	1.02339539563833	1.00109980225188	1.02339539563833	1.01766260327535	1.00085491402144	1.05318614489279	1.00085491402144	1.09612968820868	1.02339539563833	1.00109980225188	1.02339539563833	8.49999999999999	5.40897050740253	1.7293575343788	5.40897050740258	0.233227915581626	0.0870993055952544	-0.0158363316337072	0.087099305595256	0.0693552467555776	-0.0135327589403511	-0.09842648205638	-0.01353275894035	0.233227915581631	0.0870993055952561	-0.015836331633706	0.0870993055952586
1	9.63602187300802	4.44731330032756	9.63602187300803	1.09612976815076	1.02339541461928	1.0010998031346	1.02339541461928	1.01766261278091	1.00085491458111	1.05318618652751	1.00085491458111	1.09612976815076	1.02339541461928	1.0010998031346	1.02339541461928	8.49999999999999	5.40897047785441	1.7293571353584	5.40897047785445	0.233227989586829	0.0870993246794195	-0.0158363344714022	0.0870993246794217	0.0693552574159673	-0.0135327612492531	-0.0984265038899982	-0.013532761249252	0.233227989586834	0.0870993246794219	-0.015836334471401	0.0870993246794236
1	9.63602305190413	4.44731341529586	9.63602305190414	1.09612980237641	1.02339542274562	1.00109980351252	1.02339542274562	1.01766261685035	1.00085491482072	1.05318620436253	1.00085491482072	1.09612980237641	1.02339542274562	1.00109980351252	1.02339542274562	8.49999999999999	5.40897046520387	1.72935696452275	5.40897046520391	0.23322802127156	0.0870993328505254	-0.0158363356864757	0.087099332850528	0.0693552619861801	-0.0135327622397856	-0.0984265131177687	-0.0135327622397845	0.233228021271566	0.087099332850528	-0.0158363356864745	0.0870993328505296
1	9.63602355658508	4.44731346451243	9.63602355658508	1.09612981702902	1.02339542622461	1.00109980367432	1.02339542622461	1.01766261859204	1.00085491492326	1.0531862120195	1.00085491492326	1.09612981702902	1.02339542622461	1.00109980367432	1.02339542622462	8.49999999999999	5.40897045978819	1.72935689138562	5.40897045978823	0.23322803483971	0.0870993363507572	-0.0158363362072172	0.0870993363507592	0.0693552639610062	-0.013532762669335	-0.0984265167142344	-0.013532762669334	0.233228034839716	0.0870993363507593	-0.0158363362072159	0.0870993363507614
1	9.63602377262595	4.44731348558402	9.63602377262595	1.09612982330099	1.02339542771379	1.00109980374357	1.0233954277138	1.01766261933829	1.00085491496719	1.05318621526332	1.00085491496719	1.09612982330099	1.0233954277138	1.00109980374357	1.0233954277138	8.49999999999999	5.40897045746992	1.72935686008265	5.40897045746996	0.233228040643077	0.087099337846235	-0.0158363364293591	0.0870993378462368	0.0693552647804536	-0.0135327628452226	-0.0984265187557885	-0.0135327628452216	0.233228040643083	0.087099337846237	-0.0158363364293579	0.0870993378462392
