1	1.00490882908977	1.00908936450461	1.00490882908977	1.00490882908728	1.00908936450148	1.01310322173919	1.00908936450152	1.00908936449866	1.01310322173483	1.01689155270971	1.01310322173483	1.00490882908728	1.00908936450152	1.01310322173919	1.00908936450148	0.357581386904269	0.290061895897926	0.277057969797063	0.290061895897927	0.290061895931539	0.277057969797891	0.27068736954845	0.277057969798583	0.277057969804355	0.270687369532168	0.265421322419452	0.270687369532168	0.29006189593154	0.277057969798583	0.27068736954845	0.277057969797892
1	1.01708188115673	1.02910796929053	1.01708188115673	1.01708188115696	1.02910796928928	1.04283541064206	1.02910796928933	1.02910796928848	1.0428354106381	1.05297553598553	1.0428354106381	1.01708188115696	1.02910796928933	1.04283541064206	1.02910796928928	0.489128227591067	0.413030249536065	0.377397165465221	0.413030249536066	0.413030249551121	0.377397165465643	0.376100423083826	0.37739716546581	0.377397165467875	0.376100423074376	0.360744472397602	0.376100423074377	0.413030249551122	0.37739716546581	0.376100423083826	0.377397165465645
1	1.02440295543116	1.03924571511159	1.02440295543116	1.02440295543184	1.03924571511135	1.05952690569379	1.03924571511137	1.03924571511132	1.0595269056918	1.07101490780911	1.0595269056918	1.02440295543184	1.03924571511137	1.05952690569379	1.03924571511135	0.53752160576394	0.462142165964854	0.411793881128626	0.462142165964855	0.462142165970685	0.4117938811288	0.418222219126983	0.41179388112885	0.411793881129541	0.418222219122928	0.39418959228524	0.418222219122929	0.462142165970686	0.41179388112885	0.418222219126983	0.411793881128802
1	1.02765142667345	1.04301736588786	1.02765142667345	1.02765142667404	1.043017365888	1.06673228162964	1.04301736588801	1.04301736588821	1.06673228162904	1.07771704386671	1.06673228162904	1.02765142667404	1.04301736588801	1.06673228162964	1.043017365888	0.55532453468322	0.480884775747696	0.423375649431071	0.480884775747697	0.480884775749707	0.423375649431168	0.434599334022603	0.423375649431183	0.423375649431417	0.434599334021316	0.405620322818147	0.434599334021316	0.480884775749707	0.423375649431183	0.434599334022604	0.423375649431169
1	1.02894471873198	1.0443282964237	1.02894471873198	1.02894471873259	1.04432829642405	1.06959520920952	1.04432829642405	1.04432829642441	1.0695952092097	1.08000741085924	1.0695952092097	1.02894471873259	1.04432829642405	1.06959520920952	1.04432829642405	0.561873866235317	0.487843146995473	0.427465994320264	0.487843146995474	0.487843146996137	0.42746599432024	0.440796669864758	0.427465994320244	0.427465994320249	0.440796669864698	0.409496581758504	0.440796669864699	0.487843146996137	0.427465994320244	0.440796669864759	0.427465994320241
1	1.02921004838135	1.04895306904034	1.02921004838135	1.02921004838246	1.04895306904008	1.07018428302059	1.04895306904008	1.04895306903994	1.07018428302155	1.08039753737932	1.07018428302155	1.02921004838246	1.04895306904008	1.07018428302059	1.04895306904008	0.564283230846011	0.489937997898691	0.461242056579782	0.489937997898692	0.489937997898892	0.461242056571684	0.442906680329239	0.461242056571685	0.461242056564338	0.442906680329983	0.411454745166567	0.442906680329984	0.489937997898893	0.461242056571685	0.44290668032924	0.461242056571685
1	1.02917912894525	1.05257864665309	1.02917912894525	1.02917912894556	1.05257864665013	1.07011673224261	1.05257864665013	1.05257864664744	1.07011673224291	1.08033219267043	1.07011673224291	1.02917912894556	1.05257864665013	1.07011673224261	1.05257864665013	0.565169586549788	0.490299734407003	0.473296836832852	0.490299734407004	0.490299734407204	0.473296836814407	0.44323225862973	0.473296836814409	0.473296836797538	0.443232258629815	0.411926864407127	0.443232258629815	0.490299734407205	0.473296836814409	0.44323225862973	0.473296836814408
1	1.02913479201753	1.05412389224825	1.02913479201753	1.02913479201758	1.05412389224178	1.07000926367608	1.05412389224178	1.05412389223582	1.07000926367596	1.08025446004086	1.07000926367596	1.02913479201758	1.05412389224178	1.07000926367608	1.05412389224178	0.565495658583639	0.490335790334142	0.477531345303558	0.490335790334143	0.49033579033455	0.477531345268173	0.443238966609714	0.477531345268174	0.477531345235527	0.443238966609029	0.412046693341225	0.443238966609029	0.490335790334551	0.477531345268174	0.443238966609715	0.477531345268174
1	1.02911097310209	1.05470093627987	1.02911097310209	1.02911097310208	1.05470093626771	1.06994891055174	1.05470093626771	1.05470093625642	1.06994891055127	1.08021506702008	1.06994891055127	1.02911097310208	1.05470093626771	1.06994891055174	1.05470093626771	0.565615613786261	0.490321824859984	0.479008972319221	0.490321824859985	0.490321824860815	0.479008972254287	0.443208530377072	0.47900897225429	0.479008972193907	0.443208530375399	0.412076232457302	0.443208530375399	0.490321824860816	0.47900897225429	0.443208530377072	0.479008972254288
1	1.02910041418272	1.05490721052479	1.02910041418272	1.02910041418272	1.05490721050225	1.06992113855144	1.05490721050225	1.05490721048117	1.06992113855049	1.08019834325486	1.06992113855049	1.02910041418272	1.05490721050225	1.06992113855144	1.05490721050225	0.565659742842719	0.490308405566741	0.479523446444318	0.490308405566742	0.490308405568358	0.479523446323978	0.443186865636605	0.479523446323981	0.47952344621125	0.443186865633313	0.412082589758186	0.443186865633314	0.490308405568359	0.479523446323981	0.443186865636606	0.479523446323979
1	1.02909606317761	1.05497979227505	1.02909606317761	1.029096063178	1.05497979221568	1.06990929041816	1.05497979221568	1.05497979215961	1.06990929041611	1.08019166507958	1.06990929041611	1.029096063178	1.05497979221568	1.06990929041816	1.05497979221568	0.565675977011725	0.490300866947314	0.47970248335235	0.490300866947315	0.490300866951844	0.47970248300864	0.443175447970343	0.479702483008642	0.47970248268351	0.443175447961829	0.412083449907293	0.44317544796183	0.490300866951844	0.479702483008642	0.443175447970344	0.479702483008641
1	1.02909433319406	1.05500518745679	1.02909433319406	1.02909433320654	1.05500518663761	1.06990442225849	1.05500518663761	1.05500518585378	1.06990442224095	1.0801890658256	1.06990442224095	1.02909433320654	1.05500518663761	1.06990442225849	1.05500518663761	0.56568194923277	0.490297268415242	0.479764799101453	0.490297268415243	0.490297268482417	0.47976479367691	0.443170099424447	0.479764793676913	0.479764788482543	0.443170099312696	0.412083272824159	0.443170099312696	0.490297268482417	0.479764793676913	0.443170099424447	0.479764793676911
