1	1.18476837857768	1.32245753037433	1.18476837857768	1.18476837521569	1.31726083825458	1.38165101828539	1.31726341606028	1.32245752492658	1.38165101569731	1.89532178068073	1.38165101569731	1.18476837521569	1.31726341606028	1.38165101828539	1.31726083825458	1.07468564336163	0.800972017370716	0.742738549070905	0.800972017370718	0.800972017247246	0.722916166644659	0.668150253215366	0.722926047501116	0.742738550372148	0.668150252404162	0.989606211308305	0.668150252404163	0.80097201724725	0.722926047501116	0.668150253215367	0.722916166644662
1	1.22393141149061	1.37563765302163	1.2239314114906	1.22393140930642	1.35852842528991	1.44596928237646	1.35853605784441	1.37563765016542	1.44596928038146	2.12181542614891	1.44596928038146	1.22393140930642	1.35853605784441	1.44596928237645	1.3585284252899	1.13623161354809	0.823006886750655	0.748194379606152	0.823006886750658	0.823006886422404	0.707859443114437	0.674718581807297	0.707876576024543	0.748194380200677	0.674718580985596	1.07027794608583	0.674718580985598	0.823006886422408	0.707876576024543	0.674718581807299	0.707859443114441
1	1.25115789124127	1.40749254134192	1.25115789124126	1.25115788978605	1.37483096772144	1.48339798783458	1.37484322616537	1.40749253982928	1.48339798623266	2.2964634345365	1.48339798623266	1.25115788978605	1.37484322616537	1.48339798783458	1.37483096772144	1.18662119206813	0.837692657089283	0.756567957850622	0.837692657089286	0.837692656686859	0.69506498547458	0.680745992201648	0.695084902823679	0.756567958097331	0.680745991432414	1.14169564505291	0.680745991432415	0.837692656686863	0.695084902823679	0.680745992201649	0.695064985474585
1	1.26867249639098	1.42663426945515	1.26867249639098	1.26867249538977	1.37664312592993	1.50350017536145	1.37665820195571	1.42663426862979	1.50350017404201	2.42667417497483	1.50350017404201	1.26867249538977	1.37665820195571	1.50350017536145	1.37664312592993	1.22787668963737	0.84664882153068	0.765852910940884	0.846648821530683	0.84664882112507	0.682957152174446	0.684939149557709	0.682976998746459	0.7658529110225	0.684939148867437	1.19855133045652	0.684939148867438	0.846648821125075	0.682976998746459	0.68493914955771	0.68295715217445
1	1.27925599549019	1.43891210477879	1.27925599549019	1.27925599477759	1.37092723335583	1.51326998028009	1.37094329571296	1.4389121043063	1.51326997917778	2.52044512674641	1.51326997917778	1.27925599477759	1.37094329571296	1.51326998028009	1.37092723335583	1.26165383423105	0.851786647480918	0.775122707588552	0.851786647480922	0.851786647106613	0.671495440737372	0.687373239180042	0.671513613232933	0.775122707594986	0.687373238574904	1.24031646273314	0.687373238574906	0.851786647106617	0.671513613232933	0.687373239180043	0.671495440737377
1	1.28536758768821	1.44788793471223	1.28536758768821	1.28536758716435	1.36200451736203	1.51737878898049	1.36202020607281	1.44788793442365	1.51737878805207	2.58611422343151	1.51737878805207	1.28536758716435	1.36202020607281	1.51737878898049	1.36200451736203	1.28930822126117	0.854591239692144	0.783966931533162	0.854591239692148	0.8545912393627	0.661071431294809	0.688518701598256	0.661087262666979	0.783966931507733	0.688518701074392	1.26929777982954	0.688518701074394	0.854591239362704	0.661087262666978	0.688518701598257	0.661071431294814
1	1.28876283526936	1.45541835293836	1.28876283526936	1.28876283487321	1.35229731268086	1.51858429658608	1.35231180042918	1.45541835274835	1.51858429580031	2.63102486613005	1.51858429580031	1.28876283487321	1.35231180042918	1.51858429658608	1.35229731268086	1.31194971838014	0.856008174767337	0.792214189671728	0.856008174767341	0.856008174485302	0.651941506330703	0.688820383186991	0.651954898178861	0.792214189634828	0.688820382736496	1.28865437130496	0.688820382736497	0.856008174485306	0.651954898178861	0.688820383186992	0.651941506330708
1	1.29055587136618	1.46232169814773	1.29055587136618	1.29055587105967	1.34302115802547	1.51837211255975	1.34303404302691	1.46232169801286	1.51837211189271	2.66109320164049	1.51837211189271	1.29055587105966	1.34303404302691	1.51837211255975	1.34302115802547	1.33048700836686	0.856597675830802	0.799812973660986	0.856597675830806	0.856597675593465	0.644149766963258	0.688603863455812	0.644160903049445	0.799812973621906	0.688603863069739	1.30127092171019	0.688603863069741	0.85659767559347	0.644160903049445	0.688603863455813	0.644149766963263
1	1.29141464099376	1.46888731347128	1.29141464099376	1.29141464075242	1.3347011937735	1.51750204687996	1.33471236105981	1.46888731336917	1.5175020463126	2.68085959298621	1.5175020463126	1.29141464075242	1.33471236105981	1.51750204687996	1.3347011937735	1.34566405775741	0.856690680987329	0.80677156342016	0.856690680987333	0.856690680789822	0.637608131680095	0.688088075016004	0.637617300122044	0.806771563382903	0.688088074685711	1.30937556316265	0.688088074685712	0.856690680789827	0.637617300122044	0.688088075016006	0.6376081316801
1	1.29173093270375	1.47517529077886	1.29173093270375	1.29173093251131	1.32749748995617	1.51635407371672	1.3275070144073	1.47517529069769	1.51635407323353	2.69366508737636	1.51635407323353	1.29173093251131	1.3275070144073	1.51635407371672	1.32749748995617	1.35808997483452	0.856487858807636	0.813124891355483	0.85648785880764	0.856487858644526	0.632172720981908	0.687415204962613	0.632180316947972	0.813124891321569	0.687415204680264	1.31454279622754	0.687415204680265	0.856487858644531	0.632180316947972	0.687415204962615	0.632172720981913
1	1.29173398318088	1.48116563827455	1.29173398318088	1.2917339830261	1.3213908836939	1.51511733999716	1.32139892890447	1.48116563820782	1.51511733958529	2.70187079666226	1.51511733958529	1.2917339830261	1.32139892890447	1.51511733999716	1.3213908836939	1.36826345528043	0.856114556115711	0.818917256899125	0.856114556115715	0.85611455598174	0.627687731824752	0.686675580406175	0.62769401313204	0.818917256868946	0.68667558016488	1.3178292745659	0.686675580164882	0.856114555981744	0.62769401313204	0.686675580406176	0.627687731824757
1	1.29155895938468	1.48682297395566	1.29155895938468	1.29155895925946	1.31628307086263	1.51388615482595	1.31628981816989	1.48682297389962	1.51388615447463	2.70708756212783	1.51388615447462	1.29155895925946	1.31628981816989	1.51388615482594	1.31628307086263	1.37659279658685	0.855650705006688	0.824194218965326	0.855650705006692	0.855650704897104	0.624005467311211	0.685925227943837	0.624010643326853	0.824194218938769	0.685925227737629	1.31992260874007	0.68592522773763	0.855650704897108	0.624010643326853	0.685925227943839	0.624005467311216
1	1.29128655014664	1.49212010617771	1.29128655014663	1.29128655004496	1.31204821570484	1.5127072540735	1.31205384129366	1.49212010613003	1.51270725377367	2.71038427373436	1.51270725377367	1.29128655004496	1.31205384129366	1.5127072540735	1.31204821570484	1.38341228446673	0.855147671863119	0.828999287566686	0.855147671863123	0.855147671773783	0.620994095597413	0.685197728745999	0.620998343971015	0.828999287543453	0.685197728569752	1.32126212903263	0.685197728569753	0.855147671773788	0.620998343971015	0.685197728746001	0.620994095597418
1	1.29096555312083	1.49704372333022	1.29096555312083	1.2909655530381	1.30855833565376	1.5116029718465	1.30856300225812	1.49704372328934	1.5116029715905	2.71245602033423	1.5116029715905	1.2909655530381	1.30856300225812	1.5116029718465	1.30855833565376	1.38899560891394	0.854638265845061	0.833372865879326	0.854638265845065	0.854638265772439	0.618539544707882	0.684512123421976	0.618543019684297	0.833372865859063	0.684512123271302	1.32212559328519	0.684512123271304	0.854638265772444	0.618543019684297	0.684512123421978	0.618539544707887
1	1.29062577880591	1.50159327705	1.29062577880591	1.29062577873853	1.30569485571428	1.51058275454796	1.305698709849	1.5015932770148	1.51058275432929	2.71374869121218	1.51058275432929	1.29062577873853	1.305698709849	1.51058275454796	1.30569485571428	1.39356684834346	0.854143005837622	0.837352117360712	0.854143005837627	0.854143005778746	0.616544861379266	0.683878140865029	0.616547695932747	0.837352117343063	0.683878140736181	1.322687652819	0.683878140736182	0.854143005778751	0.616547695932747	0.683878140865031	0.616544861379271
1	1.29028549995806	1.50577790519559	1.29028549995806	1.29028549990319	1.30335304364712	1.50964903907123	1.30335621481832	1.50577790516521	1.50964903888438	2.71454596402633	1.50964903888438	1.29028549990318	1.30335621481832	1.50964903907123	1.30335304364712	1.39730946264443	0.853674195995443	0.840971155080276	0.853674195995447	0.853674195947834	0.614928565066718	0.683299637147477	0.614930872310125	0.840971155064911	0.683299637037263	1.32305790927395	0.683299637037265	0.853674195947839	0.614930872310125	0.683299637147479	0.614928565066723
1	1.28995582305147	1.50961329921382	1.28995582305147	1.28995582300679	1.30144289747547	1.50880036544563	1.30144549841054	1.50961329918755	1.50880036528592	2.71502760000747	1.50880036528592	1.28995582300679	1.30144549841054	1.50880036544563	1.30144289747547	1.40037365607008	0.853238644334165	0.844261302546915	0.85323864433417	0.85323864429577	0.61362269787939	0.682776842603245	0.613624572836467	0.844261302533542	0.682776842508945	1.32330518490889	0.682776842508946	0.853238644295774	0.613624572836467	0.682776842603247	0.613622697879395
1	1.28964330823134	1.51311913409073	1.28964330823134	1.28964330819499	1.29988836496237	1.50803309612235	1.29989049250028	1.51311913406801	1.50803309598579	2.7153074526342	1.50803309598579	1.28964330819499	1.29989049250027	1.50803309612235	1.29988836496237	1.40288240546142	0.852839503290569	0.847251338980177	0.852839503290573	0.852839503259691	0.612570887009721	0.682307821114266	0.612572408722803	0.847251338968544	0.682307821033558	1.32347281579645	0.68230782103356	0.852839503259696	0.612572408722803	0.682307821114268	0.612570887009726
1	1.28935157884019	1.51631715597416	1.28935157884019	1.28935157881066	1.2986258713105	1.50734240832116	1.29862760772427	1.51631715595451	1.50734240820435	2.71545780236004	1.50734240820435	1.28935157881066	1.29862760772427	1.50734240832116	1.2986258713105	1.40493639574014	0.852477525761641	0.849967709729476	0.852477525761646	0.852477525736885	0.61172655707657	0.681889411399035	0.611727790847014	0.849967709719353	0.681889411329937	1.32358822185956	0.681889411329939	0.852477525736889	0.611727790847014	0.681889411399037	0.611726557076575
1	1.28908233710391	1.51922984276622	1.28908233710391	1.28908233707995	1.29760264970573	1.50672289020298	1.29760406425385	1.51922984274921	1.50672289010303	2.71552475888375	1.50672289010303	1.28908233707995	1.29760406425385	1.50672289020298	1.29760264970573	1.40661806074805	0.852151925254788	0.852434705009876	0.852151925254793	0.852151925235006	0.611051344848367	0.681517829274183	0.611052344338327	0.852434705001068	0.68151782921501	1.32366887302347	0.681517829215012	0.852151925235011	0.611052344338327	0.681517829274185	0.611051344848373
1	1.28883602266022	1.52187950863039	1.28883602266022	1.28883602264081	1.29677511469575	1.50616891081605	1.29677626524122	1.52187950861568	1.50616891073051	2.71553794281774	1.50616891073051	1.28883602264081	1.29677626524122	1.50616891081605	1.29677511469575	1.40799489160655	0.85186096482788	0.854674615811185	0.851860964827885	0.851860964812133	0.610513726542169	0.681189048740244	0.610514535682897	0.854674615803525	0.681189048689558	1.32372600254688	0.68118904868956	0.851860964812138	0.610514535682897	0.681189048740245	0.610513726542174
1	1.28861225034049	1.52428773274034	1.28861225034049	1.2886122503248	1.29610738429989	1.50567485433903	1.2961083188888	1.52428773272761	1.5056748542658	2.71551655093471	1.5056748542658	1.2886122503248	1.2961083188888	1.50567485433903	1.29610738429989	1.4091221453723	0.851602359054329	0.856707874680861	0.851602359054333	0.851602359041846	0.610087847851071	0.680899038980774	0.61008850251229	0.856707874674198	0.680899038937344	1.32376691792749	0.680899038937346	0.851602359041851	0.61008850251229	0.680899038980775	0.610087847851076
1	1.28841010736943	1.52647501626645	1.28841010736943	1.28841010735678	1.29556998760665	1.505235269046	1.29557074593564	1.52647501625544	1.50523526898329	2.7154731531875	1.50523526898329	1.28841010735678	1.29557074593564	1.505235269046	1.29556998760665	1.41004506269693	0.85137354651046	0.858553186571785	0.851373546510464	0.851373546500616	0.609752537662279	0.680643907638579	0.609753067070311	0.858553186565991	0.680643907601357	1.32379644066842	0.680643907601359	0.85137354650062	0.609753067070311	0.680643907638581	0.609752537662284
1	1.28822835822544	1.52846059578529	1.28822835822544	1.28822835821526	1.29513876012706	1.50484496048103	1.29513937486155	1.52846059577577	1.50484496042731	2.71541607331662	1.50484496042731	1.28822835821526	1.29513937486155	1.50484496048103	1.29513876012706	1.41080068349323	0.851171872279906	0.860227652674537	0.85117187227991	0.851171872272188	0.609490483123934	0.680419983293318	0.609490911051738	0.8602276526695	0.680419983261409	1.32381780538812	0.680419983261411	0.851171872272192	0.609490911051738	0.68041998329332	0.609490483123939
1	1.28806558702659	1.5302623614456	1.28806558702658	1.28806558701842	1.294793913139	1.50449904695213	1.29479441107146	1.53026236143737	1.50449904690611	2.71535088654971	1.50449904690611	1.28806558701842	1.29479441107146	1.50449904695213	1.294793913139	1.41141933347689	0.850994707817303	0.861746888562577	0.850994707817308	0.850994707811292	0.60928754358533	0.680223858598437	0.60928788935326	0.861746888558197	0.680223858571076	1.32383322335037	0.680223858571078	0.850994707811297	0.60928788935326	0.680223858598438	0.609287543585335
1	1.28792029665003	1.53189684381474	1.28792029665003	1.28792029664351	1.29451925706492	1.50419298917413	1.29451966011282	1.53189684380763	1.50419298913469	2.71528136740432	1.50419298913469	1.28792029664351	1.29451966011282	1.50419298917413	1.29451925706492	1.41192584124396	0.850839527362566	0.863125137105856	0.85083952736257	0.850839527357922	0.609132182574672	0.680052408131303	0.609132461864244	0.86312513710205	0.680052408107839	1.32384423734928	0.68005240810784	0.850839527357926	0.609132461864244	0.680052408131304	0.609132182574677
1	1.28779097716408	1.53337924425727	1.28779097716408	1.28779097715889	1.29430155740201	1.5039226018017	1.29430188345491	1.53337924425112	1.50392260176789	2.71521009359111	1.50392260176789	1.28779097715889	1.29430188345491	1.5039226018017	1.29430155740201	1.41234053472958	0.85070395405737	0.86437537601653	0.850703954057374	0.850703954053816	0.609014998846479	0.679902790196139	0.60901522437205	0.864375376013221	0.679902790176011	1.32385194680409	0.679902790176012	0.850703954053821	0.60901522437205	0.679902790196141	0.609014998846484
1	1.28767615223597	1.53472349187149	1.28767615223597	1.28767615223185	1.29413000286281	1.50368405241763	1.29413026649545	1.53472349186618	1.50368405238865	2.71513883469359	1.50368405238865	1.28767615223185	1.29413026649545	1.50368405241763	1.29413000286281	1.41268005703941	0.85058578514429	0.865509419808883	0.850585785144295	0.850585785141607	0.608928340148485	0.679772438679093	0.608928522211382	0.865509419806006	0.679772438661822	1.32385715177995	0.679772438661824	0.850585785141611	0.608928522211382	0.679772438679095	0.60892834014849
1	1.28757440965733	1.53594231562453	1.28757440965733	1.28757440965408	1.29399576751372	1.50347385201631	1.29399598058195	1.53594231561994	1.50347385199145	2.71506880564086	1.50347385199145	1.28757440965408	1.29399598058195	1.50347385201631	1.29399576751372	1.41295803439586	0.850483002946579	0.866538015943885	0.850483002946584	0.850483002944583	0.608865985731242	0.679659048960846	0.608866132672236	0.866538015941386	0.679659048946023	1.32386044608841	0.679659048946024	0.850483002944587	0.608866132672236	0.679659048960848	0.608865985731247
1	1.287484420355	1.53704732401465	1.287484420355	1.28748442035245	1.29389165102373	1.50328883981765	1.29389182315924	1.53704732401069	1.50328883979633	2.71500083431311	1.50328883979633	1.28748442035245	1.29389182315924	1.50328883981765	1.29389165102373	1.41318562300628	0.850393776248243	0.867470934971181	0.850393776248248	0.850393776246787	0.608822885684492	0.679560560548803	0.608823004252997	0.867470934969008	0.679560560536079	1.32386227829594	0.679560560536081	0.850393776246792	0.608823004252997	0.679560560548804	0.608822885684497
1	1.28740494907357	1.53804908721362	1.28740494907357	1.28740494907158	1.29381178348552	1.50312616447964	1.29381192250466	1.53804908721019	1.50312616446134	2.71493547415255	1.50312616446134	1.28740494907158	1.29381192250466	1.50312616447964	1.29381178348552	1.41337195680073	0.850316455364302	0.868317054593452	0.850316455364306	0.850316455363269	0.6087949471272	0.679475138143352	0.60879504278292	0.868317054591564	0.679475138132427	1.32386299236949	0.679475138132429	0.850316455363274	0.60879504278292	0.679475138143354	0.608794947127205
1	1.2873348590714	1.53895721841812	1.2873348590714	1.28733485906987	1.29375138341803	1.50298326320069	1.29375149565821	1.53895721841517	1.50298326318499	2.71487308111568	1.50298326318499	1.28733485906987	1.29375149565821	1.50298326320069	1.29375138341803	1.4135245140086	0.850249563191134	0.869084437690068	0.850249563191139	0.850249563190431	0.608778858931036	0.679401152263333	0.608778936088044	0.869084437688429	0.679401152253949	1.32386285530624	0.679401152253951	0.850249563190435	0.608778936088044	0.679401152263335	0.608778858931041
1	1.28727311261447	1.53978045245187	1.28727311261447	1.2872731126133	1.29370655950789	1.5028578398927	1.2937066501034	1.53978045244932	1.50285783987922	2.71481386745245	1.50285783987922	1.28727311261329	1.2937066501034	1.5028578398927	1.29370655950789	1.41364941728633	0.85019178389896	0.869780404451771	0.850191783898965	0.85019178389851	0.608771948120648	0.679337160213216	0.608772010346586	0.869780404450349	0.679337160205158	1.3238620762863	0.67933716020516	0.850191783898514	0.608772010346586	0.679337160213218	0.608771948120653
1	1.28721876856543	1.54052672039543	1.28721876856543	1.28721876856455	1.2936741482355	1.5027478432131	1.29367422134311	1.54052672039322	1.50274784320153	2.71475793994975	1.50274784320153	1.28721876856455	1.29367422134311	1.5027478432131	1.2936741482355	1.41375167944099	0.850141950397464	0.870411598832859	0.850141950397468	0.850141950397208	0.608772062266323	0.679281887820559	0.608772112443481	0.870411598831625	0.679281887813634	1.32386082026993	0.679281887813636	0.850141950397212	0.608772112443481	0.67928188782056	0.608772062266328
1	1.28717097806217	1.54120321963224	1.28717097806217	1.28717097806151	1.29365158093967	1.50265144506306	1.29365163992276	1.54120321963034	1.50265144505312	2.71470532775737	1.50265144505312	1.28717097806151	1.29365163992276	1.50265144506306	1.29365158093967	1.41383540461191	0.850099031390777	0.870984049593187	0.850099031390782	0.850099031390668	0.608777473210569	0.679234212240401	0.608777513666743	0.870984049592118	0.679234212234451	1.32385921785039	0.679234212234452	0.850099031390672	0.608777513666743	0.679234212240403	0.608777473210574
1	1.28712897900644	1.54181647885117	1.28712897900644	1.28712897900596	1.29363677500058	1.50256701998003	1.29363682257914	1.54181647884953	1.5025670199715	2.71465600306158	1.5025670199715	1.28712897900596	1.29363682257914	1.50256701998003	1.29363677500058	1.41390395298421	0.850062118543181	0.871503226285381	0.850062118543186	0.850062118543182	0.608786798276109	0.67919314594757	0.608786830890824	0.871503226284453	0.679193145942457	1.32385737255804	0.679193145942458	0.850062118543187	0.608786830890824	0.679193145947572	0.608786798276114
1	1.28709208985997	1.54237241852847	1.28709208985997	1.28709208985963	1.29362804475285	1.50249312549049	1.29362808312554	1.54237241852705	1.50249312548316	2.71460989626402	1.50249312548316	1.28709208985963	1.29362808312554	1.50249312549049	1.29362804475285	1.41396007564476	0.850030414109992	0.871974090319886	0.850030414109997	0.850030414110072	0.608798935801053	0.67915782204773	0.608798962091345	0.871974090319081	0.679157822043336	1.32385536641203	0.679157822043338	0.850030414110076	0.608798962091345	0.679157822047732	0.608798935801058
1	1.28705970316901	1.54287640648408	1.28705970316901	1.28705970316878	1.29362402858796	1.50242848378584	1.29362405953137	1.54287640648285	1.50242848377954	2.71456690760877	1.50242848377954	1.28705970316878	1.29362405953137	1.50242848378584	1.29362402858796	1.41400602499295	0.850003219276363	0.872401141595924	0.850003219276368	0.850003219276499	0.608813012425718	0.679127480863214	0.60881303361603	0.87240114159523	0.679127480859437	1.32385326418313	0.679127480859439	0.850003219276503	0.60881303361603	0.679127480863215	0.608813012425723
1	1.2870312790699	1.54333330828513	1.2870312790699	1.28703127906975	1.2936236292832	1.5023719648446	1.29362365423237	1.54333330828408	1.50237196483919	2.71452691636034	1.50237196483919	1.28703127906975	1.29362365423237	1.5023719648446	1.2936236292832	1.41404364513744	0.849979923267954	0.872788461161935	0.849979923267958	0.849979923268126	0.608828339961225	0.679101457682861	0.608828357039492	0.872788461161335	0.679101457679616	1.32385111675134	0.679101457679618	0.849979923268131	0.608828357039492	0.679101457682862	0.60882833996123
