1	1.02402613147323	1.03619426515571	1.02402613147323	1.02402613147323	1.03796498696475	1.05042745800184	1.0379649869648	1.03619426515571	1.05042745800184	1.06046011808479	1.05042745800184	1.02402613147323	1.0379649869648	1.05042745800184	1.03796498696475	0.520013297397905	0.37291361373033	0.31900929102582	0.372913613730332	0.37291361373033	0.327621379915455	0.306237674928895	0.327621379915659	0.319009291025822	0.306237674928896	0.28918130751074	0.306237674928896	0.372913613730332	0.327621379915659	0.306237674928896	0.327621379915456
1	1.02933768399398	1.04254717215851	1.02933768399398	1.02933768399398	1.04486805609128	1.05845858380652	1.04486805609134	1.04254717215851	1.05845858380652	1.06919860565149	1.05845858380652	1.02933768399398	1.04486805609134	1.05845858380652	1.04486805609128	0.564257627171661	0.385744722383908	0.324906339723393	0.38574472238391	0.385744722383908	0.334473615305558	0.310599314394773	0.334473615305772	0.324906339723393	0.310599314394772	0.292091081048098	0.310599314394773	0.38574472238391	0.334473615305772	0.310599314394774	0.33447361530556
1	1.03218382256194	1.04551381068076	1.03218382256194	1.03218382256194	1.04816526519835	1.06205233557765	1.04816526519841	1.04551381068076	1.06205233557765	1.07292186029684	1.06205233557765	1.03218382256194	1.04816526519841	1.06205233557765	1.04816526519835	0.59109316962491	0.392264312439692	0.327888648213216	0.392264312439694	0.392264312439692	0.337940173161844	0.31301987812604	0.337940173162058	0.327888648213215	0.31301987812604	0.293908635665134	0.313019878126041	0.392264312439694	0.337940173162058	0.313019878126041	0.337940173161846
1	1.03368608310528	1.04692267823405	1.03368608310528	1.03368608310528	1.04976053045848	1.06372966353922	1.04976053045854	1.04692267823405	1.06372966353922	1.07461283022673	1.06372966353922	1.03368608310528	1.04976053045854	1.06372966353922	1.04976053045848	0.607369748905317	0.395580100119024	0.329383095642986	0.395580100119026	0.395580100119025	0.339682493369624	0.314302412669795	0.339682493369833	0.329383095642985	0.314302412669796	0.294918361203701	0.314302412669797	0.395580100119027	0.339682493369833	0.314302412669796	0.339682493369627
1	1.0344704337497	1.04760014988916	1.0344704337497	1.0344704337497	1.05053950870638	1.06453576085923	1.05053950870644	1.04760014988916	1.06453576085924	1.07541499985126	1.06453576085923	1.0344704337497	1.05053950870644	1.06453576085923	1.05053950870638	0.617241993225178	0.397267564271799	0.330128243906538	0.397267564271801	0.397267564271799	0.340555006834096	0.314966276135457	0.340555006834299	0.330128243906537	0.314966276135458	0.295452299209238	0.314966276135459	0.397267564271801	0.340555006834299	0.314966276135458	0.340555006834098
1	1.03487685904066	1.04792885145094	1.03487685904066	1.03487685904066	1.05092234321414	1.06493048764745	1.0509223432142	1.04792885145094	1.06493048764745	1.07580584761027	1.06493048764745	1.03487685904066	1.0509223432142	1.06493048764745	1.05092234321414	0.623229811988224	0.398126699583834	0.330498826606833	0.398126699583836	0.398126699583833	0.340991070425215	0.315305663757417	0.34099107042541	0.330498826606831	0.315305663757419	0.295728116508498	0.31530566375742	0.398126699583835	0.34099107042541	0.315305663757418	0.340991070425217
1	1.03508635572798	1.04808935553917	1.03508635572798	1.03508635572798	1.05111132808113	1.06512600294259	1.05111132808118	1.04808935553917	1.06512600294259	1.07599924123479	1.06512600294259	1.03508635572798	1.05111132808118	1.06512600294259	1.05111132808113	0.626861607707748	0.398564204269866	0.330682914996312	0.398564204269868	0.398564204269866	0.341208784419003	0.315477996659178	0.341208784419188	0.33068291499631	0.315477996659181	0.295868938579629	0.315477996659182	0.398564204269868	0.341208784419188	0.315477996659178	0.341208784419005
1	1.03519395303087	1.04816809045294	1.03519395303087	1.03519395303087	1.05120490830498	1.06522350719107	1.05120490830503	1.04816809045293	1.06522350719107	1.07609575773897	1.06522350719107	1.03519395303087	1.05120490830503	1.06522350719107	1.05120490830498	0.629064403151654	0.398787012427827	0.330774334018808	0.398787012427829	0.398787012427827	0.341317436400304	0.315565175731556	0.341317436400484	0.330774334018809	0.315565175731559	0.295940406575294	0.31556517573156	0.398787012427829	0.341317436400484	0.315565175731557	0.341317436400307
1	1.03524907547111	1.04820684475519	1.03524907547111	1.03524907547111	1.05125134808501	1.06527232756255	1.05125134808507	1.04820684475519	1.06527232756255	1.07614415238221	1.06527232756255	1.03524907547111	1.05125134808507	1.06527232756255	1.05125134808501	0.630400466081026	0.398900476420115	0.330819742562676	0.398900476420116	0.398900476420114	0.341371656427004	0.315609186116404	0.341371656427175	0.330819742562676	0.315609186116405	0.295976564192163	0.315609186116406	0.398900476420116	0.341371656427175	0.315609186116405	0.341371656427006
1	1.03527726435445	1.04822596938416	1.03527726435445	1.03527726435445	1.05127443086533	1.06529682896675	1.05127443086538	1.04822596938416	1.06529682896675	1.07616847995024	1.06529682896675	1.03527726435445	1.05127443086538	1.06529682896675	1.05127443086533	0.631210829160111	0.398958250151661	0.330842308872132	0.398958250151663	0.39895825015166	0.341398717672694	0.315631378531119	0.34139871767286	0.330842308872135	0.315631378531119	0.295994827830281	0.31563137853112	0.398958250151662	0.34139871767286	0.31563137853112	0.341398717672696
1	1.03529166111603	1.04823542640778	1.03529166111603	1.03529166111603	1.05128591799326	1.06530914225249	1.0512859179933	1.04823542640778	1.06530914225249	1.07618072616479	1.06530914225249	1.03529166111603	1.0512859179933	1.06530914225249	1.05128591799326	0.631702339431432	0.398987662438262	0.330853531196806	0.398987662438264	0.398987662438261	0.341412227880491	0.315642562466263	0.341412227880647	0.330853531196807	0.315642562466264	0.296004045490256	0.315642562466265	0.398987662438263	0.341412227880647	0.315642562466264	0.341412227880493
1	1.03529900682379	1.04824011072641	1.03529900682379	1.03529900682379	1.05129164002817	1.06531533539011	1.05129164002822	1.04824011072641	1.06531533539011	1.0761868954927	1.06531533539011	1.03529900682379	1.05129164002822	1.06531533539011	1.05129164002817	0.632000455490973	0.399002632963963	0.330859116402613	0.399002632963965	0.399002632963963	0.341418975206904	0.315648196897198	0.341418975207055	0.330859116402613	0.315648196897197	0.296008695720024	0.315648196897198	0.399002632963965	0.341418975207055	0.315648196897198	0.341418975206906
1	1.03530275208261	1.04824243433173	1.03530275208261	1.03530275208261	1.05129449258277	1.06531845186477	1.05129449258282	1.04824243433173	1.06531845186477	1.07619000478891	1.06531845186477	1.03530275208261	1.05129449258282	1.06531845186477	1.05129449258277	0.632181271930891	0.399010251098273	0.330861898340711	0.399010251098275	0.399010251098274	0.341422346344288	0.315651035120952	0.341422346344432	0.33086189834071	0.315651035120951	0.296011041276997	0.315651035120952	0.399010251098276	0.341422346344432	0.315651035120953	0.34142234634429
1	1.03530466051146	1.04824358838848	1.03530466051146	1.03530466051146	1.05129591561434	1.06532002062293	1.05129591561438	1.04824358838848	1.06532002062293	1.0761915722594	1.06532002062293	1.03530466051146	1.05129591561438	1.06532002062293	1.05129591561434	0.632290942456609	0.399014126878189	0.330863285126697	0.399014126878191	0.399014126878188	0.341424031360069	0.315652464752644	0.341424031360206	0.330863285126696	0.315652464752643	0.296012224273182	0.315652464752644	0.39901412687819	0.341424031360206	0.315652464752644	0.341424031360071
1	1.03530563250011	1.04824416221203	1.03530563250011	1.03530563250011	1.05129662593757	1.06532081049266	1.05129662593761	1.04824416221203	1.06532081049266	1.0761923626132	1.06532081049266	1.03530563250011	1.05129662593761	1.06532081049266	1.05129662593757	0.632357460436377	0.399016098159911	0.330863976949772	0.399016098159913	0.399016098159911	0.341424873902806	0.31565318480873	0.341424873902936	0.330863976949772	0.31565318480873	0.296012820851913	0.315653184808731	0.399016098159913	0.341424873902936	0.315653184808731	0.341424873902808
1	1.03530612734794	1.04824444785216	1.03530612734794	1.03530612734794	1.05129698071669	1.06532120820424	1.05129698071673	1.04824444785216	1.06532120820424	1.0761927611171	1.06532120820424	1.03530612734794	1.05129698071673	1.06532120820424	1.05129698071669	0.632397806016241	0.399017100759644	0.33086432244336	0.399017100759646	0.399017100759645	0.341425295492668	0.315653547653001	0.341425295492793	0.330864322443359	0.315653547653003	0.296013121858577	0.315653547653003	0.399017100759646	0.341425295492793	0.315653547653002	0.34142529549267
1	1.03530637920199	1.04824459018342	1.03530637920199	1.03530637920199	1.05129715801768	1.06532140850815	1.05129715801772	1.04824459018342	1.06532140850815	1.07619296209099	1.06532140850815	1.03530637920199	1.05129715801772	1.06532140850815	1.05129715801768	0.632422277081361	0.399017610574808	0.33086449511141	0.39901761057481	0.399017610574809	0.341425506536565	0.315653730499908	0.341425506536683	0.33086449511141	0.31565373049991	0.296013273730448	0.315653730499911	0.399017610574811	0.341425506536683	0.315653730499909	0.341425506536567
1	1.03530650734798	1.04824466117208	1.03530650734798	1.03530650734798	1.05129724667126	1.06532150940834	1.0512972466713	1.04824466117208	1.06532150940834	1.0761930634619	1.06532150940834	1.03530650734798	1.0512972466713	1.06532150940834	1.05129724667126	0.632437119674531	0.399017869758905	0.330864581468694	0.399017869758907	0.399017869758906	0.341425612227824	0.315653822647455	0.341425612227938	0.330864581468695	0.315653822647454	0.296013350359146	0.315653822647455	0.399017869758908	0.341425612227938	0.315653822647456	0.341425612227826
1	1.03530657253327	1.04824469660917	1.03530657253327	1.03530657253327	1.05129729102185	1.06532156024314	1.05129729102188	1.04824469660917	1.06532156024314	1.07619311459926	1.06532156024314	1.03530657253327	1.05129729102188	1.06532156024314	1.05129729102185	0.632446122248424	0.399018001499207	0.330864624688976	0.399018001499209	0.399018001499207	0.341425665180335	0.315653869090195	0.341425665180446	0.330864624688977	0.315653869090194	0.296013389025163	0.315653869090195	0.399018001499209	0.341425665180446	0.315653869090196	0.341425665180338
1	1.03530660568382	1.04824471431369	1.03530660568382	1.03530660568382	1.05129731321963	1.06532158585778	1.05129731321966	1.04824471431369	1.06532158585778	1.07619314039849	1.06532158585778	1.03530660568382	1.05129731321966	1.06532158585778	1.05129731321963	0.63245158263771	0.399018068448792	0.330864646334285	0.399018068448794	0.399018068448791	0.341425691720998	0.31565389249986	0.341425691721103	0.330864646334287	0.315653892499861	0.296013408536969	0.315653892499862	0.399018068448793	0.341425691721103	0.315653892499861	0.341425691721001
1	1.03530662253907	1.04824472316578	1.03530662253907	1.03530662253907	1.05129732433484	1.0653215987661	1.05129732433487	1.04824472316578	1.0653215987661	1.0761931534156	1.0653215987661	1.03530662253907	1.05129732433487	1.0653215987661	1.05129732433484	0.632454894562888	0.399018102466118	0.330864657181381	0.39901810246612	0.399018102466118	0.341425705028924	0.315653904300868	0.341425705029025	0.330864657181382	0.315653904300869	0.29601341838385	0.315653904300869	0.39901810246612	0.341425705029025	0.315653904300868	0.341425705028926
1	1.03530663110726	1.04824472759498	1.03530663110726	1.03530663110726	1.05129732990307	1.06532160527193	1.0512973299031	1.04824472759498	1.06532160527193	1.076193159984	1.06532160527193	1.03530663110726	1.0512973299031	1.06532160527193	1.05129732990307	0.632456903366256	0.399018119747541	0.330864662620424	0.399018119747543	0.399018119747539	0.341425711704334	0.315653910250515	0.341425711704429	0.330864662620423	0.315653910250517	0.296013423353611	0.315653910250518	0.399018119747541	0.341425711704429	0.315653910250516	0.341425711704336
1	1.03530663546196	1.04824472981268	1.03530663546196	1.03530663546196	1.05129733269369	1.06532160855127	1.05129733269372	1.04824472981268	1.06532160855127	1.07619316329868	1.06532160855127	1.03530663546196	1.05129733269372	1.06532160855127	1.05129733269369	0.632458121778736	0.399018128525419	0.330864665349256	0.399018128525421	0.399018128525417	0.341425715054061	0.315653913250458	0.341425715054153	0.330864665349256	0.31565391325046	0.296013425862078	0.315653913250461	0.399018128525419	0.341425715054153	0.315653913250459	0.341425715054063
1	1.03530663767478	1.0482447309238	1.03530663767478	1.03530663767478	1.05129733409283	1.06532161020445	1.05129733409286	1.0482447309238	1.06532161020445	1.07619316497155	1.06532161020445	1.03530663767478	1.05129733409286	1.06532161020445	1.05129733409283	0.632458860790327	0.399018132983354	0.330864666719077	0.399018132983356	0.399018132983353	0.341425716735573	0.315653914763267	0.341425716735662	0.330864666719076	0.31565391476327	0.296013427128323	0.315653914763271	0.399018132983355	0.341425716735662	0.315653914763268	0.341425716735576
1	1.03530663879902	1.04824473148085	1.03530663879902	1.03530663879902	1.0512973347946	1.06532161103795	1.05129733479462	1.04824473148085	1.06532161103795	1.07619316581588	1.06532161103795	1.03530663879902	1.05129733479462	1.06532161103795	1.0512973347946	0.632459309027799	0.399018135247039	0.330864667407048	0.399018135247041	0.399018135247038	0.341425717579966	0.315653915526236	0.341425717580052	0.330864667407047	0.315653915526238	0.296013427767563	0.315653915526239	0.39901813524704	0.341425717580052	0.315653915526236	0.341425717579969
