1	1.04801417806335	1.08941442015922	1.04801417806335	1.04801417806572	1.08941442016446	1.13164425912223	1.0894144201479	1.08941442018627	1.1316442591371	1.20848571395434	1.1316442591371	1.04801417806572	1.0894144201479	1.13164425912223	1.08941442016446	0.695998378074452	0.6232085554591	0.601724296191209	0.623208555459101	0.623208555459758	0.601724296199884	0.598592523662034	0.601724296161341	0.601724296245072	0.598592523686761	0.676559444915178	0.598592523686761	0.623208555459759	0.601724296161341	0.598592523662034	0.601724296199885
1	1.05698842977167	1.10413669660008	1.05698842977167	1.05698842977356	1.10413669660459	1.15168138500783	1.10413669659108	1.10413669662217	1.15168138502125	1.25630430317394	1.15168138502125	1.05698842977356	1.10413669659108	1.15168138500783	1.10413669660459	0.752060988914929	0.659440582810136	0.630083475298531	0.659440582810137	0.659440582810847	0.630083475305686	0.623432917901242	0.630083475277968	0.630083475338339	0.623432917921855	0.740557869710883	0.623432917921856	0.659440582810848	0.630083475277968	0.623432917901242	0.630083475305688
1	1.06076921860725	1.10879837048793	1.06076921860725	1.06076921860856	1.10879837049137	1.1564608648873	1.10879837048142	1.10879837050421	1.15646086489802	1.28194359081201	1.15646086489802	1.06076921860856	1.10879837048142	1.1564608648873	1.10879837049137	0.789640880809706	0.682124346773009	0.645195179144455	0.68212434677301	0.682124346773609	0.645195179149923	0.634082756606119	0.645195179131003	0.64519517917251	0.634082756621864	0.782038955022072	0.634082756621864	0.68212434677361	0.645195179131003	0.63408275660612	0.645195179149925
1	1.06262755239779	1.11005789903856	1.06262755239779	1.06262755239867	1.11005789904109	1.1563146822908	1.11005789903411	1.11005789905006	1.1563146822989	1.29728704512384	1.1563146822989	1.06262755239867	1.11005789903411	1.1563146822908	1.11005789904109	0.814831435679537	0.696918917584806	0.654081340583007	0.696918917584808	0.696918917585277	0.654081340587047	0.639074912970141	0.65408134057439	0.654081340602404	0.639074912981733	0.807823209388117	0.639074912981733	0.696918917585279	0.65408134057439	0.639074912970142	0.654081340587049
1	1.06376363721299	1.11039289390535	1.06376363721299	1.06376363721359	1.11039289390718	1.1551500840679	1.11039289390242	1.11039289391334	1.15515008407386	1.30699434522971	1.15515008407386	1.06376363721359	1.11039289390242	1.1551500840679	1.11039289390718	0.831717169572758	0.706738250345572	0.659793607246649	0.706738250345574	0.706738250345933	0.659793607249593	0.641918845731792	0.659793607241183	0.659793607259976	0.641918845740207	0.823522119209971	0.641918845740207	0.706738250345934	0.659793607241183	0.641918845731793	0.659793607249595
1	1.06456524457245	1.11056524365813	1.06456524457245	1.06456524457286	1.11056524365944	1.15415205694555	1.11056524365624	1.11056524366364	1.15415205694988	1.31314623893206	1.15415205694988	1.06456524457286	1.11056524365624	1.15415205694554	1.11056524365944	0.843036015490768	0.713329114863885	0.663720908570971	0.713329114863887	0.713329114864157	0.663720908573102	0.6439133160222	0.663720908567525	0.663720908580117	0.643913316028276	0.832965863125987	0.643913316028277	0.713329114864159	0.663720908567525	0.643913316022201	0.663720908573104
1	1.065160476429	1.11075556334937	1.065160476429	1.06516047642929	1.11075556335031	1.1535476315204	1.11075556334817	1.11075556335316	1.15354763152354	1.31694932005614	1.15354763152354	1.06516047642929	1.11075556334817	1.1535476315204	1.11075556335031	0.850623264797687	0.717800323099706	0.666556653092253	0.717800323099707	0.71780032309991	0.666556653093793	0.645526583497172	0.666556653090094	0.666556653098537	0.645526583501552	0.838602028270639	0.645526583501553	0.717800323099912	0.666556653090094	0.645526583497173	0.666556653093795
1	1.06560416083141	1.11097736631836	1.06560416083141	1.06560416083161	1.11097736631904	1.15328252832373	1.11097736631761	1.11097736632097	1.15328252832599	1.31921640079823	1.15328252832599	1.06560416083161	1.11097736631761	1.15328252832373	1.11097736631904	0.855709150071617	0.720868882432633	0.668678918040478	0.720868882432634	0.720868882432786	0.66867891804159	0.646925000693433	0.668678918039135	0.668678918044803	0.646925000696589	0.841946329917317	0.646925000696589	0.720868882432787	0.668678918039135	0.646925000693434	0.668678918041592
1	1.06593136396966	1.11121009313393	1.06593136396966	1.06593136396981	1.11121009313442	1.15325100052119	1.11121009313347	1.11121009313573	1.15325100052282	1.32050772686149	1.15325100052282	1.06593136396981	1.11121009313347	1.15325100052119	1.11121009313442	0.859118320924145	0.723002590864975	0.670310699331641	0.723002590864976	0.72300259086509	0.670310699332442	0.648167995068391	0.670310699330812	0.670310699334624	0.648167995070666	0.843920859699088	0.648167995070667	0.723002590865091	0.670310699330812	0.648167995068392	0.670310699332444
1	1.06616991754719	1.11143509140769	1.06616991754719	1.06616991754729	1.11143509140805	1.15336196062115	1.11143509140741	1.11143509140894	1.15336196062232	1.32119887623541	1.15336196062232	1.06616991754729	1.11143509140741	1.15336196062115	1.11143509140804	0.86140355650721	0.724508539144841	0.671592339362072	0.724508539144843	0.724508539144927	0.671592339362649	0.649278851781343	0.671592339361567	0.671592339364134	0.649278851782982	0.84508055863059	0.649278851782983	0.724508539144928	0.671592339361567	0.649278851781343	0.671592339362651
1	1.06634250194088	1.11164163856492	1.06634250194088	1.06634250194095	1.11164163856517	1.15355064945532	1.11164163856475	1.11164163856578	1.15355064945616	1.32153249866232	1.15355064945616	1.06634250194095	1.11164163856475	1.15355064945532	1.11164163856517	0.862935395740322	0.725589363796517	0.672616643239478	0.725589363796518	0.725589363796579	0.672616643239895	0.650269716151297	0.672616643239175	0.672616643240907	0.650269716152479	0.845757194095464	0.65026971615248	0.725589363796581	0.672616643239175	0.650269716151298	0.672616643239897
1	1.0664669906289	1.11182537322392	1.0664669906289	1.06646699062895	1.1118253732241	1.15377489282006	1.11182537322382	1.11182537322452	1.15377489282067	1.3216601980921	1.15377489282067	1.06646699062895	1.11182537322382	1.15377489282006	1.1118253732241	0.863962218293886	0.726379428909417	0.673447285105637	0.726379428909419	0.726379428909463	0.673447285105937	0.651149943184956	0.673447285105458	0.673447285106629	0.651149943185809	0.846148295178013	0.651149943185809	0.726379428909464	0.673447285105458	0.651149943184957	0.673447285105939
1	1.06655693726572	1.11198579193074	1.06655693726572	1.06655693726576	1.11198579193088	1.15400874005729	1.11198579193069	1.11198579193116	1.15400874005773	1.32167404897299	1.15400874005773	1.06655693726576	1.11198579193069	1.15400874005729	1.11198579193087	0.864650518041776	0.726968291407487	0.674129202261755	0.726968291407489	0.726968291407521	0.674129202261972	0.651928542964198	0.674129202261653	0.674129202262445	0.651928542964813	0.84637115677089	0.651928542964814	0.726968291407522	0.674129202261653	0.651928542964199	0.674129202261974
1	1.06662230754194	1.11212436981029	1.06662230754193	1.06662230754196	1.11212436981039	1.15423704278257	1.11212436981026	1.11212436981058	1.15423704278288	1.32162859686788	1.15423704278288	1.06662230754196	1.11212436981027	1.15423704278257	1.11212436981039	0.865111899165817	0.727416001893473	0.67469484829349	0.727416001893474	0.727416001893497	0.674694848293646	0.652614632873379	0.674694848293435	0.674694848293971	0.652614632873822	0.846495298167454	0.652614632873823	0.727416001893499	0.674694848293435	0.65261463287338	0.674694848293648
1	1.06667026774456	1.1122434094444	1.06667026774456	1.06667026774458	1.11224340944447	1.15445155356651	1.11224340944438	1.1122434094446	1.15445155356673	1.32155537638918	1.15445155356673	1.06667026774458	1.11224340944438	1.15445155356651	1.11224340944447	0.865421172186556	0.727763118550528	0.675168138333858	0.727763118550529	0.727763118550546	0.675168138333971	0.653217299714224	0.67516813833383	0.675168138334195	0.653217299714544	0.846561853965587	0.653217299714545	0.727763118550548	0.67516813833383	0.653217299714224	0.675168138333972
1	1.06670589397931	1.11234541163626	1.06670589397931	1.06670589397932	1.11234541163631	1.15464830804789	1.11234541163625	1.1123454116364	1.15464830804805	1.32147211615134	1.15464830804805	1.06670589397932	1.11234541163625	1.15464830804789	1.11234541163631	0.865628484096326	0.728037277260954	0.675567025179722	0.728037277260955	0.728037277260967	0.675567025179803	0.653745353312465	0.675567025179711	0.675567025179958	0.653745353312695	0.846595117745499	0.653745353312696	0.728037277260968	0.675567025179711	0.653745353312465	0.675567025179805
1	1.06673274810633	1.1124327654002	1.06673274810633	1.06673274810634	1.11243276540024	1.15482592874862	1.1124327654002	1.1124327654003	1.15482592874874	1.32138841196291	1.15482592874874	1.06673274810634	1.1124327654002	1.15482592874862	1.11243276540024	0.865767449428679	0.728257511320294	0.675905222263815	0.728257511320296	0.728257511320305	0.675905222263873	0.654207121468389	0.675905222263812	0.675905222263981	0.654207121468554	0.846609400646897	0.654207121468555	0.728257511320306	0.675905222263812	0.65420712146839	0.675905222263876
1	1.0667533172412	1.11250761686601	1.0667533172412	1.06675331724121	1.11250761686603	1.15498454793348	1.11250761686601	1.11250761686607	1.15498454793357	1.32130915210683	1.15498454793357	1.06675331724121	1.11250761686601	1.15498454793348	1.11250761686603	0.865860600679183	0.728437097259837	0.676193377979452	0.728437097259838	0.728437097259844	0.676193377979494	0.654610317263408	0.676193377979453	0.67619337797957	0.654610317263528	0.846613101922647	0.654610317263529	0.728437097259846	0.676193377979453	0.654610317263409	0.676193377979496
1	1.06676933608343	1.11257183190918	1.06676933608343	1.06676933608343	1.1125718319092	1.1551251337353	1.11257183190919	1.11257183190923	1.15512513373536	1.32123655302373	1.15512513373536	1.06676933608343	1.11257183190919	1.1551251337353	1.1125718319092	0.865923041831609	0.728585434155945	0.676439888169086	0.728585434155947	0.72858543415595	0.676439888169116	0.654961972485816	0.676439888169089	0.676439888169169	0.654961972485903	0.846611123332193	0.654961972485904	0.728585434155952	0.676439888169089	0.654961972485817	0.676439888169118
1	1.06678201716036	1.11262700411547	1.06678201716036	1.06678201716037	1.11262700411549	1.15524907468141	1.11262700411548	1.11262700411551	1.15524907468145	1.32117135305792	1.15524907468145	1.06678201716037	1.11262700411548	1.15524907468141	1.11262700411549	0.865964897389233	0.728709288265803	0.676651466475614	0.728709288265804	0.728709288265807	0.676651466475636	0.655268420694562	0.676651466475618	0.676651466475673	0.655268420694624	0.846606300635525	0.655268420694625	0.728709288265808	0.676651466475618	0.655268420694562	0.676651466475638
1	1.06679221242044	1.11267448198922	1.06679221242044	1.06679221242044	1.11267448198923	1.15535792818512	1.11267448198922	1.11267448198924	1.15535792818516	1.32111350372243	1.15535792818516	1.06679221242044	1.11267448198922	1.15535792818512	1.11267448198923	0.865992954009676	0.728813620424014	0.676833550066626	0.728813620424015	0.728813620424017	0.676833550066642	0.655535314261457	0.676833550066631	0.676833550066667	0.655535314261501	0.846600251996465	0.655535314261502	0.728813620424018	0.676833550066631	0.655535314261457	0.676833550066644
