1	5.05358874565992	1.08518416430497	5.05358874566014	7.05417203431214	1.10801297933672	1.10889983850314	1.10801297927795	1.15018159395307	1.09946621228747	9.9172560178414	1.09946621228746	7.05417203431236	1.10801297927795	1.10889983850314	1.10801297933674	9.99999999999998	1.52067301077023	0.0914842186695708	1.52067301077031	2.16831258149461	0.104169881455938	-0.0852581785057635	0.104169881426147	0.124771382419116	-0.0816102671746808	-1.52308775500854	-0.0816102671746785	2.16831258149469	0.104169881426147	-0.085258178505761	0.104169881455947
1	9.25375739912712	1.07292640617862	9.25375739912729	15.2209292994989	1.08505490587156	1.09098200926072	1.08505490587116	1.12765567178707	1.08949618718742	18.8049840010852	1.08949618718741	15.220929299499	1.08505490587116	1.09098200926072	1.08505490587158	9.99999999999998	2.90685055521744	0.0868709730389122	2.90685055521751	5.19341450670857	0.0977282888897512	-0.0815809318319091	0.0977282888895114	0.126010537789875	-0.0830366199583838	-3.08144847845979	-0.0830366199583815	5.19341450670863	0.0977282888895113	-0.0815809318319067	0.097728288889759
1	1.28863148803972	1.0191206580295	1.28863148803974	10.7838467158991	1.02768512714027	1.05099737481781	1.02768512714027	2.70226169740944	1.03239030775516	5.35321870405694	1.03239030775515	10.7838467158991	1.02768512714027	1.0509973748178	1.02768512714027	9.99999999999999	0.418963208028063	0.0716198907187422	0.418963208028076	5.90426145267709	0.0891040691895683	-0.0982574833457768	0.0891040691895708	0.976110402503472	-0.0796451070591235	-1.39849579876288	-0.0796451070591215	5.90426145267714	0.0891040691895707	-0.0982574833457742	0.0891040691895748
1	1.04344948616653	1.00790820774454	1.04344948616653	7.55501838281608	1.00801749681326	1.01109873143956	1.00801749681326	2.91482740544284	1.01136607651665	1.15751422064028	1.01136607651665	7.5550183828161	1.00801749681326	1.01109873143956	1.00801749681326	9.99999999999999	0.166384757331275	0.0497548278075747	0.166384757331279	5.93642841115197	0.0579232862147151	-0.0528027210944332	0.0579232862147176	1.53473689547131	-0.0598150227766174	-0.188179265365447	-0.0598150227766161	5.93642841115203	0.0579232862147174	-0.0528027210944317	0.0579232862147192
1	1.03387517889008	1.00638753394526	1.03387517889008	5.74878927514934	1.00521644982331	1.00750335640216	1.00521644982331	2.46789816357072	1.00680775332209	1.08622657824059	1.00680775332209	5.74878927514936	1.00521644982331	1.00750335640216	1.00521644982331	9.99999999999999	0.150204310755208	0.0458076986576855	0.150204310755212	5.9527641915482	0.0514064771188934	-0.0463483259201106	0.0514064771188954	1.67756914430861	-0.0530051830748748	-0.150742603390811	-0.0530051830748738	5.95276419154825	0.0514064771188951	-0.0463483259201093	0.051406477118897
1	1.03154540192205	1.00601709962601	1.03154540192205	4.50632525063475	1.00434467434568	1.00669003463255	1.00434467434568	2.09295144561257	1.00532009105652	1.07252996439563	1.00532009105652	4.50632525063476	1.00434467434568	1.00669003463255	1.00434467434568	9.99999999999999	0.145700063504399	0.0447120271351374	0.145700063504402	5.96388829439255	0.0494467063284577	-0.0451672375927997	0.0494467063284595	1.76459261779593	-0.0509825209242071	-0.145266908354883	-0.0509825209242062	5.9638882943926	0.049446706328459	-0.0451672375927985	0.0494467063284611
1	1.03021976398014	1.00580246864264	1.03021976398014	3.12740333290506	1.00386996874032	1.00625413442741	1.00386996874032	1.6427171766801	1.00451988644895	1.06555192710768	1.00451988644895	3.12740333290507	1.00386996874032	1.00625413442741	1.00386996874032	9.99999999999999	0.14304916327946	0.044055866129875	0.143049163279464	5.97643763963372	0.0488927504122918	-0.044833761204717	0.0488927504122939	1.85865728639563	-0.0509522316262882	-0.144461381793187	-0.0509522316262874	5.97643763963377	0.0488927504122933	-0.0448337612047157	0.0488927504122952
1	1.02911911563339	1.00562081158347	1.02911911563339	1.17584964931896	1.0034144871011	1.00584421518452	1.0034144871011	1.04126684653754	1.00372266810502	1.05884344871615	1.00372266810502	1.17584964931896	1.0034144871011	1.00584421518452	1.0034144871011	9.99999999999999	0.140790303679981	0.0434849338763063	0.140790303679984	5.99728416924677	0.0478194364907056	-0.0443036445922774	0.0478194364907073	1.98977957081602	-0.0498461303172765	-0.142299061059653	-0.0498461303172757	5.99728416924683	0.0478194364907067	-0.0443036445922761	0.0478194364907089
1	1.02855169663374	1.00552537147422	1.02855169663375	1.0071499021837	1.00306023435472	1.00552623832843	1.00306023435472	1.0015927075186	1.00306144072801	1.05319628938414	1.00306144072801	1.0071499021837	1.00306023435472	1.00552623832843	1.00306023435472	9.99999999999999	0.139588645667656	0.0431738638983663	0.139588645667659	5.99988125491143	0.0454084126465865	-0.043175812179302	0.0454084126465885	1.99960204889454	-0.0454143307968843	-0.135535442608376	-0.0454143307968837	5.99988125491149	0.0454084126465879	-0.0431758121793009	0.0454084126465897
1	1.02851713742005	1.00551916898883	1.02851713742005	1.00361121194217	1.00305567826003	1.00551931024577	1.00305567826003	1.0008034724088	1.00305589992949	1.05311749380093	1.00305589992949	1.00361121194217	1.00305567826003	1.00551931024577	1.00305567826003	9.99999999999999	0.139524611836737	0.0431562573465317	0.13952461183674	5.99993992072414	0.0453830995968759	-0.0431560813909853	0.0453830995968778	1.99979919082636	-0.045383213520442	-0.135457957855463	-0.0453832135204413	5.9999399207242	0.0453830995968771	-0.0431560813909841	0.0453830995968791
1	1.02851656960691	1.0055190705993	1.02851656960691	1.00355181778099	1.00305560934416	1.00551920449335	1.00305560934416	1.0007902417262	1.00305582078061	1.05311632951853	1.00305582078061	1.00355181778099	1.00305560934416	1.00551920449335	1.00305560934416	9.99999999999999	0.139523556428724	0.0431559808055878	0.139523556428728	5.99994090712441	0.0453827272011381	-0.0431557880153517	0.04538272720114	1.99980249659686	-0.0453827903340481	-0.135456853408399	-0.0453827903340474	5.99994090712447	0.0453827272011394	-0.0431557880153502	0.0453827272011413
1	1.02851656093202	1.0055190691048	1.02851656093202	1.00355082600845	1.00305560827857	1.0055192028773	1.00305560827857	1.00079002080279	1.00305581954596	1.05311631165277	1.00305581954596	1.00355082600845	1.00305560827857	1.0055192028773	1.00305560827857	9.99999999999999	0.139523540293371	0.0431559766980472	0.139523540293375	5.99994092359596	0.0453827214492409	-0.0431557836322969	0.0453827214492428	1.99980255179625	-0.0453827837474977	-0.135456836238173	-0.045382783747497	5.99994092359601	0.0453827214492422	-0.0431557836322956	0.045382721449244
1	1.02851656079889	1.00551906908472	1.02851656079889	1.00355080944945	1.00305560826199	1.00551920285519	1.00305560826199	1.00079001711417	1.00305581952656	1.05311631134536	1.00305581952656	1.00355080944945	1.00305560826199	1.00551920285519	1.00305560826199	9.99999999999999	0.139523540005544	0.0431559763749271	0.139523540005547	5.99994092387097	0.0453827213474208	-0.0431557833040932	0.0453827213474226	1.99980255271787	-0.0453827836317453	-0.135456836761039	-0.0453827836317446	5.99994092387103	0.045382721347422	-0.0431557833040918	0.0453827213474239
1	1.02851656079729	1.00551906908216	1.02851656079729	1.00355080917305	1.00305560826178	1.00551920285259	1.00305560826178	1.0007900170526	1.0030558195263	1.05311631136656	1.0030558195263	1.00355080917305	1.00305560826178	1.00551920285259	1.00305560826178	9.99999999999999	0.139523540035158	0.0431559765862337	0.139523540035161	5.99994092387556	0.0453827213563496	-0.0431557835157182	0.0453827213563514	1.99980255273326	-0.0453827836404416	-0.13545683611489	-0.045382783640441	5.99994092387562	0.0453827213563507	-0.043155783515717	0.0453827213563528
