1	1.10674567152689	1.13494796778616	1.10674567152689	1.10674567152689	1.16463129675311	1.19371207140133	1.16463129675311	1.13494796778616	1.19371207140133	1.2124107009202	1.19371207140133	1.10674567152689	1.16463129675311	1.19371207140133	1.16463129675311	0.849206408083336	0.530365864399042	0.414044964774819	0.530365864399045	0.53036586439904	0.463454865200902	0.405609123876642	0.463454865200902	0.414044964774819	0.405609123876641	0.366110841897093	0.405609123876642	0.530365864399043	0.463454865200902	0.405609123876643	0.463454865200905
1	1.12426798448266	1.15257885272315	1.12426798448266	1.12426798448266	1.1880145751762	1.21663755917196	1.1880145751762	1.15257885272315	1.21663755917196	1.23547939852091	1.21663755917196	1.12426798448266	1.1880145751762	1.21663755917196	1.1880145751762	0.897931604068707	0.533212411729747	0.408856646448124	0.533212411729751	0.533212411729745	0.461051327650165	0.398633572439915	0.461051327650166	0.408856646448125	0.398633572439916	0.358608385935611	0.398633572439918	0.533212411729748	0.461051327650166	0.398633572439916	0.461051327650168
1	1.13623515817142	1.16293150455515	1.13623515817142	1.13623515817142	1.20251616044252	1.22914199293129	1.20251616044252	1.16293150455516	1.22914199293129	1.24754028183219	1.22914199293129	1.13623515817141	1.20251616044252	1.22914199293129	1.20251616044252	0.937824420471132	0.536258365618712	0.407007679884531	0.536258365618716	0.536258365618711	0.461107205551181	0.396131296835681	0.461107205551183	0.407007679884533	0.396131296835681	0.356143286512415	0.396131296835683	0.536258365618714	0.461107205551183	0.396131296835682	0.461107205551184
1	1.14451764687777	1.16924095663566	1.14451764687777	1.14451764687777	1.21183600746949	1.23634231883328	1.21183600746949	1.16924095663566	1.23634231883328	1.25436096165989	1.23634231883328	1.14451764687777	1.21183600746949	1.23634231883328	1.21183600746949	0.970485896085304	0.539162030966477	0.406702922163769	0.539162030966481	0.539162030966477	0.462195744761654	0.39559984467029	0.462195744761655	0.406702922163772	0.395599844670292	0.35571158348389	0.395599844670293	0.539162030966481	0.462195744761655	0.395599844670291	0.462195744761657
1	1.15034705994789	1.17325405353188	1.15034705994789	1.15034705994789	1.21806761825945	1.2407635044448	1.21806761825944	1.17325405353188	1.2407635044448	1.25856087771727	1.24076350444481	1.15034705994789	1.21806761825944	1.2407635044448	1.21806761825944	0.997226850609604	0.54175332680049	0.407046168206765	0.541753326800494	0.54175332680049	0.463604644632346	0.395868956791098	0.463604644632347	0.407046168206769	0.3958689567911	0.356030728191568	0.395868956791102	0.541753326800493	0.463604644632347	0.395868956791099	0.463604644632349
1	1.15452364968265	1.17591918359063	1.15452364968265	1.15452364968265	1.222397395112	1.24366091164774	1.222397395112	1.17591918359063	1.24366091164774	1.26135552366497	1.24366091164774	1.15452364968265	1.222397395112	1.24366091164774	1.222397395112	1.01912049243782	0.543972740072621	0.407609014527133	0.543972740072625	0.543972740072622	0.465003549107295	0.396410386709211	0.465003549107295	0.407609014527135	0.39641038670921	0.356571428779111	0.396410386709212	0.543972740072625	0.465003549107295	0.396410386709212	0.465003549107298
1	1.15756763877197	1.17776032580149	1.15756763877197	1.15756763877197	1.22550857630575	1.24567235251167	1.22550857630575	1.17776032580149	1.24567235251167	1.26333178086163	1.24567235251167	1.15756763877197	1.22550857630575	1.24567235251167	1.22550857630575	1.0370454902952	0.545823079979257	0.408197764310623	0.545823079979261	0.545823079979256	0.466256690992215	0.396996250539176	0.466256690992216	0.408197764310623	0.396996250539175	0.357125847237669	0.396996250539177	0.54582307997926	0.466256690992216	0.396996250539177	0.466256690992219
1	1.15982041222981	1.17907506347675	1.15982041222981	1.15982041222981	1.22780561173843	1.24713363432529	1.22780561173843	1.17907506347675	1.24713363432529	1.26479011965552	1.24713363432529	1.15982041222981	1.22780561173843	1.24713363432529	1.22780561173843	1.05172123726307	0.547337799978548	0.408733085529003	0.547337799978552	0.547337799978548	0.467322974858481	0.397536142645192	0.467322974858482	0.408733085529005	0.397536142645191	0.357620696537656	0.397536142645192	0.547337799978551	0.467322974858482	0.397536142645193	0.467322974858485
1	1.16150949575014	1.18003861194347	1.16150949575014	1.16150949575014	1.22953679584848	1.24823053584705	1.22953679584848	1.18003861194348	1.24823053584705	1.26589634885791	1.24823053584705	1.16150949575014	1.22953679584848	1.24823053584705	1.22953679584848	1.0637367226374	0.548562206681007	0.409189481476922	0.548562206681011	0.548562206681006	0.46820452059072	0.398000952722458	0.468204520590721	0.409189481476924	0.398000952722457	0.358037462677008	0.398000952722458	0.54856220668101	0.468204520590721	0.398000952722459	0.468204520590723
1	1.16278948782957	1.18075857774455	1.16278948782957	1.16278948782957	1.2308610751858	1.24907228380194	1.2308610751858	1.18075857774455	1.24907228380194	1.2667498776977	1.24907228380194	1.16278948782957	1.2308610751858	1.24907228380194	1.2308610751858	1.0735741699714	0.549543213539943	0.409565454343232	0.549543213539947	0.549543213539946	0.46892097066352	0.398387710047196	0.468920970663523	0.409565454343234	0.398387710047195	0.358378697259084	0.398387710047196	0.54954321353995	0.468920970663523	0.398387710047197	0.468920970663524
1	1.16376767555392	1.18130406340992	1.16376767555392	1.16376767555392	1.23188467787887	1.24972748469785	1.23188467787887	1.18130406340992	1.24972748469785	1.26741520165936	1.24972748469785	1.16376767555392	1.23188467787887	1.24972748469785	1.23188467787887	1.08162839066304	0.550324300477329	0.409869120872578	0.550324300477333	0.550324300477331	0.469497141470082	0.398703602065177	0.469497141470084	0.409869120872579	0.398703602065178	0.358653981328051	0.398703602065179	0.550324300477335	0.469497141470084	0.398703602065178	0.469497141470086
1	1.16452010139732	1.18172139503918	1.16452010139732	1.16452010139732	1.23268150454723	1.2502420395405	1.23268150454723	1.18172139503919	1.2502420395405	1.26793698120622	1.2502420395405	1.16452010139732	1.23268150454723	1.2502420395405	1.23268150454723	1.08822262884061	0.550943450679198	0.410111503582216	0.550943450679202	0.550943450679199	0.469957437190222	0.398958888671941	0.469957437190222	0.410111503582216	0.398958888671942	0.358874259042138	0.398958888671943	0.550943450679203	0.469957437190222	0.398958888671942	0.469957437190226
1	1.16510173456996	1.18204283455371	1.16510173456996	1.16510173456996	1.23330475572179	1.25064834708147	1.23330475572179	1.18204283455371	1.25064834708147	1.2683476595624	1.25064834708147	1.16510173456996	1.23330475572179	1.25064834708147	1.23330475572179	1.0936215344254	0.551432687583695	0.410303573747137	0.551432687583699	0.551432687583693	0.470323609155979	0.399163905589592	0.470323609155979	0.410303573747137	0.399163905589592	0.359049704970844	0.399163905589593	0.551432687583697	0.470323609155979	0.399163905589593	0.470323609155983
1	1.16555300716664	1.18229156194677	1.16555300716664	1.16555300716664	1.23379378310205	1.25097023112837	1.23379378310205	1.18229156194677	1.25097023112837	1.26867157956306	1.25097023112837	1.16555300716664	1.23379378310205	1.25097023112837	1.23379378310205	1.09804178444974	0.55181840181211	0.410455093743618	0.551818401812114	0.55181840181211	0.470614111561258	0.399327923717303	0.470614111561258	0.410455093743619	0.399327923717304	0.359189062583676	0.399327923717305	0.551818401812114	0.470614111561258	0.399327923717304	0.470614111561262
1	1.16590409664187	1.18248463836762	1.16590409664187	1.16590409664187	1.23417829112165	1.25122572420816	1.23417829112165	1.18248463836762	1.25122572420816	1.26892738809095	1.25122572420816	1.16590409664187	1.23417829112165	1.25122572420816	1.23417829112165	1.10166077906354	0.552122013920797	0.410574292590861	0.552122013920801	0.552122013920798	0.470844174720249	0.399458828738437	0.470844174720251	0.410574292590861	0.399458828738437	0.359299572165838	0.399458828738438	0.552122013920801	0.470844174720251	0.399458828738438	0.470844174720253
1	1.16617779515699	1.18263484671853	1.16617779515699	1.16617779515699	1.23448103002117	1.25142874154065	1.23448103002117	1.18263484671853	1.25142874154065	1.26912955341345	1.25142874154065	1.16617779515699	1.23448103002117	1.25142874154065	1.23448103002117	1.10462376122392	0.552360730701418	0.410667904521795	0.552360730701422	0.552360730701419	0.471026163447557	0.399563144983962	0.471026163447558	0.410667904521796	0.399563144983962	0.359387114826453	0.399563144983963	0.552360730701423	0.471026163447558	0.399563144983963	0.471026163447561
1	1.1663914784113	1.18275188690689	1.1663914784113	1.1663914784113	1.23471960107431	1.25159015568526	1.23471960107431	1.18275188690689	1.25159015568526	1.2692893899392	1.25159015568526	1.1663914784113	1.23471960107431	1.25159015568526	1.23471960107431	1.10704964568495	0.552548274557799	0.410741346282913	0.552548274557803	0.5525482745578	0.471170014545588	0.39964618724871	0.471170014545588	0.410741346282912	0.399646187248711	0.359456417211928	0.399646187248712	0.552548274557804	0.471170014545587	0.399646187248711	0.471170014545592
1	1.16655848714771	1.18284318552859	1.16655848714771	1.16655848714771	1.23490771223249	1.25171852600004	1.23490771223249	1.18284318552859	1.25171852600004	1.26941578791155	1.25171852600004	1.16655848714771	1.23490771223249	1.25171852600004	1.23490771223249	1.10903579194574	0.55269553472745	0.410798929339189	0.552695534727454	0.55269553472745	0.47128366491013	0.399712247453473	0.471283664910132	0.410798929339191	0.399712247453471	0.359511254950029	0.399712247453473	0.552695534727454	0.471283664910132	0.399712247453474	0.471283664910134
1	1.16668912077396	1.18291446337581	1.16668912077396	1.16668912077396	1.2350560920178	1.25182062547668	1.2350560920178	1.18291446337581	1.25182062547668	1.26951575288215	1.25182062547668	1.16668912077396	1.2350560920178	1.25182062547668	1.2350560920178	1.1106619110098	0.552811120574942	0.410844063847578	0.552811120574946	0.552811120574942	0.471373425709706	0.399764770973237	0.471373425709707	0.410844063847578	0.399764770973236	0.359554633244973	0.399764770973238	0.552811120574946	0.471373425709708	0.399764770973238	0.47137342570971
1	1.16679136233532	1.18297014625396	1.16679136233532	1.16679136233532	1.23517316074486	1.2519018277163	1.23517316074486	1.18297014625396	1.2519018277163	1.26959481491024	1.2519018277163	1.16679136233532	1.23517316074486	1.2519018277163	1.23517316074486	1.11199326472864	0.552901822210083	0.410879436106261	0.552901822210087	0.552901822210083	0.471444303307077	0.399806515000585	0.471444303307079	0.410879436106259	0.399806515000586	0.359588938709289	0.399806515000587	0.552901822210087	0.471444303307079	0.399806515000587	0.471444303307081
1	1.16687141789722	1.18301366823372	1.16687141789722	1.16687141789722	1.23526554027401	1.25196640322811	1.23526554027401	1.18301366823372	1.25196640322811	1.26965734385435	1.25196640322811	1.16687141789722	1.23526554027401	1.25196640322811	1.23526554027401	1.11308328498845	0.552972985422482	0.410907156976323	0.552972985422486	0.55297298542248	0.471500262224179	0.399839681210301	0.471500262224181	0.410907156976319	0.3998396812103	0.3596160640554	0.399839681210301	0.552972985422484	0.471500262224181	0.399839681210303	0.471500262224183
1	1.16693412262893	1.18304769939795	1.16693412262893	1.16693412262893	1.23533844490218	1.25201774906703	1.23533844490218	1.18304769939795	1.25201774906703	1.26970679488798	1.25201774906703	1.16693412262893	1.23533844490218	1.25201774906703	1.23533844490218	1.11397571811872	0.553028813648555	0.410928882629899	0.553028813648559	0.553028813648554	0.471544438440303	0.399866025161003	0.471544438440306	0.410928882629894	0.399866025161002	0.359637508941312	0.399866025161003	0.553028813648558	0.471544438440306	0.399866025161005	0.471544438440307
1	1.16698324964615	1.18307431887731	1.16698324964615	1.16698324964615	1.23539598403296	1.252058568793	1.23539598403296	1.18307431887731	1.252058568793	1.26974590090255	1.252058568793	1.16698324964615	1.23539598403296	1.252058568793	1.23539598403296	1.11470638058561	0.553072609194097	0.410945911311277	0.553072609194101	0.553072609194096	0.47157931072701	0.399886945311424	0.471579310727013	0.410945911311273	0.399886945311423	0.359654460864612	0.399886945311424	0.5530726091941	0.471579310727013	0.399886945311425	0.471579310727014
