1	1.00502993536463	1.00928251014227	1.00502993536463	1.00502993536607	1.00928251014274	1.01339196785203	1.00928251014273	1.00928251014334	1.01339196785171	1.01724863253834	1.01339196785171	1.00502993536607	1.00928251014273	1.01339196785203	1.00928251014274	0.351949480057962	0.289154869299958	0.275627584026715	0.289154869299959	0.289154869332563	0.27562758402669	0.269413263845952	0.275627584026522	0.275627584029117	0.269413263836587	0.264030572267331	0.269413263836588	0.289154869332564	0.275627584026522	0.269413263845953	0.275627584026691
1	1.01701764011219	1.02885272355592	1.01701764011219	1.01701764011496	1.02885272355682	1.04270166322954	1.02885272355679	1.02885272355793	1.04270166322904	1.05259407536835	1.04270166322904	1.01701764011496	1.02885272355679	1.04270166322954	1.02885272355682	0.481424458006937	0.410094321626057	0.373635253527911	0.410094321626058	0.410094321640752	0.373635253528102	0.373719242075332	0.373635253527941	0.373635253529116	0.373719242070915	0.357517169048453	0.373719242070915	0.410094321640752	0.373635253527941	0.373719242075332	0.373635253528104
1	1.02411638076414	1.03853636852534	1.02411638076414	1.0241163807682	1.03853636852781	1.0589914518015	1.0385363685278	1.03853636853038	1.05899145180371	1.06985816859572	1.05899145180371	1.0241163807682	1.0385363685278	1.0589914518015	1.03853636852781	0.529055640477432	0.458292513178467	0.406903195347074	0.458292513178468	0.458292513184284	0.406903195347367	0.415423496982972	0.406903195347311	0.406903195347897	0.415423496983903	0.38982409401959	0.415423496983903	0.458292513184285	0.406903195347311	0.415423496982973	0.406903195347368
1	1.02699277647281	1.04616578790055	1.02699277647281	1.02699277652925	1.04616578794269	1.06542030157392	1.04616578794269	1.04616578798605	1.06542030162691	1.07586878333302	1.06542030162691	1.02699277652924	1.04616578794269	1.06542030157392	1.04616578794269	0.546578173381879	0.475320482980479	0.449984567577654	0.47532048298048	0.475320482992904	0.449984567539343	0.430619232638981	0.449984567539377	0.449984567509607	0.430619232682654	0.401399905325687	0.430619232682654	0.475320482992905	0.449984567539377	0.430619232638981	0.449984567539344
1	1.02794465360262	1.05082809291317	1.02794465360262	1.02794465362389	1.05082809291992	1.06753526447258	1.05082809291993	1.05082809292955	1.0675352644974	1.07771416175529	1.0675352644974	1.02794465362389	1.05082809291993	1.06753526447258	1.05082809291992	0.553024352983005	0.480742006822079	0.46538455758241	0.48074200682208	0.480742006830641	0.465384557522538	0.435472473687135	0.465384557522605	0.465384557478915	0.43547247371309	0.405128279140647	0.435472473713091	0.480742006830642	0.465384557522605	0.435472473687136	0.465384557522539
1	1.02824303008523	1.05274067579505	1.02824303008523	1.02824303009159	1.05274067578219	1.06819904566513	1.0527406757822	1.05274067577414	1.06819904567413	1.07827937504382	1.06819904567413	1.02824303009159	1.0527406757822	1.06819904566513	1.05274067578219	0.555395769912583	0.482489261652818	0.470776169292194	0.482489261652818	0.482489261658197	0.470776169198429	0.437057096961959	0.470776169198473	0.470776169129984	0.437057096971739	0.406365691090044	0.43705709697174	0.482489261658198	0.470776169198473	0.437057096961959	0.47077616919843
1	1.02833613541417	1.05344514470002	1.02833613541417	1.02833613541627	1.05344514467313	1.06840919705577	1.05344514467314	1.05344514465355	1.06840919705818	1.07845912169483	1.06840919705818	1.02833613541627	1.05344514467314	1.06840919705577	1.05344514467313	0.556268165451582	0.483054933071879	0.472646118716147	0.48305493307188	0.483054933076604	0.472646118568513	0.437578834783664	0.472646118568536	0.472646118458558	0.437578834784029	0.406780999854626	0.437578834784029	0.483054933076605	0.472646118568536	0.437578834783665	0.472646118568514
1	1.02836523369654	1.05369471104812	1.02836523369654	1.02836523369772	1.05369471100408	1.06847644132004	1.05369471100408	1.05369471097085	1.06847644131943	1.07851781097135	1.06847644131943	1.02836523369772	1.05369471100408	1.06847644132004	1.05369471100408	0.556589101846963	0.483238036140458	0.47329252911239	0.483238036140459	0.483238036146466	0.473292528880132	0.437750796318835	0.473292528880142	0.473292528703308	0.43775079631298	0.406920750077486	0.437750796312981	0.483238036146467	0.473292528880142	0.437750796318835	0.473292528880133
1	1.02837431495384	1.05378181043257	1.02837431495384	1.02837431495523	1.0537818103589	1.06849803988202	1.0537818103589	1.05378181030189	1.0684980398793	1.07853720660981	1.0684980398793	1.02837431495523	1.0537818103589	1.06849803988202	1.0537818103589	0.556707167735875	0.483297158684496	0.473515771929499	0.483297158684497	0.483297158694104	0.473515771536939	0.437807356241878	0.473515771536944	0.473515771230961	0.437807356229245	0.406967751151978	0.437807356229246	0.483297158694105	0.473515771536944	0.437807356241878	0.47351577153694
1	1.02837713387272	1.05381203619938	1.02837713387272	1.02837713387645	1.05381203601775	1.06850496357833	1.05381203601775	1.05381203587238	1.06850496357158	1.07854363852824	1.06850496357158	1.02837713387645	1.05381203601775	1.06850496357833	1.05381203601775	0.556750601758212	0.483316178321717	0.47359286212498	0.483316178321718	0.483316178346766	0.473592861065875	0.437825893891672	0.473592861065876	0.473592860212048	0.437825893858204	0.406983533300246	0.437825893858205	0.483316178346767	0.473592861065876	0.437825893891673	0.473592861065876
