1	3.7545524191052	1.08047593299901	3.75455241910538	3.7545524187411	1.06788475861779	1.07587288154995	1.06788475861536	1.08047593308309	1.07587288154956	5.67854528731431	1.07587288154955	3.75455241874127	1.06788475861536	1.07587288154995	1.0678847586178	8.74999999999998	1.09497301267844	0.0875432035838308	1.0949730126785	1.09497301244972	0.0801599397544163	-0.0693275917592942	0.0801599397529318	0.0875432036221815	-0.0693275917566935	-0.845647627966575	-0.0693275917566916	1.09497301244978	0.0801599397529318	-0.0693275917592923	0.0801599397544225
1	7.06258244530262	1.07057580457494	7.06258244530279	7.06258244363616	1.06359290083603	1.07210926707102	1.06359290083625	1.07057580457275	1.07210926707012	11.6678051791649	1.07210926707011	7.06258244363634	1.06359290083625	1.07210926707102	1.06359290083604	8.74999999999998	2.14602219598244	0.0829710879702594	2.14602219598251	2.14602219555701	0.0786266240801305	-0.0685029913113346	0.0786266240802704	0.0829710879724585	-0.068502991311859	-1.78413012765628	-0.0685029913118571	2.14602219555707	0.0786266240802703	-0.0685029913113327	0.0786266240801366
1	10.4414685983215	1.06329432564602	10.4414685983217	10.4414685923554	1.06051199823076	1.06874598831486	1.06051199823091	1.06329432563131	1.06874598830969	19.17999093889	1.06874598830969	10.4414685923555	1.06051199823091	1.06874598831486	1.06051199823077	8.74999999999998	3.27038858653756	0.0804056705422361	3.27038858653762	3.27038858523542	0.0785655253256589	-0.0685102153278075	0.0785655253257635	0.0804056705469609	-0.0685102153292217	-3.01346405553441	-0.0685102153292199	3.27038858523548	0.0785655253257636	-0.0685102153278057	0.078565525325665
1	12.1269562389913	1.05682268497657	12.1269562389913	12.1269562180524	1.054299856082	1.06442524150487	1.05429985608199	1.05682268494126	1.06442524149901	26.8558045322023	1.06442524149901	12.1269562180524	1.05429985608199	1.06442524150487	1.05429985608201	8.74999999999998	4.17413664415015	0.0834912105002029	4.1741366441502	4.1741366386935	0.0815666662904867	-0.0727216013825833	0.0815666662904805	0.0834912105095501	-0.0727216013896261	-4.63450483323246	-0.0727216013896241	4.17413663869356	0.0815666662904805	-0.0727216013825814	0.0815666662904928
1	7.4269327398466	1.01518434490659	7.42693273984668	7.42693271866707	1.01661458928391	1.10654838888784	1.01661458928388	1.01518434488413	1.10654838988012	21.9285647815149	1.10654838988012	7.42693271866715	1.01661458928388	1.10654838888784	1.01661458928391	8.74999999999998	3.42895526733326	0.0576322533888099	3.42895526733332	3.42895525608944	0.0603068212455132	-0.12744526781673	0.0603068212454705	0.0576322533242754	-0.127445268424273	-5.10332635524278	-0.127445268424269	3.4289552560895	0.0603068212454705	-0.127445267816726	0.0603068212455175
1	6.98610546662014	1.01110017600111	6.98610546662021	6.9861053818478	1.01252794037483	1.12479703253297	1.01252794037481	1.01110017594931	1.12479703809884	20.4503968257308	1.12479703809883	6.98610538184787	1.01252794037481	1.12479703253297	1.01252794037483	8.74999999999999	3.4665365894364	0.0529691339386512	3.46653658943646	3.46653654010025	0.0562926748566532	-0.149058351227488	0.056292674856603	0.0529691337166903	-0.149058354655051	-5.12044833675488	-0.149058354655047	3.46653654010032	0.0562926748566029	-0.149058351227483	0.0562926748566572
1	6.90392501213006	1.01026536208853	6.90392501213013	6.90392463392298	1.0115429057667	1.12984818935376	1.01154290576668	1.01026536187499	1.12984821702056	20.0183878181199	1.12984821702055	6.90392463392305	1.01154290576668	1.12984818935375	1.0115429057667	8.74999999999999	3.50179085141104	0.0520711550881469	3.5017908514111	3.50179062423215	0.0552338867548291	-0.155643155359976	0.0552338867547812	0.0520711540793462	-0.155643172489587	-5.12454059239288	-0.155643172489582	3.50179062423221	0.0552338867547813	-0.155643155359971	0.055233886754833
1	6.87663850383304	1.00999416518034	6.87663850383311	6.87663676412097	1.01121083099672	1.13164635633514	1.01121083099671	1.00999416422051	1.13164648874962	19.8639662682293	1.13164648874962	6.87663676412104	1.01121083099671	1.13164635633513	1.01121083099673	8.74999999999999	3.51579755794617	0.0517898408377072	3.51579755794623	3.51579650043783	0.0548683133142257	-0.158048464626947	0.0548683133141796	0.0517898361459747	-0.158048546790869	-5.1259439395589	-0.158048546790864	3.51579650043789	0.0548683133141796	-0.158048464626942	0.0548683133142296
1	6.86640037847428	1.00989519461869	6.86640037847435	6.86639004370348	1.01108936570069	1.13232496463057	1.01108936570067	1.00989518927811	1.13232576564554	19.8062435780176	1.13232576564553	6.86639004370355	1.01108936570067	1.13232496463056	1.01108936570069	8.74999999999999	3.52106401300053	0.0516873092821028	3.5210640130006	3.52105768385338	0.0547336020082158	-0.158959676837433	0.05473360200817	0.0516872818382959	-0.158960174051828	-5.12646342659939	-0.158960174051823	3.52105768385344	0.0547336020081699	-0.158959676837428	0.0547336020082197
1	6.86253111717886	1.00985804870131	6.86253111717893	6.86246713651054	1.01104380745636	1.13258109065222	1.01104380745635	1.00985801597976	1.13258607945748	19.7844251707098	1.13258607945748	6.8624671365106	1.01104380745635	1.13258109065221	1.01104380745637	8.74999999999999	3.52306458239938	0.0516487732229447	3.52306458239944	3.52302531917627	0.0546829159338773	-0.159305050393451	0.0546829159338319	0.051648603455471	-0.159308147910407	-5.12665923739391	-0.159308147910402	3.52302531917634	0.0546829159338319	-0.159305050393446	0.0546829159338812
1	6.86121553019915	1.00984404950226	6.86121553019922	6.8608202439857	1.01102658654157	1.13266604485071	1.01102658654155	1.00984390577713	1.13269741733428	19.7761544640649	1.13269741733428	6.86082024398576	1.01102658654155	1.1326660448507	1.01102658654157	8.74999999999999	3.52392022187122	0.0516345561329679	3.52392022187128	3.52367144834267	0.0546637317053438	-0.159428647673365	0.054663731705298	0.0516335714577066	-0.159448046266007	-5.1267333926571	-0.159448046266002	3.52367144834273	0.054663731705298	-0.15942864767336	0.0546637317053477
1	6.86170516246209	1.0098390963534	6.86170516246216	6.85920314492191	1.01102005470214	1.13261965774653	1.01102005470212	1.00983819421738	1.13281845157441	19.7730145726991	1.1328184515744	6.85920314492198	1.01102005470212	1.13261965774652	1.01102005470214	8.74999999999999	3.52486825069084	0.0516316238741569	3.5248682506909	3.52329246941143	0.0546564503470028	-0.159426960441714	0.0546564503469577	0.0516253975077539	-0.159549876611447	-5.12676153637452	-0.159549876611443	3.52329246941149	0.0546564503469577	-0.159426960441709	0.0546564503470067
1	6.868137256017	1.00983945809025	6.86813725601706	6.85229067156508	1.0110175485756	1.13210435483652	1.01101754857558	1.00983374675073	1.13336380614524	19.7718282665508	1.13336380614524	6.85229067156515	1.01101754857558	1.13210435483651	1.0110175485756	8.74999999999999	3.52916543479676	0.0516460601727344	3.52916543479683	3.5191841241418	0.054653601529555	-0.159118147966351	0.0546536015295102	0.051606622841706	-0.159896890544261	-5.12677219785464	-0.159896890544256	3.51918412414186	0.0546536015295102	-0.159118147966346	0.0546536015295589
1	6.90927876383902	1.00985318592293	6.90927876383909	6.80888248671446	1.01101554736334	1.12878490776799	1.01101554736332	1.00981701610896	1.13676232648006	19.771636392452	1.13676232648006	6.80888248671453	1.01101554736332	1.12878490776798	1.01101554736334	8.74999999999999	3.55528201919911	0.0517480372648181	3.55528201919917	3.49204625073804	0.0546491732941973	-0.15705154707994	0.0546491732941519	0.0514982248405353	-0.161984011288151	-5.12677513344713	-0.161984011288146	3.4920462507381	0.0546491732941518	-0.157051547079936	0.0546491732942011
1	7.13784355686762	1.00991995104308	7.13784355686769	6.49553877155555	1.01097288975627	1.10896561737122	1.01097288975625	1.00969113088155	1.15929236986302	19.7820248423417	1.15929236986301	6.49553877155562	1.01097288975625	1.10896561737122	1.01097288975627	8.74999999999999	3.70333299630012	0.0523189879523019	3.70333299630018	3.2996348834086	0.0545134911192762	-0.144097666322033	0.0545134911192321	0.0507336616116601	-0.175175758960467	-5.12673087187751	-0.175175758960462	3.29963488340867	0.0545134911192321	-0.144097666322029	0.0545134911192801
1	7.75203590292007	1.00954180780889	7.75203590292011	2.63207527182603	1.00964137420833	1.0354367108943	1.00964137420832	1.00820462637269	1.29984036321417	20.2136647294054	1.29984036321415	2.63207527182612	1.00964137420832	1.0354367108943	1.00964137420833	8.74999999999999	4.18778939550531	0.053341076190344	4.18778939550537	1.16194289315917	0.0499680905608366	-0.0805031321313332	0.0499680905608092	0.0433167297646847	-0.238227264967558	-5.12462344665941	-0.238227264967548	1.16194289315922	0.0499680905608093	-0.0805031321313313	0.0499680905608402
1	7.52239597124724	1.00721761649435	7.52239597124728	1.05078637282562	1.00764975749409	1.00923448658449	1.00764975749409	1.0076923169903	1.47946020707926	19.805882158114	1.47946020707922	1.05078637282562	1.00764975749409	1.00923448658449	1.00764975749409	8.74999999999999	4.43443593921513	0.0506212754888393	4.43443593921519	0.150303436644759	0.0454429353138148	-0.04251734798191	0.0454429353138126	0.0409258087001243	-0.31412919881211	-5.12889126023646	-0.314129198812095	0.150303436644762	0.0454429353138127	-0.042517347981909	0.045442935313818
1	7.26223435844081	1.00605844342564	7.26223435844085	1.04297651202695	1.00684266562017	1.00824452106435	1.00684266562017	1.00734913385674	1.51556871334013	19.3868304221795	1.51556871334009	1.04297651202695	1.00684266562017	1.00824452106435	1.00684266562017	8.74999999999999	4.47135620084921	0.0484577423521284	4.47135620084926	0.139269550282977	0.0439332953424238	-0.0413093974974083	0.0439332953424232	0.0403667182207004	-0.33378003356209	-5.13260391629826	-0.333780033562074	0.13926955028298	0.0439332953424234	-0.0413093974974074	0.0439332953424268
1	7.16641872063169	1.00568779271722	7.16641872063173	1.04196986320618	1.00659919332189	1.00794229052377	1.00659919332189	1.00722634301879	1.52581794782766	19.2345356200314	1.52581794782762	1.04196986320618	1.00659919332189	1.00794229052377	1.00659919332189	8.74999999999999	4.48362786054277	0.0477183897062137	4.48362786054282	0.138088143128804	0.0434955637095112	-0.040962472262455	0.0434955637095105	0.0401703312083407	-0.339927433704744	-5.1339093783081	-0.339927433704728	0.138088143128807	0.0434955637095107	-0.040962472262454	0.0434955637095143
1	7.13110712904117	1.00555661773085	7.13110712904121	1.04164154433251	1.0065147620747	1.00783597056396	1.0065147620747	1.00718513032919	1.52945019563356	19.1797961941077	1.52945019563351	1.04164154433252	1.0065147620747	1.00783597056396	1.0065147620747	8.74999999999999	4.48812191133572	0.0474491106920496	4.48812191133577	0.137705627204551	0.0433431085786338	-0.0408396151008213	0.0433431085786335	0.0401046352563976	-0.342122743851293	-5.1343738946714	-0.342122743851277	0.137705627204554	0.0433431085786337	-0.0408396151008204	0.0433431085786369
1	7.1180063244462	1.00550865326376	7.11800632444623	1.04152388476469	1.00648407392551	1.0077971614432	1.00648407392551	1.00717032287773	1.53078289240364	19.1596619667282	1.5307828924036	1.04152388476469	1.00648407392551	1.0077971614432	1.00648407392551	8.74999999999999	4.48978656508528	0.0473495693480405	4.48978656508534	0.13756846006647	0.0432875718371755	-0.040794648099227	0.0432875718371752	0.04008105351152	-0.342929759393075	-5.13454415579498	-0.342929759393059	0.137568460066473	0.0432875718371755	-0.040794648099226	0.0432875718371785
1	7.11313153303346	1.00549090138431	7.1131315330335	1.0414806187992	1.0064727378465	1.00778280442732	1.00647273784651	1.00716487322641	1.53127695238443	19.152192156073	1.53127695238439	1.0414806187992	1.0064727378465	1.00778280442732	1.00647273784651	8.74999999999999	4.49040562085041	0.0473125783770668	4.49040562085046	0.137518008333971	0.0432670394496638	-0.0407779955741418	0.0432670394496639	0.0400723776546555	-0.34322914527043	-5.13460724270478	-0.343229145270413	0.137518008333975	0.043267039449664	-0.0407779955741409	0.0432670394496668
1	7.11131549378556	1.00548430136504	7.11131549378559	1.04146456958628	1.00646852596044	1.00777746736812	1.00646852596044	1.00716285104456	1.5314607633473	19.1494123376847	1.53146076334726	1.04146456958628	1.00646852596044	1.00777746736812	1.00646852596044	8.74999999999999	4.49063619104846	0.0472988045349615	4.49063619104852	0.137499292134679	0.043259408244455	-0.0407718027880344	0.0432594082444552	0.0400691592469397	-0.343340558249643	-5.13463070891048	-0.343340558249627	0.137499292134683	0.0432594082444554	-0.0407718027880336	0.043259408244458
1	7.11063865094998	1.00548184334821	7.11063865095002	1.04145859727476	1.00646695771476	1.00777547979991	1.00646695771476	1.00716209845103	1.53152923741548	19.1483766897576	1.53152923741543	1.04145859727476	1.00646695771476	1.00777547979991	1.00646695771476	8.74999999999999	4.49072211831866	0.0472936718976627	4.49072211831871	0.137492327175073	0.0432565665181982	-0.040769496202305	0.0432565665181984	0.0400679611339518	-0.343382066350152	-5.13463944995014	-0.343382066350135	0.137492327175077	0.0432565665181986	-0.040769496202304	0.0432565665182013
1	7.11038634756697	1.00548092733826	7.110386347567	1.04145637220975	1.00646637333665	1.00777473911509	1.00646637333665	1.00716181804914	1.53155475792835	19.1479906884557	1.5315547579283	1.04145637220975	1.00646637333665	1.00777473911509	1.00646637333665	8.74999999999999	4.49075414813602	0.0472917587528682	4.49075414813607	0.137489732250254	0.0432555075551126	-0.0407686365817013	0.043255507555113	0.0400675147097614	-0.343397537120269	-5.13464270765416	-0.343397537120253	0.137489732250257	0.0432555075551132	-0.0407686365817004	0.0432555075551156
1	7.11029229135917	1.00548058589419	7.1102922913592	1.04145554290941	1.00646615551565	1.00777446302579	1.00646615551565	1.00716171353122	1.53156427108438	19.1478467988086	1.53156427108433	1.04145554290941	1.00646615551565	1.00777446302579	1.00646615551565	8.74999999999999	4.49076608838735	0.0472910455695808	4.4907660883874	0.137488765093674	0.0432551128295664	-0.040768316150907	0.0432551128295667	0.0400673487771834	-0.343403304162362	-5.13464392199919	-0.343403304162345	0.137488765093677	0.0432551128295668	-0.0407683161509057	0.0432551128295695
1	7.11025722735734	1.00548045860925	7.11025722735738	1.0414552337695	1.00646607431632	1.00777436010406	1.00646607431632	1.00716167457933	1.5315678174959	19.1477931577983	1.53156781749585	1.0414552337695	1.00646607431632	1.00777436010405	1.00646607431632	8.74999999999999	4.49077053967918	0.0472907796979661	4.49077053967923	0.137488404569146	0.0432549656840121	-0.0407681967011021	0.0432549656840124	0.0400672863593703	-0.343405454070201	-5.13464437469369	-0.343405454070185	0.13748840456915	0.0432549656840126	-0.0407681967011012	0.0432549656840151
1	7.11024415541157	1.00548041115781	7.1102441554116	1.04145511852499	1.00646604404556	1.00777432173521	1.00646604404556	1.00716166005551	1.53156913959509	19.1477731604797	1.53156913959505	1.041455118525	1.00646604404556	1.00777432173521	1.00646604404556	8.74999999999999	4.49077219912792	0.047290680580836	4.49077219912797	0.137488270167548	0.0432549108283099	-0.0407681521697624	0.0432549108283106	0.0400672632521704	-0.343406255555632	-5.13464454345734	-0.343406255555616	0.137488270167551	0.0432549108283108	-0.0407681521697616	0.0432549108283129
1	7.11023928214435	1.00548039346784	7.11023928214439	1.0414550755621	1.00646603276061	1.00777430743128	1.00646603276061	1.00716165463536	1.53156963247605	19.1477657055293	1.53156963247601	1.0414550755621	1.00646603276061	1.00777430743128	1.00646603276061	8.74999999999999	4.49077281777592	0.0472906436298876	4.49077281777597	0.137488220059746	0.0432548903774216	-0.0407681355667529	0.0432548903774222	0.040067254972437	-0.343406554350874	-5.13464460637215	-0.343406554350857	0.137488220059748	0.0432548903774224	-0.040768135566752	0.0432548903774247
1	7.11023746537809	1.00548038687299	7.11023746537813	1.04145505954582	1.00646602855359	1.00777430209876	1.00646602855359	1.00716165261928	1.53156981622099	19.1477629262564	1.53156981622094	1.04145505954582	1.00646602855359	1.00777430209876	1.00646602855359	8.74999999999999	4.49077304840935	0.0472906298543285	4.4907730484094	0.137488201382314	0.0432548827538501	-0.0407681293784398	0.0432548827538507	0.0400672516256961	-0.343406665741208	-5.13464462982717	-0.343406665741191	0.137488201382317	0.0432548827538509	-0.0407681293784389	0.0432548827538531
1	7.11023678808022	1.0054803844144	7.11023678808025	1.0414550535746	1.00646602698517	1.00777430011074	1.00646602698517	1.00716165187073	1.53156988472318	19.1477618900678	1.53156988472314	1.0414550535746	1.00646602698517	1.00777430011074	1.00646602698517	8.74999999999999	4.49077313439045	0.0472906247186219	4.4907731343905	0.137488194420704	0.0432548799120644	-0.0407681270722949	0.0432548799120651	0.0400672501943121	-0.343406707268887	-5.13464463857171	-0.343406707268871	0.137488194420708	0.0432548799120653	-0.040768127072294	0.0432548799120674
1	7.1102365355758	1.00548038349781	7.11023653557583	1.04145505134829	1.00646602640044	1.00777429936959	1.00646602640044	1.00716165158735	1.5315699102628	19.1477615038218	1.53156991026275	1.04145505134829	1.00646602640044	1.00777429936959	1.00646602640044	8.74999999999999	4.49077316644521	0.047290622804127	4.49077316644527	0.137488191822813	0.0432548788521067	-0.0407681262112891	0.0432548788521076	0.0400672499096082	-0.343406722751523	-5.13464464183147	-0.343406722751506	0.137488191822817	0.0432548788521077	-0.0407681262112882	0.0432548788521097
1	7.11023644144342	1.00548038315611	7.11023644144346	1.04145505051855	1.00646602618246	1.00777429909329	1.00646602618246	1.00716165148492	1.53156991978242	19.1477613597944	1.53156991978238	1.04145505051855	1.00646602618246	1.00777429909329	1.00646602618247	8.74999999999999	4.49077317839503	0.0472906220903003	4.49077317839509	0.137488190856297	0.0432548784573471	-0.0407681258912397	0.0432548784573479	0.0400672496200126	-0.34340672852258	-5.13464464304688	-0.343406728522564	0.137488190856301	0.0432548784573481	-0.0407681258912388	0.0432548784573502
