1	1.05649631099679	1.10214526673305	1.05649631099679	1.05649631030992	1.10533677769036	1.13223908289657	1.10533677768498	1.10214526559729	1.13223908242546	1.1501109820327	1.13223908242546	1.05649631030992	1.10533677768498	1.13223908289657	1.10533677769035	0.688012133333105	0.576308328661085	0.531035381889142	0.576308328661086	0.576308328192456	0.547033783992652	0.506809726881214	0.54703378396533	0.531035381794313	0.506809726945547	0.464930994911493	0.506809726945548	0.576308328192457	0.54703378396533	0.506809726881214	0.547033783992654
1	1.07205385861768	1.11667925928432	1.07205385861767	1.07205385828699	1.12663395554572	1.16150183458622	1.12663395551484	1.11667925887138	1.16150183450346	1.17922068408679	1.16150183450346	1.07205385828699	1.12663395551484	1.16150183458622	1.12663395554572	0.746500511299274	0.613797298091614	0.534370018963446	0.613797298091616	0.613797297521772	0.570575885602661	0.532521588031878	0.570575885474213	0.534370018844373	0.532521588246051	0.48383853768724	0.532521588246052	0.613797297521774	0.570575885474213	0.532521588031878	0.570575885602663
1	1.08156824683378	1.12143735689552	1.08156824683378	1.08156824665149	1.13802002504324	1.17780494360264	1.13802002435978	1.12143735673551	1.17780494364411	1.19421483432818	1.17780494364411	1.08156824665149	1.13802002435978	1.17780494360264	1.13802002504324	0.78197550573184	0.63675932865367	0.537698387514493	0.636759328653671	0.636759328333771	0.585383050154489	0.549164202069209	0.585383046965837	0.537698387433492	0.549164202188184	0.496121668209086	0.549164202188185	0.636759328333773	0.585383046965837	0.54916420206921	0.585383050154492
1	1.08699934167896	1.1239513867896	1.08699934167896	1.08699934047987	1.14945658786299	1.18688218793422	1.14945658274063	1.12395138516258	1.18688218706776	1.20199930782575	1.18688218706776	1.08699934047987	1.14945658274063	1.18688218793421	1.14945658786299	0.803492177591532	0.650345499651421	0.54669221327271	0.650345499651422	0.650345499213897	0.621063065625193	0.560375458618515	0.621063044146015	0.546692212862502	0.560375458146492	0.504417804520086	0.560375458146493	0.650345499213898	0.621063044146015	0.560375458618516	0.621063065625195
1	1.08980528908059	1.12877708407176	1.08980528908058	1.08980528855708	1.16140737539141	1.19153880427952	1.16140736456154	1.1287770833497	1.1915388038033	1.20585314873664	1.1915388038033	1.08980528855708	1.16140736456154	1.19153880427952	1.16140737539141	0.816542698769544	0.658327349753337	0.568435984830733	0.658327349753338	0.658327349443649	0.64727176646364	0.566904255926106	0.647271735697206	0.568435984480135	0.566904255579317	0.509748511133751	0.566904255579318	0.658327349443651	0.647271735697206	0.566904255926107	0.647271766463642
1	1.09117189771334	1.13601055985965	1.09117189771334	1.09117189745906	1.17071973462017	1.19372601952	1.17071972037244	1.13601055947509	1.19372601922763	1.20773973825705	1.19372601922763	1.09117189745906	1.17071972037244	1.19372601952	1.17071973462017	0.824458239993003	0.662881072202571	0.590163683670541	0.662881072202573	0.662881071997853	0.663620714732345	0.57057910832822	0.663620682206515	0.590163683371212	0.570579108084142	0.513053099045815	0.570579108084143	0.662881071997855	0.663620682206515	0.57057910832822	0.663620714732346
1	1.09180208734506	1.14379784886226	1.09180208734506	1.09180208720745	1.1769017115199	1.19466664125586	1.17690169642472	1.14379784861161	1.19466664106442	1.20866864495402	1.19466664106442	1.09180208720745	1.17690169642472	1.19466664125586	1.17690171151989	0.829259258440878	0.665433794390455	0.608793088562222	0.665433794390456	0.665433794259073	0.673137873413177	0.572609077826132	0.673137843075731	0.608793088290662	0.572609077656055	0.515072000378799	0.572609077656055	0.665433794259075	0.673137843075731	0.572609077826133	0.673137873413179
1	1.0920676306899	1.15101879047575	1.0920676306899	1.09206763060918	1.1805876243645	1.19500831110144	1.18058761011806	1.15101879028257	1.19500831097194	1.20912327656624	1.19500831097194	1.09206763060918	1.18058761011806	1.19500831110144	1.1805876243645	0.832171223331365	0.666841064481041	0.623947122423431	0.666841064481043	0.666841064398131	0.678302395970144	0.573706252802434	0.678302369488096	0.623947122159699	0.573706252683507	0.516295912701938	0.573706252683508	0.666841064398133	0.678302369488096	0.573706252802435	0.678302395970145
1	1.09215841911284	1.15722811357177	1.09215841911284	1.09215841906263	1.18256486040085	1.19507586606782	1.18256484782791	1.15722811340237	1.19507586597806	1.20933848337127	1.19507586597806	1.09215841906263	1.18256484782791	1.19507586606782	1.18256486040085	0.833937419319348	0.667600715213877	0.63595919322092	0.667600715213878	0.667600715162354	0.680816235714576	0.574280935914988	0.680816213444891	0.635959192948761	0.57428093583041	0.517033422241765	0.574280935830411	0.667600715162356	0.680816213444891	0.574280935914989	0.680816235714578
1	1.09217000378336	1.16234454038355	1.09217000378336	1.09217000375058	1.18346854311718	1.1950287569522	1.18346853245955	1.16234454021963	1.19502875688812	1.20943239276427	1.19502875688812	1.09217000375058	1.18346853245955	1.1950287569522	1.18346854311717	0.835008671338379	0.667999065211931	0.645335001594509	0.667999065211933	0.667999065180714	0.681780044583609	0.574567690021364	0.681780026261021	0.645335001299224	0.574567689959143	0.517475141292467	0.574567689959144	0.667999065180716	0.681780026261021	0.574567690021364	0.68178004458361
1	1.09214963141391	1.16645181583572	1.09214963141391	1.09214963139142	1.18374088084325	1.19494341230043	1.18374087202878	1.16645181566463	1.19494341225262	1.20946607723362	1.19494341225262	1.09214963139142	1.18374087202878	1.19494341230043	1.18374088084325	0.83565841853314	0.668199349894877	0.652582750776471	0.668199349894878	0.668199349877015	0.681881539491836	0.574699525083811	0.681881524612195	0.65258275044289	0.574699525035427	0.517737925542023	0.574699525035428	0.668199349877017	0.681881524612195	0.574699525083812	0.681881539491837
1	1.09211985600384	1.16969475214687	1.09211985600384	1.09211985598749	1.18366739485027	1.19485465687182	1.18366738766945	1.16969475195766	1.19485465683377	1.20947138605955	1.19485465683377	1.09211985598749	1.18366738766945	1.19485465687182	1.18366739485027	0.836052510128566	0.668293609818315	0.658153498708221	0.668293609818317	0.668293609809589	0.681538462178864	0.574750921769495	0.681538450189854	0.658153498318951	0.574750921728789	0.517893065812611	0.57475092172879	0.66829360980959	0.681538450189854	0.574750921769496	0.681538462178866
1	1.09209069379411	1.17222850475324	1.09209069379411	1.09209069378132	1.18342335937297	1.19477662810741	1.18342335357692	1.17222850453468	1.19477662807446	1.20946471317225	1.19477662807446	1.09209069378132	1.18342335357692	1.19477662810741	1.18342335937297	0.836291538765216	0.668332966387549	0.662423198404755	0.668332966387551	0.668332966385545	0.680997118545232	0.574762806464989	0.680997108931033	0.662423197938482	0.574762806427319	0.517983852177907	0.57476280642732	0.668332966385547	0.680997108931033	0.57476280646499	0.680997118545233
1	1.09206593518545	1.17419566553417	1.09206593518545	1.09206593517453	1.18311171447711	1.19471347180081	1.18311170982413	1.17419566527401	1.19471347176942	1.20945419189243	1.19471347176942	1.09206593517453	1.18311170982413	1.19471347180081	1.18311171447711	0.83643651696265	0.668345245044128	0.665693353746916	0.66834524504413	0.668345245047582	0.680397351339407	0.574757061192481	0.680397343647435	0.665693353179766	0.574757061154152	0.51803643670443	0.574757061154152	0.668345245047584	0.680397343647435	0.574757061192482	0.680397351339409
1	1.09204642601883	1.17571773283496	1.09204642601883	1.09204642600872	1.18278993245267	1.19466482432294	1.18278992872993	1.17571773251752	1.19466482429025	1.20944358163193	1.19466482429025	1.09204642600872	1.18278992872993	1.19466482432294	1.18278993245266	0.836524450684768	0.668345195979133	0.668199803849451	0.668345195979135	0.668345195987736	0.679814239287722	0.574744922945877	0.679814233147386	0.668199803143893	0.574744922903503	0.518066523857143	0.574744922903504	0.668345195987738	0.679814233147386	0.574744922945878	0.679814239287723
1	1.09203174679878	1.17689379185712	1.09203174679877	1.0920317467885	1.18248782425263	1.19462857613	1.18248782128013	1.176893791463	1.19462857609327	1.20943439094217	1.19462857609327	1.0920317467885	1.18248782128013	1.19462857613	1.18248782425263	0.836577785183492	0.668340335430626	0.670124115585664	0.668340335430628	0.668340335444592	0.679284360364212	0.57473180878465	0.679284355465746	0.670124114701435	0.574731808734929	0.518083485959382	0.57473180873493	0.668340335444594	0.679284355465746	0.574731808784651	0.679284360364214
1	1.09202104470536	1.17780249173061	1.09202104470536	1.09202104469424	1.18221888985083	1.19460220458226	1.18221888747997	1.17780249123552	1.19460220453879	1.20942702534714	1.19460220453879	1.09202104469424	1.18221888747997	1.19460220458226	1.18221888985083	0.836610134192359	0.668334288516594	0.671604749240279	0.668334288516596	0.66833428853676	0.678822054140665	0.574720048088601	0.678822050235323	0.671604748120804	0.574720048027902	0.518092871234653	0.574720048027903	0.668334288536762	0.678822050235323	0.574720048088601	0.678822054140666
1	1.09201341995527	1.17850521840694	1.09201341995527	1.0920134199426	1.18198736341369	1.19458336224528	1.18198736152392	1.17850521777873	1.19458336219201	1.20942139594383	1.19458336219201	1.0920134199426	1.18198736152392	1.19458336224528	1.18198736341369	0.836629754858182	0.668328641945415	0.672746777138842	0.668328641945417	0.668328641973202	0.678429350305722	0.574710406120637	0.67842934719328	0.672746775709469	0.574710406044639	0.518097940036208	0.57471040604464	0.668328641973204	0.67842934719328	0.574710406120637	0.678429350305723
1	1.0920080825764	1.17904940336972	1.0920080825764	1.09200808256143	1.18179249121297	1.19457008923602	1.18179248970722	1.17904940256607	1.19457008916924	1.20941722933018	1.19457008916924	1.09200808256143	1.18179248970722	1.19457008923602	1.18179249121297	0.836641655393677	0.668323956298083	0.67362980407473	0.668323956298085	0.668323956335564	0.678101919882977	0.574702910548627	0.678101917402937	0.673629802237314	0.574702910451929	0.51810058787594	0.57470291045193	0.668323956335566	0.678101917402937	0.574702910548628	0.678101919882979
1	1.09200439805779	1.17947149513886	1.09200439805779	1.09200439803961	1.1816310701655	1.19456084599338	1.18163106896594	1.1794714941041	1.19456084590842	1.20941421603021	1.19456084590842	1.09200439803961	1.18163106896594	1.19456084599338	1.18163107016549	0.836648873433411	0.668320313385751	0.674314175661517	0.668320313385752	0.668320313435781	0.677832561860743	0.574697286026602	0.677832559884802	0.674314173286803	0.574697285902283	0.518101904855019	0.574697285902284	0.668320313435783	0.677832559884802	0.574697286026603	0.677832561860745
1	1.09200188315362	1.17979943657693	1.09200188315362	1.09200188313111	1.18149891266037	1.19455446974972	1.18149891170481	1.17979943523775	1.19455446964056	1.20941207472473	1.19455446964056	1.09200188313111	1.18149891170481	1.19455446974972	1.18149891266036	0.836653251395889	0.668317596290196	0.674845731496235	0.668317596290198	0.66831759635662	0.677613181245818	0.574693170973196	0.677613179671578	0.674845728413822	0.574693170812265	0.518102509307714	0.574693170812266	0.668317596356622	0.677613179671578	0.574693170973196	0.67761318124582
1	1.0920001825991	1.18005464375453	1.0920001825991	1.09200018257082	1.18139165870747	1.19455010617291	1.1813916579463	1.1800546420143	1.19455010603171	1.20941057390483	1.19455010603171	1.09200018257082	1.1813916579463	1.19455010617291	1.18139165870747	0.836655906764508	0.668315627276896	0.675259393653954	0.668315627276897	0.668315627364846	0.677435854642417	0.574690217130598	0.677435853388227	0.675259389639186	0.574690216921275	0.518102746097929	0.574690216921276	0.668315627364848	0.677435853388227	0.574690217130599	0.677435854642418
1	1.09199904174863	1.1802535498817	1.09199904174863	1.09199904171272	1.18130519646158	1.19454714021174	1.18130519585525	1.18025354761304	1.19454714002821	1.20940953361446	1.19454714002821	1.09199904171272	1.18130519585525	1.19454714021174	1.18130519646158	0.836657517327055	0.668314230375064	0.675581855353972	0.668314230375066	0.668314230491337	0.67729335448309	0.574688128220698	0.677293353483877	0.675581850110618	0.574688127947508	0.518102803473754	0.574688127947509	0.668314230491338	0.677293353483877	0.574688128220699	0.677293354483092
1	1.09199828154154	1.18040878705945	1.09199828154154	1.09199828149555	1.18123585589504	1.19454513605826	1.18123585541203	1.18040878409437	1.19454513581888	1.20940881912257	1.19454513581888	1.09199828149555	1.18123585541203	1.19454513605826	1.18123585589504	0.836658494182651	0.668313255423933	0.675833590661339	0.668313255423935	0.668313255577523	0.677179359698019	0.574686668630167	0.677179358901933	0.675833583798657	0.574686668272733	0.518102781270311	0.574686668272734	0.668313255577525	0.677179358901933	0.574686668630168	0.677179359698021
1	1.09199777793237	1.18053008801138	1.09199777793237	1.0919977778731	1.18118047164682	1.19454378877449	1.18118047126204	1.18053008412833	1.19454378846146	1.20940833216386	1.19454378846146	1.0919977778731	1.18118047126204	1.19454378877449	1.18118047164682	0.83665908667554	0.668312583746615	0.676030356205286	0.668312583746617	0.668312583949399	0.677088492371145	0.574685658829173	0.677088491736882	0.676030347207938	0.57468565836064	0.518102730285287	0.574685658360641	0.668312583949401	0.677088491736882	0.574685658829174	0.677088492371146
1	1.09199744601434	1.18062496984718	1.09199744601434	1.09199744593756	1.181136375943	1.19454288718236	1.18113637563645	1.18062496475392	1.19454288677221	1.20940800245597	1.19454288677221	1.09199744593756	1.18113637563645	1.19454288718236	1.18113637594299	0.836659446040656	0.668312125874535	0.67618431612626	0.668312125874537	0.668312126142199	0.677016263696729	0.574684966013131	0.677016263191386	0.676184304314334	0.57468496539809	0.518102674767506	0.57468496539809	0.6683121261422	0.677016263191386	0.574684966013131	0.677016263696731
1	1.09199722824231	1.1806992523221	1.09199722824231	1.09199722814247	1.18110135681302	1.19454228628973	1.1811013565688	1.18069924563311	1.1945422857515	1.20940778048478	1.1945422857515	1.09199722814247	1.1811013565688	1.19454228628973	1.18110135681302	0.836659664006627	0.66831181647636	0.676304887800146	0.668311816476362	0.668311816829601	0.676958978338149	0.574684494059052	0.676958977935514	0.676304872276864	0.574684493250801	0.518102625024816	0.574684493250802	0.668311816829602	0.676958977935514	0.574684494059053	0.67695897833815
1	1.09199708593783	1.18075745119436	1.09199708593783	1.09199708580759	1.18107360201309	1.19454188727258	1.18107360181852	1.18075744240105	1.19454188656547	1.20940763178678	1.19454188656547	1.09199708580759	1.18107360181852	1.19454188727258	1.18107360201309	0.836659796209679	0.668311608945498	0.676399380379833	0.668311608945499	0.668311609411631	0.676913625152343	0.57468417455198	0.676913624831539	0.676399359961903	0.574684173488908	0.518102584388632	0.574684173488909	0.668311609411633	0.676913624831539	0.574684174551981	0.676913625152345
1	1.0919969932867	1.18080307753052	1.0919969932867	1.09199699311639	1.181051640046	1.19454162319763	1.18105163989098	1.18080306596195	1.19454162226779	1.20940753261001	1.19454162226779	1.09199699311639	1.18105163989098	1.19454162319763	1.181051640046	0.836659876394891	0.668311470610271	0.676473479132085	0.668311470610272	0.668311471225337	0.676877769448606	0.574683959443012	0.676877769192997	0.676473452258741	0.574683958043855	0.518102552942479	0.574683958043856	0.668311471225338	0.676877769192997	0.574683959443013	0.676877769448608
1	1.09199693316545	1.18083886601065	1.09199693316544	1.09199693294233	1.18103428431696	1.19454144898087	1.18103428419345	1.18083885078163	1.19454144775727	1.2094074667198	1.19454144775727	1.09199693294233	1.18103428419345	1.19454144898087	1.18103428431696	0.836659925029688	0.668311378884918	0.676531614530814	0.66831137888492	0.668311379696477	0.676849454295376	0.574683815354206	0.67684945409171	0.676531579142512	0.574683813511744	0.518102529463253	0.574683813511745	0.668311379696478	0.67684945409171	0.574683815354207	0.676849454295377
1	1.09199689427621	1.1808669497208	1.09199689427621	1.09199689398346	1.18102058314103	1.19454133440383	1.18102058304262	1.18086692966367	1.19454133279276	1.20940742309728	1.19454133279276	1.09199689398345	1.18102058304262	1.19454133440383	1.18102058314103	0.836659954528196	0.668311318327061	0.676577244761741	0.668311318327063	0.668311319397856	0.676827113988708	0.574683719310606	0.676827113826428	0.67657719814172	0.574683716883382	0.518102512371481	0.574683716883383	0.668311319397857	0.676827113826428	0.574683719310606	0.676827113988709
1	1.0919968691996	1.18088899612801	1.0919968691996	1.09199686881503	1.18100977570329	1.19454125929628	1.18100977562488	1.18088896970199	1.19454125717412	1.20940739430507	1.19454125717412	1.09199686881503	1.18100977562488	1.19454125929628	1.18100977570329	0.836659972419951	0.668311278475081	0.676613072451277	0.668311278475083	0.668311279887919	0.676809500499591	0.574683655625585	0.676809500370288	0.676613011014207	0.574683652426964	0.518102500163441	0.574683652426964	0.668311279887921	0.676809500370288	0.574683655625585	0.676809500499593
1	1.0919968530849	1.18090630888079	1.0919968530849	1.0919968525793	1.18100125643914	1.19454121025645	1.18100125637666	1.18090627405269	1.19454120746009	1.20940737535315	1.19454120746009	1.0919968525793	1.18100125637666	1.19454121025645	1.18100125643914	0.836659983271851	0.668311252292805	0.67664121236983	0.668311252292807	0.668311254156963	0.676795621741166	0.574683613663923	0.676795621638136	0.676641131384746	0.574683609447644	0.518102491569596	0.574683609447645	0.668311254156965	0.676795621638136	0.574683613663924	0.676795621741167
1	1.09199684277352	1.18091990847774	1.09199684277352	1.09199684210846	1.18099454445771	1.19454117841507	1.18099454440793	1.18091986256352	1.19454117472935	1.20940736290779	1.19454117472935	1.09199684210846	1.18099454440793	1.19454117841507	1.18099454445771	0.836659989853862	0.668311235075559	0.676663320904202	0.668311235075561	0.668311237535373	0.676784690865928	0.574683586265875	0.676784690783833	0.676663214122737	0.574683580706879	0.518102485587764	0.57468358070688	0.668311237535375	0.676784690783833	0.574683586265875	0.676784690865929
1	1.09199683621697	1.18093059455079	1.09199683621697	1.09199683534213	1.18098925861472	1.19454115792869	1.18098925857506	1.18093053400386	1.19454115306975	1.20940735475043	1.19454115306975	1.09199683534212	1.18098925857506	1.19454115792869	1.18098925861472	0.836659993846054	0.668311223689707	0.676680696541557	0.668311223689709	0.668311226936128	0.676776084925255	0.574683568647959	0.676776084859843	0.67668055570002	0.574683561316889	0.518102481459128	0.57468356131689	0.66831122693613	0.676776084859843	0.57468356864796	0.676776084925256
1	1.09199683209226	1.18093899420229	1.09199683209225	1.09199683094269	1.18098509730263	1.19454114496924	1.18098509727103	1.18093891432399	1.19454113856267	1.20940734940968	1.19454113856267	1.09199683094268	1.18098509727103	1.19454114496924	1.18098509730263	0.83665999626744	0.668311216050489	0.676694358060621	0.668311216050491	0.668311220337405	0.676769311432457	0.574683557645724	0.676769311380336	0.676694172180211	0.574683547974226	0.518102478625361	0.574683547974227	0.668311220337407	0.676769311380336	0.574683557645725	0.676769311432459
1	1.09199682954852	1.18094559965034	1.09199682954852	1.09199682804292	1.18098182215829	1.19454113705023	1.18098182213311	1.18094549417639	1.19454112860214	1.20940734591243	1.19454112860214	1.09199682804291	1.18098182213311	1.19454113705023	1.18098182215829	0.836659997736086	0.668311210764877	0.67670510554279	0.668311210764879	0.66831121643358	0.676763981483157	0.574683551198333	0.676763981441629	0.676704859893116	0.574683538430263	0.518102476683797	0.574683538430263	0.668311216433582	0.676763981441629	0.574683551198334	0.676763981483158
1	1.09199682803988	1.18095079764197	1.09199682803988	1.09199682608207	1.18097924499299	1.19454113258084	1.18097924497293	1.18095065811673	1.19454112143839	1.20940734361638	1.19454112143839	1.09199682608207	1.18097924497293	1.19454113258084	1.18097924499299	0.836659998626864	0.66831120688672	0.676713568154315	0.668311206886721	0.668311214405107	0.676759788248625	0.574683548004603	0.676759788215538	0.67671324261643	0.574683531123811	0.518102475347924	0.574683531123812	0.668311214405109	0.676759788215538	0.574683548004604	0.676759788248627
1	1.09199682721816	1.18095489250213	1.09199682721816	1.09199682469725	1.1809772173501	1.19454113057667	1.18097721733412	1.18095470733388	1.19454111586799	1.20940734209774	1.19454111586799	1.09199682469725	1.18097721733412	1.19454113057667	1.1809772173501	0.836659999167148	0.668311203748884	0.676720241627925	0.668311203748886	0.668311213768856	0.676756489831403	0.574683547299526	0.676756489805039	0.67671980830499	0.574683524922868	0.518102474415155	0.574683524922869	0.668311213768858	0.676756489805038	0.574683547299527	0.676756489831404
1	1.09199682686838	1.18095812701716	1.09199682686838	1.09199682364738	1.1809756208073	1.1945411304791	1.18097562079457	1.1809578801013	1.19454111101397	1.20940734107478	1.19454111101397	1.09199682364738	1.18097562079457	1.1945411304791	1.1809756208073	0.836659999494845	0.668311200854649	0.676725516940626	0.668311200854651	0.668311214276217	0.676753895918718	0.574683548711917	0.676753895897712	0.676724937345146	0.574683518943604	0.518102473742272	0.574683518943605	0.668311214276219	0.676753895897712	0.574683548711917	0.67675389591872
1	1.09199682688941	1.18096068360039	1.09199682688941	1.09199682274277	1.18097436674126	1.19454113204863	1.18097436673112	1.18096035311411	1.19454110618861	1.20940734036407	1.19454110618861	1.09199682274277	1.18097436673112	1.19454113204863	1.18097436674126	0.836659999693605	0.668311197800993	0.676729705627167	0.668311197800995	0.668311215850071	0.676751855778594	0.574683552172067	0.676751855761859	0.676728927500246	0.574683512419843	0.518102473225075	0.574683512419844	0.668311215850073	0.676751855761859	0.574683552172068	0.676751855778595
1	1.09199682723834	1.18096271598473	1.09199682723834	1.09199682184019	1.18097338096826	1.19454113527879	1.18097338096018	1.18096227231194	1.19454110077731	1.2094073398373	1.19454110077731	1.09199682184018	1.18097338096018	1.19454113527879	1.18097338096826	0.83665999981416	0.668311194226313	0.67673305469469	0.668311194226315	0.668311218546217	0.676750251386827	0.574683557864971	0.676750251373493	0.67673200787604	0.574683504612964	0.518102472788016	0.574683504612965	0.668311218546219	0.676750251373494	0.574683557864972	0.676750251386829
1	1.09199682791979	1.18096434537568	1.09199682791979	1.09199682081707	1.18097260591211	1.19454114036634	1.18097260590568	1.18096374864666	1.19454109417534	1.20940733940534	1.19454109417534	1.09199682081707	1.18097260590568	1.19454114036634	1.18097260591211	0.836659999887282	0.668311189755512	0.676735763323369	0.668311189755514	0.668311222548899	0.676748989795762	0.574683566218697	0.676748989785137	0.676734353637974	0.574683494721179	0.518102472370233	0.57468349472118	0.668311222548901	0.676748989785138	0.574683566218697	0.676748989795763
1	1.0919968290051	1.1809656694251	1.0919968290051	1.09199681952789	1.18097199650432	1.19454114773001	1.18097199649919	1.18096486591816	1.19454108569049	1.20940733900182	1.19454108569049	1.09199681952789	1.18097199649919	1.19454114773001	1.18097199650432	0.836659999931632	0.668311183959271	0.676737994897669	0.668311183959273	0.668311228173156	0.67674799785149	0.574683577941507	0.676747997843026	0.676736095669609	0.574683481776814	0.518102471919062	0.574683481776814	0.668311228173158	0.676747997843026	0.574683577941508	0.676747997851492
1	1.09199683059662	1.18096676858811	1.09199683059662	1.09199681782426	1.18097151735514	1.1945411580077	1.18097151735105	1.18096568599055	1.19454107449516	1.20940733857177	1.19454107449516	1.09199681782426	1.18097151735105	1.1945411580077	1.18097151735514	0.836659999958532	0.66831117630082	0.676739887006035	0.668311176300822	0.668311235893131	0.676747217995887	0.574683594061984	0.676747217989141	0.676737327720667	0.574683464563012	0.518102471382033	0.574683464563013	0.668311235893133	0.676747217989142	0.574683594061985	0.676747217995888
1	1.09199683291387	1.1809677114385	1.09199683291387	1.09199681545892	1.18097114064443	1.19454117217106	1.18097114064117	1.18096625207607	1.19454105947807	1.20940733806205	1.19454105947807	1.09199681545892	1.18097114064117	1.19454117217106	1.18097114064443	0.836659999974848	0.668311166097109	0.67674156023673	0.668311166097111	0.668311246367191	0.676746604955009	0.574683616053165	0.676746604949635	0.676738111085729	0.574683441457766	0.518102470697535	0.574683441457767	0.668311246367193	0.676746604949635	0.574683616053166	0.676746604955011
1	1.09199683636026	1.18096855922153	1.09199683636026	1.09199681201296	1.18097084450232	1.19454119165494	1.18097084449972	1.18096659076429	1.19454103909029	1.2094073374192	1.19454103909029	1.09199681201296	1.18097084449972	1.19454119165494	1.18097084450231	0.836659999984745	0.668311152459113	0.676743126156001	0.668311152459115	0.668311260488869	0.676746123154687	0.574683645986073	0.676746123150407	0.676738477114862	0.574683410254635	0.518102469804597	0.574683410254636	0.668311260488871	0.676746123150407	0.574683645986073	0.676746123154688
1	1.09199684149257	1.18096936982919	1.09199684149257	1.09199680692235	1.18097061176504	1.19454121843411	1.18097061176297	1.18096671309176	1.194541011249	1.20940733659768	1.194541011249	1.09199680692235	1.18097061176297	1.19454121843411	1.18097061176503	0.836659999990747	0.668311134188912	0.676744694930416	0.668311134188914	0.668311279485473	0.676745744754265	0.574683686677024	0.676745744750854	0.676738427561561	0.574683367992471	0.518102468666038	0.574683367992472	0.668311279485474	0.676745744750854	0.574683686677025	0.676745744754266
1	1.09199684809318	1.18097020001039	1.09199684809318	1.09199680040376	1.18097042892939	1.19454125439343	1.18097042892774	1.18096661655993	1.19454097395722	1.20940733552609	1.19454097395722	1.09199680040376	1.18097042892774	1.19454125439343	1.18097042892939	0.836659999994388	0.668311109569514	0.676746383534958	0.668311109569516	0.66831130513229	0.676745447729179	0.57468374152569	0.676745447726462	0.676737934122788	0.574683311120061	0.518102467158318	0.574683311120062	0.668311305132292	0.676745447726462	0.57468374152569	0.676745447729181
1	1.09199685672067	1.18097111277788	1.09199685672067	1.09199679190346	1.18097028536462	1.1945413026913	1.18097028536331	1.18096628091746	1.19454092392819	1.20940733409596	1.19454092392819	1.09199679190346	1.18097028536331	1.1945413026913	1.18097028536462	0.836659999996596	0.668311076352148	0.676748324930981	0.66831107635215	0.668311339765546	0.676745214793913	0.574683815392386	0.676745214791749	0.676736933631522	0.574683234587917	0.518102465118837	0.574683234587918	0.668311339765548	0.676745214791749	0.574683815392387	0.676745214793915
1	1.09199672096004	1.18097190604103	1.09199672096004	1.09199692790392	1.18097017227001	1.1945412468122	1.18097017226896	1.18096594090606	1.19454098085528	1.2094073350233	1.19454098085528	1.09199692790392	1.18097017226896	1.1945412468122	1.18097017227001	0.836659999997935	0.668311005562635	0.676750721729534	0.668311005562636	0.668311407965266	0.6767450279248	0.574683848201993	0.676745027923077	0.676735268958538	0.574683205528611	0.5181024685745	0.574683205528612	0.668311407965268	0.676745027923077	0.574683848201994	0.676745027924802
1	1.09199662491439	1.18097304196304	1.09199662491439	1.09199702376058	1.18097008266853	1.19454122801644	1.1809700826677	1.18096516009242	1.19454100125988	1.20940733656144	1.19454100125988	1.09199702376058	1.1809700826677	1.19454122801644	1.18097008266853	0.836659999998748	0.668310914832282	0.676753755955822	0.668310914832284	0.668311497291591	0.676744881358918	0.574683913792793	0.676744881357544	0.676732811701474	0.574683142219335	0.51810247042331	0.574683142219335	0.668311497291593	0.676744881357545	0.574683913792794	0.67674488135892
1	1.09199652874755	1.18097454450009	1.09199652874755	1.09199711971902	1.18097001206798	1.1945412299749	1.18097001206731	1.18096393660317	1.19454100058926	1.20940733773028	1.19454100058926	1.09199711971902	1.18097001206731	1.1945412299749	1.18097001206798	0.83665999999924	0.668310798040043	0.67675770094908	0.668310798040045	0.668311613296167	0.676744766234036	0.574684018617103	0.67674476623294	0.676729320722062	0.574683038804569	0.518102471471275	0.57468303880457	0.668311613296169	0.67674476623294	0.574684018617104	0.676744766234038
1	1.09199641253088	1.18097651749856	1.09199641253088	1.09199723579277	1.18096995650587	1.19454124739453	1.18096995650534	1.18096218295951	1.1945409840742	1.20940733849836	1.1945409840742	1.09199723579277	1.18096995650534	1.19454124739453	1.18096995650587	0.836659999999539	0.668310644567563	0.676762917452008	0.668310644567565	0.668311766305527	0.676744675261684	0.574684171632836	0.676744675260811	0.676724462282762	0.574682886661414	0.518102472075874	0.574682886661415	0.668311766305528	0.676744675260811	0.574684171632837	0.676744675261686
1	1.0919962607222	1.180979139314	1.0919962607222	1.09199738752728	1.18096991256879	1.19454127957727	1.18096991256837	1.18095973400572	1.19454095252123	1.20940733899309	1.19454095252123	1.09199738752728	1.18096991256837	1.19454127957727	1.18096991256879	0.836659999999721	0.668310439888661	0.676769883201571	0.668310439888663	0.668311970671456	0.676744603166523	0.574684386194918	0.676744603165828	0.676717777766489	0.574682672611895	0.518102472414632	0.574682672611896	0.668311970671457	0.676744603165828	0.574684386194919	0.676744603166524
1	1.09199605767656	1.1809826468348	1.09199605767656	1.0919975905604	1.18096987766801	1.19454132843322	1.18096987766767	1.18095636238321	1.19454090413684	1.20940733932947	1.19454090413684	1.0919975905604	1.18096987766767	1.19454132843322	1.18096987766801	0.83665999999983	0.668310164714194	0.676779240718558	0.668310164714196	0.66831224556647	0.67674454541972	0.574684681592142	0.676744545419168	0.676708640200708	0.574682377462756	0.518102472578952	0.574682377462757	0.668312245566471	0.676744545419168	0.574684681592143	0.676744545419722
1	1.09199578391711	1.18098736234477	1.09199578391711	1.09199786437216	1.18096984965708	1.19454139794208	1.18096984965682	1.18095175311173	1.19454083505144	1.20940733959922	1.19454083505144	1.09199786437216	1.18096984965682	1.19454139794208	1.18096984965708	0.836659999999897	0.668309793156447	0.676791855419922	0.668309793156449	0.668312616772643	0.6767444982484	0.574685084848544	0.676744498247961	0.676696195155772	0.574681974219678	0.518102472607236	0.574681974219679	0.668312616772645	0.676744498247961	0.574685084848545	0.676744498248402
1	1.09199541374032	1.18099372175413	1.09199541374032	1.09199823468916	1.18096982660531	1.19454149425579	1.1809698266051	1.18094547586061	1.19454073923266	1.20940733988515	1.19454073923266	1.09199823468916	1.1809698266051	1.19454149425579	1.18096982660531	0.836659999999937	0.668309290488255	0.676808896575771	0.668309290488257	0.668313118883425	0.676744457768459	0.574685633138272	0.676744457768111	0.676679281714473	0.574681425672413	0.518102472495166	0.574681425672414	0.668313118883427	0.676744457768111	0.574685633138273	0.676744457768461
1	1.09199491262594	1.1810023144699	1.09199491262594	1.09199873608627	1.18096980655833	1.19454162617517	1.18096980655816	1.18093694525248	1.1945406080424	1.20940734028465	1.1945406080424	1.09199873608627	1.18096980655816	1.19454162617517	1.18096980655832	0.836659999999962	0.668308609776993	0.676831945066984	0.668308609776995	0.668313798618954	0.676744419601737	0.574686377203717	0.676744419601461	0.676656323526496	0.574680680954441	0.518102472190842	0.574680680954442	0.668313798618955	0.67674441960146	0.574686377203717	0.676744419601739
1	1.09199423395295	1.18101393778468	1.09199423395295	1.09199941529269	1.18096978721826	1.19454180592861	1.18096978721813	1.18092536632597	1.19454042951389	1.209407340943	1.19454042951389	1.09199941529269	1.18096978721813	1.19454180592861	1.18096978721826	0.836659999999977	0.668307687539843	0.676863139762476	0.668307687539845	0.668314719090334	0.676744377842085	0.574687385998394	0.676744377841864	0.676625181634575	0.574679670847401	0.518102471572747	0.574679670847402	0.668314719090335	0.676744377841864	0.574687385998395	0.676744377842087
1	1.09199331465101	1.18102967067718	1.09199331465101	1.09200033558202	1.180969765395	1.19454205032015	1.1809697653949	1.18090966032561	1.19454018729941	1.20940734210685	1.19454018729941	1.09200033558202	1.1809697653949	1.19454205032015	1.180969765395	0.836659999999986	0.668306437724407	0.676905375276673	0.668306437724409	0.668315965677502	0.676744323345743	0.574688753052255	0.676744323345568	0.676582954537415	0.574678301311385	0.518102470402178	0.574678301311385	0.668315965677504	0.676744323345568	0.574688753052256	0.676744323345745
1	1.09199206942988	1.1810509721018	1.09199206942988	1.09200158262015	1.18096973604853	1.1945423823092	1.18096973604844	1.1808883654839	1.19453985926088	1.20940734421596	1.19453985926088	1.09200158262015	1.18096973604844	1.1945423823092	1.18096973604853	0.836659999999992	0.668304743620095	0.676962569556423	0.668304743620097	0.668317653862254	0.676744240655832	0.574690605065116	0.676744240655692	0.676525706365015	0.574676444695698	0.518102468231746	0.574676444695698	0.668317653862256	0.676744240655692	0.574690605065117	0.676744240655834
1	1.09199038273161	1.18107981896034	1.09199038273161	1.09200327265658	1.18096969056484	1.19454283330288	1.18096969056477	1.18085949719046	1.19453941549074	1.2094073480716	1.19453941549074	1.09200327265658	1.18096969056477	1.19454283330288	1.18096969056484	0.836659999999995	0.668302446832583	0.677040024498968	0.668302446832584	0.668319939785663	0.676744102439009	0.574693113547537	0.676744102438897	0.676448098168883	0.574673927733943	0.518102464234189	0.574673927733944	0.668319939785665	0.676744102438897	0.574693113547538	0.67674410243901
1	1.09198809821504	1.18111888652112	1.09198809821503	1.09200556330281	1.18096961363117	1.19454344627424	1.18096961363112	1.18082036403458	1.19453881576263	1.20940735514017	1.19453881576263	1.09200556330281	1.18096961363112	1.19454344627424	1.18096961363117	0.836659999999997	0.668299332246462	0.677144913017247	0.668299332246464	0.668323034428145	0.676743859318995	0.57469651050068	0.676743859318906	0.676342885816114	0.574670515195571	0.518102456887274	0.574670515195572	0.668323034428146	0.676743859318906	0.574696510500681	0.676743859318997
1	1.09198500440886	1.18117179457101	1.09198500440886	1.09200866836262	1.18096947752328	1.19454428016087	1.18096947752324	1.18076731505506	1.19453800617719	1.20940736811096	1.19453800617719	1.09200866836262	1.18096947752324	1.19454428016087	1.18096947752328	0.836659999999998	0.668295107398152	0.67728693472682	0.668295107398154	0.668327222662105	0.676743421267176	0.574701109527161	0.676743421267105	0.676200236491159	0.574665887545583	0.518102443394416	0.574665887545584	0.668327222662107	0.676743421267105	0.574701109527162	0.676743421267178
1	1.09198081544561	1.18124343905971	1.09198081544561	1.0920128779853	1.18096923162704	1.19454541610545	1.180969231627	1.18069539595674	1.19453691483865	1.20940739191908	1.19453691483865	1.0920128779853	1.180969231627	1.19454541610545	1.18096923162704	0.836659999999999	0.668289374259473	0.67747919687017	0.668289374259475	0.668332888579035	0.676742623412398	0.574707334108029	0.676742623412343	0.676006796853732	0.574659610410959	0.518102418620049	0.57465961041096	0.668332888579037	0.676742623412343	0.57470733410803	0.6767426234124
1	1.09197514524351	1.18134043792732	1.09197514524351	1.09201858611146	1.18096878319612	1.19454696641913	1.18096878319609	1.18059788105316	1.1945354464087	1.20940743562214	1.1945354464087	1.09201858611146	1.18096878319609	1.19454696641913	1.18096878319612	0.836659999999999	0.668281590236705	0.677739393601238	0.668281590236707	0.668340549183256	0.676741163253718	0.574715755395722	0.676741163253676	0.675744420503045	0.574651092645638	0.518102373135429	0.574651092645639	0.668340549183258	0.676741163253676	0.574715755395722	0.67674116325372
1	1.09196747141535	1.18147173397101	1.09196747141535	1.09202632957788	1.18096795736849	1.19454908602362	1.18096795736847	1.18046564824903	1.19453347713021	1.20940751585864	1.19453347713021	1.09202632957788	1.18096795736847	1.19454908602362	1.18096795736849	0.83666	0.668271016053821	0.678091417429339	0.668271016053823	0.668350896977405	0.676738464555071	0.57472714126044	0.676738464555036	0.675388468780362	0.574639529696384	0.518102289663031	0.574639529696385	0.668350896977407	0.676738464555036	0.574727141260441	0.676738464555072
1	1.09195709387228	1.18164938277264	1.09195709387228	1.09203683494644	1.18096644039582	1.19455199559582	1.1809664403958	1.18028628462119	1.1945308434695	1.20940766312776	1.1945308434695	1.09203683494644	1.1809664403958	1.19455199559582	1.18096644039582	0.83666	0.668256635166528	0.678567327100357	0.66825663516653	0.668364862264429	0.67673351945166	0.574742524903796	0.676733519451632	0.674905317048848	0.574623821001885	0.5181021364423	0.574623821001886	0.66836486226443	0.676733519451632	0.574742524903797	0.676733519451662
1	1.0919430703605	1.18188960140012	1.0919430703605	1.0920510930336	1.18096365837491	1.19455600730069	1.1809636583749	1.18004291126431	1.19452733809809	1.20940793338545	1.19452733809809	1.0920510930336	1.1809636583749	1.19455600730069	1.18096365837491	0.83666	0.668237054030785	0.679210148886215	0.668237054030787	0.668383680699108	0.676724450777532	0.574763287761971	0.676724450777509	0.674249182036296	0.574602461627658	0.518101855264832	0.574602461627659	0.66838368069911	0.676724450777509	0.574763287761971	0.676724450777534
1	1.09192414209572	1.18221414783538	1.09192414209572	1.09207045163977	1.18095855644095	1.19456157179697	1.18095855644094	1.17971256898243	1.1945227024922	1.20940842918565	1.1945227024922	1.09207045163977	1.18095855644094	1.19456157179697	1.18095855644095	0.83666	0.668210350562639	0.680077290903032	0.668210350562641	0.668408985018233	0.676707818825409	0.574791269171504	0.676707818825393	0.673357605087309	0.574573385905896	0.518101339461098	0.574573385905896	0.668408985018235	0.676707818825393	0.574791269171505	0.676707818825411
1	1.09189863948284	1.18265206311326	1.09189863948284	1.09209674327782	1.18094920235926	1.19456935179212	1.18094920235925	1.17926402396445	1.19451662555794	1.20940933820847	1.19451662555794	1.09209674327782	1.18094920235925	1.19456935179212	1.18094920235926	0.83666	0.668173861568555	0.681244767707712	0.668173861568557	0.668442909055501	0.676677329332009	0.574828900188315	0.676677329331998	0.672145341877637	0.574533748647671	0.518100393881403	0.574533748647672	0.668442909055502	0.676677329331998	0.574828900188315	0.676677329332011
1	1.09186437498939	1.18324179606991	1.09186437498939	1.0921324528676	1.18093206573153	1.19458034364438	1.18093206573152	1.17865483465117	1.1945087526833	1.2094110030081	1.1945087526833	1.0921324528676	1.18093206573152	1.19458034364438	1.18093206573153	0.83666	0.668123878704526	0.682812001583116	0.668123878704528	0.668488195452778	0.676621495158894	0.574879358939453	0.676621495158885	0.670496171328658	0.574479616049805	0.518098662537829	0.574479616049806	0.668488195452779	0.676621495158885	0.574879358939454	0.676621495158895
1	1.09181854238308	1.18403357673448	1.09181854238308	1.09218092692955	1.18090072234749	1.19459608361323	1.18090072234749	1.17782754899786	1.19449871320579	1.20941404579331	1.19449871320579	1.09218092692955	1.18090072234749	1.19459608361323	1.18090072234749	0.83666	0.668055216586123	0.684906400160684	0.668055216586125	0.668548277510859	0.676519455165531	0.574946731486092	0.676519455165524	0.668252334319942	0.574405530260306	0.518095499534553	0.574405530260307	0.668548277510861	0.676519455165525	0.574946731486093	0.676519455165533
1	1.09175767572676	1.1850915579174	1.09175767572676	1.09224660440849	1.1808435683729	1.19461900341561	1.18084356837289	1.17670511273807	1.19448617355549	1.20941958670161	1.19448617355549	1.09224660440849	1.18084356837289	1.19461900341561	1.1808435683729	0.83666	0.667960612390336	0.687685556191954	0.667960612390338	0.668627269832337	0.676333667492163	0.575036134029407	0.67633366749216	0.665202132670015	0.574303908029231	0.518089744462065	0.574303908029232	0.668627269832339	0.67633366749216	0.575036134029408	0.676333667492165
1	1.091677793698	1.1864944764908	1.09167779369799	1.09233519119993	1.18073992639953	1.19465304124677	1.18073992639953	1.17518626405307	1.19447091104774	1.20942960975765	1.19447091104774	1.09233519119992	1.18073992639953	1.19465304124677	1.18073992639953	0.83666	0.667829951229695	0.691332154836371	0.667829951229697	0.668729731918432	0.67599769011538	0.575153698639852	0.675997690115379	0.661068793727801	0.574164256619778	0.518079350084262	0.574164256619779	0.668729731918434	0.67599769011538	0.575153698639853	0.675997690115381
1	1.09157498379388	1.18833210946866	1.09157498379388	1.0924535689095	1.18055385264522	1.19470464673463	1.18055385264522	1.17314352563113	1.19445286253196	1.20944752694961	1.19445286253196	1.0924535689095	1.18055385264522	1.19470464673463	1.18055385264522	0.83666	0.667649450116066	0.696031919611283	0.667649450116068	0.668859961636491	0.675397490492692	0.575306221917478	0.675397490492691	0.655510335565154	0.573972312269076	0.5180608238093	0.573972312269077	0.668859961636493	0.675397490492691	0.575306221917478	0.675397490492693
1	1.09144682955616	1.19069256275324	1.09144682955616	1.09260900223044	1.18022562941112	1.19478421939661	1.18022562941111	1.17043045286224	1.19443202724278	1.20947890021355	1.19443202724278	1.09260900223044	1.18022562941111	1.19478421939661	1.18022562941111	0.83666	0.667401374767333	0.701919606604137	0.667401374767335	0.669020442651375	0.674348140641683	0.575500107690106	0.674348140641684	0.648154005070973	0.573709607823209	0.518028565110635	0.57370960782321	0.669020442651377	0.674348140641684	0.575500107690107	0.674348140641685
1	1.09129497641986	1.19363394284437	1.09129497641986	1.09280704447146	1.17966387599129	1.19490743475459	1.17966387599129	1.16691117183877	1.19440808798321	1.20953196900118	1.19440808798321	1.09280704447146	1.17966387599129	1.19490743475459	1.17966387599129	0.83666	0.66706585192561	0.70898130637241	0.667065851925612	0.669209120224598	0.672579733389966	0.575739059251639	0.672579733389967	0.638707596566694	0.573354954795439	0.517974587798698	0.57335495479544	0.6692091202246	0.672579733389967	0.575739059251639	0.672579733389968
1	1.09112805830223	1.19713860788888	1.09112805830223	1.09304804999404	1.178748259459	1.19509432940526	1.178748259459	1.16252738574587	1.19437999381318	1.20961700571663	1.19437999381318	1.09304804999403	1.178748259459	1.19509432940526	1.178748259459	0.83666	0.666627531324394	0.71693568205545	0.666627531324396	0.669415841305943	0.669770665979624	0.576020097263792	0.669770665979627	0.627183220625604	0.572890762530481	0.517889869559915	0.572890762530482	0.669415841305945	0.669770665979627	0.576020097263792	0.669770665979625
1	1.09096193923811	1.20106655213824	1.09096193923811	1.09332411171244	1.17736008259835	1.19536245745213	1.17736008259835	1.15739454147407	1.1943466433205	1.20974317935729	1.1943466433205	1.09332411171244	1.17736008259835	1.19536245745213	1.17736008259835	0.83666	0.66608826630513	0.725190717427368	0.666088266305132	0.669620399547195	0.665678714754071	0.576329073156291	0.665678714754072	0.614159591686644	0.572316211195924	0.517768799351932	0.572316211195924	0.669620399547197	0.665678714754072	0.576329073156291	0.665678714754073
1	1.09081413443858	1.20514916099571	1.09081413443858	1.09361966904425	1.17544630212982	1.19571395282273	1.17544630212982	1.15185740810653	1.19430938477061	1.20991317499618	1.19430938477061	1.09361966904425	1.17544630212982	1.19571395282273	1.17544630212982	0.83666	0.665478371849367	0.732993857514563	0.665478371849369	0.669796714668524	0.660344278890697	0.576640345948392	0.660344278890693	0.6008058747542	0.571660776990294	0.517615418477429	0.571660776990294	0.669796714668526	0.660344278890693	0.576640345948393	0.660344278890699
1	1.09069565628029	1.20905649292151	1.09069565628029	1.09391587962878	1.17307917978917	1.19612664529302	1.17307917978917	1.14641216263655	1.19427355780423	1.21011923888458	1.19427355780423	1.09391587962878	1.17307917978917	1.19612664529302	1.17307917978917	0.83666	0.664851705631872	0.739725236051926	0.664851705631874	0.669924092250499	0.654184493929825	0.576925253457196	0.65418449392982	0.588454023608152	0.570981829303334	0.517445335342056	0.570981829303334	0.669924092250501	0.65418449392982	0.576925253457197	0.654184493929827
1	1.09060816172823	1.21250891877104	1.09060816172823	1.0941950162592	1.17045127403361	1.19656069915253	1.17045127403361	1.14151801450516	1.19424583003786	1.21034478297107	1.19424583003786	1.0941950162592	1.17045127403361	1.19656069915253	1.17045127403361	0.83666	0.664263773106377	0.745098520804996	0.664263773106379	0.669996934399611	0.647832208304011	0.577164353081882	0.647832208304004	0.578027226593603	0.570341918229548	0.517279305945095	0.570341918229548	0.669996934399613	0.647832208304004	0.577164353081882	0.647832208304013
1	1.09054734358208	1.21535555407129	1.09054734358208	1.0944434531391	1.16780112451245	1.19697589137516	1.16780112451245	1.13744601303595	1.19423016541086	1.21057074053267	1.19423016541086	1.0944434531391	1.16780112451245	1.19697589137516	1.16780112451245	0.83666	0.663751993480073	0.74914389824111	0.663751993480075	0.670024088396705	0.641859628399019	0.577352457211272	0.64185962839901	0.569821673812819	0.569785193256676	0.517133949684213	0.569785193256676	0.670024088396707	0.64185962839901	0.577352457211273	0.641859628399021
1	1.09050716971037	1.21757823772281	1.09050716971037	1.09465361923503	1.16533012903633	1.19734474813398	1.16533012903632	1.13425623913755	1.19422669307437	1.21078170097786	1.19422669307437	1.09465361923503	1.16533012903632	1.19734474813398	1.16533012903632	0.83666	0.663330991506995	0.7520694534163	0.663330991506997	0.670020800238874	0.636617994581682	0.577494712122107	0.636617994581673	0.563668703463931	0.569329809955877	0.517017189383039	0.569329809955878	0.670020800238876	0.636617994581673	0.577494712122107	0.636617994581684
1	1.09048205388276	1.21924617236043	1.09048205388276	1.09482415877703	1.16316118647052	1.1976552795106	1.16316118647051	1.13186483680377	1.19423308037979	1.2109684673665	1.19423308037979	1.09482415877702	1.16316118647051	1.1976552795106	1.16316118647052	0.83666	0.66299847544547	0.754132046048354	0.662998475445472	0.670001377813174	0.632236889208091	0.577600280862081	0.63223688920808	0.559194264907772	0.568973719180211	0.516929325629727	0.568973719180212	0.670001377813176	0.63223688920808	0.577600280862081	0.632236889208093
1	1.09046746739992	1.22046455443363	1.09046746739992	1.09495825846268	1.16134088274917	1.19790708702303	1.16134088274917	1.13012521712168	1.19424618355264	1.21112748346281	1.19424618355264	1.09495825846268	1.16134088274917	1.19790708702303	1.16134088274917	0.83666	0.662743278673776	0.755565358579654	0.662743278673777	0.669976016701181	0.628696756716158	0.577678214238655	0.628696756716146	0.555998426358527	0.56870403451066	0.516866347518159	0.568704034510661	0.669976016701182	0.628696756716146	0.577678214238656	0.62869675671616
1	1.09045994657553	1.2213397150647	1.09045994657553	1.09506139722759	1.15986228701309	1.19810613449832	1.15986228701308	1.12888407862933	1.1942630459452	1.21125904267078	1.1942630459452	1.09506139722758	1.15986228701308	1.19810613449832	1.15986228701309	0.83666	0.662551310849012	0.756554784330244	0.662551310849014	0.669950702582572	0.625902260832868	0.577735869597184	0.625902260832857	0.553736906633801	0.568504310641312	0.516822817067012	0.568504310641313	0.669950702582573	0.625902260832857	0.577735869597185	0.62590226083287
1	1.09045694441336	1.22196256994154	1.09045694441336	1.09513957241288	1.1586892701248	1.19826079732963	1.15868927012479	1.12800858683152	1.19428131307006	1.21136557583199	1.19428131307006	1.09513957241288	1.15868927012479	1.19826079732963	1.1586892701248	0.83666	0.662408897633871	0.757236967830893	0.662408897633873	0.669928318795666	0.623732014804869	0.577778742280352	0.623732014804857	0.552142074569384	0.568358670455394	0.516793544686988	0.568358670455395	0.669928318795668	0.623732014804857	0.577778742280353	0.623732014804871
1	1.0904566591505	1.22240418863798	1.0904566591505	1.09519828952829	1.15777439198029	1.19837958812351	1.15777439198028	1.12739436023538	1.19429931660194	1.21145043873627	1.19429931660194	1.09519828952829	1.15777439198028	1.19837958812351	1.15777439198029	0.83666	0.662304240086385	0.75770848625728	0.662304240086387	0.669909841740796	0.622065857073038	0.577810798980609	0.622065857073026	0.55101697002676	0.56825357667483	0.516774274586136	0.568253576674831	0.669909841740798	0.622065857073026	0.57781079898061	0.62206585707304
1	1.09045786755601	1.22271729699271	1.09045786755601	1.09524215868657	1.15706958573022	1.19847010766838	1.15706958573022	1.12696392394426	1.1943160053603	1.21151717621644	1.1943160053603	1.09524215868657	1.15706958573022	1.19847010766838	1.15706958573022	0.83666	0.662227804472116	0.758035991200139	0.662227804472118	0.669895235831176	0.620797195414425	0.577834880077008	0.620797195414413	0.550221006990231	0.568178258381697	0.516761802550691	0.568178258381698	0.669895235831177	0.620797195414413	0.577834880077009	0.620797195414427
1	1.09045977682494	1.22293982366394	1.09045977682494	1.09527484186487	1.15653146321639	1.19853870484957	1.15653146321638	1.12666172640655	1.19433081718799	1.21156912500028	1.19433081718799	1.09527484186487	1.15653146321638	1.19853870484957	1.15653146321639	0.83666	0.662172193217758	0.758264908151274	0.66217219321776	0.669884016848368	0.619836949094053	0.577853030419036	0.619836949094042	0.549655494170847	0.56812450260154	0.516753843251283	0.568124502601541	0.66988401684837	0.619836949094042	0.577853030419036	0.619836949094055
1	1.09046190084924	1.22309858133909	1.09046190084924	1.09529915910817	1.15612329501713	1.19859048431864	1.15612329501712	1.12644874924863	1.19434354205185	1.21160922968905	1.19434354205185	1.09529915910817	1.15612329501712	1.19859048431864	1.15612329501713	0.83666	0.662131815520855	0.758426038882757	0.662131815520856	0.669875565892201	0.619113314125479	0.577866738586583	0.619113314125472	0.549251700813459	0.568086217213401	0.516748825718495	0.568086217213402	0.669875565892203	0.619113314125472	0.577866738586584	0.619113314125481
1	1.09046396066541	1.22321235619214	1.09046396066541	1.09531724545312	1.15581519506502	1.1986294545756	1.15581519506502	1.12629790064595	1.19435420303836	1.21163998305902	1.19435420303836	1.09531724545312	1.15581519506502	1.1986294545756	1.15581519506502	0.83666	0.662102520120523	0.758540269492024	0.662102520120525	0.669869283856048	0.618569749115291	0.577877101537171	0.618569749115284	0.548961871337038	0.568058966562393	0.516745696883589	0.568058966562394	0.669869283856049	0.618569749115284	0.577877101537172	0.618569749115293
1	1.09046581907525	1.22329428981631	1.09046581907525	1.09533069440269	1.15558346569666	1.19865872202363	1.15558346569665	1.1261904556474	1.19436295527765	1.21166343682982	1.19436295527765	1.09533069440269	1.15558346569665	1.19865872202363	1.15558346569665	0.83666	0.662081260702294	0.758621811672025	0.662081260702296	0.669864655463868	0.618162428100759	0.577884936384252	0.61816242810075	0.548752779584069	0.568039558289433	0.516743768507815	0.568039558289433	0.669864655463869	0.618162428100749	0.577884936384252	0.618162428100761
1	1.09046741846993	1.22335356684614	1.09046741846993	1.0953406973425	1.15540964438047	1.19868066486188	1.15540964438046	1.12611348933549	1.19437002560337	1.21168124422759	1.19437002560337	1.0953406973425	1.15540964438046	1.19868066486188	1.15540964438047	0.83666	0.662065818690918	0.758680393265276	0.662065818690919	0.669861265393688	0.617857752460979	0.577890856750586	0.617857752460967	0.548601216306107	0.568025715394293	0.51674259391495	0.568025715394294	0.66986126539369	0.617857752460967	0.577890856750587	0.617857752460981
1	1.09046875111418	1.22339663729843	1.09046875111418	1.09534813921298	1.15527952336304	1.19869709388839	1.15527952336303	1.1260580525026	1.1943756622465	1.21169471512333	1.1943756622465	1.09534813921298	1.15527952336303	1.19869709388839	1.15527952336304	0.83666	0.662054586959588	0.758722722452223	0.66205458695959	0.66985879085031	0.617630165192747	0.57789532653023	0.617630165192736	0.548490881290744	0.568015821642366	0.516741887638348	0.568015821642366	0.669858790850312	0.617630165192736	0.577895326530231	0.617630165192749
1	1.09046983577715	1.22342805345571	1.09046983577715	1.09535367700411	1.15518226447804	1.19870938126045	1.15518226447804	1.12601791932597	1.1943801071113	1.21170487486478	1.1943801071113	1.0953536770041	1.15518226447804	1.19870938126045	1.15518226447804	0.83666	0.662046403950693	0.758753462854868	0.662046403950695	0.669856987928322	0.617460336164938	0.577898697427256	0.61746033616493	0.548410256715252	0.568008732753763	0.516741469338594	0.568008732753763	0.669856987928323	0.61746033616493	0.577898697427257	0.617460336164941
1	1.09047070312257	1.22345104652147	1.09047070312257	1.09535779862865	1.15510965236895	1.19871856287228	1.15510965236895	1.12598873238714	1.19438358050547	1.21171251838798	1.19438358050547	1.09535779862865	1.15510965236895	1.19871856287228	1.15510965236895	0.83666	0.662040431372082	0.758775884360029	0.662040431372084	0.6698556749316	0.617333705867445	0.577901236431179	0.617333705867437	0.548351151173239	0.568003639588377	0.516741226357198	0.568003639588378	0.669855674931602	0.617333705867437	0.57790123643118	0.617333705867448
1	1.09047138727895	1.22346792383402	1.09047138727895	1.09536086658388	1.15505548881826	1.19872541869012	1.15505548881826	1.12596742128028	1.19438627423613	1.21171825723448	1.19438627423613	1.09536086658388	1.15505548881826	1.19872541869012	1.15505548881826	0.83666	0.66203606400312	0.758792298315375	0.662036064003121	0.669854718367195	0.617239341840954	0.577903146417527	0.617239341840948	0.548307702329894	0.567999969716154	0.516741088831707	0.567999969716154	0.669854718367197	0.617239341840947	0.577903146417528	0.617239341840957
1	1.09047192114365	1.22348034246709	1.09047192114365	1.09536315035059	1.15501511382185	1.19873053465307	1.15501511382184	1.1259518075363	1.1943883499958	1.21172255879012	1.1943883499958	1.09536315035059	1.15501511382185	1.19873053465307	1.15501511382185	0.83666	0.662032864554752	0.758804351208076	0.662032864554754	0.669854020770081	0.617169054000938	0.577904581446345	0.617169054000931	0.548275689762478	0.567997317694495	0.516741013885467	0.567997317694496	0.669854020770083	0.61716905400093	0.577904581446346	0.61716905400094
1	1.09047233413327	1.22348949885162	1.09047233413327	1.09536485033815	1.15498503317639	1.19873435010921	1.15498503317639	1.12594033517431	1.19438994081615	1.21172577831821	1.19438994081615	1.09536485033815	1.15498503317639	1.19873435010921	1.15498503317639	0.83666	0.662030516572051	0.758813224124659	0.662030516572053	0.669853511350916	0.61711671724852	0.577905658428722	0.617116717248515	0.548252058761362	0.567995395781474	0.516740975505234	0.567995395781475	0.669853511350918	0.617116717248515	0.577905658428722	0.617116717248522
1	1.09047265142669	1.22349626154593	1.09047265142669	1.09536611579389	1.15496263038136	1.19873719464518	1.15496263038136	1.12593188531333	1.19439115465149	1.21172818564093	1.19439115465149	1.09536611579388	1.15496263038136	1.19873719464518	1.15496263038136	0.83666	0.662028790599139	0.75881976952664	0.662028790599141	0.669853138730073	0.617077757261966	0.577906465755022	0.617077757261961	0.548234588060398	0.567993999092432	0.516740957806227	0.567993999092433	0.669853138730074	0.617077757261961	0.577906465755022	0.617077757261968
1	1.09047289382915	1.22350126327586	1.09047289382915	1.09536705775685	1.15494595059652	1.19873931460512	1.15494595059651	1.1259256493142	1.1943920773221	1.2117299840719	1.1943920773221	1.09536705775685	1.15494595059651	1.19873931460512	1.15494595059651	0.83666	0.662027519921809	0.75882460603122	0.662027519921811	0.669852865703152	0.617048760893425	0.577907070317472	0.617048760893418	0.548221655674577	0.567992981433703	0.516740951425832	0.567992981433704	0.669852865703154	0.617048760893418	0.577907070317472	0.617048760893427
1	1.0904730781631	1.22350496676391	1.0904730781631	1.0953677588846	1.15493353463507	1.19874089408524	1.15493353463506	1.12592103973119	1.19439277639927	1.21173132662866	1.19439277639927	1.0953677588846	1.15493353463506	1.19874089408524	1.15493353463507	0.83666	0.662026583145135	0.758828184617098	0.662026583145137	0.669852665304367	0.617027183364011	0.577907522620587	0.617027183364003	0.548212073116383	0.56799223814034	0.516740950918367	0.567992238140341	0.669852665304369	0.617027183364003	0.577907522620588	0.617027183364013
1	1.09047321780905	1.22350771149526	1.09047321780905	1.09536828072198	1.15492429411838	1.19874207059657	1.15492429411838	1.12591762793234	1.19439330462083	1.21173232828147	1.19439330462083	1.09536828072198	1.15492429411838	1.19874207059657	1.15492429411838	0.83666	0.662025891673518	0.758830835309303	0.66202589167352	0.669852517969034	0.61701112843514	0.57790786072662	0.617011128435132	0.548204967015517	0.567991694024494	0.516740953172982	0.567991694024495	0.669852517969036	0.617011128435132	0.57790786072662	0.617011128435142
1	1.09047332327402	1.22350974719984	1.09047332327402	1.09536866909916	1.15491741773368	1.19874294680013	1.15491741773367	1.12591510000883	1.19439370284216	1.21173307528046	1.19439370284216	1.09536866909916	1.15491741773367	1.19874294680013	1.15491741773368	0.83666	0.662025380710484	0.758832800388132	0.662025380710486	0.669852409474172	0.61699918375382	0.577908113268695	0.616999183753812	0.548199694032126	0.567991294893076	0.51674095646191	0.567991294893077	0.669852409474173	0.616999183753812	0.577908113268696	0.616999183753822
1	1.09047340272707	1.22351125798993	1.09047340272707	1.09536895814612	1.15491230096949	1.19874359931061	1.15491230096948	1.1259132253568	1.19439400252168	1.21173363225583	1.19439400252168	1.09536895814612	1.15491230096948	1.19874359931061	1.15491230096949	0.83666	0.662025002767691	0.758834258178587	0.662025002767693	0.669852329460389	0.616990297735525	0.577908301751992	0.616990297735517	0.548195779345952	0.567991001555471	0.516740959856194	0.567991001555472	0.669852329460391	0.616990297735517	0.577908301751993	0.616990297735527
1	1.0904734626057	1.22351238086785	1.0904734626057	1.0953691735463	1.15490849055167	1.19874408654073	1.15490849055167	1.12591183313306	1.19439422875847	1.21173404949692	1.19439422875847	1.0953691735463	1.15490849055167	1.19874408654073	1.15490849055167	0.83666	0.66202472292849	0.758835340102372	0.662024722928492	0.669852270268983	0.616983688487073	0.577908441924372	0.616983688487063	0.548192872352236	0.567990785255569	0.516740962204431	0.56799078525557	0.669852270268985	0.616983688487063	0.577908441924373	0.616983688487075
1	1.09047350736907	1.22351321363358	1.09047350736907	1.09536933350245	1.15490565938217	1.19874444765494	1.15490565938216	1.12591080073318	1.19439439716919	1.21173435789692	1.19439439716919	1.09536933350244	1.15490565938216	1.19874444765494	1.15490565938217	0.83666	0.662024515667408	0.758836143594185	0.66202451566741	0.669852226611615	0.616978771377365	0.577908546830109	0.616978771377354	0.548190712314896	0.56799062614176	0.516740965043417	0.567990626141761	0.669852226611617	0.616978771377354	0.57790854683011	0.616978771377367
1	1.09047354085439	1.22351383197923	1.09047354085439	1.09536945242269	1.15490355426221	1.1987447160281	1.1549035542622	1.12591003430556	1.19439452300723	1.21173458702219	1.19439452300723	1.09536945242269	1.1549035542622	1.1987447160281	1.15490355426221	0.83666	0.662024362052372	0.758836740495865	0.662024362052373	0.669852194349711	0.616975113447511	0.577908625175076	0.6169751134475	0.54818910697533	0.567990508835819	0.51674096764479	0.56799050883582	0.669852194349712	0.6169751134475	0.577908625175077	0.616975113447513
1	1.09047356589575	1.22351429138601	1.09047356589575	1.09536954087413	1.15490198855975	1.19874491566329	1.15490198855974	1.12590946497769	1.19439461710189	1.21173475752277	1.19439461710189	1.09536954087413	1.15490198855974	1.19874491566329	1.15490198855975	0.83666	0.662024248131294	0.758837184039454	0.662024248131296	0.669852170477488	0.616972392356391	0.577908683622351	0.616972392356379	0.548187913678449	0.56799042222231	0.516740969834603	0.567990422222311	0.66985217047749	0.616972392356379	0.577908683622352	0.616972392356393
1	1.0904735846107	1.22351463281972	1.0904735846107	1.09536960667355	1.15490082393762	1.19874506420734	1.15490082393762	1.12590904190324	1.19439468743968	1.2117348844497	1.19439468743968	1.09536960667354	1.15490082393762	1.19874506420734	1.15490082393762	0.83666	0.662024163606238	0.758837513695014	0.66202416360624	0.669852152795685	0.616970368218861	0.577908727198265	0.616970368218849	0.548187026538064	0.567990358197285	0.516740971608964	0.567990358197285	0.669852152795687	0.616970368218849	0.577908727198266	0.616970368218863
1	1.09047359858794	1.22351488662737	1.09047359858794	1.09536965562398	1.15489995762651	1.19874517474097	1.1548999576265	1.12590872743342	1.19439473998825	1.21173497894051	1.19439473998825	1.09536965562397	1.1548999576265	1.19874517474097	1.15489995762651	0.83666	0.662024100866258	0.758837758745992	0.66202410086626	0.669852139689059	0.61696886254869	0.577908759672933	0.616968862548676	0.54818636693007	0.567990310825357	0.516740973015606	0.567990310825357	0.669852139689061	0.616968862548676	0.577908759672934	0.616968862548692
1	1.09047360902008	1.22351507532402	1.09047360902008	1.09536969203974	1.15489931321326	1.19874525698833	1.15489931321325	1.12590849364829	1.19439477922286	1.21173504927778	1.19439477922286	1.09536969203974	1.15489931321325	1.19874525698833	1.15489931321326	0.83666	0.662024054280675	0.758837940929786	0.662024054280677	0.66985212996765	0.616967742557264	0.577908783866598	0.616967742557252	0.54818587645293	0.567990275747411	0.516740974114916	0.567990275747411	0.669852129967651	0.616967742557252	0.577908783866598	0.616967742557266
1	1.09047361680191	1.22351521562759	1.09047361680191	1.09536971913008	1.15489883386302	1.19874531818522	1.15489883386302	1.12590831982406	1.19439480850049	1.21173510162975	1.19439480850049	1.09536971913008	1.15489883386302	1.19874531818522	1.15489883386302	0.83666	0.662024019680048	0.758838076388856	0.66202401968005	0.669852122753479	0.616966909459575	0.577908801886251	0.616966909459562	0.548185511713774	0.567990249755471	0.516740974965201	0.567990249755472	0.669852122753481	0.616966909459562	0.577908801886252	0.616966909459577
1	1.09047362260394	1.22351531995717	1.09047362260394	1.09536973928265	1.15489847729828	1.19874536371717	1.15489847729828	1.12590819056966	1.19439483033741	1.21173514059122	1.19439483033741	1.09536973928265	1.15489847729828	1.19874536371716	1.15489847729828	0.83666	0.662023993974838	0.758838177114991	0.66202399397484	0.669852117397626	0.616966289769604	0.57790881530455	0.616966289769592	0.548185240463603	0.567990230485017	0.516740975617819	0.567990230485018	0.669852117397627	0.616966289769592	0.577908815304551	0.616966289769607
1	1.09047362692812	1.2235153975413	1.09047362692812	1.0953697542739	1.15489821206934	1.19874539759256	1.15489821206933	1.12590809445004	1.19439484661783	1.21173516958457	1.19439484661783	1.0953697542739	1.15489821206933	1.19874539759256	1.15489821206934	0.83666	0.662023974874256	0.75883825201887	0.662023974874257	0.669852113420034	0.616965828822626	0.577908825294679	0.616965828822615	0.548185038730894	0.567990216190871	0.516740976115713	0.567990216190872	0.669852113420036	0.616965828822615	0.57790882529468	0.616965828822629
1	1.09047363014979	1.22351545523911	1.09047363014979	1.09536976542551	1.15489801478124	1.19874542279465	1.15489801478123	1.12590802296703	1.19439485875131	1.21173519115848	1.19439485875131	1.09536976542551	1.15489801478123	1.19874542279465	1.15489801478124	0.83666	0.662023960678915	0.758838307723168	0.662023960678917	0.669852110465169	0.616965485955433	0.57790883273136	0.616965485955423	0.548184888694333	0.567990205583536	0.51674097649379	0.567990205583537	0.669852110465171	0.616965485955423	0.577908832731361	0.616965485955435
1	1.09047363254937	1.2235154981495	1.09047363254937	1.09536977372081	1.154897868031	1.19874544154352	1.15489786803099	1.12590796980368	1.19439486779143	1.21173520721059	1.19439486779143	1.0953697737208	1.154897868031	1.19874544154352	1.154897868031	0.83666	0.662023950127593	0.758838349150846	0.662023950127595	0.669852108269551	0.616965230920474	0.577908838266552	0.616965230920465	0.548184777103345	0.567990197709275	0.516740976779794	0.567990197709276	0.669852108269553	0.616965230920465	0.577908838266552	0.616965230920476
