1	1.19959557698591	1.2491900322944	1.19959557698591	1.19261447357521	1.37453445478966	1.39933971492378	1.37453445478966	1.36309702250789	1.39339495958571	1.41488565440107	1.3933949595857	1.19261447357521	1.37453445478966	1.39933971492378	1.37453445478965	1.07503024437422	0.80710691563949	0.629227973068553	0.807106915639493	0.810621734974933	0.781569263621641	0.669367601190271	0.781569263621646	0.806599806789716	0.666436740581931	0.588797441774714	0.666436740581933	0.810621734974935	0.781569263621646	0.669367601190273	0.781569263621644
1	1.23889998768151	1.28924938560058	1.23889998768151	1.23268402588909	1.42440391300038	1.46332733296871	1.42440391300038	1.43775171840289	1.45543895881365	1.47595152157503	1.45543895881365	1.23268402588909	1.42440391300038	1.46332733296871	1.42440391300038	1.13651374899431	0.82303997583226	0.628789747248839	0.823039975832263	0.830895367528902	0.768173109961316	0.672497408751115	0.768173109961321	0.831147648314134	0.668260385090526	0.588082755827779	0.668260385090528	0.830895367528905	0.768173109961321	0.672497408751116	0.76817310996132
1	1.26770963231002	1.31454562421284	1.26770963231001	1.26333469995536	1.44954703504103	1.50399902255406	1.44954703504103	1.49428399294229	1.49472418832538	1.5133780291835	1.49472418832538	1.26333469995536	1.44954703504103	1.50399902255406	1.44954703504103	1.18685218503175	0.838120977179381	0.631320894202976	0.838120977179384	0.849504553596796	0.761063614811627	0.679324955318965	0.761063614811628	0.855383725301189	0.674433695470678	0.592499061610942	0.67443369547068	0.849504553596799	0.761063614811628	0.679324955318967	0.761063614811631
1	1.28894706614375	1.33078190934715	1.28894706614375	1.28707592305327	1.46158681480667	1.53130815122972	1.46158681480666	1.53853788579429	1.52140779750795	1.53827301639389	1.52140779750795	1.28707592305327	1.46158681480667	1.53130815122972	1.46158681480666	1.22806581067724	0.852140732020366	0.635159607620673	0.85214073202037	0.866440261737581	0.757448742152445	0.687366457490436	0.757448742152445	0.878150000921441	0.682359041745054	0.59873872877059	0.682359041745055	0.866440261737584	0.757448742152445	0.687366457490438	0.757448742152449
1	1.30480965826173	1.34143288682362	1.30480965826173	1.30587603420847	1.46691396950408	1.55074649392663	1.46691396950408	1.57438511489422	1.54104047254249	1.55620973585212	1.54104047254249	1.30587603420846	1.46691396950408	1.55074649392663	1.46691396950408	1.26180867343834	0.86493810252667	0.63936006293119	0.864938102526674	0.881719323623694	0.755725179705084	0.695394740300869	0.755725179705085	0.898889879887712	0.69073977718413	0.605308596873921	0.690739777184131	0.881719323623697	0.755725179705085	0.695394740300871	0.755725179705089
1	1.31682611848852	1.34854187813489	1.31682611848852	1.32117007858728	1.46889579160742	1.56527510552888	1.46889579160741	1.60429083815207	1.55658859086919	1.56998650229513	1.55658859086919	1.32117007858727	1.46889579160741	1.56527510552888	1.46889579160742	1.28943499287629	0.876439930252912	0.643435586809831	0.876439930252916	0.895418716242113	0.7550164501998	0.702852348535977	0.755016450199802	0.917415290401681	0.698974164476971	0.611581701973708	0.698974164476972	0.895418716242117	0.755016450199802	0.702852348535979	0.755016450199805
1	1.32602138275901	1.35330101972066	1.326021382759	1.33397032494856	1.46926700917188	1.57650090086178	1.46926700917188	1.62982261785559	1.56964529217747	1.58105407236206	1.56964529217747	1.33397032494856	1.46926700917188	1.57650090086178	1.46926700917188	1.31205351019293	0.886645127941889	0.647161625437336	0.886645127941892	0.90766187387226	0.754851700239701	0.709515372118581	0.754851700239706	0.933745221271267	0.706808533064284	0.61732486012633	0.706808533064285	0.907661873872264	0.754851700239706	0.709515372118582	0.754851700239706
1	1.33307356588797	1.35641308852297	1.33307356588797	1.3449834271321	1.46890787665781	1.58532139452277	1.46890787665781	1.65200454901048	1.58108812022654	1.59020891084756	1.58108812022654	1.3449834271321	1.46890787665781	1.58532139452277	1.46890787665781	1.33057198590775	0.895599471912468	0.65045376932826	0.895599471912472	0.918597438684372	0.754978304841491	0.715319555128947	0.754978304841493	0.948007380481823	0.714157847699803	0.622479474846124	0.714157847699805	0.918597438684375	0.754978304841492	0.715319555128949	0.754978304841496
1	1.33843297051935	1.35830268271659	1.33843297051935	1.3547049877755	1.46825814840803	1.59226254099959	1.46825814840803	1.67153864362872	1.59142206040374	1.59792334220953	1.59142206040374	1.3547049877755	1.46825814840803	1.59226254099959	1.46825814840802	1.34573363147663	0.903374850661717	0.653298678045389	0.903374850661721	0.928382184821964	0.755259748669682	0.720274217863994	0.755259748669687	0.960381243112238	0.721016702861545	0.627062454017386	0.721016702861546	0.928382184821967	0.755259748669687	0.720274217863996	0.755259748669687
1	1.34240394969048	1.35923580041251	1.34240394969048	1.3634878663067	1.46753241688459	1.59765276123482	1.46753241688459	1.68893528358698	1.60095579586586	1.60450314125844	1.60095579586586	1.3634878663067	1.46753241688459	1.59765276123482	1.46753241688459	1.35814693697285	0.910055132347711	0.655716788081341	0.910055132347715	0.937169862161271	0.755621507173176	0.724420538598739	0.755621507173179	0.971065707887821	0.72741590755468	0.631121750053394	0.727415907554681	0.937169862161274	0.755621507173179	0.724420538598741	0.75562150717318
1	1.34519852235042	1.35938688940056	1.34519852235042	1.37158865954193	1.46683101670771	1.60171252502602	1.46683101670771	1.70458705199431	1.60989199482131	1.61016399266644	1.60989199482131	1.37158865954192	1.46683101670771	1.60171252502602	1.46683101670771	1.36831009193117	0.915727489833335	0.657742841457061	0.915727489833339	0.945104820393186	0.756022607629369	0.727811651069312	0.756022607629374	0.980260923638398	0.733401393491957	0.634716441105555	0.733401393491959	0.945104820393189	0.756022607629374	0.727811651069313	0.756022607629374
1	1.34697071148801	1.3588766903698	1.34697071148801	1.37919814131928	1.46619690251303	1.60460109109262	1.46619690251303	1.71880912499443	1.6183736492345	1.61506961921425	1.6183736492345	1.37919814131928	1.46619690251303	1.60460109109262	1.46619690251303	1.37663097944481	0.920477539498247	0.659416054997408	0.920477539498251	0.952318844300627	0.756440639100431	0.73050340591807	0.756440639100437	0.988158265083551	0.739023914167619	0.637907847464845	0.73902391416762	0.952318844300631	0.756440639100437	0.730503405918071	0.756440639100436
1	1.34783848057487	1.35779410316079	1.34783848057487	1.3864606151757	1.46564475701989	1.60644165070216	1.46564475701989	1.7318606179918	1.62650787827183	1.61935151746318	1.62650787827183	1.3864606151757	1.46564475701989	1.60644165070216	1.46564475701989	1.38344354594591	0.924386957052461	0.660775392149834	0.924386957052465	0.958929914312484	0.75686375430711	0.732550380852297	0.756863754307116	0.99493505898326	0.744333922928213	0.640755624734154	0.744333922928215	0.958929914312487	0.756863754307116	0.732550380852299	0.756863754307115
1	1.34789795267562	1.35620935150329	1.34789795267562	1.39348587497446	1.46517584770373	1.60733558301729	1.46517584770373	1.74395544098746	1.63437805918563	1.62311963661647	1.63437805918563	1.39348587497446	1.46517584770373	1.60733558301729	1.46517584770373	1.3890212036484	0.927532638823572	0.661857487925137	0.927532638823576	0.965042002516932	0.757286306169867	0.734004512863266	0.757286306169874	1.00075212271064	0.749378919100003	0.643316080949176	0.749378919100004	0.965042002516936	0.757286306169874	0.734004512863267	0.757286306169872
1	1.34723287304437	1.35418234229613	1.34723287304437	1.4003563776752	1.46478556197625	1.60737116167512	1.46478556197625	1.75526765021635	1.64204984050212	1.62646841558553	1.64204984050212	1.4003563776752	1.46478556197625	1.60737116167512	1.46478556197624	1.39358780354055	0.929986791988448	0.662695922400786	0.929986791988452	0.970745349069591	0.757706380433702	0.734915055827079	0.757706380433709	1.00575297792678	0.754201962354377	0.645641438630655	0.754201962354378	0.970745349069595	0.757706380433709	0.734915055827081	0.757706380433707
1	1.34592106005566	1.35176823006494	1.34592106005565	1.40713144277019	1.46446717070937	1.60662932050907	1.46446717070937	1.76593421906105	1.6495739499066	1.6294802941171	1.6495739499066	1.40713144277018	1.46446717070937	1.60662932050907	1.46446717070937	1.39732661930994	0.931817541453147	0.66332115118106	0.931817541453151	0.976116910324098	0.758124322161235	0.735329190168857	0.758124322161243	1.01006404862649	0.758840747917909	0.647779434956476	0.758840747917911	0.976116910324101	0.758124322161244	0.735329190168859	0.758124322161239
1	1.34403878049648	1.34902115289442	1.34403878049647	1.41384977037677	1.46421364170483	1.60518768750436	1.46421364170484	1.77605700716377	1.65698739833632	1.63222773165154	1.65698739833632	1.41384977037677	1.46421364170484	1.60518768750436	1.46421364170483	1.40038770276085	0.933089760615193	0.66376072736692	0.933089760615197	0.981220842572809	0.758541786029749	0.735292895990399	0.758541786029758	1.01379541263849	0.76332698495118	0.649772979455366	0.763326984951181	0.981220842572812	0.758541786029758	0.7352928959904	0.758541786029754
1	1.34166348406809	1.34599654698998	1.34166348406809	1.42053122937474	1.46401843905204	1.60312338024674	1.46401843905205	1.7857050545568	1.66431403948574	1.63477427016753	1.66431403948574	1.42053122937474	1.46401843905205	1.60312338024674	1.46401843905204	1.4028939059201	0.933865900543729	0.664039622492116	0.933865900543733	0.986109002475216	0.75896106800572	0.734851828814016	0.758961068005728	1.01704183977863	0.767685998209207	0.651659764557065	0.767685998209209	0.986109002475219	0.758961068005728	0.734851828814018	0.758961068005725
1	1.33887506557157	1.34275218199038	1.33887506557157	1.42717861802673	1.46387579357131	1.60051471050637	1.46387579357131	1.79491790043028	1.67156510087773	1.63717495952856	1.67156510087773	1.42717861802673	1.46387579357131	1.60051471050637	1.46387579357131	1.40494581152022	0.934206638487259	0.664180548977621	0.934206638487263	0.990821517723576	0.759384598240513	0.734052001447685	0.759384598240522	1.01988396037182	0.771936563037131	0.653471835738093	0.771936563037133	0.990821517723579	0.759384598240522	0.734052001447687	0.759384598240518
1	1.33575574582626	1.33934799346318	1.33575574582626	1.43377986894817	1.46378070006325	1.59744182267024	1.46378070006326	1.80371024731286	1.67874008345254	1.6394763858879	1.67874008345254	1.43377986894817	1.46378070006326	1.59744182267024	1.46378070006325	1.40662576973757	0.934171214562372	0.664204239794645	0.934171214562376	0.995387513667342	0.759814543381009	0.732940126672901	0.759814543381018	1.02238948577258	0.776091016420554	0.655235200760741	0.776091016420555	0.995387513667346	0.759814543381019	0.732940126672903	0.759814543381014
1	1.33238872710264	1.33584485670598	1.33238872710264	1.4403109195318	1.46372878175211	1.59398631078176	1.46372878175212	1.81207789536375	1.68582823690456	1.64171652493841	1.68582823690456	1.4403109195318	1.46372878175212	1.59398631078176	1.46372878175211	1.40800120319409	0.933817387993422	0.66412967072418	0.933817387993425	0.999826075142948	0.760252504086823	0.731563538435741	0.760252504086832	1.02461445477183	0.780155678590404	0.656969594024699	0.780155678590406	0.999826075142952	0.760252504086833	0.731563538435743	0.760252504086828
1	1.32885592216925	1.3323025798949	1.32885592216925	1.44673920481205	1.46371610448041	1.59022996078036	1.46371610448042	1.82000448825149	1.69281062976256	1.64392463251679	1.69281062976256	1.44673920481205	1.46371610448042	1.59022996078036	1.46371610448041	1.40912731286381	0.933201020453854	0.663974225462854	0.933201020453858	1.00414748324562	0.760699310956779	0.729969688283363	0.760699310956786	1.02660450764927	0.784131583138492	0.658688507312599	0.784131583138494	1.00414748324562	0.760699310956787	0.729969688283365	0.760699310956784
1	1.32523519795472	1.32877751965566	1.32523519795472	1.45302749862486	1.46373899263959	1.58625288559513	1.4637389926396	1.82746833398909	1.69966266249175	1.64612135522766	1.69966266249175	1.45302749862486	1.4637389926396	1.58625288559513	1.46373899263959	1.4100492934818	0.93237537017628	0.6637538092011	0.932375370176284	1.00835470732453	0.761154924765372	0.728205296509486	0.76115492476538	1.02839619455857	0.78801546437632	0.66039955382833	0.788015464376322	1.00835470732453	0.76115492476538	0.728205296509488	0.761154924765377
1	1.32159764100203	1.32532027241018	1.32159764100203	1.45913769005746	1.46379387962744	1.58213140299283	1.46379387962745	1.83444848428911	1.7063567540471	1.64831918239843	1.7063567540471	1.45913769005745	1.46379387962745	1.58213140299283	1.46379387962744	1.41080414736753	0.931390236550784	0.663482917075783	0.931390236550788	1.01244507230852	0.761618439612524	0.726315302552643	0.761618439612531	1.03001831191158	0.791800906843109	0.662105163165979	0.791800906843111	1.01244507230853	0.761618439612531	0.726315302552645	0.761618439612528
1	1.31800530385893	1.32197383953716	1.31800530385893	1.46503407183681	1.46387721042565	1.57793601345149	1.46387721042565	1.8409294040552	1.712864895165	1.65052327605387	1.712864895165	1.46503407183681	1.46387721042565	1.57793601345149	1.46387721042565	1.41142216945788	0.930291115284249	0.66317466436315	0.930291115284253	1.01641197959173	0.762088175800191	0.724341788079425	0.762088175800198	1.03149323907931	0.795479538255884	0.663803535215107	0.795479538255886	1.01641197959174	0.762088175800199	0.724341788079427	0.762088175800196
1	1.31450974237523	1.31877252016735	1.31450974237523	1.47068582551412	1.46398540057544	1.57372976596272	1.46398540057545	1.84690387837944	1.7191608065687	1.65273262910714	1.7191608065687	1.47068582551412	1.46398540057545	1.57372976596272	1.46398540057544	1.41192816314935	0.929118505681876	0.662840787828355	0.92911850568188	1.02024654760542	0.762561838528725	0.722323033055563	0.762561838528733	1.03283822892278	0.799042150074081	0.665489734393507	0.799042150074083	1.02024654760542	0.762561838528734	0.722323033055565	0.76256183852873
1	1.31115145694216	1.31574160420589	1.31115145694215	1.47606856351679	1.46411484501677	1.56956718171209	1.46411484501678	1.85237416761968	1.72522154050866	1.65494143679306	1.72522154050866	1.47606856351679	1.46411484501678	1.56956718171209	1.46411484501677	1.41234243574544	0.927907464813489	0.662491631569821	0.927907464813493	1.02393905594832	0.763036712807402	0.720292819019409	0.76303671280741	1.03406659818554	0.802479655300511	0.667156793764555	0.802479655300512	1.02393905594832	0.763036712807411	0.720292819019411	0.763036712807407
1	1.30796016934811	1.31289777814745	1.30796016934811	1.48116496461829	1.46426196323575	1.56549377948199	1.46426196323575	1.85735171316065	1.73102847965447	1.65714053682378	1.73102847965447	1.48116496461829	1.46426196323575	1.56549377948199	1.46426196323575	1.41268161346002	0.926687446053212	0.66213613363309	0.926687446053216	1.02748011507437	0.763509865556152	0.718280033183142	0.763509865556157	1.03518876997902	0.805783830732965	0.668796718427984	0.805783830732967	1.02748011507437	0.763509865556158	0.718280033183145	0.763509865556156
1	1.30495574539026	1.31025005564714	1.30495574539026	1.48596466706577	1.46442326449401	1.56154614566786	1.46442326449402	1.86185585082405	1.73656778363711	1.65931878050109	1.73656778363711	1.48596466706577	1.46442326449402	1.56154614566786	1.46442326449401	1.41295930868573	0.925482408387179	0.661781829368582	0.925482408387183	1.03086152859508	0.763978331509699	0.71630857050715	0.763978331509706	1.03621313719271	0.808947828976937	0.670401315802624	0.808947828976938	1.03086152859508	0.763978331509707	0.716308570507152	0.763978331509704
1	1.30214952471339	1.30780101204452	1.30214952471339	1.49046364305389	1.46459541800158	1.55775243169573	1.46459541800159	1.865912004225	1.74183039245819	1.6614642297484	1.74183039245819	1.49046364305388	1.46459541800159	1.55775243169573	1.46459541800158	1.413186666307	0.924311148270821	0.661434883415378	0.924311148270826	1.03407685544831	0.764439267722575	0.714397490384946	0.764439267722583	1.03714673710513	0.811966475667506	0.671962822026898	0.811966475667507	1.03407685544831	0.764439267722584	0.714397490384948	0.76443926772258
1	1.29954583081962	1.30554812240672	1.29954583081962	1.49466327746497	1.46477531640871	1.55413314131231	1.46477531640872	1.86954974914425	1.74681171682114	1.66356511897233	1.74681171682114	1.49466327746496	1.46477531640872	1.55413314131231	1.46477531640871	1.4133728109835	0.923187789332038	0.661100155796146	0.923187789332042	1.03712170782632	0.764890069703409	0.712561363806939	0.764890069703418	1.03799574653651	0.814836386158464	0.673474327672994	0.814836386158466	1.03712170782632	0.764890069703418	0.712561363806941	0.764890069703414
1	1.29714348132329	1.30348505201593	1.29714348132329	1.49856933490022	1.4649601253906	1.55070207871493	1.46496012539061	1.87280101701209	1.75151113799583	1.66561056282737	1.75151113799583	1.49856933490022	1.46496012539061	1.55070207871493	1.4649601253906	1.41352521335467	0.922122364166739	0.660781300840676	0.922122364166743	1.03999383610264	0.765328448846782	0.710810742858694	0.765328448846788	1.03876582086748	0.817555943785789	0.674930027913741	0.81755594378579	1.03999383610264	0.765328448846788	0.710810742858696	0.765328448846787
1	1.29493717762496	1.30160280466718	1.29493717762496	1.50219094523466	1.46514731621486	1.54746735260318	1.46514731621487	1.87569858460494	1.75593141699134	1.66759102343682	1.75593141699134	1.50219094523466	1.46514731621487	1.54746735260318	1.46514731621486	1.4136499898628	0.921121430910575	0.660480892423936	0.921121430910579	1.04269305607801	0.765752475216481	0.709152691683722	0.765752475216483	1.03946230707784	0.820125181539568	0.676325332450509	0.820125181539569	1.04269305607801	0.765752475216483	0.709152691683724	0.765752475216486
1	1.29291870790819	1.29989068350874	1.29291870790819	1.50553968602346	1.46533468133926	1.54443236015725	1.46533468133926	1.87827490204255	1.76007808529592	1.66949857078002	1.76007808529592	1.50553968602345	1.46533468133926	1.54443236015725	1.46533468133925	1.41375214822727	0.920188680384916	0.660200566069562	0.92018868038492	1.04522107009284	0.766160591988692	0.707591330762592	0.766160591988693	1.04009036225158	0.822545603766966	0.677656872042698	0.822545603766967	1.04522107009284	0.766160591988694	0.707591330762594	0.766160591988697
1	1.29107793974072	1.29833705534479	1.29107793974072	1.50862879878503	1.46552033510652	1.54159670191842	1.46552033510652	1.88056124888519	1.76395886401623	1.67132697890817	1.76395886401623	1.50862879878503	1.46552033510652	1.54159670191842	1.46552033510652	1.41383578842195	0.919325503279277	0.659941167852232	0.919325503279281	1.04758122551773	0.766551608479693	0.706128360321388	0.766551608479695	1.04065500606785	0.824819977181813	0.678922434746039	0.824819977181814	1.04758122551774	0.766551608479696	0.70612836032139	0.766551608479698
1	1.28940360690164	1.29692993191501	1.28940360690164	1.51147254778	1.46570270259966	1.53895700039422	1.46570270259966	1.88258717474256	1.76758313797619	1.67307170130579	1.76758313797619	1.51147254777999	1.46570270259966	1.53895700039422	1.46570270259966	1.41390426722153	0.918531499053543	0.659702901100819	0.918531499053548	1.04977824455889	0.76692467825387	0.704763541250445	0.76692467825387	1.04116113092381	0.826952112853535	0.680120858941288	0.826952112853536	1.04977824455889	0.766924678253871	0.704763541250447	0.766924678253875
1	1.28788391120913	1.29565739315371	1.28788391120913	1.51408571298198	1.46588049995903	1.53650761129643	1.46588049995903	1.88438016851054	1.77096149667094	1.67472976414888	1.77096149667094	1.51408571298197	1.46588049995903	1.53650761129643	1.46588049995903	1.4139603329207	0.917804917890989	0.659485463938201	0.917804917890993	1.05181795004197	0.76727926783507	0.703495121949123	0.767279267835071	1.04161348774468	0.828946654107447	0.681251903806929	0.828946654107447	1.05181795004197	0.767279267835072	0.703495121949125	0.767279267835075
1	1.28650696729247	1.29450788130872	1.28650696729247	1.51648320058402	1.4660527092155	1.53424122660087	1.4660527092155	1.88596549978209	1.77410534522742	1.67629961016497	1.77410534522742	1.51648320058402	1.4660527092155	1.53424122660087	1.4660527092155	1.4140062356328	0.917143034053069	0.659288172948346	0.917143034053073	1.05370700381055	0.767615120399093	0.702320207075582	0.767615120399096	1.04201666054078	0.830808879545821	0.68231611174829	0.830808879545822	1.05370700381055	0.767615120399096	0.702320207075585	0.767615120399098
1	1.28526111948693	1.29347039368471	1.28526111948693	1.51867975171234	1.46621855021501	1.53214937617248	1.46621855021501	1.88736618481743	1.77702658128888	1.677780916788	1.77702658128888	1.51867975171233	1.46621855021501	1.53214937617248	1.46621855021501	1.41404381759485	0.916542453665625	0.659110070528182	0.916542453665629	1.05545266793973	0.767932217694033	0.701235068727892	0.767932217694038	1.0423750381138	0.832544526634579	0.683314673053252	0.83254452663458	1.05545266793973	0.767932217694039	0.701235068727894	0.767932217694038
1	1.28413515798919	1.29253459864234	1.28413515798919	1.52068973055709	1.46637745162969	1.53022283737395	1.46637745162969	1.88860303697291	1.77973733217407	1.67917440699059	1.77973733217407	1.52068973055709	1.46637745162969	1.53022283737395	1.46637745162969	1.41407458710295	0.91599936270098	0.658950015137152	0.915999362700984	1.05706259415672	0.768230742480173	0.700235403950934	0.768230742480176	1.04269278821697	0.83415963796831	0.684249298836697	0.834159637968311	1.05706259415672	0.768230742480177	0.700235403950936	0.768230742480178
1	1.28311845779263	1.29169089527332	1.28311845779263	1.52252697525223	1.46652902250562	1.52845196376177	1.46652902250563	1.88969477104979	1.78224974516607	1.68048166513678	1.78224974516607	1.52252697525222	1.46652902250563	1.52845196376177	1.46652902250562	1.41409977904549	0.915509722362195	0.65880675493556	0.915509722362199	1.05854464340404	0.768511042993107	0.699316544044669	0.768511042993112	1.0429738370346	0.835660430372797	0.685122105737552	0.835660430372798	1.05854464340404	0.768511042993113	0.699316544044671	0.768511042993112
1	1.28220105983324	1.29093043294895	1.28220105983324	1.52420469751146	1.46667302532664	1.52682694441582	1.46667302532665	1.89065813951596	1.7845758231894	1.68170496527382	1.7845758231894	1.52420469751146	1.46667302532665	1.52682694441582	1.46667302532664	1.41412040446359	0.915069419413593	0.658678986171308	0.915069419413597	1.05990673519106	0.768773600331751	0.698473621695327	0.768773600331755	1.04322185505974	0.837053185813542	0.685935514033089	0.837053185813543	1.05990673519106	0.768773600331757	0.698473621695329	0.768773600331756
1	1.28137370987404	1.29024510322871	1.28137370987404	1.52573541967042	1.46680935119143	1.52533800473962	1.46680935119143	1.89150808478347	1.78672729875837	1.6828471161569	1.78672729875837	1.52573541967042	1.46680935119143	1.52533800473962	1.46680935119143	1.41413729112767	0.914674378844373	0.658565398102389	0.914674378844377	1.06115672492311	0.769018999232746	0.697701702035843	0.769018999232749	1.04344024946307	0.838344162313605	0.686692159523252	0.838344162313606	1.06115672492311	0.76901899923275	0.697701702035845	0.76901899923275
1	1.28062786722652	1.28962751349775	1.28062786722652	1.52713094012488	1.46693799741203	1.52397555859541	1.46693799741203	1.89225789670967	1.78871553974854	1.68391132489566	1.78871553974854	1.52713094012488	1.46693799741203	1.52397555859541	1.46693799741203	1.41415111675888	0.914320645639555	0.658464706423862	0.914320645639559	1.06230230659197	0.769247902384768	0.696995883391503	0.769247902384772	1.04363216240731	0.839539522717713	0.687394818713409	0.839539522717714	1.06230230659197	0.769247902384773	0.696995883391505	0.769247902384772
1	1.27995569254605	1.28907094920693	1.27995569254605	1.52840232011075	1.46705904763572	1.5227303204909	1.46705904763572	1.89291936817528	1.79055148132618	1.6849010794898	1.79055148132618	1.52840232011075	1.46705904763572	1.5227303204909	1.46705904763572	1.41416243622833	0.914004441692579	0.658375677145368	0.914004441692583	1.06335093782997	0.769461028227535	0.696351372929703	0.769461028227534	1.04380047445304	0.840645279042538	0.688046346361226	0.840645279042539	1.06335093782997	0.769461028227536	0.696351372929705	0.76946102822754
1	1.2793500216355	1.2885693296564	1.2793500216355	1.5295598863442	1.46717265445	1.52159338535588	1.46717265445	1.89350294423427	1.79224557915454	1.68582004948305	1.79224557915454	1.52955988634419	1.46717265445	1.52159338535588	1.46717265445	1.41417170382608	0.913722203047737	0.658297142735177	0.913722203047741	1.06430978425716	0.769659132049984	0.695763541803605	0.769659132049987	1.04394781207967	0.841667250195549	0.688649624191799	0.84166725019555	1.06430978425717	0.769659132049988	0.695763541803607	0.769659132049989
1	1.27880433038337	1.28811716080022	1.27880433038337	1.53061324528057	1.46727902434175	1.52055628232269	1.46727902434175	1.89401786218685	1.7938077797337	1.68667200335658	1.7938077797337	1.53061324528056	1.46727902434175	1.52055628232269	1.46727902434175	1.41417929149337	0.91347060186069	0.658228012143407	0.913470601860694	1.06518568015479	0.769842990125014	0.695227963747734	0.769842990125014	1.04407655835673	0.842611030993939	0.689207519495657	0.84261103099394	1.06518568015479	0.769842990125015	0.695227963747736	0.769842990125019
1	1.27831269457031	1.28770948745981	1.27831269457031	1.531571305715	1.46737840482866	1.51961100790717	1.46737840482866	1.89447228121645	1.79524750437418	1.68746074095483	1.79524750437418	1.53157130571499	1.46737840482866	1.51961100790717	1.46737840482866	1.41418550374992	0.913246556705571	0.658167276094487	0.913246556705575	1.06598510271962	0.770013386580762	0.694740440473663	0.770013386580763	1.04418886587614	0.843481970609394	0.689722852328546	0.843481970609395	1.06598510271962	0.770013386580764	0.694740440473665	0.770013386580767
1	1.27786974722306	1.28734184654543	1.27786974722306	1.53244230719315	1.46747107355454	1.51875004302152	1.46747107355454	1.89487340098291	1.79657364399446	1.68819003922562	1.79657364399446	1.53244230719315	1.46747107355454	1.51875004302152	1.46747107355454	1.41419058991541	0.913047234195348	0.658114008806669	0.913047234195352	1.066714157425	0.77017110269816	0.694297016695383	0.770171102698163	1.0442866711874	0.844285158755377	0.690198370066089	0.844285158755378	1.06671415742501	0.770171102698164	0.694297016695385	0.770171102698165
1	1.27747063539878	1.28701022229332	1.27747063539878	1.53323385228076	1.46755732913685	1.51796635758449	1.46755732913685	1.89522756935365	1.79779456219602	1.68886360936017	1.79779456219602	1.53323385228075	1.46755732913685	1.51796635758449	1.46755732913685	1.4141947541155	0.912870044289811	0.658067367097979	0.912870044289815	1.06737857231425	0.770316908327664	0.693893987070226	0.770316908327667	1.04437171006315	0.845025418201235	0.690636728231238	0.845025418201236	1.06737857231425	0.770316908327668	0.693893987070228	0.770316908327669
1	1.27711097769439	1.28671100413476	1.27711097769439	1.5339529411871	1.46763748355402	1.51725340567218	1.46763748355403	1.89554037954062	1.79891810476759	1.68948506376636	1.79891810476759	1.53395294118709	1.46763748355403	1.51725340567218	1.46763748355402	1.41419816347419	0.912712631172545	0.658026587639418	0.912712631172549	1.06798369934866	0.770451555138341	0.693527896980719	0.770451555138347	1.04444553309142	0.845707302336627	0.691040476543466	0.845707302336628	1.06798369934866	0.770451555138349	0.693527896980721	0.770451555138346
1	1.27678682334133	1.28644094751689	1.27678682334133	1.53460600758898	1.46771185587572	1.51660511366439	1.46771185587572	1.89581675727236	1.79995161397675	1.69005789130692	1.79995161397675	1.53460600758897	1.46771185587572	1.51660511366439	1.46771185587572	1.41420095482099	0.912572861170556	0.65799098295822	0.912572861170561	1.06853452120902	0.770575771432889	0.693195538694758	0.770575771432895	1.04450952117924	0.846335096734625	0.691412049305289	0.846335096734626	1.06853452120902	0.770575771432896	0.69319553869476	0.770575771432894
1	1.27649461342888	1.28619713779868	1.27649461342888	1.53519895477541	1.46778076715375	1.51601586334425	1.46778076715375	1.8960610387105	1.80090194634503	1.69058543943022	1.80090194634503	1.53519895477541	1.46778076715375	1.51601586334425	1.46778076715375	1.41420324018246	0.912448808850644	0.657959936657284	0.912448808850648	1.06903566220588	0.770690258288158	0.692893944146862	0.770690258288163	1.04456490065677	0.846912823822925	0.691753759345313	0.846912823822926	1.06903566220588	0.770690258288164	0.692893944146864	0.770690258288163
1	1.27623114457022	1.28597695721192	1.27623114457021	1.53573719144897	1.46784453630886	1.51548047150877	1.46784453630887	1.89627703986517	1.80177549285658	1.69107090198803	1.80177549285658	1.53573719144896	1.46784453630887	1.51548047150877	1.46784453630886	1.41420511127818	0.912338742148579	0.657932898205359	0.912338742148583	1.06949140218517	0.770795686807531	0.692620375329609	0.770795686807534	1.04461275775808	0.847444249917336	0.692067794842701	0.847444249917337	1.06949140218517	0.770795686807535	0.692620375329611	0.770795686807536
1	1.27599353516154	1.2857780547904	1.27599353516154	1.53622566669101	1.46790347686665	1.51499416732011	1.46790347686665	1.89646811827212	1.80257820076023	1.69151731169522	1.80257820076023	1.53622566669101	1.46790347686665	1.51499416732011	1.46790347686665	1.41420664320179	0.912241107170171	0.657909377560874	0.912241107170175	1.06990569251508	0.770892696296777	0.692372313079355	0.770892696296784	1.04465405232376	0.847932894003102	0.692356218458714	0.847932894003103	1.06990569251508	0.770892696296785	0.692372313079357	0.770892696296781
1	1.27577919427005	1.2855983191162	1.27577919427005	1.53666890373306	1.46795789441285	1.51455256835808	1.46795789441285	1.89663722767264	1.8033155962978	1.69192753633533	1.8033155962978	1.53666890373306	1.46795789441285	1.51455256835808	1.46795789441285	1.41420789743476	0.912154513127866	0.657888939820205	0.91215451312787	1.07028217341473	0.770981893199658	0.692147444868723	0.770981893199663	1.0446896306283	0.848382037759525	0.692620968288834	0.848382037759526	1.07028217341473	0.770981893199664	0.692147444868725	0.770981893199663
1	1.27558579310748	1.28543585370071	1.27558579310748	1.53707103228329	1.46800808465483	1.51415165611596	1.46800808465483	1.89678696640126	1.80399280783507	1.69230427795203	1.80399280783507	1.53707103228329	1.46800808465483	1.51415165611596	1.46800808465483	1.41420892431386	0.912077717741865	0.657871200023868	0.912077717741869	1.07062419203171	0.771063850651622	0.691943652081921	0.771063850651627	1.04472023727854	0.848794736419858	0.692863860228647	0.848794736419859	1.07062419203172	0.771063850651628	0.691943652081923	0.771063850651627
1	1.27541123899336	1.28528895480366	1.27541123899336	1.53743581924152	1.46805433199035	1.51378775150278	1.46805433199035	1.89691962013825	1.80461458898595	1.69265007438483	1.80461458898595	1.53743581924152	1.46805433199035	1.51378775150278	1.46805433199035	1.41420976505136	0.912009613322723	0.657855818211893	0.912009613322727	1.07093482080594	0.771139108530657	0.691758997130947	0.771139108530662	1.04474652616806	0.849173830132334	0.693086591410617	0.849173830132335	1.07093482080594	0.771139108530663	0.691758997130949	0.771139108530662
1	1.27525365167888	1.28515609148918	1.27525365167888	1.53776669770349	1.46809690849877	1.51345749077416	1.46809690849877	1.89703719963558	1.80518534141945	1.69296730261577	1.80518534141945	1.53776669770349	1.46809690849877	1.51345749077416	1.46809690849877	1.41421045338901	0.911949213681561	0.657842494783088	0.911949213681565	1.07121687575346	0.771208173901813	0.691591710689881	0.771208173901818	1.04476907049237	0.849521955565108	0.69329074443508	0.849521955565109	1.07121687575346	0.771208173901819	0.691591710689883	0.771208173901818
1	1.27511134188288	1.2850358877213	1.27511134188288	1.5380667942052	1.46813607328108	1.51315780219818	1.46813607328108	1.89714147396912	1.80570913711356	1.69325818348278	1.80570913711356	1.5380667942052	1.46813607328108	1.51315780219818	1.46813607328108	1.41421101695221	0.911895641942325	0.657830966191086	0.911895641942329	1.0714729343994	0.771271521768621	0.69144017924251	0.771271521768627	1.04478837185521	0.849841557543526	0.693477792161828	0.849841557543527	1.07147293439941	0.771271521768628	0.691440179242512	0.771271521768626
1	1.27498279188064	1.28492710630514	1.27498279188064	1.53833895420274	1.46817207208862	1.51288588371406	1.46817207208863	1.89723399990792	1.806189739789	1.69352478731942	1.806189739789	1.53833895420274	1.46817207208863	1.51288588371406	1.46817207208862	1.41421147835874	0.911848119290823	0.657821000992028	0.911848119290827	1.07170535315487	0.771329596056329	0.691302933066594	0.771329596056336	1.04480486849051	0.850134900585758	0.693649102902857	0.850134900585759	1.07170535315487	0.771329596056337	0.691302933066596	0.771329596056334
1	1.27486663798569	1.28482863450198	1.27486663798569	1.53858576580642	1.46820513718224	1.51263918165257	1.46820513718224	1.89731614770647	1.80663062556606	1.69376904035877	1.80663062556606	1.53858576580642	1.46820513718224	1.51263918165257	1.46820513718224	1.41421185612645	0.911805954662081	0.657812396239393	0.911805954662085	1.07191628399265	0.771382810768839	0.691178634784724	0.771382810768846	1.04481894267334	0.85040408017675	0.69380594582252	0.850404080176751	1.07191628399265	0.771382810768847	0.691178634784726	0.771382810768844
1	1.2747616547748	1.28473947118141	1.2747616547748	1.53880958179389	1.46823548736017	1.51241537036975	1.46823548736018	1.89738912322522	1.80703500330943	1.69399273208493	1.80703500330943	1.53880958179389	1.46823548736018	1.51241537036975	1.46823548736017	1.41421216541649	0.91176853534257	0.65780497420206	0.911768535342575	1.07210769032725	0.771431551279949	0.691066068659662	0.771431551279955	1.04483092746838	0.850651033533671	0.693949496263938	0.850651033533672	1.07210769032725	0.771431551279956	0.691066068659664	0.771431551279954
1	1.2746667408916	1.28465871527646	1.2746667408916	1.53901254001591	1.46826332817299	1.51221233366172	1.46826332817299	1.89745398841271	1.80740583275287	1.69419752185679	1.80740583275286	1.5390125400159	1.46826332817299	1.51221233366172	1.46826332817299	1.41421241864176	0.911735318446089	0.657798579433938	0.911735318446093	1.07228136202258	0.771476175682467	0.69096413030214	0.771476175682471	1.0448411125882	0.850877550258338	0.694080841405867	0.850877550258339	1.07228136202259	0.771476175682472	0.690964130302142	0.771476175682472
