1	1.00442630657027	1.00802927216221	1.00442630657027	1.00442630657945	1.00802927216934	1.01172061469358	1.0080292721702	1.00802927217754	1.01172061470135	1.01499085826537	1.01172061470135	1.00442630657945	1.0080292721702	1.01172061469358	1.00802927216934	0.289676681521975	0.251533160339647	0.237195671493753	0.251533160339648	0.251533160362284	0.237195671483026	0.233452002918481	0.237195671498414	0.237195671491513	0.233452002921586	0.227772331038877	0.233452002921586	0.251533160362284	0.237195671498414	0.233452002918481	0.237195671483027
1	1.01285633856114	1.02133797081645	1.01285633856114	1.01285633856895	1.02133797082136	1.03226398548774	1.02133797082251	1.0213379708277	1.03226398549471	1.03907203276024	1.03226398549471	1.01285633856895	1.02133797082251	1.03226398548774	1.02133797082136	0.39624277716933	0.345196786349287	0.310641722466555	0.345196786349287	0.345196786359069	0.310641722463427	0.314465429794734	0.310641722468617	0.310641722466825	0.314465429802131	0.29755529078727	0.314465429802131	0.34519678635907	0.310641722468617	0.314465429794734	0.310641722463429
1	1.01744128077927	1.03052885247673	1.01744128077927	1.01744128111516	1.03052885274131	1.04271515353923	1.03052885274075	1.03052885301543	1.04271515386846	1.04994235637937	1.04271515386846	1.01744128111516	1.03052885274075	1.04271515353923	1.03052885274131	0.435446252857935	0.378253588620074	0.36027313823784	0.378253588620075	0.378253588701155	0.360273138023516	0.342419211072144	0.360273138015729	0.360273137886889	0.342419211431342	0.319410862263616	0.342419211431343	0.378253588701155	0.360273138015729	0.342419211072144	0.360273138023517
1	1.01924306820218	1.03538339035171	1.01924306820218	1.01924306833885	1.03538339042557	1.04661488801873	1.03538339042401	1.03538339052125	1.04661488818783	1.05363294318619	1.04661488818783	1.01924306833885	1.03538339042401	1.04661488801873	1.03538339042557	0.449868405539442	0.389014357668711	0.377189766974016	0.389014357668712	0.389014357726438	0.377189766721517	0.351261719798863	0.377189766712143	0.377189766608817	0.351261720015889	0.32609300171436	0.35126172001589	0.389014357726439	0.377189766712143	0.351261719798863	0.377189766721518
1	1.01987183428846	1.03728038583542	1.01987183428846	1.01987183432297	1.03728038580357	1.04791991921779	1.03728038580239	1.03728038580783	1.04791991927631	1.05479720628066	1.04791991927631	1.01987183432297	1.03728038580239	1.04791991921779	1.03728038580357	0.455174019007035	0.392518074691624	0.382850947458393	0.392518074691625	0.392518074720918	0.382850947117712	0.354087542194714	0.382850947113064	0.382850946993625	0.354087542277197	0.328182615913167	0.354087542277197	0.392518074720918	0.382850947113064	0.354087542194714	0.382850947117713
1	1.01997270583961	1.03852294545923	1.01997270583961	1.01997270585834	1.03852294500487	1.04805372751767	1.03852294491662	1.0385229444927	1.04805372749481	1.06012198909627	1.04805372749481	1.01997270585834	1.03852294491662	1.04805372751767	1.03852294500487	0.457125845299841	0.392343768411619	0.389542989593174	0.39234376841162	0.392343768624829	0.389542986199737	0.353685640739163	0.38954298551475	0.389542982248128	0.353685640543697	0.351294292762443	0.353685640543697	0.39234376862483	0.38954298551475	0.353685640739164	0.389542986199738
1	1.01994102826304	1.03917988949196	1.01994102826304	1.01994102827481	1.03917988900073	1.04793567079052	1.03917988892707	1.03917988845164	1.04793567074387	1.06433129158255	1.04793567074387	1.01994102827481	1.03917988892707	1.04793567079052	1.03917988900073	0.457843882063872	0.392236185932261	0.391710943157168	0.392236185932262	0.392236186074422	0.391710940963122	0.353497424550761	0.391710940707024	0.391710938563369	0.353497424385579	0.359860561023585	0.35349742438558	0.392236186074423	0.391710940707024	0.353497424550761	0.391710940963123
1	1.0199202220543	1.03941749584154	1.0199202220543	1.01992022206194	1.0394174955139	1.04787133341736	1.03941749548028	1.03941749515927	1.04787133338068	1.0662491905552	1.04787133338068	1.01992022206194	1.03941749548028	1.04787133341736	1.0394174955139	0.458108033028805	0.392204378414042	0.392372899639359	0.392204378414043	0.392204378499904	0.392372898336116	0.353436713018955	0.392372898233207	0.392372896949079	0.353436712908063	0.363294070706026	0.353436712908063	0.392204378499904	0.392372898233207	0.353436713018955	0.392372898336117
1	1.01991212712553	1.03948957834161	1.01991212712553	1.01991212712974	1.03948957814459	1.0478471956416	1.039489578131	1.03948957793659	1.04784719561721	1.06708327952909	1.04784719561721	1.01991212712974	1.039489578131	1.0478471956416	1.03948957814459	0.458205208739529	0.392203193948454	0.392548600162302	0.392203193948455	0.392203193998195	0.392548599407574	0.353425276276238	0.39254859936951	0.392548598622181	0.353425276207477	0.364809594971852	0.353425276207477	0.392203193998196	0.39254859936951	0.353425276276238	0.392548599407574
1	1.01990962724037	1.03950648657984	1.01990962724037	1.01990962724281	1.03950648646577	1.04783976562446	1.03950648646043	1.03950648634737	1.04783976560957	1.06746473419604	1.04783976560957	1.01990962724281	1.03950648646043	1.04783976562446	1.03950648646576	0.458240957687712	0.392209786224889	0.392578882757568	0.39220978622489	0.392209786253233	0.392578882327381	0.353428318470294	0.392578882312064	0.392578881884645	0.353428318429577	0.365534920972343	0.353428318429578	0.392209786253234	0.392578882312064	0.353428318470294	0.392578882327382
1	1.01990907990478	1.03950748715916	1.01990907990478	1.01990907990609	1.03950748709402	1.04783809118683	1.03950748709197	1.0395074870272	1.047838091178	1.06765065972678	1.047838091178	1.01990907990609	1.03950748709197	1.04783809118683	1.03950748709402	0.458254108992385	0.392216376266735	0.392572277100198	0.392216376266736	0.392216376282731	0.392572276856246	0.353433727732831	0.39257227685072	0.392572276607838	0.353433727709183	0.365903014932921	0.353433727709183	0.392216376282732	0.39257227685072	0.353433727732831	0.392572276856247
