1	1.00488957800684	1.00075840432446	1.00488957800684	1.00488896556722	1.00090529752646	1.00003300137029	1.00090529752646	1.00075939141369	1.00003294642103	1.00167204928468	1.00003294642103	1.00488896556722	1.00090529752646	1.00003300137029	1.00090529752646	0.849952787567943	0.0293868613928521	0.00835810250792973	0.0293868613928527	0.0313556390724915	0.00908205757793323	-0.00145241227010551	0.00908205757840821	0.00917978860962815	-0.00142877217362429	-0.00888941599646535	-0.00142877217362418	0.0313556390724922	0.00908205757840821	-0.00145241227010539	0.00908205757793366
1	1.00487846743971	1.00075848586126	1.00487846743971	1.00489799574009	1.00090363006882	1.00003304290939	1.00090363006883	1.00076512306763	1.00003290464955	1.00167204923878	1.00003290464955	1.00489799574009	1.00090363006883	1.00003304290939	1.00090363006882	0.849953722436734	0.0286918944232033	0.00830199098323369	0.0286918944232039	0.0320244498005729	0.00898529456792976	-0.00145823671983459	0.00898529456819912	0.00962272450134375	-0.00142279706829336	-0.00888941542448135	-0.00142279706829325	0.0320244498005735	0.00898529456819911	-0.00145823671983447	0.00898529456793019
1	1.00486073744276	1.00075826455169	1.00486073744276	1.00491395886	1.00090147681607	1.00003309056016	1.00090147681607	1.00077331741162	1.00003285701878	1.00167204916136	1.00003285701878	1.00491395886001	1.00090147681607	1.00003309056016	1.00090147681607	0.849954638793883	0.0282279934034912	0.00827141040051361	0.0282279934034918	0.0325068313659682	0.00893027689495953	-0.00146117660871551	0.00893027689511277	0.00989572713997914	-0.00141984738247051	-0.00888941659405409	-0.0014198473824704	0.0325068313659689	0.00893027689511276	-0.00146117660871539	0.00893027689495995
1	1.0048390736545	1.00075788931646	1.0048390736545	1.00493463191634	1.00089909668482	1.00003314025878	1.00089909668483	1.00078289664241	1.00003280756172	1.0016720490696	1.00003280756172	1.00493463191634	1.00089909668483	1.00003314025878	1.00089909668482	0.849955537005945	0.0279182488166931	0.00825474070971823	0.0279182488166937	0.0328548351388454	0.00889898959930033	-0.00146266018875787	0.00889898959938753	0.0100640137416276	-0.00141839139289619	-0.00888941865248409	-0.00141839139289608	0.0328548351388461	0.00889898959938753	-0.00146266018875776	0.00889898959930075
1	1.0048152050805	1.00075744038819	1.0048152050805	1.00495838494043	1.0008966335283	1.00003318998756	1.00089663352831	1.00079317087562	1.00003275822159	1.00167204897621	1.00003275822159	1.00495838494043	1.00089663352831	1.00003318998756	1.0008966335283	0.849956417432216	0.0277113519053952	0.00824565128497964	0.0277113519053958	0.0331059750256668	0.0088811923842632	-0.00146340863911057	0.00888119238431289	0.0101677699961623	-0.00141767282067583	-0.00888942097346731	-0.00141767282067572	0.0331059750256675	0.00888119238431288	-0.00146340863911045	0.00888119238426362
1	1.00479024924839	1.00075696094124	1.00479024924839	1.00498403514688	1.00089416687057	1.00003323876552	1.00089416687058	1.00080370944841	1.0000327099165	1.00167204888842	1.0000327099165	1.00498403514688	1.00089416687058	1.00003323876552	1.00089416687057	0.849957280424878	0.0275730739362786	0.00824069300629588	0.0275730739362791	0.0332872886472872	0.00887106427197919	-0.00146378607662294	0.00887106427200757	0.0102317583772245	-0.0014173182683701	-0.00888942319550936	-0.00141731826836999	0.0332872886472879	0.00887106427200756	-0.00146378607662282	0.00887106427197961
1	1.00476492797448	1.00075647407956	1.00476492797448	1.00501073207542	1.00089174006218	1.00003328613498	1.00089174006219	1.00081424893168	1.00003266306119	1.0016720488094	1.00003266306119	1.00501073207542	1.00089174006219	1.00003328613498	1.00089174006218	0.849958126329141	0.0274805807928013	0.0082379865445333	0.0274805807928019	0.0334182634823794	0.00886529633889656	-0.00146397631755319	0.00886529633891274	0.0102712379583181	-0.00141714338661917	-0.0088894251490986	-0.00141714338661906	0.0334182634823801	0.00886529633891273	-0.00146397631755308	0.00886529633889697
1	1.00473970483747	1.00075599201839	1.00473970483747	1.00503786975784	1.00088937606215	1.00003333190125	1.00088937606215	1.00082463163707	1.00003261782361	1.00167204873992	1.00003261782361	1.00503786975784	1.00088937606215	1.00003333190125	1.00088937606215	0.849958955483378	0.0274186398088453	0.00823650778562075	0.0274186398088459	0.0335129454866592	0.00886200758602965	-0.00146407214186243	0.00886200758603889	0.0102956118830441	-0.00141705716689235	-0.00888942677927984	-0.00141705716689223	0.0335129454866599	0.00886200758603889	-0.00146407214186231	0.00886200758603007
1	1.0047148739934	1.00075552106382	1.0047148739934	1.00506502079915	1.00088708633538	1.0000333760011	1.00088708633539	1.00083476590525	1.00003257425134	1.00167204867948	1.00003257425134	1.00506502079915	1.00088708633539	1.0000333760011	1.00088708633538	0.849959768219261	0.0273770891392934	0.00823569861496598	0.027377089139294	0.03358145866907	0.00886012870280772	-0.00146412036841407	0.00886012870281319	0.0103106748290296	-0.00141701468533651	-0.00888942809753358	-0.0014170146853364	0.0335814586690707	0.00886012870281318	-0.00146412036841395	0.00886012870280814
1	1.00469061812579	1.0007550643189	1.00469061812579	1.00509188751225	1.00088487588493	1.00003341843627	1.00088487588494	1.000844600949	1.00003253233392	1.00167204862705	1.00003253233392	1.00509188751225	1.00088487588494	1.00003341843627	1.00088487588493	0.849960564861894	0.0273491496729942	0.00823525479335327	0.0273491496729948	0.0336311003210207	0.00885905178264447	-0.00146414461560408	0.00885905178264773	0.0103199978408006	-0.00141699377040477	-0.00888942913850751	-0.00141699377040466	0.0336311003210214	0.00885905178264772	-0.00146414461560397	0.00885905178264489
1	1.00466704651313	1.0007546231552	1.00466704651313	1.00511826600544	1.00088274610288	1.00003345923998	1.00088274610288	1.0008541110967	1.00003249203357	1.00167204858142	1.00003249203357	1.00511826600544	1.00088274610288	1.00003345923998	1.00088274610288	0.849961345729947	0.0273302988339451	0.00823501043652585	0.0273302988339456	0.0336671303561867	0.00885843120413788	-0.00146415679325927	0.00885843120413985	0.0103257817057259	-0.00141698348221282	-0.00888942994700611	-0.0014169834822127	0.0336671303561874	0.00885843120413985	-0.00146415679325915	0.0088584312041383
1	1.00464422014926	1.00075419801345	1.00464422014926	1.00514401994567	1.0008806963862	1.00003349846005	1.00088069638621	1.00086328599172	1.00003245330026	1.00167204854142	1.00003245330026	1.00514401994567	1.00088069638621	1.00003349846005	1.0008806963862	0.849962111135776	0.0273175193410129	0.00823487507143253	0.0273175193410134	0.033693340225285	0.00885807045126127	-0.00146416290341864	0.00885807045126245	0.0103293827914118	-0.00141697842481708	-0.00888943056755159	-0.00141697842481697	0.0336933402252857	0.00885807045126244	-0.00146416290341852	0.00885807045126169
1	1.00462216836873	1.00075378883919	1.00462216836873	1.00516906147265	1.00087872505249	1.00003353615047	1.0008787250525	1.0008721245236	1.00003241607918	1.00167204850605	1.00003241607918	1.00516906147265	1.0008787250525	1.00003353615047	1.00087872505249	0.849962861385555	0.0273087980746905	0.00823479933422841	0.0273087980746911	0.0337124629641428	0.00885785777519723	-0.00146416596844711	0.00885785777519803	0.0103316370830277	-0.00141697593830018	-0.00888943103972331	-0.00141697593830007	0.0337124629641435	0.00885785777519802	-0.00146416596844699	0.00885785777519765
1	1.00460089987009	1.0007533953196	1.00460089987009	1.00519333735732	1.00087682985819	1.00003357236711	1.0008768298582	1.00088063108152	1.0000323803143	1.00167204847444	1.0000323803143	1.00519333735732	1.0008768298582	1.00003357236711	1.00087682985819	0.849963596779392	0.0273027917422244	0.00823475627405017	0.027302791742225	0.0337264687718956	0.00885772961450108	-0.00146416750881129	0.00885772961450163	0.0103330598950912	-0.0014169747123488	-0.00888943139664508	-0.00141697471234869	0.0337264687718963	0.00885772961450162	-0.00146416750881117	0.0088577296145015
1	1.00458041002574	1.00075301701203	1.00458041002574	1.00521681899316	1.00087500829092	1.00003360716574	1.00087500829092	1.00088881324961	1.00003234595015	1.0016720484459	1.00003234595015	1.00521681899316	1.00087500829092	1.00003360716574	1.00087500829092	0.849964317611456	0.0272986039659039	0.00823473117069208	0.0272986039659045	0.0337367779698124	0.00885764981652568	-0.00146416828789298	0.00885764981652611	0.0103339688641395	-0.00141697410272264	-0.00888943166520065	-0.00141697410272253	0.0337367779698131	0.0088576498165261	-0.00146416828789287	0.00885764981652609
1	1.00456068573498	1.0007526534137	1.00456068573498	1.00523949516705	1.00087325773391	1.00003364060093	1.00087325773392	1.00089668039083	1.00003231293261	1.00167204841989	1.00003231293261	1.00523949516705	1.00087325773392	1.00003364060093	1.00087325773391	0.849965024170089	0.0272956364751917	0.00823471597472861	0.0272956364751923	0.0337444145683888	0.00885759780766801	-0.0014641686883188	0.00885759780766833	0.0103345598224101	-0.00141697379311277	-0.00888943186660564	-0.00141697379311266	0.0337444145683895	0.00885759780766833	-0.00146416868831868	0.00885759780766843
1	1.00454170863979	1.00075230399928	1.00454170863979	1.00526136685061	1.00087157555757	1.00003367272563	1.00087157555757	1.00090424278146	1.00003228120926	1.00167204839595	1.00003228120926	1.00526136685061	1.00087157555757	1.00003367272563	1.00087157555757	0.849965716737923	0.0272934898767247	0.00823470627869525	0.0272934898767253	0.0337501169276254	0.00885756187388243	-0.00146416890132445	0.00885756187388266	0.0103349535293419	-0.00141697362867297	-0.00888943201737177	-0.00141697362867286	0.0337501169276261	0.00885756187388265	-0.00146416890132433	0.00885756187388285
1	1.00452345725262	1.00075196824095	1.00452345725262	1.0052824434529	1.00086995916965	1.00003370359097	1.00086995916965	1.00091151108451	1.00003225072957	1.00167204837374	1.00003225072957	1.0052824434529	1.00086995916965	1.00003370359097	1.00086995916965	0.849966395591996	0.0272918974590024	0.00823469966517417	0.027291897459003	0.0337544175158851	0.00885753534021441	-0.00146416902210167	0.00885753534021473	0.0103352244715587	-0.00141697353393083	-0.00888943213013816	-0.00141697353393072	0.0337544175158858	0.00885753534021473	-0.00146416902210155	0.00885753534021483
1	1.00450590836023	1.00075164561894	1.00450590836023	1.00530274012944	1.00086840604213	1.00003373324621	1.00086840604213	1.00091849603202	1.00003222144487	1.00167204835301	1.00003222144487	1.00530274012944	1.00086840604213	1.00003373324621	1.00086840604213	0.849967061003857	0.0272906810342423	0.00823469480496848	0.0272906810342429	0.0337577003963206	0.00885751439827504	-0.00146416909777091	0.00885751439827541	0.0103354186127237	-0.00141697347234313	-0.00888943221452996	-0.00141697347234302	0.0337577003963213	0.00885751439827541	-0.00146416909777079	0.00885751439827546
1	1.00448903794557	1.00075133562696	1.00448903794557	1.00532227585381	1.00086691372474	1.00003376173874	1.00086691372475	1.00092520823582	1.00003219330836	1.00167204833354	1.00003219330836	1.00532227585381	1.00086691372475	1.00003376173874	1.00086691372474	0.849967713239681	0.0272897214801782	0.00823469096479908	0.0272897214801788	0.0337602426602413	0.00885749687083134	-0.00146416915147233	0.00885749687083168	0.0103355643331824	-0.00141697342639217	-0.0088894322777955	-0.00141697342639206	0.033760242660242	0.00885749687083168	-0.00146416915147222	0.00885749687083176
1	1.00447282178906	1.0007510377748	1.00447282178906	1.00534107203938	1.00086547985113	1.00003378911412	1.00086547985114	1.00093165807719	1.00003216627503	1.00167204831518	1.00003216627503	1.00534107203938	1.00086547985114	1.00003378911412	1.00086547985113	0.84996835256037	0.0272889390882812	0.00823468773815789	0.0272889390882817	0.0337622442902116	0.00885748150911967	-0.00146416919444347	0.00885748150911992	0.0103356791726973	-0.00141697338780852	-0.00888943232537971	-0.00141697338780841	0.0337622442902123	0.00885748150911992	-0.00146416919444335	0.00885748150912008
1	1.0044572358565	1.00075075158935	1.0044572358565	1.00535915155752	1.00086410214073	1.00003381541614	1.00086410214073	1.00093785564505	1.00003214030164	1.00167204829778	1.00003214030164	1.00535915155752	1.00086410214073	1.00003381541614	1.00086410214073	0.849968979221661	0.0272882804534639	0.00823468489814128	0.0272882804534645	0.0337638496838628	0.00885746759315964	-0.00146416923205413	0.00885746759315986	0.0103357739865081	-0.0014169733527814	-0.00888943236134187	-0.00141697335278129	0.0337638496838635	0.00885746759315986	-0.00146416923205402	0.00885746759316006
1	1.00444225654533	1.00075047661493	1.00444225654533	1.00537653804145	1.00086277839839	1.00003384068687	1.00086277839839	1.00094381070367	1.00003211534665	1.00167204828126	1.00003211534665	1.00537653804145	1.00086277839839	1.00003384068687	1.00086277839839	0.849969593474227	0.0272877097277151	0.00823468231680729	0.0272877097277157	0.0337651631672053	0.00885745470433654	-0.00146416926681076	0.00885745470433669	0.0103358555072027	-0.00141697331962214	-0.0088894323887046	-0.00141697331962203	0.033765163167206	0.00885745470433668	-0.00146416926681064	0.00885745470433696
1	1.00442786083675	1.00075021241307	1.00442786083675	1.00539325539549	1.00086150651272	1.00003386496676	1.00086150651273	1.00094953267845	1.00003209137012	1.00167204826553	1.00003209137012	1.00539325539549	1.00086150651273	1.00003386496676	1.00086150651272	0.849970195563777	0.0272872027848159	0.00823467992095627	0.0272872027848165	0.0337662601759098	0.0088574425959913	-0.00146416929984275	0.00885744259599152	0.0103359279239889	-0.00141697328763163	-0.00888943240970602	-0.00141697328763152	0.0337662601759105	0.00885744259599151	-0.00146416929984263	0.00885744259599172
1	1.00441402638576	1.00074995856215	1.00441402638576	1.00540932745216	1.0008602844538	1.00003388829465	1.0008602844538	1.00095503065253	1.00003206833369	1.00167204825052	1.00003206833369	1.00540932745216	1.0008602844538	1.00003388829465	1.0008602844538	0.849970785731156	0.0272867433271251	0.00823467766780897	0.0272867433271256	0.0337671953143242	0.00885743111974563	-0.00146416933163214	0.00885743111974585	0.0103359938563297	-0.00141697325655685	-0.00888943242600298	-0.00141697325655674	0.0337671953143249	0.00885743111974585	-0.00146416933163203	0.00885743111974605
1	1.00440073156994	1.00074971465685	1.00440073156994	1.00542477773539	1.00085911027047	1.00003391070786	1.00085911027047	1.00096031337002	1.0000320462005	1.00167204823619	1.0000320462005	1.00542477773539	1.00085911027047	1.00003391070786	1.00085911027047	0.849971364212437	0.027286320287913	0.00823467553160434	0.0272863202879136	0.0337680081641556	0.00885742018354615	-0.0014641693623672	0.00885742018354634	0.0103360549542575	-0.00141697322633389	-0.00888943243881623	-0.00141697322633378	0.0337680081641563	0.00885742018354633	-0.00146416936236709	0.00885742018354656
1	1.00438795551144	1.00074948030764	1.00438795551144	1.00543962929971	1.00085798208761	1.00003393224227	1.00085798208762	1.00096538924287	1.00003202493513	1.00167204822248	1.00003202493513	1.00543962929971	1.00085798208762	1.00003393224227	1.00085798208761	0.849971931239022	0.027285926098025	0.00823467349618549	0.0272859260980256	0.0337687274712574	0.00885740972775545	-0.00146416939211079	0.00885740972775562	0.0103361122685607	-0.00141697319696991	-0.00888943244904614	-0.00141697319696979	0.0337687274712581	0.00885740972775561	-0.00146416939211067	0.00885740972775587
1	1.00437567808131	1.00074925514019	1.00437567808131	1.00545390462409	1.00085689810335	1.00003395293234	1.00085689810335	1.00097026636002	1.00003200450356	1.00167204820935	1.00003200450356	1.00545390462409	1.00085689810335	1.00003395293234	1.00085689810335	0.849972487037728	0.027285555529156	0.00823467155087724	0.0272855555291566	0.0337693741634596	0.00885739971151662	-0.0014641694208783	0.00885739971151685	0.0103361664791008	-0.0014169731684908	-0.00888943245735424	-0.00141697316849069	0.0337693741634603	0.00885739971151685	-0.00146416942087819	0.00885739971151704
1	1.00436387989249	1.00074903879481	1.00436387989249	1.0054676255445	1.00085585658624	1.00003397281115	1.00085585658624	1.00097495249762	1.0000319848731	1.00167204819678	1.0000319848731	1.0054676255445	1.00085585658624	1.00003397281115	1.00085585658624	0.849973031830882	0.0272852049218272	0.00823466968818537	0.0272852049218278	0.0337699635258918	0.00885739010496933	-0.00146416944867188	0.00885739010496956	0.0103362180356637	-0.00141697314092017	-0.00888943246422697	-0.00141697314092005	0.0337699635258925	0.00885739010496955	-0.00146416944867176	0.00885739010496974
1	1.00435254228579	1.00074883092587	1.00435254228579	1.00548081321427	1.00085485587262	1.00003399191054	1.00085485587262	1.00097945512982	1.00003196601234	1.00167204818473	1.00003196601234	1.00548081321427	1.00085485587262	1.00003399191054	1.00085485587262	0.849973565836409	0.0272848716700285	0.00823466790249898	0.027284871670029	0.0337705067690848	0.00885738088479707	-0.0014641694754945	0.0088573808847973	0.0103362672448806	-0.00141697311427215	-0.00888943247002149	-0.00141697311427204	0.0337705067690855	0.00885738088479729	-0.00146416947549438	0.00885738088479749
1	1.00434164731127	1.00074863120128	1.00434164731127	1.00549348808397	1.00085389436395	1.00003401026105	1.00085389436395	1.00098378143963	1.00003194789109	1.00167204817318	1.00003194789109	1.00549348808397	1.00085389436395	1.00003401026105	1.00085389436395	0.849974089267919	0.0272845538771011	0.00823466618935504	0.0272845538771017	0.0337710121594202	0.00885737203167582	-0.00146416950135435	0.00885737203167607	0.0103363143238919	-0.00141697308855043	-0.00888943247499984	-0.00141697308855032	0.0337710121594209	0.00885737203167606	-0.00146416950135423	0.00885737203167624
1	1.00433117770714	1.00074843930194	1.00433117770714	1.00550566989516	1.0008529705243	1.00003402789205	1.0008529705243	1.00098793832976	1.00003193048035	1.00167204816211	1.00003193048035	1.00550566989516	1.0008529705243	1.00003402789205	1.0008529705243	0.849974602334789	0.0272842501258885	0.00823466454501346	0.027284250125889	0.0337714858341492	0.00885736352880516	-0.00146416952626568	0.00885736352880548	0.0103363594335008	-0.00141697306374944	-0.0088894324793548	-0.00141697306374933	0.0337714858341499	0.00885736352880547	-0.00146416952626556	0.00885736352880558
1	1.00432111687733	1.00074825492127	1.00432111687733	1.00551737768368	1.00085208287789	1.00003404483175	1.00085208287789	1.00099193243327	1.00003191375229	1.00167204815148	1.00003191375229	1.00551737768368	1.00085208287789	1.00003404483175	1.00085208287789	0.849975105242255	0.0272839593251258	0.00823466296621138	0.0272839593251264	0.0337719323890651	0.00885735536105926	-0.00146416955024775	0.00885735536105959	0.010336402698674	-0.00141697303985633	-0.00888943248322765	-0.00141697303985622	0.0337719323890658	0.00885735536105958	-0.00146416955024763	0.00885735536105968
1	1.00431144886834	1.00074807776468	1.00431144886834	1.0055286297897	1.00085123000677	1.00003406110726	1.00085123000678	1.00099577012387	1.00003189768011	1.00167204814129	1.00003189768011	1.0055286297897	1.00085123000678	1.00003406110726	1.00085123000677	0.849975598191486	0.0272836806067149	0.00823466145001562	0.0272836806067155	0.033772355302312	0.00885734751449034	-0.00146416957332375	0.00885734751449069	0.0103364442212368	-0.00141697301685288	-0.00888943248672277	-0.00141697301685277	0.0337723553023127	0.00885734751449068	-0.00146416957332363	0.00885734751449077
1	1.00430215834608	1.00074790754914	1.00430215834608	1.00553944387212	1.00085041054853	1.00003407674462	1.00085041054853	1.00099945752597	1.00003188223811	1.00167204813151	1.00003188223811	1.00553944387212	1.00085041054853	1.00003407674462	1.00085041054853	0.849976081379669	0.0272834132569501	0.00823465999373413	0.0272834132569507	0.0337727572400865	0.00885733997603639	-0.00146416959551947	0.00885733997603675	0.0103364840877501	-0.00141697299471698	-0.00888943248991718	-0.00141697299471687	0.0337727572400872	0.00885733997603674	-0.00146416959551936	0.00885733997603681
1	1.00429323057302	1.0007477440027	1.00429323057302	1.00554983692603	1.00084962319413	1.00003409176885	1.00084962319413	1.00100300052432	1.00003186740158	1.00167204812212	1.00003186740158	1.00554983692603	1.00084962319413	1.00003409176885	1.00084962319413	0.849976555000084	0.0272831566704152	0.00823465859486017	0.0272831566704158	0.0337731402772089	0.00885733273334353	-0.00146416961686243	0.00885733273334384	0.0103365223744128	-0.00141697297342397	-0.00888943249286771	-0.00141697297342386	0.0337731402772096	0.00885733273334383	-0.00146416961686231	0.00885733273334395
1	1.00428465138567	1.00074758686405	1.00428465138567	1.00555982530197	1.00084886668582	1.00003410620399	1.00084886668582	1.00100640477338	1.00003185314678	1.00167204811311	1.00003185314678	1.00555982530197	1.00084886668582	1.00003410620399	1.00084886668582	0.849977019242187	0.0272829103190092	0.0082346572510374	0.0272829103190098	0.0337735060563296	0.00885732577465694	-0.00146416963738096	0.00885732577465727	0.0103365591501263	-0.00141697295294772	-0.00888943249561677	-0.0014169729529476	0.0337735060563303	0.00885732577465727	-0.00146416963738085	0.00885732577465736
1	1.00427640717274	1.00074743588213	1.00427640717274	1.00556942472626	1.00084813981513	1.00003412007314	1.00084813981513	1.00100967570627	1.0000318394509	1.00167204810446	1.0000318394509	1.00556942472626	1.00084813981513	1.00003412007314	1.00084813981513	0.84997747429168	0.0272826737310822	0.00823465596003525	0.0272826737310828	0.0337738559029016	0.00885731908874954	-0.00146416965710382	0.00885731908874985	0.0103365944784247	-0.00141697293326119	-0.00888943249819601	-0.00141697293326108	0.0337738559029023	0.00885731908874984	-0.0014641696571037	0.00885731908874996
1	1.00426848485397	1.00074729081574	1.00426848485397	1.00557865032191	1.00084744142093	1.00003413339849	1.00084744142093	1.0010128185434	1.00003182629202	1.00167204809617	1.00003182629202	1.00557865032191	1.00084744142093	1.00003413339849	1.00084744142093	0.849977920330589	0.0272824464773174	0.00823465471973399	0.027282446477318	0.0337741909082639	0.00885731266487414	-0.00146416967605958	0.0088573126648744	0.0103366284187006	-0.00141697291433707	-0.0088894325006295	-0.00141697291433696	0.0337741909082646	0.0088573126648744	-0.00146416967605947	0.00885731266487456
1	1.00426087185957	1.00074715143308	1.00426087185957	1.00558751662964	1.00084677038758	1.00003414620136	1.00084677038758	1.00101583830085	1.0000318136491	1.0016720480882	1.0000318136491	1.00558751662964	1.00084677038758	1.00003414620136	1.00084677038758	0.849978357537336	0.0272822281611291	0.00823465352811187	0.0272822281611297	0.0337745119897324	0.00885730649272754	-0.00146416969427649	0.00885730649272778	0.0103366610269951	-0.00141697289614811	-0.00888943250293541	-0.00141697289614799	0.0337745119897331	0.00885730649272778	-0.00146416969427637	0.00885730649272796
1	1.0042535561105	1.00074701751148	1.0042535561105	1.00559603762871	1.00084612564316	1.00003415850224	1.00084612564316	1.00101873979829	1.00003180150189	1.00167204808056	1.00003180150189	1.00559603762871	1.00084612564316	1.00003415850224	1.00084612564316	0.84997878608681	0.0272820184120774	0.00823465238323696	0.027282018412078	0.033774819934115	0.00885730056242512	-0.00146416971178217	0.00885730056242539	0.0103366923565189	-0.00141697287866738	-0.00888943250512776	-0.00141697287866727	0.0337748199341157	0.00885730056242539	-0.00146416971178206	0.00885730056242554
1	1.00424652599934	1.00074688883696	1.00424652599934	1.00560422675754	1.00084550615773	1.00003417032082	1.00084550615773	1.00102152766669	1.00003178983096	1.00167204807322	1.00003178983096	1.00560422675754	1.00084550615773	1.00003417032082	1.00084550615773	0.849979206150435	0.0272818168813072	0.00823465128326037	0.0272818168813078	0.0337751154292693	0.00885729486447761	-0.00146416972860361	0.00885729486447786	0.0103367224580039	-0.00141697286186851	-0.00888943250721766	-0.0014169728618684	0.0337751154292701	0.00885729486447785	-0.00146416972860349	0.00885729486447803
1	1.00423977037196	1.00074676520394	1.00423977037196	1.00561209693382	1.00084491094171	1.00003418167599	1.00084491094172	1.00102420635571	1.00003177861765	1.00167204806618	1.00003177861765	1.00561209693382	1.00084491094172	1.00003418167599	1.00084491094171	0.849979617896244	0.0272816232383393	0.00823465022641074	0.0272816232383399	0.0337753990870394	0.00885728938977308	-0.00146416974476693	0.00885728938977337	0.01033675137995	-0.00141697284572577	-0.00888943250921388	-0.00141697284572566	0.0337753990870401	0.00885728938977336	-0.00146416974476682	0.0088572893897735
1	1.00423327850987	1.0007466464149	1.00423327850987	1.00561966057406	1.0008443390443	1.00003419258594	1.00084433904431	1.00102678014079	1.00003176784399	1.00167204805942	1.00003176784399	1.00561966057406	1.00084433904431	1.00003419258594	1.0008443390443	0.849980021488939	0.0272814371687756	0.00823464921098971	0.0272814371687762	0.0337756714599636	0.0088572841295598	-0.00146416976029753	0.00885728412956004	0.0103367791688047	-0.00141697283021418	-0.00888943251112365	-0.00141697283021407	0.0337756714599643	0.00885728412956003	-0.00146416976029742	0.00885728412956021
1	1.00422704011319	1.00074653228004	1.00422704011319	1.00562692961266	1.00084378955194	1.00003420306812	1.00084378955194	1.00102925312996	1.00003175749277	1.00167204805293	1.00003175749277	1.00562692961266	1.00084378955194	1.00003420306812	1.00084378955194	0.849980417089963	0.0272812583726149	0.00823464823536791	0.0272812583726155	0.0337759330534968	0.00885727907543075	-0.00146416977521982	0.00885727907543096	0.010336805869101	-0.00141697281530948	-0.00888943251295269	-0.00141697281530937	0.0337759330534975	0.00885727907543096	-0.0014641697752197	0.00885727907543117
1	1.00422104528432	1.00074642261702	1.00422104528432	1.00563391552031	1.00084326158685	1.0000342131393	1.00084326158686	1.00103162927041	1.00003174754741	1.0016720480467	1.00003174754741	1.00563391552031	1.00084326158686	1.0000342131393	1.00084326158685	0.849980804857563	0.0272810865629898	0.0082346472979815	0.0272810865629904	0.0337761843349855	0.00885727421930959	-0.00146416978955744	0.00885727421930987	0.0103368315235688	-0.00141697280098826	-0.00888943251470589	-0.00141697280098815	0.0337761843349862	0.00885727421930987	-0.00146416978955733	0.00885727421931001
1	1.00421528451225	1.00074631725062	1.00421528451225	1.00564062932176	1.00084275430567	1.00003422281559	1.00084275430567	1.00103391235478	1.00003173799199	1.00167204804072	1.00003173799199	1.00564062932176	1.00084275430567	1.00003422281559	1.00084275430567	0.849981184946849	0.0272809214651815	0.00823464639732935	0.0272809214651821	0.0337764257402988	0.00885726955343746	-0.00146416980333314	0.00885726955343768	0.0103368561732272	-0.00141697278722794	-0.0088894325163876	-0.00141697278722783	0.0337764257402995	0.00885726955343768	-0.00146416980333303	0.00885726955343788
1	1.00420974865745	1.0007462160125	1.00420974865745	1.00564708161302	1.00084226689805	1.00003423211249	1.00084226689805	1.00103610602718	1.00003172881124	1.00167204803498	1.00003172881124	1.00564708161302	1.00084226689805	1.00003423211249	1.00084226689805	0.849981557509863	0.0272807628158338	0.00823464553196996	0.0272807628158344	0.0337766576787637	0.0088572650703599	-0.00146416981656884	0.00885726507036009	0.0103368798574657	-0.00141697277400669	-0.00888943251800154	-0.00141697277400658	0.0337766576787644	0.00885726507036009	-0.00146416981656872	0.00885726507036031
1	1.00420442893734	1.00074611874092	1.00420442893734	1.0056532825779	1.00084179858541	1.00003424104485	1.00084179858541	1.00103821378905	1.00003171999046	1.00167204802947	1.00003171999046	1.0056532825779	1.00084179858541	1.00003424104485	1.00084179858541	0.849981922695635	0.027280610362297	0.00823464470051886	0.0272806103622976	0.0337768805368724	0.00885726076291478	-0.00146416982928562	0.00885726076291503	0.0103369026141167	-0.00141697276130355	-0.00888943251955091	-0.00141697276130344	0.0337768805368731	0.00885726076291502	-0.0014641698292855	0.0088572607629152
1	1.00419931691239	1.00074602528046	1.00419931691239	1.00565924200394	1.00084134861966	1.00003424962699	1.00084134861966	1.00104023900474	1.00003171151553	1.00167204802418	1.00003171151553	1.00565924200394	1.00084134861966	1.00003424962699	1.00084134861966	0.849982280650245	0.0272804638620719	0.0082346439016464	0.0272804638620725	0.0337770946810967	0.008857256624221	-0.0014641698415038	0.0088572566242212	0.0103369244795218	-0.0014169727490983	-0.00888943252103903	-0.00141697274909818	0.0337770946810974	0.00885725662422119	-0.00146416984150369	0.00885725662422141
1	1.00419440447268	1.00074593548181	1.00419440447268	1.00566496929779	1.00084091628203	1.00003425787263	1.00084091628203	1.00104218490683	1.0000317033729	1.00167204801911	1.0000317033729	1.00566496929779	1.00084091628203	1.00003425787263	1.00084091628203	0.849982631516878	0.0272803230823182	0.00823464313407551	0.0272803230823187	0.033777300460057	0.00885725264766689	-0.00146416985324286	0.00885725264766716	0.0103369454885938	-0.00141697273737146	-0.00888943252246845	-0.00141697273737135	0.0337773004600577	0.00885725264766716	-0.00146416985324274	0.0088572526476673
1	1.00418968382502	1.00074584920149	1.00418968382502	1.00567047349997	1.0008405008819	1.00003426579496	1.0008405008819	1.00104405460134	1.00003169554953	1.00167204801424	1.00003169554953	1.00567047349997	1.0008405008819	1.00003426579496	1.0008405008819	0.849982975435886	0.0272801877994157	0.00823464239657898	0.0272801877994163	0.0337774982062174	0.00885724882690012	-0.00146416986452157	0.00885724882690034	0.0103369656748741	-0.00141697272610435	-0.00888943252384158	-0.00141697272610424	0.0337774982062182	0.00885724882690034	-0.00146416986452145	0.00885724882690053
1	1.0041851474806	1.00074576630165	1.0041851474806	1.00567576329908	1.0008401017557	1.00003427340667	1.00084010175571	1.00104585107266	1.00003168803292	1.00167204800956	1.00003168803292	1.00567576329908	1.00084010175571	1.00003427340667	1.0008401017557	0.849983312544842	0.0272800577985614	0.00823464168797809	0.027280057798562	0.0337776882372363	0.00885724515581729	-0.00146416987535794	0.00885724515581748	0.0103369850705891	-0.00141697271527897	-0.00888943252516087	-0.00141697271527886	0.033777688237237	0.00885724515581748	-0.00146416987535782	0.0088572451558177
1	1.00418078824309	1.00074568664984	1.00418078824309	1.00568084704547	1.00083971826589	1.00003428071992	1.00083971826589	1.00104757718832	1.00003168081102	1.00167204800507	1.00003168081102	1.00568084704547	1.00083971826589	1.00003428071992	1.00083971826589	0.849983642978593	0.0272799328733985	0.00823464100714048	0.0272799328733991	0.0337778708570616	0.00885724162855421	-0.00146416988576933	0.00885724162855439	0.0103370037067011	-0.00141697270487803	-0.00888943252642858	-0.00141697270487792	0.0337778708570623	0.00885724162855438	-0.00146416988576921	0.00885724162855463
1	1.00417659919719	1.00074561011882	1.00417659919719	1.00568573276441	1.00083934979987	1.00003428774643	1.00083934979987	1.00104923570356	1.00003167387229	1.00167204800076	1.00003167387229	1.00568573276441	1.00083934979987	1.00003428774643	1.00083934979987	0.849983966869318	0.0272798128256662	0.00823464035297826	0.0272798128256668	0.03377804635684	0.00885723823947645	-0.00146416989577239	0.00885723823947661	0.0103370216129592	-0.00141697269488492	-0.00888943252764679	-0.00141697269488481	0.0337780463568407	0.0088572382394766	-0.00146416989577227	0.00885723823947687
1	1.00417257369769	1.00074553658629	1.00417257369769	1.00569042816868	1.00083899576905	1.00003429449744	1.00083899576905	1.00105082926574	1.00003166720562	1.00167204799662	1.00003166720562	1.00569042816868	1.00083899576905	1.00003429449744	1.00083899576905	0.849984284346577	0.0272796974648718	0.00823463972444608	0.0272796974648723	0.0337782150156841	0.00885723498317015	-0.00146416990538312	0.00885723498317034	0.0103370388179471	-0.00141697268528363	-0.00888943252881762	-0.00141697268528352	0.0337782150156848	0.00885723498317033	-0.001464169905383	0.00885723498317057
1	1.00416870535889	1.00074546593479	1.00416870535889	1.00569494067077	1.00083865560792	1.00003430098374	1.00083865560792	1.00105236041854	1.00003166080034	1.00167204799265	1.00003166080034	1.00569494067077	1.00083865560792	1.00003430098374	1.00083865560792	0.849984595537364	0.0272795866079789	0.00823463912053966	0.0272795866079794	0.0337783771013364	0.00885723185443381	-0.00146416991461694	0.00885723185443407	0.0103370553491285	-0.00141697267605884	-0.00888943252994285	-0.00141697267605873	0.0337783771013371	0.00885723185443407	-0.00146416991461683	0.00885723185443423
1	1.00416498804444	1.00074539805142	1.00416498804444	1.00569927739454	1.0008383287731	1.00003430721572	1.0008383287731	1.00105383160603	1.00003165464621	1.00167204798884	1.00003165464621	1.00569927739454	1.0008383287731	1.00003430721572	1.0008383287731	0.849984900566162	0.0272794800791103	0.00823463854029415	0.0272794800791109	0.0337785328707512	0.00885722884826969	-0.00146416992348858	0.00885722884827003	0.0103370712328915	-0.00141697266719577	-0.00888943253102431	-0.00141697266719566	0.0337785328707519	0.00885722884827003	-0.00146416992348846	0.00885722884827011
1	1.00416141585768	1.00074533282774	1.00416141585768	1.00570344518645	1.0008380147425	1.00003431320334	1.00083801474251	1.00105524517659	1.00003164873338	1.00167204798519	1.00003164873338	1.00570344518645	1.00083801474251	1.00003431320334	1.0008380147425	0.849985199554984	0.0272793777092647	0.00823463798278236	0.0272793777092653	0.0337786825706163	0.00885722595987594	-0.00146416993201226	0.0088572259598762	0.0103370864945907	-0.00141697265868025	-0.00888943253206355	-0.00141697265868014	0.033778682570617	0.0088572259598762	-0.00146416993201214	0.00885722595987636
1	1.00415798313218	1.00074527015954	1.00415798313218	1.00570745062637	1.00083771301452	1.0000343189562	1.00083771301452	1.00105660338661	1.00003164305239	1.00167204798167	1.00003164305239	1.00570745062637	1.00083771301452	1.0000343189562	1.00083771301452	0.849985492623431	0.0272792793360457	0.00823463744711361	0.0272792793360463	0.0337788264378248	0.00885722318463848	-0.00146416994020163	0.00885722318463878	0.0103371011585877	-0.00141697265049865	-0.00888943253306256	-0.00141697265049854	0.0337788264378255	0.00885722318463877	-0.00146416994020151	0.0088572231846389
1	1.0041546844228	1.0007452099467	1.0041546844228	1.00571130003791	1.00083742310715	1.00003432448349	1.00083742310715	1.00105790840416	1.00003163759414	1.0016720479783	1.00003163759414	1.00571130003791	1.00083742310715	1.00003432448349	1.00083742310715	0.849985779888734	0.027279184803402	0.00823463693243217	0.0272791848034025	0.0337789646999095	0.00885722051812431	-0.00146416994806978	0.00885722051812462	0.01033711524829	-0.00141697264263788	-0.00888943253402267	-0.00141697264263777	0.0337789646999102	0.00885722051812461	-0.00146416994806967	0.00885722051812473
1	1.00415151449704	1.000745152093	1.00415151449704	1.00571499949846	1.00083714455732	1.00003432979406	1.00083714455732	1.00105916231236	1.00003163234991	1.00167204797507	1.00003163234991	1.00571499949846	1.00083714455732	1.00003432979406	1.00083714455732	0.849986061465802	0.0272790939613781	0.00823463643791558	0.0272790939613786	0.0337790975754449	0.00885721795607405	-0.00146416995562936	0.00885721795607431	0.0103371287861885	-0.00141697263508537	-0.00888943253494555	-0.00141697263508526	0.0337790975754456	0.00885721795607431	-0.00146416995562924	0.00885721795607447
1	1.00414846832673	1.00074509650602	1.00414846832673	1.00571855484872	1.00083687692008	1.00003433489641	1.00083687692008	1.00106036711281	1.0000316273113	1.00167204797196	1.0000316273113	1.00571855484872	1.00083687692008	1.00003433489641	1.00083687692008	0.849986337467272	0.0272790066658757	0.00823463596277377	0.0272790066658763	0.0337792252744228	0.0088572154943951	-0.00146416996289239	0.00885721549439539	0.0103371417938931	-0.00141697262782901	-0.00888943253583236	-0.0014169726278289	0.0337792252744235	0.00885721549439539	-0.00146416996289227	0.00885721549439551
1	1.00414554108005	1.00074504309696	1.00414554108005	1.00572197170193	1.00083661976789	1.0000343397987	1.00083661976789	1.00106152472868	1.00003162247025	1.00167204796898	1.00003162247025	1.00572197170193	1.00083661976789	1.0000343397987	1.00083661976789	0.849986608003546	0.0272789227784254	0.00823463550624775	0.027278922778426	0.0337793479986068	0.00885721312915542	-0.00146416996987057	0.0088572131291557	0.0103371542921678	-0.00141697262085722	-0.00888943253668489	-0.00141697262085711	0.0337793479986075	0.0088572131291557	-0.00146416996987045	0.00885721312915584
1	1.00414272811383	1.00074499178047	1.00414272811383	1.00572525545274	1.00083637269001	1.00003434450877	1.00083637269001	1.00106263700786	1.00003161781901	1.00167204796612	1.00003161781901	1.00572525545274	1.00083637269001	1.00003434450877	1.00083637269001	0.849986873182843	0.0272788421659643	0.00823463506760816	0.0272788421659648	0.0337794659418658	0.00885721085657673	-0.00146416997657504	0.00885721085657697	0.0103371663009631	-0.00141697261415881	-0.00888943253750414	-0.0014169726141587	0.0337794659418665	0.00885721085657697	-0.00146416997657493	0.00885721085657714
1	1.00414002496625	1.00074494247457	1.00414002496625	1.00572841128569	1.00083613529174	1.00003434903416	1.00083613529174	1.00106370572585	1.00003161335015	1.00167204796337	1.00003161335015	1.00572841128569	1.00083613529174	1.00003434903416	1.00083613529174	0.849987133111238	0.0272787647006266	0.00823463464615412	0.0272787647006272	0.0337795792904927	0.00885720867302892	-0.00146416998301656	0.00885720867302916	0.0103371778394484	-0.00141697260772309	-0.00888943253829167	-0.00141697260772298	0.0337795792904934	0.00885720867302915	-0.00146416998301644	0.00885720867302934
1	1.00413742734968	1.00074489510049	1.00413742734968	1.00573144418343	1.00083590719387	1.00003435338212	1.00083590719387	1.00106473258863	1.0000316090565	1.00167204796074	1.0000316090565	1.00573144418343	1.00083590719387	1.00003435338212	1.00083590719387	0.849987387892705	0.0272786902595394	0.00823463424121242	0.02727869025954	0.0337796882235055	0.00885720657502399	-0.00146416998920542	0.0088572065750243	0.0103371889260423	-0.00141697260153972	-0.00888943253904859	-0.0014169726015396	0.0337796882235062	0.00885720657502429	-0.0014641699892053	0.00885720657502441
1	1.00413493114394	1.00074484958253	1.00413493114394	1.00573435893452	1.00083568803205	1.0000343575596	1.00083568803205	1.00106571923538	1.00003160493121	1.00167204795821	1.00003160493121	1.00573435893452	1.00083568803205	1.0000343575596	1.00083568803205	0.849987637629162	0.0272786187246285	0.00823463385213606	0.0272786187246291	0.0337797929129372	0.00885720455921091	-0.00146416999515154	0.00885720455921118	0.0103371995784421	-0.00141697259559885	-0.00888943253977615	-0.00141697259559874	0.0337797929129379	0.00885720455921117	-0.00146416999515142	0.00885720455921133
1	1.00413253238971	1.00074480584797	1.00413253238971	1.00573716014106	1.00083547745618	1.00003436157328	1.00083547745619	1.00106666724109	1.00003160096766	1.00167204795578	1.00003160096766	1.00573716014106	1.00083547745619	1.00003436157328	1.00083547745618	0.849987882420506	0.0272785499824295	0.00823463347830347	0.0272785499824301	0.0337798935241107	0.00885720262236959	-0.00146417000086445	0.00885720262236981	0.0103372098136525	-0.00141697258989094	-0.00888943254047554	-0.00141697258989082	0.0337798935241113	0.0088572026223698	-0.00146417000086433	0.00885720262237001
1	1.00413022728228	1.00074476382695	1.00413022728228	1.00573985222589	1.00083527512992	1.00003436542958	1.00083527512992	1.00106757811906	1.00003159715952	1.00167204795344	1.00003159715952	1.00573985222589	1.00083527512992	1.00003436542958	1.00083527512992	0.849988122364656	0.0272784839239093	0.00823463311911746	0.0272784839239099	0.0337799902159021	0.00885720076140612	-0.00146417000635328	0.00885720076140641	0.0103372196480115	-0.00141697258440686	-0.00888943254114766	-0.00141697258440675	0.0337799902159028	0.0088572007614064	-0.00146417000635316	0.00885720076140654
1	1.0041280121655	1.00074472345231	1.0041280121655	1.0057424394396	1.00083508073005	1.00003436913469	1.00083508073005	1.00106845332332	1.0000315935007	1.00167204795121	1.0000315935007	1.0057424394396	1.00083508073005	1.00003436913469	1.00083508073005	0.849988357557594	0.0272784204442916	0.00823463277400406	0.0272784204442922	0.033780083140996	0.00885719897334806	-0.00146417001162683	0.00885719897334831	0.0103372290972178	-0.00141697257913785	-0.00888943254179362	-0.00141697257913774	0.0337800831409967	0.0088571989733483	-0.00146417001162671	0.00885719897334848
1	1.00412588352598	1.00074468465956	1.00412588352598	1.00574492586722	1.00083489394606	1.00003437269452	1.00083489394606	1.00106929425098	1.00003158998534	1.00167204794906	1.00003158998534	1.00574492586722	1.00083489394606	1.00003437269452	1.00083489394606	0.849988588093399	0.0272783594428913	0.00823463244241195	0.0272783594428919	0.0337801724461256	0.00885719725533902	-0.00146417001669352	0.00885719725533931	0.0103372381763554	-0.00141697257407547	-0.00888943254241454	-0.00141697257407536	0.0337801724461263	0.0088571972553393	-0.00146417001669341	0.00885719725533943
1	1.0041238379875	1.00074464738672	1.0041238379875	1.00574731543469	1.00083471447958	1.00003437611477	1.00083471447958	1.00107010224442	1.00003158660781	1.001672047947	1.00003158660781	1.00574731543469	1.00083471447958	1.00003437611477	1.00083471447958	0.84998881406429	0.027278300822955	0.00823463212381125	0.0272783008229555	0.0337802582723066	0.00885719560463493	-0.00146417002156149	0.00885719560463517	0.0103372468999172	-0.00141697256921158	-0.00888943254301136	-0.00141697256921146	0.0337802582723073	0.00885719560463516	-0.00146417002156137	0.00885719560463534
1	1.00412187230569	1.00074461157424	1.00412187230569	1.00574961191504	1.00083454204393	1.00003437940091	1.00083454204393	1.00107087859345	1.00003158336271	1.00167204794502	1.00003158336271	1.00574961191504	1.00083454204393	1.00003437940091	1.00083454204393	0.849989035560658	0.0272782444915071	0.00823463181769316	0.0272782444915076	0.0337803407550604	0.00885719401859891	-0.00146417002623853	0.00885719401859915	0.0103372552818287	-0.00141697256453843	-0.00888943254358509	-0.00141697256453832	0.0337803407550611	0.00885719401859914	-0.00146417002623842	0.00885719401859932
1	1.00411998336283	1.00074457716489	1.00411998336283	1.00575181893432	1.00083437636368	1.00003438255821	1.00083437636368	1.00107162453739	1.00003158024485	1.00167204794312	1.00003158024485	1.00575181893432	1.00083437636368	1.00003438255821	1.00083437636368	0.849989252671103	0.0272781903592018	0.0082346315235685	0.0272781903592024	0.0337804200246289	0.00885719249469758	-0.00146417003073212	0.00885719249469784	0.01033726333547	-0.00141697256004853	-0.00888943254413639	-0.00141697256004842	0.0337804200246296	0.00885719249469783	-0.00146417003073201	0.00885719249469799
1	1.00411816816295	1.00074454410371	1.00411816816295	1.00575393997739	1.00083421717417	1.00003438559172	1.00083421717417	1.001072341267	1.00003157724923	1.00167204794129	1.00003157724923	1.00575393997739	1.00083421717417	1.00003438559172	1.00083421717417	0.849989465482473	0.0272781383401824	0.0082346312409675	0.0272781383401829	0.0337804962061804	0.0088571910304968	-0.00146417003504947	0.00885719103049695	0.0103372710736975	-0.00141697255573471	-0.00888943254466637	-0.00141697255573459	0.0337804962061811	0.00885719103049695	-0.00146417003504935	0.00885719103049721
1	1.00411642382706	1.00074451233787	1.00411642382706	1.00575597839333	1.00083406422111	1.00003438850628	1.00083406422111	1.00107302992643	1.00003157437108	1.00167204793954	1.00003157437108	1.00575597839333	1.00083406422111	1.00003438850628	1.00083406422111	0.849989674079897	0.0272780883519438	0.00823463096943865	0.0272780883519443	0.0337805694200063	0.00885718962365763	-0.00146417003919746	0.00885718962365779	0.0103372785088639	-0.00141697255159006	-0.00888943254517574	-0.00141697255158995	0.033780569420007	0.00885718962365778	-0.00146417003919734	0.00885718962365805
1	1.00411474758856	1.00074448181663	1.00411474758856	1.0057579374008	1.00083391726019	1.00003439130656	1.00083391726019	1.00107369161499	1.00003157160577	1.00167204793786	1.00003157160577	1.0057579374008	1.00083391726019	1.00003439130656	1.00083391726018	0.849989878546814	0.0272780403152029	0.00823463070854815	0.0272780403152035	0.0337806397817131	0.0088571882719329	-0.00146417004318277	0.00885718827193305	0.0103372856528379	-0.00141697254760793	-0.00888943254566533	-0.00141697254760782	0.0337806397817138	0.00885718827193305	-0.00146417004318265	0.00885718827193331
1	1.00411313678888	1.00074445249121	1.00411313678888	1.0057598200931	1.00083377605665	1.00003439399705	1.00083377605665	1.00107432738897	1.00003156894889	1.00167204793625	1.00003156894889	1.0057598200931	1.00083377605665	1.00003439399705	1.00083377605664	0.849990078965015	0.0272779941537717	0.00823463045787905	0.0272779941537723	0.0337807074024032	0.00885718697316334	-0.00146417004701176	0.00885718697316353	0.0103372925170238	-0.00141697254378195	-0.0088894325461359	-0.00141697254378184	0.0337807074024039	0.00885718697316352	-0.00146417004701165	0.00885718697316375
1	1.00411158887325	1.00074442431477	1.00411158887325	1.00576162944302	1.00083364038493	1.00003439658204	1.00083364038494	1.00107493826327	1.00003156639618	1.0016720479347	1.00003156639618	1.00576162944302	1.00083364038494	1.00003439658204	1.00083364038493	0.84999027541467	0.027277949794437	0.00823463021703098	0.0272779497944376	0.0337807723888519	0.00885718572527445	-0.00146417005069058	0.00885718572527471	0.0103372991123791	-0.00141697254010602	-0.00888943254658815	-0.00141697254010591	0.0337807723888526	0.00885718572527471	-0.00146417005069047	0.00885718572527487
1	1.00411010138664	1.00074439724228	1.00411010138664	1.00576336830758	1.00083351002834	1.00003439906568	1.00083351002834	1.00107552521307	1.00003156394356	1.00167204793322	1.00003156394356	1.00576336830758	1.00083351002834	1.00003439906568	1.00083351002834	0.849990467974361	0.0272779071668444	0.00823462998561932	0.027277907166845	0.0337808348436749	0.00885718452627294	-0.0014641700542251	0.00885718452627318	0.0103373054494322	-0.00141697253657424	-0.00888943254702291	-0.00141697253657413	0.0337808348436756	0.00885718452627317	-0.00146417005422498	0.00885718452627335
1	1.00410867196989	1.0007443712305	1.00410867196989	1.00576503943249	1.00083338477862	1.00003440145194	1.00083338477862	1.00107608917535	1.00003156158711	1.00167204793179	1.00003156158711	1.00576503943249	1.00083338477862	1.00003440145194	1.00083338477862	0.849990656721115	0.0272778662033854	0.0082346297632741	0.027277866203386	0.0337808948654911	0.00885718337424359	-0.00146417005762098	0.00885718337424377	0.0103373115382992	-0.00141697253318094	-0.00888943254744075	-0.00141697253318083	0.0337808948654918	0.00885718337424376	-0.00146417005762087	0.008857183374244
1	1.00410729835594	1.00074434623787	1.00410729835594	1.00576664545655	1.00083326443573	1.00003440374463	1.00083326443573	1.00107663105037	1.00003155932305	1.00167204793042	1.00003155932305	1.00576664545655	1.00083326443573	1.00003440374463	1.00083326443573	0.849990841730432	0.0272778268390924	0.00823462954964014	0.027277826839093	0.0337809525490775	0.00885718226734611	-0.00146417006088367	0.00885718226734628	0.0103373173886997	-0.00141697252992072	-0.00888943254784221	-0.00141697252992061	0.0337809525490782	0.00885718226734627	-0.00146417006088355	0.00885718226734653
1	1.00410597836623	1.00074432222445	1.00410597836623	1.00576818891573	1.00083314880742	1.00003440594743	1.00083314880742	1.00107715170316	1.00003155714777	1.00167204792911	1.00003155714777	1.00576818891573	1.00083314880742	1.00003440594743	1.00083314880742	0.84999102307632	0.0272777890115338	0.00823462934437626	0.0272777890115344	0.0337810079855199	0.00885718120381248	-0.00146417006401839	0.00885718120381266	0.0103373230099733	-0.00141697252678835	-0.00888943254822813	-0.00141697252678824	0.0337810079855206	0.00885718120381265	-0.00146417006401827	0.0088571812038129
1	1.00410470990727	1.00074429915188	1.00410470990727	1.00576967224725	1.00083303770899	1.00003440806386	1.00083303770899	1.00107765196487	1.00003155505777	1.00167204792785	1.00003155505777	1.00576967224725	1.00083303770899	1.00003440806386	1.00083303770899	0.849991200831319	0.0272777526607154	0.00823462914715451	0.027277752660716	0.0337810612623556	0.00885718018194394	-0.00146417006703015	0.00885718018194408	0.0103373284110934	-0.00141697252377882	-0.0088894325485992	-0.00141697252377871	0.0337810612623563	0.00885718018194408	-0.00146417006703004	0.00885718018194435
1	1.00410349096731	1.0007442769833	1.00410349096731	1.00577109779338	1.00083293096298	1.00003441009731	1.00083293096298	1.00107813263409	1.00003155304973	1.00167204792664	1.00003155304973	1.00577109779338	1.00083293096298	1.00003441009731	1.00083293096298	0.849991375066532	0.0272777177289852	0.00823462895765981	0.0272777177289858	0.0337811124637124	0.00885717920010817	-0.00146417006992381	0.00885717920010832	0.0103373336006821	-0.00141697252088731	-0.00888943254895589	-0.0014169725208872	0.0337811124637131	0.00885717920010831	-0.0014641700699237	0.00885717920010859
1	1.00410231961312	1.00074425568329	1.00410231961312	1.00577246780517	1.00083282839888	1.00003441205102	1.00083282839888	1.00107859447815	1.00003155112041	1.00167204792547	1.00003155112041	1.00577246780517	1.00083282839888	1.00003441205102	1.00083282839888	0.849991545851657	0.0272776841609422	0.00823462877558922	0.0272776841609427	0.0337811616704409	0.00885717825673679	-0.00146417007270396	0.00885717825673693	0.0103373385870238	-0.00141697251810918	-0.00888943254929857	-0.00141697251810906	0.0337811616704416	0.00885717825673693	-0.00146417007270385	0.00885717825673721
1	1.00410119398698	1.00074423521781	1.00410119398698	1.00577378444596	1.00083272985286	1.00003441392813	1.00083272985286	1.00107903823432	1.00003154926675	1.00167204792436	1.00003154926675	1.00577378444596	1.00083272985286	1.00003441392813	1.00083272985286	0.849991713255011	0.0272776519033486	0.00823462860065208	0.0272776519033491	0.0337812089602423	0.00885717735032291	-0.00146417007537505	0.00885717735032305	0.0103373433780783	-0.00141697251543997	-0.00888943254962791	-0.00141697251543986	0.033781208960243	0.00885717735032304	-0.00146417007537494	0.00885717735032333
1	1.00410011230368	1.00074421555418	1.00410011230368	1.00577504979485	1.0008326351675	1.00003441573164	1.0008326351675	1.00107946461098	1.00003154748576	1.00167204792329	1.00003154748576	1.00577504979485	1.0008326351675	1.00003441573164	1.0008326351675	0.849991877343555	0.0272776209050449	0.00823462843256896	0.0272776209050455	0.0337812544077916	0.00885717647941873	-0.00146417007794138	0.00885717647941888	0.0103373479814939	-0.00141697251287544	-0.00888943254994466	-0.00141697251287533	0.0337812544077923	0.00885717647941887	-0.00146417007794127	0.00885717647941914
1	1.0040990728477	1.00074419666097	1.0040990728477	1.00577626584993	1.00083254419156	1.00003441746444	1.00083254419156	1.0010798742888	1.00003154577461	1.00167204792226	1.00003154577461	1.00577626584993	1.00083254419156	1.00003441746444	1.00083254419156	0.849992038182929	0.0272775911168686	0.00823462827107114	0.0272775911168692	0.0337812980848542	0.00885717564263308	-0.00146417008040705	0.00885717564263323	0.0103373524046194	-0.0014169725104115	-0.008889432550249	-0.00141697251041139	0.0337812980848549	0.00885717564263322	-0.00146417008040694	0.00885717564263349
1	1.00409807397051	1.000744178508	1.00409807397051	1.00577743453147	1.00083245677971	1.0000344191293	1.00083245677971	1.00108026792177	1.00003154413054	1.00167204792128	1.00003154413054	1.00577743453147	1.00083245677971	1.0000344191293	1.00083245677971	0.84999219583747	0.0272775624915772	0.00823462811590062	0.0272775624915778	0.0337813400604007	0.00885717483862937	-0.00146417008277602	0.0088571748386295	0.0103373566545156	-0.00141697250804418	-0.00888943255054159	-0.00141697250804406	0.0337813400604014	0.0088571748386295	-0.00146417008277591	0.00885717483862978
1	1.00409711408794	1.00074416106627	1.00409711408794	1.00577855768494	1.00083237279233	1.00003442072887	1.00083237279233	1.00108064613827	1.00003154255094	1.00167204792033	1.00003154255094	1.00577855768494	1.00083237279233	1.00003442072887	1.00083237279233	0.849992350370242	0.0272775349837725	0.00823462796680964	0.0272775349837731	0.0337813804007147	0.00885717406612335	-0.00146417008505205	0.00885717406612344	0.0103373607379668	-0.00141697250576969	-0.00888943255082271	-0.00141697250576958	0.0337813804007154	0.00885717406612344	-0.00146417008505194	0.00885717406612376
1	1.00409619167766	1.00074414430791	1.00409619167767	1.00577963708392	1.00083229209525	1.00003442226573	1.00083229209525	1.00108100954208	1.00003154103328	1.00167204791942	1.00003154103328	1.00577963708392	1.00083229209525	1.00003442226573	1.00083229209525	0.84999250184306	0.0272775085498284	0.0082346278235599	0.027277508549829	0.0337814191694978	0.00885717332388093	-0.00146417008723883	0.00885717332388107	0.0103373646614917	-0.00141697250358438	-0.00888943255109294	-0.00141697250358427	0.0337814191694985	0.00885717332388106	-0.00146417008723871	0.00885717332388134
1	1.00409530527679	1.00074412820614	1.00409530527679	1.0057806744329	1.00083221455959	1.00003442374233	1.00083221455959	1.00108135871333	1.00003153957512	1.00167204791855	1.00003153957512	1.0057806744329	1.00083221455959	1.00003442374233	1.00083221455959	0.849992650316515	0.0272774831478222	0.00823462768592257	0.0272774831478228	0.0337814564279705	0.00885717261071664	-0.00146417008933982	0.00885717261071681	0.0103373684313538	-0.00141697250148479	-0.00888943255135257	-0.00141697250148468	0.0337814564279712	0.00885717261071681	-0.0014641700893397	0.00885717261071705
1	1.00409445347954	1.00074411273524	1.00409445347954	1.00578167136997	1.00083214006147	1.00003442516104	1.00083214006147	1.00108169420941	1.00003153817414	1.00167204791771	1.00003153817414	1.00578167136997	1.00083214006147	1.00003442516104	1.00083214006147	0.849992795849999	0.027277458737468	0.00823462755367786	0.0272774587374686	0.0337814922349681	0.00885717192549128	-0.00146417009135842	0.00885717192549143	0.0103373720535711	-0.00141697249946752	-0.00888943255160226	-0.00141697249946741	0.0337814922349688	0.00885717192549143	-0.00146417009135831	0.00885717192549169
1	1.00409363493502	1.0007440978705	1.00409363493502	1.00578262946942	1.00083206848192	1.00003442652411	1.00083206848192	1.00108201656592	1.00003153682808	1.00167204791691	1.00003153682808	1.00578262946942	1.00083206848192	1.00003442652411	1.00083206848192	0.849992938501727	0.0272774352800524	0.00823462742661425	0.027277435280053	0.0337815266470342	0.00885717126711023	-0.00146417009329784	0.00885717126711043	0.0103373755339259	-0.00141697249752935	-0.0088894325518423	-0.00141697249752924	0.0337815266470349	0.00885717126711043	-0.00146417009329772	0.00885717126711064
1	1.00409284834508	1.00074408358815	1.00409284834508	1.00578355024421	1.00083199970657	1.00003442783375	1.00083199970657	1.00108232629745	1.00003153553481	1.00167204791614	1.00003153553481	1.00578355024421	1.00083199970657	1.00003442783375	1.00083199970657	0.849993078328761	0.0272774127383737	0.00823462730452903	0.0272774127383743	0.0337815597185102	0.008857170634522	-0.00146417009516119	0.00885717063452217	0.0103373788779743	-0.0014169724956672	-0.00888943255207291	-0.00141697249566708	0.0337815597185109	0.00885717063452217	-0.00146417009516107	0.00885717063452241
1	1.00409209246222	1.0007440698654	1.00409209246222	1.00578443514836	1.00083193362559	1.00003442909203	1.00083193362559	1.00108262389846	1.00003153429224	1.0016720479154	1.00003153429224	1.00578443514836	1.00083193362559	1.00003442909203	1.00083193362559	0.849993215387034	0.0272773910766822	0.00823462718722693	0.0272773910766828	0.0337815915016197	0.00885717002671595	-0.00146417009695145	0.00885717002671617	0.0103373820910547	-0.00141697249387806	-0.00888943255229451	-0.00141697249387795	0.0337815915016204	0.00885717002671616	-0.00146417009695133	0.00885717002671636
1	1.0040913660877	1.0007440566803	1.0040913660877	1.00578528557926	1.00083187013341	1.00003443030097	1.00083187013341	1.00108290984402	1.00003153309839	1.00167204791469	1.00003153309839	1.00578528557926	1.00083187013341	1.00003443030097	1.00083187013341	0.849993349731372	0.0272773702606245	0.00823462707452073	0.027277370260625	0.0337816220465532	0.00885716944272137	-0.00146417009867151	0.00885716944272157	0.0103373851782961	-0.00141697249215909	-0.00888943255250762	-0.00141697249215897	0.0337816220465539	0.00885716944272157	-0.0014641700986714	0.00885716944272178
1	1.00409066806952	1.0007440440118	1.00409066806952	1.00578610287985	1.00083180912861	1.00003443146252	1.00083180912861	1.00108318459062	1.00003153195135	1.001672047914	1.00003153195135	1.00578610287985	1.00083180912861	1.00003443146252	1.00083180912861	0.849993481415514	0.0272773502571875	0.00823462696623033	0.0272773502571881	0.033781651401545	0.00885716888160531	-0.0014641701003241	0.0088571688816056	0.010337388144627	-0.00141697249050752	-0.00888943255271243	-0.00141697249050741	0.0337816514015457	0.00885716888160559	-0.00146417010032399	0.00885716888160572
1	1.0040899973007	1.00074403183965	1.0040899973007	1.00578688834078	1.00083175051375	1.00003443257852	1.00083175051375	1.00108344857685	1.00003153084929	1.00167204791335	1.00003153084929	1.00578688834078	1.00083175051375	1.00003443257852	1.00083175051375	0.849993610492135	0.027277331034648	0.00823462686218255	0.0272773310346486	0.0337816796129508	0.00885716834247155	-0.00146417010191187	0.00885716834247181	0.0103373909947828	-0.00141697248892072	-0.00888943255290917	-0.00141697248892061	0.0337816796129515	0.00885716834247181	-0.00146417010191175	0.00885716834247197
1	1.00408935271744	1.0007440201444	1.00408935271744	1.00578764320239	1.00083169419519	1.00003443365076	1.00083169419519	1.00108370222415	1.00003152979044	1.00167204791272	1.00003152979044	1.00578764320239	1.00083169419519	1.00003443365076	1.00083169419519	0.849993737012867	0.0272773125625204	0.00823462676221133	0.027277312562521	0.0337817067253207	0.00885716782445892	-0.00146417010343736	0.00885716782445919	0.0103373937333135	-0.00141697248739616	-0.00888943255309843	-0.00141697248739605	0.0337817067253215	0.00885716782445918	-0.00146417010343724	0.00885716782445933
1	1.00408873329751	1.00074400890738	1.00408873329751	1.00578836865673	1.00083164008299	1.00003443468096	1.00083164008299	1.00108394593742	1.0000315287731	1.00167204791212	1.0000315287731	1.00578836865673	1.00083164008299	1.00003443468096	1.00083164008299	0.849993861028322	0.0272772948115093	0.00823462666615695	0.0272772948115099	0.0337817327814692	0.00885716732673985	-0.00146417010490301	0.0088571673267401	0.0103373963645906	-0.00141697248593135	-0.00888943255328013	-0.00141697248593123	0.0337817327814699	0.00885716732674009	-0.00146417010490289	0.00885716732674027
1	1.00408813805854	1.00074399811063	1.00408813805854	1.00578906584941	1.00083158809069	1.00003443567077	1.00083158809069	1.00108418010573	1.00003152779566	1.00167204791154	1.00003152779566	1.00578906584941	1.00083158809069	1.00003443567077	1.00083158809069	0.849993982588106	0.027277277753464	0.00823462657386582	0.0272772777534646	0.033781757822543	0.00885716684851941	-0.00146417010631118	0.00885716684851967	0.0103373988928149	-0.00141697248452399	-0.00888943255345495	-0.00141697248452388	0.0337817578225437	0.00885716684851967	-0.00146417010631106	0.00885716684851983
1	1.00408756605656	1.0007439877369	1.00408756605656	1.00578973588139	1.00083153813525	1.00003443662177	1.00083153813525	1.00108440510291	1.00003152685653	1.00167204791098	1.00003152685653	1.00578973588139	1.00083153813525	1.00003443662177	1.00083153813525	0.849994101740844	0.0272772613613316	0.00823462648519062	0.0272772613613322	0.033781781888086	0.00885716638903373	-0.00146417010766411	0.008857166389034	0.0103374013220222	-0.00141697248317183	-0.00888943255362299	-0.00141697248317172	0.0337817818880867	0.008857166389034	-0.001464170107664	0.00885716638903415
1	1.00408701638443	1.00074397776961	1.00408701638443	1.00579037981077	1.00083149013688	1.00003443753548	1.00083149013688	1.00108462128813	1.00003152595423	1.00167204791045	1.00003152595423	1.00579037981077	1.00083149013688	1.00003443753548	1.00083149013688	0.849994218534201	0.027277245609116	0.00823462639998961	0.0272772456091166	0.0337818050161015	0.00885716594754887	-0.00146417010896399	0.00885716594754912	0.0103374036560906	-0.0014169724818727	-0.00888943255378445	-0.00141697248187259	0.0337818050161022	0.00885716594754912	-0.00146417010896387	0.00885716594754929
1	1.00408648817041	1.00074396819284	1.00408648817041	1.00579099865441	1.0008314440189	1.00003443841337	1.0008314440189	1.00108482900651	1.00003152508731	1.00167204790994	1.00003152508731	1.00579099865441	1.0008314440189	1.00003443841337	1.0008314440189	0.849994333014894	0.0272772304718354	0.00823462631812678	0.027277230471836	0.0337818272431124	0.00885716552335966	-0.00146417011021288	0.0088571655233599	0.010337405898746	-0.00141697248062451	-0.00888943255393961	-0.0014169724806244	0.0337818272431131	0.00885716552335989	-0.00146417011021276	0.00885716552336008
1	1.00408598057681	1.00074395899129	1.00408598057681	1.00579159338958	1.00083139970765	1.00003443925683	1.00083139970765	1.00108502858966	1.00003152425438	1.00167204790945	1.00003152425438	1.00579159338959	1.00083139970765	1.00003443925683	1.00083139970765	0.849994445228717	0.0272772159254838	0.00823462623947116	0.0272772159254844	0.0337818486042188	0.00885716511578838	-0.00146417011141277	0.00885716511578865	0.0103374080535686	-0.00141697247942526	-0.00888943255408872	-0.00141697247942514	0.0337818486042196	0.00885716511578865	-0.00146417011141265	0.0088571651157888
1	1.00408549279865	1.00074395015026	1.00408549279865	1.00579216495547	1.00083135713234	1.00003444006722	1.00083135713234	1.00108522035618	1.00003152345411	1.00167204790898	1.00003152345411	1.00579216495547	1.00083135713234	1.00003444006722	1.00083135713234	0.849994555220558	0.0272772019469924	0.00823462616389731	0.0272772019469929	0.0337818691331537	0.00885716472418412	-0.00146417011256561	0.00885716472418435	0.0103374101239983	-0.00141697247827304	-0.00888943255423199	-0.00141697247827293	0.0337818691331545	0.00885716472418434	-0.00146417011256549	0.00885716472418454
1	1.00408502406236	1.00074394165562	1.00408502406236	1.00579271425466	1.00083131622497	1.00003444084584	1.00083131622497	1.00108540461221	1.00003152268522	1.00167204790852	1.00003152268522	1.00579271425466	1.00083131622497	1.00003444084584	1.00083131622497	0.849994663034415	0.0272771885141925	0.00823462609128447	0.0272771885141931	0.0337818888623359	0.00885716434792143	-0.00146417011367323	0.00885716434792156	0.0103374121133403	-0.001416972477166	-0.00888943255436983	-0.00141697247716589	0.0337818888623366	0.00885716434792155	-0.00146417011367311	0.00885716434792184
1	1.00408457362457	1.0007439334938	1.00408457362457	1.00579324215461	1.0008312769202	1.00003444159392	1.0008312769202	1.00108558165189	1.00003152194647	1.00167204790809	1.00003152194647	1.00579324215461	1.0008312769202	1.00003444159392	1.0008312769202	0.849994768713414	0.0272771756057816	0.00823462602151644	0.0272771756057822	0.0337819078229209	0.00885716398639907	-0.00146417011473742	0.00885716398639924	0.0103374140247704	-0.00141697247610239	-0.00888943255450223	-0.00141697247610227	0.0337819078229216	0.00885716398639923	-0.0014641701147373	0.00885716398639949
1	1.00408414077095	1.00074392565176	1.00408414077095	1.00579374948896	1.00083123915524	1.00003444231268	1.00083123915524	1.00108575175786	1.00003152123669	1.00167204790767	1.00003152123669	1.00579374948896	1.00083123915524	1.00003444231268	1.00083123915524	0.849994872299828	0.0272771632012883	0.00823462595448188	0.0272771632012889	0.0337819260448511	0.00885716363903969	-0.00146417011575985	0.00885716363903992	0.0103374158613401	-0.00141697247508048	-0.00888943255462955	-0.00141697247508037	0.0337819260448518	0.00885716363903992	-0.00146417011575973	0.00885716363904011
1	1.00408372481503	1.00074391811698	1.00408372481503	1.00579423705888	1.00083120286976	1.00003444300325	1.00083120286976	1.00108591520166	1.00003152055474	1.00167204790727	1.00003152055474	1.00579423705888	1.00083120286976	1.00003444300325	1.00083120286976	0.849994973835095	0.0272771512810404	0.00823462589007377	0.027277151281041	0.0337819435569023	0.00885716330528853	-0.0014641701167422	0.00885716330528876	0.010337417625981	-0.00141697247409866	-0.00888943255475196	-0.00141697247409855	0.033781943556903	0.00885716330528875	-0.00146417011674208	0.00885716330528895
