1	1.36683512404938	1.6076070702329	1.36683512404938	1.36683512404939	1.6076070702329	1.70618415826385	1.6076070702329	1.6076070702329	1.70618415826385	2.82560069621316	1.70618415826385	1.36683512404938	1.6076070702329	1.70618415826384	1.6076070702329	1.6434715350614	1.19518805309785	1.15020840634564	1.19518805309785	1.19518805309785	1.15020840634565	0.982309303836392	1.15020840634565	1.15020840634564	0.982309303836395	1.67795671093821	0.982309303836397	1.19518805309786	1.15020840634565	0.982309303836394	1.15020840634566
1	1.41170762476071	1.70422112682016	1.4117076247607	1.41170762476071	1.70422112682017	1.77691623639947	1.70422112682017	1.70422112682016	1.77691623639948	3.23998463090093	1.77691623639947	1.4117076247607	1.70422112682017	1.77691623639947	1.70422112682016	1.69986758993028	1.14089967575955	1.16054412095131	1.14089967575955	1.14089967575955	1.16054412095134	0.922783558427973	1.16054412095134	1.16054412095131	0.922783558427975	1.80495088448283	0.922783558427977	1.14089967575955	1.16054412095134	0.922783558427975	1.16054412095134
1	1.42789408169624	1.76858714268901	1.42789408169623	1.42789408169624	1.76858714268904	1.78822119098332	1.76858714268903	1.76858714268901	1.78822119098333	3.54237119210314	1.78822119098333	1.42789408169623	1.76858714268903	1.78822119098332	1.76858714268903	1.75089685060527	1.06251997829299	1.17299095949851	1.062519978293	1.062519978293	1.17299095949857	0.853320767878088	1.17299095949857	1.17299095949852	0.853320767878088	1.91132237129827	0.853320767878091	1.062519978293	1.17299095949857	0.853320767878091	1.17299095949858
1	1.42211910295424	1.81308320532826	1.42211910295424	1.42211910295424	1.81308320532831	1.7618504308712	1.8130832053283	1.81308320532826	1.7618504308712	3.76357698118529	1.7618504308712	1.42211910295424	1.8130832053283	1.7618504308712	1.8130832053283	1.79707003507872	0.967259301958541	1.1865926113346	0.967259301958547	0.967259301958546	1.18659261133467	0.779213630224322	1.18659261133467	1.1865926113346	0.779213630224317	1.99370168496799	0.77921363022432	0.967259301958552	1.18659261133467	0.779213630224324	1.18659261133468
1	1.40121133449296	1.84604024481041	1.40121133449296	1.40121133449296	1.84604024481046	1.71435027033438	1.84604024481046	1.84604024481041	1.71435027033438	3.92693131762137	1.71435027033438	1.40121133449296	1.84604024481046	1.71435027033438	1.84604024481046	1.83884926010017	0.867759655700781	1.2000892037856	0.867759655700788	0.867759655700784	1.20008920378567	0.708083736396908	1.20008920378567	1.2000892037856	0.708083736396906	2.05434701103909	0.708083736396909	0.867759655700791	1.20008920378567	0.708083736396911	1.20008920378567
1	1.37138998378645	1.87184081896911	1.37138998378645	1.37138998378645	1.87184081896918	1.65726935292552	1.87184081896917	1.87184081896912	1.65726935292551	4.04585981555102	1.65726935292551	1.37138998378645	1.87184081896917	1.65726935292552	1.87184081896918	1.87665266619612	0.775468696525847	1.21270398399417	0.775468696525854	0.775468696525845	1.21270398399423	0.645122631175374	1.21270398399423	1.21270398399417	0.645122631175373	2.09751205824569	0.645122631175375	0.775468696525852	1.21270398399423	0.645122631175376	1.21270398399424
1	1.33768748922189	1.89255605522659	1.33768748922189	1.33768748922189	1.89255605522666	1.59806298794841	1.89255605522665	1.89255605522659	1.59806298794841	4.12893190917811	1.59806298794841	1.33768748922189	1.89255605522665	1.59806298794841	1.89255605522666	1.91085860256095	0.696503207418561	1.22419347562191	0.696503207418567	0.696503207418561	1.22419347562197	0.592081740730661	1.22419347562197	1.22419347562191	0.592081740730662	2.12754321698453	0.592081740730664	0.696503207418568	1.22419347562197	0.592081740730664	1.22419347562198
1	1.3036300515365	1.9092617174332	1.3036300515365	1.3036300515365	1.90926171743327	1.54109716034468	1.90926171743326	1.9092617174332	1.54109716034468	4.18348774609781	1.54109716034468	1.3036300515365	1.90926171743326	1.54109716034469	1.90926171743326	1.9418094137028	0.632234212894192	1.23458872426735	0.632234212894199	0.632234212894194	1.2345887242674	0.548544874940552	1.2345887242674	1.23458872426735	0.54854487494055	2.14812642295907	0.548544874940553	0.632234212894201	1.2345887242674	0.548544874940554	1.23458872426741
1	1.27135144449477	1.92268513844473	1.27135144449477	1.27135144449477	1.9226851384448	1.48861694790138	1.92268513844479	1.92268513844473	1.48861694790138	4.21644750528675	1.48861694790138	1.27135144449477	1.92268513844479	1.48861694790138	1.92268513844479	1.96981486574251	0.58138098333069	1.24399794144217	0.581380983330696	0.581380983330694	1.24399794144221	0.51320498352908	1.24399794144221	1.24399794144217	0.513204983529077	2.16210913329411	0.513204983529079	0.581380983330701	1.24399794144221	0.513204983529082	1.24399794144222
1	1.24194112738955	1.93342772262053	1.24194112738955	1.24194112738955	1.93342772262059	1.44153568364344	1.93342772262059	1.93342772262053	1.44153568364344	4.23393340089048	1.44153568364344	1.24194112738955	1.93342772262059	1.44153568364344	1.93342772262059	1.99515524665705	0.541674530959334	1.25252547020561	0.541674530959341	0.541674530959335	1.25252547020565	0.484584669995505	1.25252547020565	1.25252547020561	0.484584669995504	2.17156986123146	0.484584669995506	0.541674530959342	1.25252547020565	0.484584669995507	1.25252547020566
1	1.2158076154824	1.94201314741627	1.2158076154824	1.2158076154824	1.94201314741633	1.39999571652472	1.94201314741632	1.94201314741627	1.39999571652472	4.24089835870974	1.39999571652472	1.21580761548241	1.94201314741632	1.39999571652472	1.94201314741633	2.0180841714958	0.510774145077437	1.2602546148423	0.510774145077443	0.510774145077438	1.26025461484234	0.461344283836723	1.26025461484234	1.2602546148423	0.461344283836722	2.17797071821904	0.461344283836724	0.510774145077444	1.26025461484234	0.461344283836725	1.26025461484234
1	1.19296020564463	1.94888838862909	1.19296020564463	1.19296020564463	1.94888838862915	1.36373037585376	1.94888838862914	1.94888838862909	1.36373037585376	4.24106328761508	1.36373037585376	1.19296020564463	1.94888838862914	1.36373037585376	1.94888838862914	2.03883112064523	0.486651988890111	1.26725187501391	0.486651988890117	0.48665198889011	1.26725187501394	0.44237432282019	1.26725187501394	1.26725187501391	0.442374322820186	2.18231554168205	0.442374322820188	0.486651988890115	1.26725187501394	0.442374322820192	1.26725187501395
1	1.17319751972128	1.95442208388706	1.17319751972128	1.17319751972128	1.95442208388711	1.33228207039959	1.95442208388711	1.95442208388706	1.33228207039959	4.23707304099731	1.33228207039959	1.17319751972128	1.9544220838871	1.33228207039959	1.95442208388711	2.05760373654572	0.467690564698771	1.2735740794588	0.467690564698777	0.467690564698772	1.27357407945883	0.426794031857809	1.27357407945883	1.2735740794588	0.426794031857808	2.18528295559822	0.42679403185781	0.467690564698777	1.27357407945883	0.426794031857811	1.27357407945884
1	1.1562229354855	1.95890933968479	1.1562229354855	1.1562229354855	1.95890933968483	1.30512651399578	1.95890933968482	1.95890933968479	1.30512651399578	4.2307312929779	1.30512651399578	1.1562229354855	1.95890933968482	1.30512651399578	1.95890933968483	2.07458990184691	0.452653792049283	1.2792732443912	0.452653792049289	0.452653792049287	1.27927324439123	0.413917246128792	1.27927324439123	1.2792732443912	0.413917246128792	2.18732749175863	0.413917246128793	0.452653792049292	1.27927324439123	0.413917246128794	1.27927324439124
1	1.14171073269279	1.96258133787674	1.14171073269279	1.14171073269279	1.96258133787678	1.28173949443921	1.96258133787677	1.96258133787674	1.28173949443921	4.22322782145688	1.28173949443921	1.14171073269279	1.96258133787677	1.28173949443921	1.96258133787677	2.08995961980037	0.440616859059315	1.28439891341682	0.440616859059321	0.440616859059319	1.28439891341685	0.4032123639501	1.28439891341685	1.28439891341682	0.403212363950102	2.18875208758466	0.403212363950103	0.440616859059324	1.28439891341685	0.403212363950102	1.28439891341685
1	1.12934158962022	1.96561663042828	1.12934158962022	1.12934158962022	1.96561663042832	1.26163000392974	1.96561663042831	1.96561663042828	1.26163000392974	4.21532373284821	1.26163000392974	1.12934158962022	1.96561663042831	1.26163000392974	1.96561663042831	2.10386671570932	0.430893219494237	1.28899888517763	0.430893219494242	0.43089321949424	1.28899888517765	0.394266610460033	1.28899888517765	1.28899888517763	0.394266610460033	2.18975826821256	0.394266610460035	0.430893219494245	1.28899888517765	0.394266610460035	1.28899888517766
1	1.11881996609262	1.96815199182053	1.11881996609262	1.11881996609262	1.96815199182056	1.24435438991147	1.96815199182056	1.96815199182053	1.24435438991147	4.20748951948141	1.24435438991147	1.11881996609262	1.96815199182056	1.24435438991147	1.96815199182056	2.11645037646395	0.422972722154334	1.29311915399239	0.422972722154339	0.422972722154336	1.29311915399241	0.386757304467486	1.29311915399241	1.29311915399239	0.386757304467485	2.19048014599322	0.386757304467487	0.422972722154342	1.29311915399241	0.386757304467488	1.29311915399242
1	1.10988120276069	1.97029181542017	1.10988120276069	1.10988120276069	1.97029181542019	1.22952020907793	1.97029181542019	1.97029181542016	1.22952020907793	4.20000279275787	1.22952020907793	1.10988120276069	1.97029181542019	1.22952020907793	1.97029181542019	2.1278365435706	0.416473731769585	1.29680357671852	0.41647373176959	0.416473731769588	1.29680357671853	0.380429881146111	1.29680357671854	1.29680357671852	0.380429881146113	2.19100716106971	0.380429881146115	0.416473731769593	1.29680357671854	0.380429881146113	1.29680357671854
1	1.10229302255441	1.97211577252172	1.10229302255441	1.10229302255441	1.97211577252174	1.21678478677827	1.97211577252174	1.97211577252172	1.21678478677827	4.19301534656527	1.21678478677828	1.10229302255441	1.97211577252174	1.21678478677827	1.97211577252174	2.13813917361671	0.411107786069336	1.30009352578705	0.411107786069341	0.411107786069335	1.30009352578706	0.375081484880753	1.30009352578706	1.30009352578704	0.375081484880755	2.19139917830529	0.375081484880757	0.41110778606934	1.30009352578706	0.375081484880754	1.30009352578706
1	1.09585415859719	1.9736848288782	1.09585415859719	1.09585415859719	1.97368482887821	1.20585129399693	1.97368482887821	1.97368482887819	1.20585129399693	4.18659828878619	1.20585129399693	1.09585415859719	1.97368482887821	1.20585129399693	1.97368482887821	2.14746137878661	0.406654149777694	1.30302763394476	0.406654149777699	0.406654149777696	1.30302763394477	0.370548839396347	1.30302763394477	1.30302763394476	0.370548839396348	2.19169646994725	0.37054883939635	0.406654149777701	1.30302763394477	0.370548839396348	1.30302763394478
1	1.09039165344288	1.97504586329526	1.09039165344288	1.09039165344288	1.97504586329528	1.19646388011433	1.97504586329527	1.97504586329526	1.19646388011433	4.18077202957893	1.19646388011433	1.09039165344288	1.97504586329527	1.19646388011433	1.97504586329527	2.15589645884293	0.402941704981183	1.30564165597667	0.402941704981188	0.402941704981183	1.30564165597668	0.366699286069385	1.30564165597668	1.30564165597667	0.366699286069386	2.19192630522674	0.366699286069387	0.402941704981188	1.30564165597668	0.366699286069387	1.30564165597668
1	1.0857576814228	1.9762351628543	1.0857576814228	1.0857576814228	1.97623516285432	1.18840267146138	1.97623516285431	1.9762351628543	1.18840267146138	4.17552602490892	1.18840267146138	1.0857576814228	1.97623516285431	1.18840267146138	1.97623516285431	2.16352883490201	0.399836096447168	1.30796843690601	0.399836096447173	0.399836096447167	1.30796843690602	0.363424127792056	1.30796843690602	1.30796843690601	0.363424127792055	2.19210729926126	0.363424127792057	0.399836096447171	1.30796843690602	0.363424127792057	1.30796843690603
1	1.08182634545975	1.97728104557442	1.08182634545975	1.08182634545975	1.97728104557443	1.18147903635416	1.97728104557443	1.97728104557442	1.18147903635416	4.170831670792	1.18147903635417	1.08182634545975	1.97728104557443	1.18147903635417	1.97728104557443	2.17043489434879	0.397230572705199	1.31003796387793	0.397230572705204	0.397230572705195	1.31003796387794	0.360633639740953	1.31003796387795	1.31003796387794	0.360633639740953	2.19225228555558	0.360633639740955	0.3972305727052	1.31003796387795	0.360633639740955	1.31003796387795
1	1.07849067205188	1.97820581922709	1.07849067205188	1.07849067205188	1.9782058192271	1.1755312917481	1.9782058192271	1.97820581922709	1.1755312917481	4.16665064936984	1.1755312917481	1.07849067205188	1.9782058192271	1.1755312917481	1.9782058192271	2.1766837553474	0.395039405371555	1.31187747770316	0.39503940537156	0.395039405371553	1.31187747770317	0.358253286384359	1.31187747770317	1.31187747770316	0.358253286384358	2.19237021637008	0.35825328638436	0.395039405371558	1.31187747770317	0.35825328638436	1.31187747770317
1	1.07565990120326	1.97902724140561	1.07565990120326	1.07565990120325	1.97902724140563	1.17042090582144	1.97902724140562	1.97902724140561	1.17042090582144	4.16294026698895	1.17042090582144	1.07565990120326	1.97902724140562	1.17042090582144	1.97902724140562	2.18233795859905	0.393193105462318	1.31351162325278	0.393193105462322	0.393193105462316	1.31351162325279	0.356220816629461	1.31351162325279	1.31351162325278	0.356220816629463	2.19246742279219	0.356220816629464	0.393193105462321	1.31351162325279	0.356220816629463	1.3135116232528
1	1.07325709927236	1.97975960762908	1.07325709927236	1.07325709927236	1.97975960762909	1.16602918893331	1.97975960762909	1.97975960762908	1.16602918893331	4.15965680856198	1.16602918893331	1.07325709927236	1.97975960762909	1.16602918893331	1.97975960762909	2.18745409327031	0.391634897741551	1.31496262232873	0.391634897741555	0.391634897741551	1.31496262232873	0.354484004368853	1.31496262232874	1.31496262232873	0.354484004368854	2.19254845266059	0.354484004368856	0.391634897741555	1.31496262232874	0.354484004368854	1.31496262232874
1	1.07121708708092	1.98041456309645	1.07121708708092	1.07121708708092	1.98041456309646	1.16225443626229	1.98041456309646	1.98041456309645	1.16225443626229	4.15675758707755	1.16225443626229	1.07121708708092	1.98041456309646	1.16225443626229	1.98041456309646	2.19208336335659	0.39031808328844	1.31625045688218	0.390318083288445	0.39031808328844	1.31625045688219	0.35299886893053	1.31625045688219	1.31625045688218	0.352998868930532	2.19261662976392	0.352998868930534	0.390318083288445	1.31625045688219	0.352998868930532	1.3162504568822
1	1.06948465862485	1.98100170953409	1.06948465862485	1.06948465862485	1.9810017095341	1.1590094738904	1.9810017095341	1.98100170953409	1.1590094738904	4.15420214069069	1.1590094738904	1.06948465862485	1.9810017095341	1.1590094738904	1.9810017095341	2.19627210014887	0.389204036687718	1.31739305397044	0.389204036687723	0.38920403668772	1.31739305397045	0.351728257441765	1.31739305397045	1.31739305397044	0.351728257441769	2.19267442864081	0.351728257441771	0.389204036687724	1.31739305397045	0.351728257441767	1.31739305397045
1	1.06801305913824	1.98152906000082	1.06801305913824	1.06801305913824	1.98152906000083	1.15621955830947	1.98152906000083	1.98152906000082	1.15621955830947	4.15195287175982	1.15621955830947	1.06801305913824	1.98152906000083	1.15621955830947	1.98152906000083	2.20006222593282	0.388260662495504	1.31840646666832	0.388260662495508	0.388260662495505	1.31840646666832	0.350640703029532	1.31840646666833	1.31840646666832	0.350640703029535	2.19272372716339	0.350640703029537	0.388260662495509	1.31840646666833	0.350640703029534	1.31840646666833
1	1.06676268997465	1.98200338090511	1.06676268997465	1.06676268997465	1.98200338090512	1.15382058141942	1.98200338090511	1.98200338090511	1.15382058141942	4.14997532942299	1.15382058141942	1.06676268997465	1.98200338090511	1.15382058141942	1.98200338090511	2.20349167356121	0.387461189543524	1.31930504715674	0.387461189543528	0.387461189543524	1.31930504715675	0.349709496980306	1.31930504715675	1.31930504715674	0.349709496980305	2.19276597784786	0.349709496980307	0.387461189543529	1.31930504715675	0.349709496980308	1.31930504715676
1	1.06570000942148	1.98243045020065	1.06570000942148	1.06570000942147	1.98243045020066	1.15175753785003	1.98243045020066	1.98243045020065	1.15175753785003	4.14823826576652	1.15175753785003	1.06570000942148	1.98243045020066	1.15175753785003	1.98243045020066	2.20659476609857	0.386783217410927	1.32010160973117	0.386783217410931	0.386783217410928	1.32010160973117	0.348911928468881	1.32010160973118	1.32010160973117	0.34891192846888	2.19280232497584	0.348911928468882	0.386783217410932	1.32010160973118	0.348911928468883	1.32010160973118
1	1.06479660138164	1.98281525319031	1.06479660138164	1.06479660138164	1.98281525319032	1.14998321650537	1.98281525319032	1.98281525319031	1.14998321650537	4.14671355264589	1.14998321650537	1.06479660138164	1.98281525319032	1.14998321650537	1.98281525319032	2.20940256033799	0.386207954070831	1.32080758252715	0.386207954070836	0.386207954070833	1.32080758252715	0.348228657200071	1.32080758252716	1.32080758252715	0.348228657200071	2.19283368543996	0.348228657200073	0.386207954070837	1.32080758252716	0.348228657200073	1.32080758252716
1	1.06402838711298	1.98316213180728	1.06402838711298	1.06402838711298	1.98316213180729	1.14845708330429	1.98316213180729	1.98316213180728	1.14845708330429	4.14537601666471	1.14845708330429	1.06402838711298	1.98316213180729	1.14845708330429	1.98316213180729	2.21194315762796	0.385719600603642	1.32143314749098	0.385719600603647	0.385719600603641	1.32143314749098	0.34764319260406	1.32143314749099	1.32143314749098	0.347643192604059	2.19286080519253	0.347643192604061	0.385719600603645	1.32143314749099	0.347643192604062	1.32143314749099
1	1.06337495845965	1.98347489914114	1.06337495845965	1.06337495845965	1.98347489914115	1.14714432677025	1.98347489914115	1.98347489914114	1.14714432677025	4.14420323007068	1.14714432677025	1.06337495845965	1.98347489914115	1.14714432677025	1.98347489914115	2.21424198512008	0.385304850582746	1.32198736861614	0.385304850582751	0.385304850582743	1.32198736861615	0.347141459267734	1.32198736861615	1.32198736861614	0.347141459267734	2.19288429919251	0.347141459267735	0.385304850582748	1.32198736861615	0.347141459267736	1.32198736861615
1	1.06281901402916	1.98375692794812	1.06281901402916	1.06281901402916	1.98375692794813	1.14601504228225	1.98375692794813	1.98375692794812	1.14601504228225	4.14317528211361	1.14601504228225	1.06281901402916	1.98375692794813	1.14601504228225	1.98375692794812	2.21632205025256	0.384952479968275	1.32247830878955	0.38495247996828	0.384952479968274	1.32247830878955	0.346711432743225	1.32247830878956	1.32247830878955	0.346711432743224	2.19290468011285	0.346711432743226	0.384952479968278	1.32247830878956	0.346711432743227	1.32247830878956
1	1.06234588247666	1.98401121964506	1.06234588247666	1.06234588247666	1.98401121964506	1.14504353441528	1.98401121964506	1.98401121964506	1.14504353441528	4.14227454655905	1.14504353441528	1.06234588247666	1.98401121964506	1.14504353441528	1.98401121964506	2.21820417101636	0.384653009208578	1.32291313579354	0.384653009208582	0.384653009208579	1.32291313579354	0.346342833210115	1.32291313579355	1.32291313579354	0.346342833210114	2.19292237932661	0.346342833210116	0.384653009208583	1.32291313579355	0.346342833210117	1.32291313579355
1	1.0619431194313	1.98424045862622	1.0619431194313	1.0619431194313	1.98424045862622	1.14420771990245	1.98424045862622	1.98424045862622	1.14420771990245	4.141485455126	1.14420771990245	1.0619431194313	1.98424045862622	1.14420771990245	1.98424045862622	2.2199071843087	0.384398423490588	1.32329821812759	0.384398423490592	0.384398423490587	1.3232982181276	0.346026866996348	1.3232982181276	1.32329821812759	0.346026866996349	2.19293776253401	0.34602686699635	0.384398423490591	1.3232982181276	0.34602686699635	1.3232982181276
1	1.06160016665144	1.98444705550943	1.06160016665144	1.06160016665144	1.98444705550944	1.14348861639477	1.98444705550944	1.98444705550943	1.14348861639477	4.14079428266096	1.14348861639477	1.06160016665144	1.98444705550944	1.14348861639477	1.98444705550944	2.22144813445902	0.384181940195544	1.32363921137294	0.384181940195549	0.384181940195547	1.32363921137294	0.345756007904507	1.32363921137295	1.32363921137294	0.345756007904507	2.19295114162375	0.345756007904508	0.384181940195552	1.32363921137295	0.345756007904508	1.32363921137295
1	1.06130806375255	1.98463318200106	1.06130806375255	1.06130806375255	1.98463318200106	1.14286990443624	1.98463318200106	1.98463318200106	1.14286990443624	4.14018894723305	1.14286990443624	1.06130806375255	1.98463318200106	1.14286990443624	1.98463318200106	2.22284244381434	0.383997814939729	1.32394113584259	0.383997814939733	0.383997814939729	1.32394113584259	0.345523811799545	1.32394113584259	1.32394113584259	0.345523811799547	2.19296278385025	0.345523811799549	0.383997814939733	1.32394113584259	0.345523811799546	1.32394113584259
1	1.0610592043478	1.9848007993862	1.0610592043478	1.0610592043478	1.9848007993862	1.14233755196784	1.9848007993862	1.9848007993862	1.14233755196784	4.13965882660702	1.14233755196784	1.0610592043478	1.9848007993862	1.14233755196784	1.9848007993862	2.22410406709134	0.38384117933797	1.32420844625176	0.383841179337975	0.38384117933797	1.32420844625176	0.345324759100705	1.32420844625176	1.32420844625176	0.345324759100707	2.19297291906625	0.345324759100708	0.383841179337975	1.32420844625176	0.345324759100707	1.32420844625177
1	1.06084712971721	1.98495168212396	1.06084712971721	1.06084712971721	1.98495168212396	1.14187949230203	1.98495168212396	1.98495168212396	1.14187949230203	4.13919459089986	1.14187949230203	1.06084712971721	1.98495168212396	1.14187949230203	1.98495168212396	2.22524563103986	0.383707904930576	1.32444509412547	0.38370790493058	0.383707904930576	1.32444509412547	0.345154120679054	1.32444509412548	1.32444509412547	0.345154120679057	2.19298174552681	0.345154120679058	0.383707904930581	1.32444509412548	0.345154120679056	1.32444509412548
1	1.06066635415743	1.98508743773479	1.06066635415743	1.06066635415743	1.98508743773479	1.14148534772116	1.98508743773479	1.98508743773479	1.14148534772116	4.13878805346741	1.14148534772116	1.06066635415743	1.98508743773479	1.14148534772116	1.98508743773479	2.22627856081559	0.383594489010794	1.32465458359235	0.383594489010799	0.383594489010795	1.32465458359235	0.3450078438837	1.32465458359235	1.32465458359235	0.345007843883699	2.19298943459574	0.3450078438837	0.383594489010799	1.32465458359235	0.345007843883701	1.32465458359236
1	1.06051221715545	1.98520952372038	1.06051221715545	1.06051221715545	1.98520952372038	1.14114619232435	1.98520952372038	1.98520952372038	1.14114619232435	4.13843203510275	1.14114619232435	1.06051221715545	1.98520952372038	1.14114619232435	1.98520952372038	2.2272131943269	0.383497958385885	1.32484002123002	0.38349795838589	0.383497958385886	1.32484002123002	0.344882455001636	1.32484002123002	1.32484002123002	0.344882455001635	2.19299613464857	0.344882455001636	0.383497958385891	1.32484002123002	0.344882455001637	1.32484002123003
1	1.06038075820224	1.98531926218419	1.06038075820224	1.06038075820224	1.98531926218419	1.14085434835125	1.98531926218419	1.98531926218419	1.14085434835125	4.13812024353876	1.14085434835126	1.06038075820224	1.98531926218419	1.14085434835125	1.98531926218419	2.22805888570009	0.383415788304028	1.32500416053434	0.383415788304033	0.383415788304029	1.32500416053434	0.344774976075815	1.32500416053434	1.32500416053434	0.344774976075814	2.1930019743225	0.344774976075816	0.383415788304034	1.32500416053434	0.344774976075816	1.32500416053434
1	1.06026861075535	1.98541785262309	1.06026861075535	1.06026861075535	1.98541785262309	1.14060321122663	1.98541785262309	1.98541785262309	1.14060321122663	4.13784716647056	1.14060321122663	1.06026861075535	1.98541785262309	1.14060321122663	1.98541785262309	2.22882409889866	0.383345834052222	1.32514944155167	0.383345834052227	0.383345834052224	1.32514944155167	0.344682853846761	1.32514944155168	1.32514944155167	0.344682853846761	2.19300706525128	0.344682853846763	0.383345834052228	1.32514944155168	0.344682853846763	1.32514944155168
1	1.06017291239926	1.98550638323701	1.06017291239926	1.06017291239926	1.98550638323701	1.14038709924443	1.98550638323701	1.98550638323701	1.14038709924443	4.13760797669749	1.14038709924443	1.06017291239927	1.98550638323701	1.14038709924443	1.98550638323701	2.22951649243351	0.383286273170839	1.3252780261707	0.383286273170843	0.383286273170844	1.3252780261707	0.344603898982105	1.32527802617071	1.3252780261707	0.344603898982105	2.19301150438566	0.344603898982107	0.383286273170848	1.32527802617071	0.344603898982106	1.32527802617071
1	1.06009122870882	1.98558584101925	1.06009122870882	1.06009122870882	1.98558584101926	1.1402011243904	1.98558584101926	1.98558584101925	1.1402011243904	4.13739844823707	1.1402011243904	1.06009122870882	1.98558584101926	1.1402011243904	1.98558584101925	2.23014299601184	0.383235556591224	1.32539182952559	0.383235556591228	0.383235556591225	1.32539182952559	0.344536234075264	1.32539182952559	1.32539182952558	0.344536234075264	2.19301537597367	0.344536234075266	0.38323555659123	1.32539182952559	0.344536234075265	1.32539182952559
1	1.06002148870798	1.98565712082674	1.06002148870798	1.06002148870798	1.98565712082674	1.14004108130768	1.98565712082674	1.98565712082674	1.14004108130768	4.13721488230241	1.14004108130768	1.06002148870798	1.98565712082674	1.14004108130768	1.98565712082674	2.23070987989204	0.383192367284849	1.32549254792054	0.383192367284854	0.383192367284851	1.32549254792055	0.344478249126328	1.32549254792055	1.32549254792054	0.344478249126327	2.19301875325837	0.344478249126329	0.383192367284856	1.32549254792055	0.34447824912633	1.32549254792055
1	1.05996193014346	1.98572103358253	1.05996193014346	1.05996193014346	1.98572103358254	1.13990335184049	1.98572103358254	1.98572103358253	1.13990335184049	4.1370540420989	1.13990335184049	1.05996193014346	1.98572103358254	1.13990335184049	1.98572103358253	2.23122281763851	0.383155585244541	1.32558168364666	0.383155585244546	0.383155585244543	1.32558168364666	0.344428563412937	1.32558168364666	1.32558168364666	0.344428563412936	2.19302169993857	0.344428563412937	0.383155585244548	1.32558168364666	0.344428563412938	1.32558168364667
1	1.05991105306808	1.98577831372817	1.05991105306808	1.05991105306808	1.98577831372817	1.13978482295787	1.98577831372817	1.98577831372817	1.13978482295787	4.13691309547356	1.13978482295787	1.05991105306808	1.98577831372817	1.13978482295787	1.98577831372817	2.23168694290462	0.383124257809635	1.32566056702536	0.38312425780964	0.383124257809636	1.32566056702537	0.344385992822632	1.32566056702537	1.32566056702537	0.344385992822631	2.19302427142903	0.344385992822633	0.383124257809641	1.32566056702537	0.344385992822634	1.32566056702538
1	1.05986758046173	1.98582962601785	1.05986758046173	1.05986758046173	1.98582962601786	1.13968281617293	1.98582962601786	1.98582962601785	1.13968281617293	4.13678956453282	1.13968281617293	1.05986758046173	1.98582962601786	1.13968281617293	1.98582962601786	2.23210690081204	0.383097574505763	1.32573037597962	0.383097574505767	0.383097574505764	1.32573037597962	0.344349521856257	1.32573037597962	1.32573037597962	0.344349521856257	2.19302651594987	0.344349521856258	0.383097574505769	1.32573037597962	0.344349521856259	1.32573037597963
1	1.05983042481395	1.98587557172767	1.05983042481395	1.05983042481395	1.98587557172767	1.13959502684097	1.98587557172767	1.98587557172767	1.13959502684096	4.13668128142697	1.13959502684097	1.05983042481395	1.98587557172767	1.13959502684097	1.98587557172767	2.23248689444064	0.383074845702067	1.325792153403	0.383074845702072	0.383074845702067	1.325792153403	0.344318279628702	1.325792153403	1.325792153403	0.344318279628702	2.1930284754698	0.344318279628703	0.383074845702072	1.325792153403	0.344318279628704	1.325792153403
1	1.05979865975811	1.98591669433918	1.05979865975811	1.05979865975811	1.98591669433918	1.13951947194905	1.98591669433918	1.98591669433918	1.13951947194905	4.13658634957951	1.13951947194905	1.05979865975811	1.98591669433918	1.13951947194905	1.98591669433918	2.23283072689437	0.383055484498745	1.32584682256896	0.38305548449875	0.383055484498745	1.32584682256896	0.344291519292159	1.32584682256897	1.32584682256896	0.344291519292158	2.19303018652375	0.34429151929216	0.38305548449875	1.32584682256897	0.344291519292161	1.32584682256897
1	1.05977149598725	1.98595348474659	1.05977149598725	1.05977149598725	1.9859534847466	1.1394544452056	1.9859534847466	1.9859534847466	1.1394544452056	4.13650310971501	1.1394544452056	1.05977149598725	1.9859534847466	1.1394544452056	1.9859534847466	2.23314183936401	0.383038991350045	1.32589520079715	0.383038991350049	0.383038991350045	1.32589520079715	0.344268600390945	1.32589520079716	1.32589520079715	0.344268600390945	2.19303168092217	0.344268600390946	0.38303899135005	1.32589520079716	0.344268600390947	1.32589520079716
1	1.05974826079989	1.98598638602912	1.0597482607999	1.0597482607999	1.98598638602913	1.13939847840693	1.98598638602912	1.98598638602912	1.13939847840693	4.13643011010906	1.13939847840694	1.0597482607999	1.98598638602912	1.13939847840694	1.98598638602912	2.2334233455677	0.383024941004997	1.32593801157039	0.383024941005001	0.383024941004995	1.3259380115704	0.344248973728282	1.3259380115704	1.3259380115704	0.344248973728282	2.19303298636684	0.344248973728283	0.383024941004999	1.3259380115704	0.344248973728283	1.3259380115704
1	1.05972838072419	1.98601579782449	1.05972838072419	1.05972838072419	1.9860157978245	1.13935030820164	1.98601579782449	1.98601579782449	1.13935030820164	4.13636608054844	1.13935030820164	1.05972838072419	1.98601579782449	1.13935030820164	1.98601579782449	2.23367806291416	0.38301297141305	1.32597589527544	0.383012971413054	0.383012971413048	1.32597589527544	0.344232168386089	1.32597589527544	1.32597589527544	0.34423216838609	2.19303412698565	0.344232168386092	0.383012971413052	1.32597589527544	0.34423216838609	1.32597589527545
1	1.05971136671862	1.98604208042699	1.05971136671862	1.05971136671862	1.986042080427	1.13930884735505	1.986042080427	1.986042080427	1.13930884735505	4.13630991249199	1.13930884735505	1.05971136671862	1.986042080427	1.13930884735505	1.986042080427	2.23390854069988	0.383002774538235	1.32600941868739	0.38300277453824	0.383002774538236	1.32600941868739	0.344217781066055	1.32600941868739	1.32600941868739	0.344217781066056	2.19303512376643	0.344217781066058	0.38300277453824	1.32600941868739	0.344217781066057	1.3260094186874
1	1.05969680176588	1.98606555814737	1.05969680176588	1.05969680176588	1.98606555814738	1.13927316073959	1.98606555814738	1.98606555814737	1.13927316073959	4.13626062734659	1.1392731607396	1.05969680176588	1.98606555814738	1.13927316073959	1.98606555814738	2.2341170856245	0.382994087418574	1.32603908351623	0.382994087418578	0.382994087418576	1.32603908351623	0.344205464635777	1.32603908351624	1.32603908351623	0.344205464635776	2.19303599508263	0.344205464635777	0.382994087418581	1.32603908351624	0.344205464635778	1.32603908351624
1	1.05968433000279	1.98608652297491	1.05968433000279	1.05968433000279	1.98608652297492	1.13924244332591	1.98608652297492	1.98608652297491	1.13924244332591	4.13621737522139	1.13924244332591	1.05968433000279	1.98608652297492	1.13924244332591	1.98608652297492	2.2343057848757	0.382986686534564	1.32606533377083	0.382986686534569	0.382986686534563	1.32606533377083	0.344194922534566	1.32606533377084	1.32606533377083	0.344194922534567	2.19303675688015	0.344194922534569	0.382986686534568	1.32606533377084	0.344194922534568	1.32606533377084
1	1.05967364774822	1.98610523758251	1.05967364774822	1.05967364774822	1.98610523758251	1.13921600241462	1.98610523758251	1.98610523758251	1.13921600241462	4.13617941158462	1.13921600241462	1.05967364774822	1.98610523758251	1.13921600241462	1.98610523758251	2.23447652701899	0.38298038150416	1.32608856239593	0.382980381504165	0.382980381504159	1.32608856239594	0.344185900454567	1.32608856239594	1.32608856239593	0.344185900454567	2.19303742306256	0.344185900454569	0.382980381504163	1.32608856239594	0.344185900454569	1.32608856239594
1	1.05966449578336	1.98612193810589	1.05966449578336	1.05966449578336	1.9861219381059	1.13919324194488	1.9861219381059	1.9861219381059	1.13919324194488	4.1361460843509	1.13919324194488	1.05966449578336	1.9861219381059	1.13919324194488	1.9861219381059	2.23463102089913	0.382975010153485	1.32610911714058	0.38297501015349	0.382975010153483	1.32610911714058	0.344178180366445	1.32610911714058	1.32610911714058	0.344178180366446	2.19303800575283	0.344178180366447	0.382975010153487	1.32610911714058	0.344178180366446	1.32610911714058
1	1.05965665278381	1.98613683668807	1.05965665278381	1.05965665278381	1.98613683668808	1.13917364900121	1.98613683668807	1.98613683668807	1.13917364900121	4.1361168224301	1.13917364900121	1.05965665278381	1.98613683668807	1.13917364900121	1.98613683668807	2.23477081274278	0.382970434326902	1.32612730575157	0.382970434326907	0.382970434326903	1.32612730575157	0.344171575373977	1.32612730575158	1.32612730575157	0.344171575373978	2.1930385155225	0.34417157537398	0.382970434326908	1.32612730575158	0.344171575373978	1.32612730575158
1	1.05964992973043	1.98615012380154	1.05964992973043	1.05964992973043	1.98615012380155	1.13915678220768	1.98615012380155	1.98615012380155	1.13915678220768	4.1360911256424	1.13915678220768	1.05964992973043	1.98615012380155	1.13915678220768	1.98615012380155	2.2348973016337	0.382966536322746	1.32614340057071	0.382966536322751	0.382966536322747	1.32614340057072	0.344165925289721	1.32614340057072	1.32614340057071	0.344165925289723	2.19303896159151	0.344165925289725	0.382966536322752	1.32614340057072	0.344165925289723	1.32614340057072
1	1.05964416515173	1.98616197036335	1.05964416515173	1.05964416515173	1.98616197036336	1.13914226174393	1.98616197036335	1.98616197036335	1.13914226174393	4.13606855586818	1.13914226174393	1.05964416515173	1.98616197036335	1.13914226174393	1.98616197036335	2.2350117535152	0.382963215859944	1.32615764260435	0.382963215859949	0.382963215859943	1.32615764260435	0.344161092834411	1.32615764260435	1.32615764260435	0.344161092834414	2.19303935200242	0.344161092834416	0.382963215859947	1.32615764260435	0.344161092834413	1.32615764260435
1	1.05963922107315	1.98617252965826	1.05963922107315	1.05963922107315	1.98617252965826	1.13912976075562	1.98617252965826	1.98617252965826	1.13912976075562	4.13604872929618	1.13912976075562	1.05963922107315	1.98617252965826	1.13912976075562	1.98617252965826	2.23511531386018	0.382960387495822	1.32617024512593	0.382960387495827	0.382960387495821	1.32617024512593	0.344156960374029	1.32617024512593	1.32617024512593	0.34415696037403	2.19303969377206	0.344156960374032	0.382960387495826	1.32617024512593	0.34415696037403	1.32617024512594
1	1.05963497956708	1.98618193908523	1.05963497956708	1.05963497956708	1.98618193908524	1.13911899796407	1.98618193908523	1.98618193908523	1.13911899796407	4.13603130964031	1.13911899796407	1.05963497956708	1.98618193908523	1.13911899796407	1.98618193908523	2.23520901913538	0.382957978427603	1.32618139686505	0.382957978427607	0.382957978427605	1.32618139686505	0.344153427119472	1.32618139686506	1.32618139686505	0.344153427119474	2.19303999302356	0.344153427119475	0.382957978427609	1.32618139686506	0.344153427119474	1.32618139686506
1	1.05963133981398	1.98619032174148	1.05963133981398	1.05963133981398	1.98619032174149	1.1391097313076	1.98619032174148	1.98619032174148	1.1391097313076	4.13601600220655	1.1391097313076	1.05963133981398	1.98619032174148	1.1391097313076	1.98619032174148	2.23529380717467	0.382955926620419	1.32619126483028	0.382955926620423	0.38295592662042	1.32619126483028	0.344150406723869	1.32619126483028	1.32619126483028	0.344150406723869	2.19304025510127	0.344150406723871	0.382955926620424	1.32619126483028	0.34415040672387	1.32619126483029
1	1.05962821559803	1.98619778785771	1.05962821559803	1.05962821559803	1.98619778785771	1.13910175247031	1.98619778785771	1.98619778785771	1.13910175247031	4.13600254870494	1.13910175247031	1.05962821559803	1.98619778785771	1.13910175247031	1.98619778785771	2.23537052656525	0.382954179213105	1.32619999680773	0.38295417921311	0.382954179213107	1.32619999680773	0.344147825221324	1.32619999680773	1.32619999680773	0.344147825221323	2.19304048467076	0.344147825221324	0.382954179213112	1.32619999680773	0.344147825221326	1.32619999680774
1	1.05962553317266	1.98620443609711	1.05962553317266	1.05962553317266	1.98620443609711	1.13909488217443	1.9862044360971	1.98620443609711	1.13909488217443	4.13599072271284	1.13909488217443	1.05962553317266	1.9862044360971	1.13909488217443	1.98620443609711	2.23543994514056	0.382952691160541	1.32620772357263	0.382952691160546	0.382952691160544	1.32620772357263	0.344145619258874	1.32620772357263	1.32620772357263	0.344145619258873	2.19304068580593	0.344145619258874	0.382952691160549	1.32620772357263	0.344145619258875	1.32620772357264
1	1.05962322944074	1.98621035472997	1.05962322944074	1.05962322944074	1.98621035472997	1.13908896612966	1.98621035472997	1.98621035472997	1.13908896612966	4.13598032570806	1.13908896612966	1.05962322944074	1.98621035472997	1.13908896612966	1.98621035472997	2.23550275766502	0.382951424077254	1.32621456084659	0.382951424077259	0.382951424077253	1.32621456084659	0.344143734580027	1.32621456084659	1.32621456084659	0.344143734580025	2.19304086206475	0.344143734580026	0.382951424077258	1.32621456084659	0.344143734580028	1.3262145608466
1	1.05962125040272	1.98621562269483	1.05962125040273	1.05962125040272	1.98621562269483	1.13908387154773	1.98621562269483	1.98621562269483	1.13908387154773	4.13597118359968	1.13908387154773	1.05962125040273	1.98621562269483	1.13908387154773	1.98621562269483	2.2355595927875	0.382950345252406	1.32622061102997	0.382950345252411	0.382950345252406	1.32622061102997	0.344142124724255	1.32622061102997	1.32622061102997	0.344142124724255	2.19304101655532	0.344142124724257	0.382950345252411	1.32622061102997	0.344142124724256	1.32622061102998
1	1.05961954983292	1.98622031055618	1.05961954983292	1.05961954983292	1.98622031055619	1.13907948414341	1.98622031055618	1.98622031055618	1.13907948414341	4.13596314369387	1.13907948414341	1.05961954983292	1.98622031055618	1.13907948414341	1.98622031055618	2.23561101933299	0.382949426810724	1.32622596473493	0.382949426810729	0.382949426810722	1.32622596473493	0.344140749911761	1.32622596473493	1.32622596473493	0.344140749911762	2.19304115199333	0.344140749911763	0.382949426810727	1.32622596473493	0.344140749911762	1.32622596473494
1	1.05961808815005	1.98622448136823	1.05961808815005	1.05961808815005	1.98622448136823	1.13907570555391	1.98622448136822	1.98622448136823	1.13907570555391	4.13595607203993	1.13907570555391	1.05961808815005	1.98622448136823	1.13907570555391	1.98622448136822	2.23565755199565	0.382948644997643	1.32623070214225	0.382948644997648	0.382948644997643	1.32623070214225	0.344139576087208	1.32623070214226	1.32623070214225	0.344139576087207	2.1930412707521	0.344139576087209	0.382948644997647	1.32623070214226	0.344139576087209	1.32623070214226
1	1.0596168314534	1.98622819145312	1.0596168314534	1.0596168314534	1.98622819145312	1.13907245111844	1.98622819145312	1.98622819145312	1.13907245111844	4.13594985110835	1.13907245111844	1.0596168314534	1.98622819145312	1.13907245111844	1.98622819145312	2.23569965649	0.382947979570275	1.32623489420202	0.38294797957028	0.382947979570272	1.32623489420201	0.344138574099799	1.32623489420202	1.32623489420201	0.344138574099796	2.19304137490622	0.344138574099798	0.382947979570276	1.32623489420202	0.3441385740998	1.32623489420202
1	1.05961575070001	1.98623149110176	1.05961575070001	1.05961575070001	1.98623149110176	1.13906964796755	1.98623149110176	1.98623149110176	1.13906964796754	4.13594437775925	1.13906964796755	1.05961575070001	1.98623149110176	1.13906964796755	1.98623149110176	2.23573775421197	0.382947413278464	1.32623860369613	0.382947413278469	0.382947413278463	1.32623860369613	0.34413771900037	1.32623860369613	1.32623860369613	0.344137719000367	2.19304146626952	0.344137719000369	0.382947413278467	1.32623860369613	0.344137719000372	1.32623860369614
1	1.05961482100208	1.98623442520424	1.05961482100208	1.05961482100208	1.98623442520424	1.13906723337905	1.98623442520424	1.98623442520424	1.13906723337905	4.1359395614643	1.13906723337905	1.05961482100208	1.98623442520424	1.13906723337905	1.98623442520424	2.23577222645635	0.382946931422634	1.32624188617868	0.382946931422639	0.382946931422633	1.32624188617867	0.344136989438826	1.32624188617868	1.32624188617867	0.344136989438823	2.19304154642824	0.344136989438824	0.382946931422638	1.32624188617868	0.344136989438827	1.32624188617868
1	1.05961402102694	1.98623703381675	1.05961402102694	1.05961402102694	1.98623703381675	1.1390651533634	1.98623703381675	1.98623703381675	1.1390651533634	4.13593532275063	1.1390651533634	1.05961402102694	1.98623703381675	1.1390651533634	1.98623703381675	2.23580341823297	0.38294652147696	1.32624479080792	0.382946521476965	0.382946521476959	1.32624479080791	0.344136367147612	1.32624479080792	1.32624479080792	0.344136367147611	2.19304161676984	0.344136367147612	0.382946521476964	1.32624479080792	0.344136367147613	1.32624479080792
1	1.05961333248445	1.98623935267087	1.05961333248445	1.05961333248445	1.98623935267087	1.13906336144632	1.98623935267087	1.98623935267086	1.13906336144632	4.13593159183838	1.13906336144632	1.05961333248445	1.98623935267087	1.13906336144632	1.98623935267086	2.23583164171959	0.382946172768271	1.32624736108265	0.382946172768275	0.382946172768269	1.32624736108265	0.344135836499031	1.32624736108265	1.32624736108265	0.344135836499029	2.19304167850823	0.344135836499031	0.382946172768274	1.32624736108265	0.344135836499032	1.32624736108265
1	1.05961273968897	1.9862414136309	1.05961273968897	1.05961273968897	1.9862414136309	1.13906181762138	1.9862414136309	1.9862414136309	1.13906181762138	4.13592830744778	1.13906181762138	1.05961273968897	1.9862414136309	1.13906181762138	1.9862414136309	2.23585717938637	0.382945876202373	1.32624963549374	0.382945876202378	0.382945876202373	1.32624963549374	0.34413538412585	1.32624963549375	1.32624963549374	0.344135384125848	2.19304173270564	0.34413538412585	0.382945876202378	1.32624963549375	0.344135384125851	1.32624963549375
1	1.05961222918492	1.98624324510428	1.05961222918492	1.05961222918492	1.98624324510428	1.13906048744856	1.98624324510428	1.98624324510428	1.13906048744856	4.13592541575447	1.13906048744856	1.05961222918492	1.98624324510428	1.13906048744856	1.98624324510428	2.23588028682284	0.382945624030836	1.32625164810071	0.38294562403084	0.382945624030837	1.32625164810071	0.344134998596192	1.32625164810071	1.32625164810071	0.344134998596191	2.19304178029184	0.344134998596193	0.382945624030842	1.32625164810071	0.344134998596194	1.32625164810072
1	1.05961178942674	1.9862448724096	1.05961178942674	1.05961178942674	1.9862448724096	1.13905934127868	1.9862448724096	1.9862448724096	1.13905934127868	4.13592286947427	1.13905934127868	1.05961178942674	1.9862448724096	1.13905934127868	1.9862448724096	2.23590119529601	0.382945409652189	1.32625342904189	0.382945409652194	0.38294540965219	1.32625342904189	0.344134670134978	1.32625342904189	1.32625342904189	0.344134670134979	2.19304182208079	0.344134670134981	0.382945409652194	1.32625342904189	0.34413467013498	1.32625342904189
1	1.05961141050515	1.98624631810654	1.05961141050515	1.05961141050515	1.98624631810654	1.13905835358594	1.98624631810654	1.98624631810653	1.13905835358594	4.13592062706166	1.13905835358594	1.05961141050515	1.98624631810654	1.13905835358594	1.98624631810653	2.23592011406489	0.382945227442487	1.32625500498588	0.382945227442491	0.382945227442487	1.32625500498588	0.344134390385252	1.32625500498588	1.32625500498588	0.344134390385252	2.19304185878524	0.344134390385253	0.382945227442492	1.32625500498588	0.344134390385254	1.32625500498589
1	1.059611083913	1.9862476022914	1.059611083913	1.059611083913	1.98624760229141	1.1390575023935	1.9862476022914	1.9862476022914	1.1390575023935	4.13591865200708	1.1390575023935	1.059611083913	1.9862476022914	1.1390575023935	1.9862476022914	2.23593723247488	0.382945072610901	1.32625639953105	0.382945072610906	0.382945072610899	1.32625639953105	0.344134152203739	1.32625639953105	1.32625639953105	0.344134152203737	2.19304189102944	0.344134152203738	0.382945072610904	1.32625639953105	0.344134152203741	1.32625639953106
1	1.05961080234496	1.9862487428618	1.05961080234496	1.05961080234496	1.9862487428618	1.13905676877929	1.9862487428618	1.9862487428618	1.13905676877929	4.13591691222131	1.13905676877929	1.05961080234496	1.9862487428618	1.13905676877929	1.9862487428618	2.23595272185278	0.38294494107661	1.32625763355899	0.382944941076614	0.382944941076607	1.32625763355899	0.344133949485725	1.32625763355899	1.32625763355899	0.344133949485724	2.19304191936025	0.344133949485726	0.382944941076612	1.32625763355899	0.344133949485727	1.326257633559
1	1.05961055952607	1.98624975575346	1.05961055952607	1.05961055952607	1.98624975575346	1.13905613645061	1.98624975575346	1.98624975575346	1.13905613645061	4.13591537949568	1.13905613645061	1.05961055952607	1.98624975575346	1.13905613645061	1.98624975575346	2.23596673722149	0.38294482936388	1.32625872554732	0.382944829363884	0.382944829363877	1.32625872554733	0.344133777015075	1.32625872554733	1.32625872554732	0.344133777015074	2.19304194425682	0.344133777015075	0.382944829363882	1.32625872554733	0.344133777015076	1.32625872554733
1	1.059610350065	1.98625065515217	1.059610350065	1.059610350065	1.98625065515217	1.13905559137808	1.98625065515217	1.98625065515217	1.13905559137807	4.13591402902889	1.13905559137808	1.059610350065	1.98625065515217	1.13905559137808	1.98625065515217	2.23597941885154	0.382944734512625	1.32625969184648	0.38294473451263	0.382944734512624	1.32625969184649	0.344133630335786	1.32625969184649	1.32625969184648	0.344133630335784	2.19304196613907	0.344133630335786	0.382944734512629	1.32625969184649	0.344133630335788	1.32625969184649
1	1.05961016932838	1.98625145368322	1.05961016932838	1.05961016932838	1.98625145368322	1.13905512148063	1.98625145368322	1.98625145368322	1.13905512148063	4.13591283901199	1.13905512148063	1.05961016932838	1.98625145368322	1.13905512148063	1.98625145368322	2.23599089366492	0.382944654002164	1.3262605469246	0.382944654002168	0.382944654002164	1.32626054692461	0.344133505642011	1.32626054692461	1.3262605469246	0.344133505642011	2.19304198537508	0.344133505642012	0.382944654002169	1.32626054692461	0.344133505642012	1.32626054692461
1	1.05961001333318	1.98625216258078	1.05961001333318	1.05961001333318	1.98625216258078	1.1390547163544	1.98625216258078	1.98625216258078	1.1390547163544	4.13591179026438	1.1390547163544	1.05961001333318	1.98625216258078	1.1390547163544	1.98625216258078	2.23600127650545	0.382944585686239	1.32626130358424	0.382944585686243	0.382944585686242	1.32626130358425	0.344133399683915	1.32626130358425	1.32626130358424	0.344133399683913	2.19304200228757	0.344133399683915	0.382944585686246	1.32626130358425	0.344133399683916	1.32626130358425
1	1.05960987865452	1.98625279183922	1.05960987865452	1.05960987865452	1.98625279183922	1.1390543670394	1.98625279183922	1.98625279183921	1.13905436703939	4.13591086591454	1.1390543670394	1.05960987865452	1.98625279183922	1.1390543670394	1.98625279183922	2.23601067128806	0.382944527737615	1.32626197315413	0.382944527737619	0.382944527737617	1.32626197315414	0.344133309687045	1.32626197315414	1.32626197315414	0.344133309687045	2.19304201715953	0.344133309687046	0.382944527737622	1.32626197315414	0.344133309687047	1.32626197315415
1	1.05960976234667	1.98625335034824	1.05960976234668	1.05960976234667	1.98625335034824	1.13905406581865	1.98625335034824	1.98625335034823	1.13905406581865	4.13591005111978	1.13905406581865	1.05960976234667	1.98625335034824	1.13905406581865	1.98625335034824	2.2360191720389	0.382944478600875	1.32626256565888	0.38294447860088	0.382944478600877	1.32626256565889	0.344133233283376	1.32626256565889	1.32626256565888	0.344133233283376	2.19304203023918	0.344133233283377	0.382944478600881	1.32626256565889	0.344133233283377	1.32626256565889
1	1.05960966187534	1.98625384601356	1.05960966187534	1.05960966187534	1.98625384601357	1.13905380604541	1.98625384601357	1.98625384601356	1.13905380604541	4.13590933282046	1.13905380604541	1.05960966187534	1.98625384601357	1.13905380604541	1.98625384601357	2.23602686383635	0.382944436952163	1.32626308996908	0.382944436952167	0.382944436952166	1.32626308996909	0.344133168452246	1.32626308996909	1.32626308996908	0.344133168452247	2.19304204174425	0.344133168452248	0.38294443695217	1.32626308996909	0.344133168452248	1.32626308996909
1	1.05960957505961	1.98625428586463	1.05960957505961	1.05960957505961	1.98625428586463	1.13905358199436	1.98625428586463	1.98625428586462	1.13905358199436	4.13590869952402	1.13905358199436	1.05960957505961	1.98625428586463	1.13905358199436	1.98625428586463	2.2360338236625	0.382944401664895	1.3262635539342	0.3829444016649	0.382944401664898	1.3262635539342	0.344133113469853	1.3262635539342	1.3262635539342	0.344133113469855	2.19304205186581	0.344133113469856	0.382944401664902	1.3262635539342	0.344133113469854	1.32626355393421
1	1.05960950002217	1.98625467615065	1.05960950002217	1.05960950002217	1.98625467615065	1.13905338873355	1.98625467615065	1.98625467615065	1.13905338873355	4.13590814111562	1.13905338873355	1.05960950002217	1.98625467615065	1.13905338873355	1.98625467615065	2.23604012117362	0.382944371780511	1.32626396450011	0.382944371780515	0.382944371780512	1.32626396450011	0.344133066866027	1.32626396450012	1.32626396450011	0.344133066866027	2.19304206077152	0.344133066866028	0.382944371780517	1.32626396450012	0.344133066866028	1.32626396450012
1	1.05960943514663	1.98625502242635	1.05960943514663	1.05960943514663	1.98625502242636	1.13905322201422	1.98625502242636	1.98625502242636	1.13905322201422	4.13590764869174	1.13905322201422	1.05960943514663	1.98625502242636	1.13905322201422	1.98625502242636	2.23604581939733	0.382944346483563	1.32626432781313	0.382944346483568	0.382944346483562	1.32626432781314	0.344133027387253	1.32626432781314	1.32626432781314	0.344133027387252	2.19304206860855	0.344133027387253	0.382944346483567	1.32626432781314	0.344133027387255	1.32626432781315
1	1.05960937904085	1.9862553296284	1.05960937904085	1.05960937904085	1.98625532962841	1.13905307817586	1.98625532962841	1.9862553296284	1.13905307817585	4.13590721441401	1.13905307817586	1.05960937904085	1.98625532962841	1.13905307817586	1.98625532962841	2.23605097536335	0.38294432508048	1.32626464931209	0.382944325080484	0.382944325080478	1.3262646493121	0.344132993965066	1.3262646493121	1.32626464931209	0.344132993965063	2.19304207550612	0.344132993965065	0.382944325080482	1.3262646493121	0.344132993965067	1.3262646493121
1	1.05960933050551	1.98625560214349	1.05960933050552	1.05960933050551	1.9862556021435	1.13905295406458	1.98625560214349	1.98625560214349	1.13905295406458	4.13590683138092	1.13905295406458	1.05960933050552	1.98625560214349	1.13905295406458	1.98625560214349	2.23605564067434	0.382944306981465	1.32626493380974	0.382944306981469	0.382944306981463	1.32626493380974	0.344132965688985	1.32626493380974	1.32626493380974	0.344132965688983	2.19304208157766	0.344132965688984	0.382944306981468	1.32626493380974	0.344132965688987	1.32626493380975
1	1.05960928850716	1.98625584386907	1.05960928850716	1.05960928850716	1.98625584386908	1.13905284696279	1.98625584386908	1.98625584386908	1.13905284696279	4.13590649351504	1.13905284696279	1.05960928850716	1.98625584386908	1.13905284696279	1.98625584386908	2.23605986202229	0.382944291685088	1.32626518556483	0.382944291685093	0.382944291685087	1.32626518556484	0.344132941783419	1.32626518556484	1.32626518556483	0.344132941783418	2.19304208692282	0.344132941783419	0.382944291685092	1.32626518556484	0.34413294178342	1.32626518556484
1	1.05960925215497	1.98625605826748	1.05960925215497	1.05960925215497	1.98625605826748	1.13905275452866	1.98625605826748	1.98625605826748	1.13905275452866	4.13590619546393	1.13905275452866	1.05960925215497	1.98625605826748	1.13905275452866	1.98625605826748	2.23606368165587	0.382944278765138	1.32626540834594	0.382944278765143	0.382944278765138	1.32626540834594	0.344132921587889	1.32626540834594	1.32626540834594	0.344132921587889	2.19304209162912	0.344132921587891	0.382944278765142	1.32626540834594	0.34413292158789	1.32626540834595
1	1.0596092206809	1.98625624841404	1.05960922068091	1.0596092206809	1.98625624841404	1.139052674744	1.98625624841404	1.98625624841404	1.139052674744	4.13590593251309	1.139052674744	1.0596092206809	1.98625624841404	1.139052674744	1.98625624841404	2.23606713780326	0.382944267859424	1.32626560548782	0.382944267859429	0.382944267859423	1.32626560548782	0.344132904540137	1.32626560548782	1.32626560548782	0.344132904540137	2.19304209577345	0.344132904540138	0.382944267859428	1.32626560548782	0.344132904540138	1.32626560548783
1	1.05960919342257	1.98625641704003	1.05960919342258	1.05960919342257	1.98625641704004	1.13905260586941	1.98625641704004	1.98625641704004	1.13905260586941	4.13590570050942	1.13905260586941	1.05960919342257	1.98625641704004	1.13905260586942	1.98625641704004	2.23607026505474	0.382944258660243	1.32626577994141	0.382944258660248	0.382944258660242	1.32626577994141	0.344132890161691	1.32626577994141	1.32626577994141	0.344132890161692	2.19304209942338	0.344132890161693	0.382944258660247	1.32626577994141	0.344132890161693	1.32626577994142
1	1.05960916980856	1.98625656657088	1.05960916980856	1.05960916980856	1.98625656657089	1.13905254640565	1.98625656657089	1.98625656657088	1.13905254640565	4.1359054957939	1.13905254640565	1.05960916980856	1.98625656657089	1.13905254640565	1.98625656657089	2.2360730947089	0.382944250906257	1.32626593431797	0.382944250906261	0.382944250906256	1.32626593431797	0.344132878045539	1.32626593431798	1.32626593431797	0.344132878045538	2.19304210263828	0.34413287804554	0.38294425090626	1.32626593431798	0.344132878045541	1.32626593431798
1	1.05960914934579	1.98625669916013	1.05960914934579	1.05960914934579	1.98625669916014	1.13905249506032	1.98625669916014	1.98625669916013	1.13905249506032	4.1359053151425	1.13905249506032	1.05960914934579	1.98625669916014	1.13905249506033	1.98625669916013	2.23607565508586	0.382944244375565	1.32626607092821	0.382944244375569	0.382944244375565	1.32626607092821	0.344132867845587	1.32626607092822	1.32626607092821	0.344132867845586	2.19304210547035	0.344132867845588	0.38294424437557	1.32626607092822	0.344132867845589	1.32626607092822
1	1.05960913160867	1.98625681671972	1.05960913160867	1.05960913160867	1.98625681671972	1.13905245071931	1.98625681671972	1.98625681671972	1.13905245071931	4.13590515571407	1.13905245071931	1.05960913160867	1.98625681671972	1.13905245071931	1.98625681671972	2.23607797181074	0.382944238879821	1.32626619181688	0.382944238879825	0.38294423887982	1.32626619181688	0.344132859267666	1.32626619181688	1.32626619181687	0.344132859267666	2.19304210796546	0.344132859267667	0.382944238879825	1.32626619181688	0.344132859267668	1.32626619181688
1	1.05960911622974	1.9862569209469	1.05960911622974	1.05960911622974	1.9862569209469	1.13905241242204	1.9862569209469	1.9862569209469	1.13905241242203	4.13590501500467	1.13905241242204	1.05960911622974	1.9862569209469	1.13905241242204	1.9862569209469	2.2360800680701	0.382944234259205	1.32626629879336	0.38294423425921	0.382944234259204	1.32626629879336	0.344132852061852	1.32626629879336	1.32626629879335	0.34413285206185	2.19304211016397	0.344132852061851	0.382944234259209	1.32626629879336	0.344132852061854	1.32626629879337
1	1.05960910289167	1.98625701334819	1.05960910289167	1.05960910289167	1.9862570133482	1.13905237934026	1.98625701334819	1.98625701334819	1.13905237934026	4.13590489080723	1.13905237934026	1.05960910289167	1.98625701334819	1.13905237934026	1.98625701334819	2.23608196484401	0.382944230378152	1.3262663934588	0.382944230378157	0.38294423037815	1.3262663934588	0.344132846015903	1.3262663934588	1.32626639345879	0.3441328460159	2.19304211210134	0.344132846015902	0.382944230378155	1.3262663934588	0.344132846015905	1.32626639345881
1	1.05960909132033	1.98625709526067	1.05960909132033	1.05960909132033	1.98625709526068	1.13905235075976	1.98625709526067	1.98625709526067	1.13905235075975	4.13590478117621	1.13905235075975	1.05960909132033	1.98625709526067	1.13905235075976	1.98625709526067	2.23608368111601	0.38294422712172	1.32626647723004	0.382944227121725	0.382944227121715	1.32626647723005	0.344132840949677	1.32626647723005	1.32626647723004	0.344132840949676	2.19304211380879	0.344132840949677	0.38294422712172	1.32626647723005	0.344132840949679	1.32626647723005
1	1.05960908127884	1.98625716787093	1.05960908127884	1.05960908127884	1.98625716787093	1.13905232606459	1.98625716787093	1.98625716787092	1.13905232606458	4.1359046843964	1.13905232606458	1.05960908127884	1.98625716787093	1.13905232606459	1.98625716787093	2.23608523406314	0.382944224392479	1.32626655136088	0.382944224392483	0.382944224392475	1.32626655136088	0.344132836710344	1.32626655136088	1.32626655136088	0.344132836710342	2.19304211531376	0.344132836710343	0.382944224392479	1.32626655136088	0.344132836710346	1.32626655136089
1	1.05960907256246	1.98625723223189	1.05960907256246	1.05960907256246	1.9862572322319	1.13905230472349	1.98625723223189	1.98625723223189	1.13905230472349	4.13590459895551	1.13905230472349	1.05960907256246	1.98625723223189	1.13905230472349	1.98625723223189	2.23608663922781	0.38294422210789	1.32626661696078	0.382944222107895	0.382944222107888	1.32626661696078	0.344132833168315	1.32626661696079	1.32626661696078	0.344132833168315	2.19304211664041	0.344132833168316	0.382944222107893	1.32626661696079	0.344132833168317	1.32626661696079
1	1.05960906499418	1.98625728927781	1.05960906499418	1.05960906499418	1.98625728927781	1.13905228627822	1.98625728927781	1.9862572892778	1.13905228627822	4.13590452352002	1.13905228627822	1.05960906499418	1.98625728927781	1.13905228627822	1.98625728927781	2.23608791067339	0.382944220198061	1.32626667501153	0.382944220198065	0.382944220198059	1.32626667501153	0.344132830213778	1.32626667501153	1.32626667501153	0.344132830213777	2.19304211780998	0.344132830213778	0.382944220198064	1.32626667501153	0.344132830213779	1.32626667501154
1	1.0596090584209	1.98625733983754	1.0596090584209	1.0596090584209	1.98625733983755	1.13905227033345	1.98625733983754	1.98625733983754	1.13905227033345	4.13590445691392	1.13905227033345	1.0596090584209	1.98625733983754	1.13905227033345	1.98625733983754	2.23608906112492	0.382944218603832	1.32626672638191	0.382944218603837	0.382944218603832	1.32626672638192	0.344132827753728	1.32626672638192	1.32626672638191	0.344132827753728	2.19304211884118	0.34413282775373	0.382944218603837	1.32626672638192	0.344132827753729	1.32626672638193
1	1.0596090527102	1.98625738464641	1.0596090527102	1.0596090527102	1.98625738464641	1.1390522565481	1.98625738464641	1.98625738464641	1.1390522565481	4.13590439810008	1.1390522565481	1.0596090527102	1.98625738464641	1.1390522565481	1.98625738464641	2.23609010209651	0.382944217275149	1.32626677184074	0.382944217275154	0.38294421727515	1.32626677184074	0.344132825709447	1.32626677184074	1.32626677184074	0.344132825709449	2.19304211975047	0.34413282570945	0.382944217275155	1.32626677184074	0.344132825709449	1.32626677184075
1	1.05960904774749	1.98625742435667	1.05960904774749	1.05960904774749	1.98625742435668	1.13905224462787	1.98625742435668	1.98625742435667	1.13905224462787	4.13590434616368	1.13905224462787	1.05960904774749	1.98625742435668	1.13905224462787	1.98625742435668	2.23609104400656	0.382944216169697	1.32626681206831	0.382944216169701	0.382944216169695	1.32626681206832	0.34413282401436	1.32626681206832	1.32626681206831	0.34413282401436	2.19304212055233	0.344132824014362	0.3829442161697	1.32626681206832	0.344132824014362	1.32626681206833
1	1.05960904343358	1.98625745954689	1.05960904343358	1.05960904343358	1.9862574595469	1.13905223431879	1.9862574595469	1.98625745954689	1.13905223431879	4.13590430029774	1.13905223431879	1.05960904343358	1.9862574595469	1.13905223431879	1.9862574595469	2.23609189628202	0.382944215251713	1.32626684766666	0.382944215251718	0.382944215251709	1.32626684766667	0.34413282261219	1.32626684766667	1.32626684766666	0.34413282261219	2.19304212125953	0.344132822612191	0.382944215251714	1.32626684766667	0.344132822612191	1.32626684766667
