1	1.08068395665416	1.10248979577535	1.08068395665416	1.08068395665416	1.11850369845323	1.1341880373059	1.11850369845323	1.10248979577535	1.1341880373059	1.15195694985374	1.1341880373059	1.08068395665416	1.11850369845323	1.1341880373059	1.11850369845323	0.848860769909885	0.480297367379589	0.372934855995445	0.480297367379592	0.480297367379589	0.404888433702013	0.346237105995213	0.404888433702013	0.372934855995445	0.346237105995212	0.317206784136856	0.346237105995213	0.480297367379592	0.404888433702013	0.346237105995214	0.404888433702016
1	1.09309809348426	1.11404129416152	1.09309809348426	1.09309809348426	1.13287423139067	1.14730024837337	1.13287423139067	1.11404129416152	1.14730024837337	1.16523436706682	1.14730024837337	1.09309809348426	1.13287423139066	1.14730024837337	1.13287423139067	0.897648619467212	0.480615768446172	0.364894621213102	0.480615768446175	0.480615768446172	0.398161824483533	0.336581310442591	0.398161824483533	0.364894621213103	0.33658131044259	0.307287612383583	0.336581310442592	0.480615768446176	0.398161824483533	0.336581310442592	0.398161824483536
1	1.10136518574472	1.12022944034526	1.10136518574472	1.10136518574472	1.14096634803855	1.15359827156086	1.14096634803855	1.12022944034526	1.15359827156086	1.1711657017887	1.15359827156086	1.10136518574472	1.14096634803855	1.15359827156086	1.14096634803855	0.937592732275741	0.48160684276786	0.361204745997063	0.481606842767863	0.48160684276786	0.395169857780728	0.332396023339896	0.395169857780729	0.361204745997063	0.332396023339896	0.30333181412836	0.332396023339897	0.481606842767864	0.395169857780729	0.332396023339897	0.395169857780731
1	1.10693139455731	1.12364421973175	1.10693139455731	1.10693139455731	1.14565724033174	1.15673168557373	1.14565724033174	1.12364421973175	1.15673168557373	1.17395697332077	1.15673168557373	1.10693139455731	1.14565724033173	1.15673168557373	1.14565724033174	0.97029620583489	0.482815149239363	0.359607165021509	0.482815149239367	0.482815149239365	0.393991387141776	0.330649660270053	0.393991387141777	0.359607165021509	0.330649660270051	0.30181557530636	0.330649660270052	0.482815149239368	0.393991387141777	0.330649660270054	0.393991387141779
1	1.11073168591676	1.12560181059782	1.11073168591676	1.11073168591676	1.14847682749412	1.15836906497343	1.14847682749412	1.12560181059782	1.15836906497343	1.17536748753952	1.15836906497343	1.11073168591676	1.14847682749412	1.15836906497343	1.14847682749412	0.997071545369297	0.483997965831996	0.358986267090648	0.483997965831999	0.483997965831997	0.393652034307542	0.329969972535799	0.393652034307544	0.358986267090649	0.329969972535798	0.301281220982745	0.329969972535799	0.483997965832	0.393652034307544	0.3299699725358	0.393652034307545
1	1.11336467189012	1.12677392741362	1.11336467189012	1.11336467189012	1.15024010887885	1.15927852786912	1.15024010887885	1.12677392741362	1.15927852786912	1.17614397065796	1.15927852786912	1.11336467189012	1.15024010887885	1.15927852786912	1.15024010887885	1.01899333926472	0.485045899573037	0.358803725274896	0.485045899573041	0.485045899573037	0.39367344769776	0.32974535821097	0.39367344769776	0.358803725274898	0.329745358210969	0.30113259275014	0.32974535821097	0.48504589957304	0.39367344769776	0.329745358210971	0.393673447697763
1	1.11521475411949	1.12750794635522	1.11521475411949	1.11521475411949	1.15138677161816	1.15981883175939	1.15138677161816	1.12750794635522	1.15981883175939	1.17661092951421	1.15981883175939	1.11521475411949	1.15138677161816	1.15981883175939	1.15138677161816	1.03694138608546	0.485923953734166	0.358805286435751	0.485923953734169	0.485923953734165	0.393828699479066	0.32970655105356	0.393828699479066	0.358805286435753	0.329706551053557	0.30112792243683	0.329706551053558	0.485923953734169	0.393828699479067	0.329706551053561	0.39382869947907
1	1.116531307185	1.1279874001138	1.116531307185	1.116531307185	1.15215923320666	1.160161478059	1.15215923320666	1.1279874001138	1.16016147805899	1.17691452448873	1.16016147805899	1.116531307185	1.15215923320666	1.160161478059	1.15215923320666	1.05163600396138	0.486634659506159	0.358874106048433	0.486634659506163	0.486634659506158	0.394015199477519	0.32973689282583	0.394015199477519	0.358874106048436	0.329736892825829	0.301170520124783	0.32973689282583	0.486634659506162	0.394015199477519	0.329736892825831	0.394015199477522
1	1.11747846420652	1.12831216884367	1.11747846420652	1.11747846420652	1.15269519771172	1.16039129713426	1.15269519771172	1.12831216884367	1.16039129713426	1.17712406926942	1.16039129713426	1.11747846420652	1.15269519771172	1.16039129713426	1.15269519771172	1.06366693950036	0.487196971678499	0.358958772410177	0.487196971678502	0.487196971678498	0.394190325176446	0.329787247865449	0.394190325176446	0.358958772410175	0.32978724786545	0.301222899230451	0.329787247865451	0.487196971678502	0.394190325176447	0.32978724786545	0.39419032517645
1	1.11816606874799	1.12853866801466	1.11816606874799	1.11816606874799	1.1530757909474	1.16055224950964	1.1530757909474	1.12853866801466	1.16055224950964	1.17727476928403	1.16055224950964	1.11816606874799	1.1530757909474	1.16055224950964	1.1530757909474	1.07351703642884	0.487635016572447	0.359038434322077	0.487635016572451	0.487635016572448	0.394339428446436	0.329838054935012	0.394339428446437	0.359038434322079	0.329838054935014	0.301271567881129	0.329838054935015	0.487635016572452	0.394339428446437	0.329838054935013	0.39433942844644
1	1.11866891175805	1.12870015808184	1.11866891175805	1.11866891175805	1.15335077696473	1.16066848310769	1.15335077696472	1.12870015808184	1.16066848310769	1.17738602825159	1.16066848310769	1.11866891175805	1.15335077696472	1.16066848310769	1.15335077696473	1.08158161364522	0.487972568467867	0.359106097013982	0.487972568467871	0.487972568467869	0.394460232015952	0.329882474533051	0.394460232015953	0.35910609701398	0.32988247453305	0.301312586465287	0.329882474533051	0.487972568467873	0.394460232015953	0.329882474533052	0.394460232015955
1	1.11903877179128	1.1288171547136	1.11903877179128	1.11903877179128	1.15355195577448	1.16075416151117	1.15355195577448	1.1288171547136	1.16075416151117	1.17746948740872	1.16075416151117	1.11903877179128	1.15355195577448	1.16075416151117	1.15355195577448	1.08818433081539	0.48823068015696	0.359160731039479	0.488230680156964	0.48823068015696	0.394555397692283	0.329918948179558	0.394555397692285	0.359160731039479	0.329918948179559	0.301345653888754	0.32991894817956	0.488230680156964	0.394555397692285	0.329918948179559	0.394555397692287
1	1.11931204344427	1.12890287518343	1.11931204344427	1.11931204344427	1.15370043296923	1.16081815317063	1.15370043296923	1.12890287518343	1.16081815317063	1.17753268258785	1.16081815317063	1.11931204344427	1.15370043296923	1.16081815317063	1.15370043296923	1.09359017811341	0.488426954717819	0.359203621806112	0.488426954717823	0.488426954717819	0.394629112521297	0.329947951093145	0.394629112521299	0.359203621806111	0.329947951093145	0.301371708626368	0.329947951093146	0.488426954717823	0.394629112521299	0.329947951093146	0.394629112521301
1	1.11951464818392	1.12896616873968	1.11951464818392	1.11951464818392	1.15381067850127	1.16086634129976	1.15381067850127	1.12896616873968	1.16086634129976	1.17758079236916	1.16086634129976	1.11951464818392	1.15381067850127	1.16086634129976	1.15381067850127	1.09801611165225	0.488575608788505	0.359236738106336	0.488575608788509	0.488575608788505	0.394685615506572	0.329970606136396	0.394685615506573	0.359236738106335	0.329970606136397	0.301391979423223	0.329970606136398	0.488575608788509	0.394685615506574	0.329970606136397	0.394685615506575
1	1.11966525431241	1.12901314926957	1.11966525431241	1.11966525431241	1.15389287398094	1.16090281017249	1.15389287398094	1.12901314926957	1.16090281017249	1.17761752691592	1.16090281017249	1.11966525431241	1.15389287398094	1.16090281017249	1.15389287398094	1.10163975964122	0.488687867745341	0.359262048338852	0.488687867745344	0.488687867745345	0.394728637708023	0.329988120466845	0.394728637708026	0.359262048338853	0.329988120466846	0.301407634826889	0.329988120466847	0.488687867745349	0.394728637708026	0.329988120466846	0.394728637708026
1	1.11977742876113	1.12904814522002	1.11977742876113	1.11977742876114	1.15395432690089	1.16093049194776	1.15395432690089	1.12904814522002	1.16093049194776	1.17764561956696	1.16093049194776	1.11977742876114	1.15395432690089	1.16093049194776	1.15395432690089	1.10460655176152	0.48877246183195	0.359281269366912	0.488772461831953	0.488772461831953	0.39476125515084	0.330001576283235	0.394761255150843	0.359281269366913	0.330001576283234	0.301419671643715	0.330001576283235	0.488772461831957	0.394761255150843	0.330001576283236	0.394761255150844
1	1.11986110246041	1.12907427621569	1.11986110246041	1.11986110246041	1.15400035797385	1.16095153986827	1.15400035797385	1.12907427621569	1.16095153986827	1.17766711879704	1.16095153986827	1.11986110246041	1.15400035797385	1.16095153986827	1.15400035797385	1.10703555576849	0.488836109599882	0.359295806983841	0.488836109599886	0.488836109599886	0.394785915430782	0.330011873980796	0.394785915430783	0.359295806983844	0.330011873980796	0.301428899855958	0.330011873980797	0.488836109599889	0.394785915430783	0.330011873980797	0.394785915430786
1	1.11992358590241	1.12909381936806	1.11992358590241	1.11992358590241	1.1540348809501	1.16096755869234	1.1540348809501	1.12909381936806	1.16096755869234	1.17768357573891	1.16096755869234	1.11992358590241	1.1540348809501	1.16096755869234	1.1540348809501	1.10902425609754	0.488883943124017	0.359306773746404	0.488883943124021	0.488883943124018	0.394804525954184	0.330019735205209	0.394804525954187	0.359306773746408	0.330019735205209	0.301435961301733	0.33001973520521	0.488883943124021	0.394804525954187	0.33001973520521	0.394804525954188
1	1.11997028401638	1.12910845152332	1.11997028401638	1.11997028401638	1.15406079504872	1.16097975561578	1.15406079504872	1.12910845152332	1.16097975561578	1.17769617205625	1.16097975561578	1.11997028401638	1.15406079504872	1.16097975561578	1.15406079504872	1.11065246625588	0.488919861825222	0.359315032879302	0.488919861825226	0.488919861825221	0.394818554278572	0.330025726574938	0.394818554278575	0.359315032879303	0.330025726574937	0.301441357489568	0.330025726574938	0.488919861825224	0.394818554278575	0.330025726574938	0.394818554278576
1	1.12000520612678	1.12911941496446	1.12000520612678	1.12000520612678	1.15408025833136	1.1609890440052	1.15408025833136	1.12911941496446	1.1609890440052	1.17770581104142	1.1609890440052	1.12000520612678	1.15408025833136	1.1609890440052	1.15408025833136	1.11198553201796	0.48894681720181	0.359321246143037	0.488946817201814	0.488946817201808	0.39482912048082	0.330030287705049	0.394829120480822	0.359321246143039	0.330030287705051	0.301445477045265	0.330030287705052	0.488946817201812	0.394829120480822	0.330030287705051	0.394829120480824
1	1.12003133376136	1.12912763380351	1.12003133376136	1.12003133376136	1.15409488243288	1.16099611731726	1.15409488243288	1.12912763380351	1.16099611731726	1.17771318446586	1.16099611731726	1.12003133376136	1.15409488243288	1.16099611731726	1.15409488243288	1.11307695398026	0.488967037065528	0.359325917056629	0.488967037065532	0.488967037065526	0.394837075033911	0.330033757223941	0.394837075033913	0.359325917056631	0.330033757223943	0.30144861958149	0.330033757223944	0.488967037065529	0.394837075033913	0.330033757223942	0.394837075033914
1	1.12005088829728	1.12913379737542	1.12005088829728	1.12005088829728	1.15410587357642	1.16100150311551	1.15410587357642	1.12913379737542	1.16100150311551	1.17771882257794	1.16100150311551	1.12005088829728	1.15410587357642	1.16100150311551	1.15410587357642	1.11397053472748	0.488982199593117	0.359329426916073	0.488982199593121	0.488982199593116	0.394843061547182	0.330036394801241	0.394843061547185	0.359329426916075	0.330036394801239	0.301451015322076	0.33003639480124	0.48898219959312	0.394843061547185	0.330036394801242	0.394843061547186
1	1.12006552708953	1.12913842084881	1.12006552708953	1.12006552708953	1.15411413589999	1.16100560321034	1.15411413589999	1.12913842084881	1.16100560321034	1.17772313193987	1.16100560321034	1.12006552708953	1.15411413589999	1.16100560321034	1.15411413589999	1.11470213678369	0.488993567070172	0.359332063580105	0.488993567070176	0.488993567070171	0.39484756602766	0.330038398984816	0.394847566027663	0.359332063580103	0.330038398984815	0.301452840777458	0.330038398984816	0.488993567070174	0.394847566027663	0.330038398984817	0.394847566027663
