1	1.00506936639786	1.00954995484704	1.00506936639786	1.00506936639396	1.00954995484334	1.01378752804869	1.00954995484328	1.00954995484003	1.01378752804516	1.01784799247073	1.01378752804516	1.00506936639396	1.00954995484328	1.01378752804869	1.00954995484334	0.424037887667286	0.321614848496312	0.310500635893877	0.321614848496313	0.321614848494832	0.310500635892444	0.303690983697076	0.310500635891294	0.310500635898759	0.303690983696491	0.298583529903026	0.303690983696492	0.321614848494833	0.310500635891294	0.303690983697077	0.310500635892445
1	1.02137278717089	1.0370703906558	1.02137278717089	1.0213727871694	1.0370703906544	1.05421009326448	1.03707039065429	1.0370703906537	1.05421009326298	1.06763422371789	1.05421009326298	1.0213727871694	1.03707039065429	1.05421009326448	1.0370703906544	0.580032708693988	0.481424129202466	0.444349650846714	0.481424129202467	0.481424129201795	0.444349650846082	0.441046942254231	0.444349650845647	0.444349650848084	0.441046942252891	0.425567580723759	0.441046942252892	0.481424129201796	0.444349650845647	0.441046942254231	0.444349650846084
1	1.03203704196317	1.05218208365857	1.03203704196317	1.03203704196223	1.05218208365777	1.07902743615462	1.05218208365771	1.05218208365729	1.07902743615353	1.09471648197785	1.07902743615353	1.03203704196223	1.05218208365771	1.07902743615462	1.05218208365776	0.637419996221768	0.552811702754479	0.495853404777125	0.55281170275448	0.552811702754023	0.495853404776848	0.504431559075168	0.49585340477669	0.495853404777451	0.504431559074008	0.47656448794949	0.504431559074008	0.552811702754025	0.49585340477669	0.504431559075169	0.49585340477685
1	1.03638046489928	1.06281670447694	1.03638046489928	1.0363804648918	1.0628167044702	1.08916501227928	1.06281670447017	1.06281670446421	1.08916501227187	1.10446388516054	1.08916501227187	1.0363804648918	1.06281670447017	1.08916501227927	1.0628167044702	0.658531599608899	0.579550691880494	0.550878182719741	0.579550691880494	0.57955069187818	0.550878182716806	0.530087002116344	0.550878182716748	0.550878182718265	0.53008700210997	0.497062221413367	0.530087002109971	0.579550691878181	0.550878182716748	0.530087002116344	0.550878182716807
1	1.03775608373205	1.06903424959664	1.03775608373205	1.0377560837296	1.06903424959323	1.09258751177435	1.06903424959322	1.06903424959144	1.0925875117711	1.10756058616765	1.0925875117711	1.0377560837296	1.06903424959322	1.09258751177435	1.06903424959323	0.666298124451757	0.588378118815291	0.571942451265551	0.588378118815292	0.58837811881404	0.571942451257831	0.539129546220226	0.571942451257814	0.571942451258309	0.539129546216316	0.50447549751349	0.539129546216316	0.588378118814041	0.571942451257814	0.539129546220227	0.571942451257832
1	1.03816357415512	1.07163791749141	1.03816357415512	1.03816357415454	1.07163791748824	1.09372218281528	1.07163791748824	1.0716379174878	1.093722182814	1.10858971032166	1.093722182814	1.03816357415454	1.07163791748824	1.09372218281528	1.07163791748824	0.669155269262881	0.591313485926937	0.579742661286185	0.591313485926938	0.591313485926645	0.579742661272707	0.542368109026652	0.579742661272702	0.579742661272346	0.542368109024562	0.507210088475861	0.542368109024562	0.591313485926646	0.579742661272702	0.542368109026652	0.579742661272708
1	1.03828407718871	1.0726324830282	1.03828407718871	1.03828407718866	1.07263248302365	1.09411436113066	1.07263248302365	1.07263248302334	1.09411436113006	1.1089596864086	1.09411436113006	1.03828407718866	1.07263248302365	1.09411436113066	1.07263248302365	0.670206354104318	0.592294783270365	0.582584067703261	0.592294783270366	0.592294783270702	0.58258406768163	0.543539982269118	0.58258406768163	0.582584067680099	0.543539982267693	0.508228515806539	0.543539982267694	0.592294783270703	0.58258406768163	0.543539982269118	0.582584067681631
1	1.03831974276218	1.07299954191018	1.03831974276218	1.03831974276234	1.0729995419031	1.09425444432798	1.0729995419031	1.07299954190248	1.09425444432754	1.10909878901198	1.09425444432754	1.03831974276234	1.0729995419031	1.09425444432798	1.0729995419031	0.670593026609879	0.592623021303653	0.583612418112313	0.592623021303654	0.592623021304537	0.583612418078307	0.54396606260928	0.583612418078307	0.583612418074669	0.543966062607793	0.508608819976205	0.543966062607793	0.592623021304538	0.583612418078307	0.54396606260928	0.583612418078308
1	1.03833016260027	1.07313315197048	1.03833016260027	1.03833016260059	1.07313315195942	1.0943053821658	1.07313315195942	1.07313315195809	1.09430538216531	1.1091519867507	1.09430538216531	1.03833016260059	1.07313315195942	1.0943053821658	1.07313315195942	0.670735275486507	0.592732551389438	0.583983723261774	0.592732551389439	0.592732551391001	0.583983723208539	0.54412134842678	0.583983723208539	0.583983723200997	0.544121348424715	0.508750831382958	0.544121348424715	0.592732551391002	0.583983723208539	0.544121348426781	0.58398372320854
1	1.03833310916723	1.07318151669069	1.03833310916723	1.03833310916778	1.07318151667327	1.09432406628512	1.07318151667327	1.07318151667056	1.0943240662844	1.10917240768067	1.0943240662844	1.03833310916778	1.07318151667327	1.09432406628512	1.07318151667327	0.67078760590313	0.592768949869446	0.584117683951653	0.592768949869447	0.592768949872043	0.584117683867505	0.544178028696697	0.584117683867505	0.584117683852664	0.544178028693472	0.508803815901598	0.544178028693473	0.592768949872044	0.584117683867505	0.544178028696698	0.584117683867505
1	1.03808044116474	1.0740115014808	1.03808044116474	1.0380804411629	1.07401150155056	1.09363000670408	1.07401150153341	1.07401150170395	1.09363000672305	1.11734158242556	1.09363000672305	1.0380804411629	1.07401150153341	1.09363000670408	1.07401150155056	0.670806857307216	0.59050265816712	0.589970904841267	0.590502658167121	0.590502658103598	0.589970905292842	0.54181041995361	0.589970905186948	0.589970906227779	0.541810420028268	0.538243278517161	0.541810420028268	0.590502658103599	0.589970905186948	0.541810419953611	0.589970905292843
1	1.03781878521866	1.07456065854278	1.03781878521866	1.03781878521235	1.07456065864643	1.09293874924425	1.07456065863129	1.07456065881923	1.09293874926726	1.1244195019549	1.09293874926726	1.03781878521235	1.07456065863129	1.09293874924425	1.07456065864643	0.670813939502978	0.589621947145279	0.591981450150827	0.58962194714528	0.589621947091396	0.591981450591612	0.540800915507945	0.591981450545104	0.591981451240862	0.54080091557813	0.551523627650314	0.540800915578131	0.589621947091397	0.591981450545104	0.540800915507946	0.591981450591613
1	1.03769524679233	1.07474633083954	1.03769524679233	1.03769524678751	1.0747463309319	1.09260588059349	1.07474633092428	1.07474633105826	1.09260588061397	1.12815283269495	1.09260588061397	1.03769524678751	1.07474633092428	1.09260588059349	1.0747463309319	0.670816544897211	0.589332193224834	0.592586556677011	0.589332193224835	0.589332193185062	0.592586557023379	0.540424817367657	0.592586557002487	0.592586557461387	0.54042481742362	0.557963550054717	0.540424817423621	0.589332193185063	0.592586557002487	0.540424817367658	0.59258655702338
1	1.03764601531214	1.07477159101999	1.03764601531214	1.03764601530905	1.07477159109131	1.09246966132382	1.07477159108784	1.07477159117776	1.09246966133995	1.13016004680883	1.09246966133995	1.03764601530905	1.07477159108784	1.09246966132382	1.07477159109131	0.670817503368208	0.589274496136467	0.592664817039427	0.589274496136468	0.589274496108712	0.592664817294093	0.540324208838513	0.592664817285033	0.592664817587675	0.540324208880083	0.561614400556019	0.540324208880083	0.589274496108713	0.592664817285033	0.540324208838514	0.592664817294094
1	1.03762812370477	1.07473418926529	1.03762812370477	1.03762812370294	1.07473418931708	1.09242029171591	1.07473418931555	1.07473418937537	1.09242029172787	1.13142940945932	1.09242029172787	1.03762812370294	1.07473418931555	1.09242029171591	1.07473418931707	0.670817855970003	0.589301429188761	0.5925398567308	0.589301429188762	0.589301429170028	0.592539856910432	0.540336288774492	0.592539856906486	0.592539857106646	0.540336288804127	0.564154024220583	0.540336288804128	0.58930142917003	0.592539856906486	0.540336288774493	0.592539856910433
1	1.03762231136486	1.07466878006166	1.03762231136486	1.03762231136385	1.07466878009795	1.09240670279398	1.07466878009729	1.07466878013701	1.09240670280254	1.13243346528057	1.09240670280254	1.03762231136385	1.07466878009729	1.09240670279398	1.07466878009795	0.670817985684962	0.589360288367003	0.592314957348975	0.589360288367004	0.589360288354657	0.592314957472438	0.540396204810007	0.59231495747075	0.592314957602842	0.540396204830563	0.56636526852057	0.540396204830563	0.589360288354658	0.59231495747075	0.540396204810008	0.592314957472439
1	1.03762084812931	1.07457789273466	1.03762084812931	1.03762084812882	1.07457789275948	1.09240785406654	1.07457789275919	1.07457789278546	1.09240785407253	1.1334593800085	1.09240785407253	1.03762084812882	1.07457789275919	1.09240785406654	1.07457789275948	0.670818033404431	0.589439489606071	0.591981987318386	0.589439489606072	0.589439489598138	0.591981987401319	0.540486772541044	0.591981987400593	0.59198198748717	0.540486772554996	0.568829125848621	0.540486772554997	0.589439489598139	0.591981987400593	0.540486772541045	0.59198198740132
1	1.03762048712918	1.07442953674023	1.03762048712918	1.03762048712904	1.07442953675682	1.09241626436646	1.0744295367567	1.07442953677389	1.0924162643706	1.13489577733331	1.0924162643706	1.03762048712904	1.0744295367567	1.09241626436646	1.07442953675682	0.670818050959445	0.589553452975377	0.591381827092146	0.589553452975378	0.589553452970496	0.591381827146374	0.540624759584216	0.59138182714607	0.591381827201792	0.540624759593459	0.572578373373963	0.540624759593459	0.589553452970497	0.59138182714607	0.540624759584216	0.591381827146375
1	1.03761767705707	1.07401831157039	1.03761767705707	1.03761767705734	1.07401831158141	1.09243171512743	1.07401831158136	1.07401831159263	1.09243171513039	1.13823803881895	1.09243171513039	1.03761767705734	1.07401831158136	1.09243171512743	1.07401831158141	0.670818057417573	0.589764286988028	0.589420649392758	0.589764286988029	0.589764286985363	0.589420649427498	0.540902856901297	0.589420649427365	0.589420649462743	0.540902856907329	0.582110128660549	0.540902856907329	0.589764286985364	0.589420649427366	0.540902856901298	0.589420649427499
1	1.03764636648358	1.06942447872685	1.03764636648358	1.03764636648456	1.06942447873295	1.09257379664849	1.06942447873293	1.06942447873911	1.09257379665085	1.1511391680034	1.09257379665085	1.03764636648456	1.06942447873293	1.09257379664849	1.06942447873295	0.670818059793386	0.588468876417077	0.559997182735258	0.588468876417078	0.588468876416788	0.559997182748703	0.539974229620333	0.559997182748664	0.559997182762287	0.539974229623768	0.617496099609152	0.539974229623769	0.588468876416789	0.559997182748664	0.539974229620333	0.559997182748705
1	1.03742080384142	1.06373273030073	1.03742080384142	1.03742080384205	1.06373273030317	1.09206800350581	1.06373273030317	1.06373273030564	1.09206800350711	1.16210789985394	1.09206800350711	1.03742080384205	1.06373273030317	1.09206800350581	1.06373273030317	0.670818060667399	0.583726895184432	0.533751088466483	0.583726895184433	0.583726895184779	0.533751088470914	0.535756678243992	0.533751088470901	0.533751088475392	0.535756678245784	0.633622013174613	0.535756678245785	0.58372689518478	0.533751088470901	0.535756678243993	0.533751088470915
1	1.0371286254729	1.06057795522914	1.0371286254729	1.0371286254732	1.06057795523002	1.09139877174216	1.06057795523002	1.0605779552309	1.09139877174278	1.16725296043922	1.09139877174278	1.0371286254732	1.06057795523002	1.09139877174216	1.06057795523002	0.67081806098893	0.580657615806476	0.524227399293077	0.580657615806477	0.580657615806779	0.524227399294579	0.533042281151579	0.524227399294574	0.524227399296091	0.533042281152467	0.639245469181957	0.533042281152467	0.58065761580678	0.524227399294574	0.53304228115158	0.52422739929458
1	1.03692731354747	1.05931247362956	1.03692731354747	1.03692731354761	1.05931247362987	1.09094037704983	1.05931247362987	1.05931247363019	1.09094037705011	1.16921635196883	1.09094037705011	1.03692731354761	1.05931247362987	1.09094037704982	1.05931247362987	0.670818061107215	0.579080490646611	0.520719944714701	0.579080490646612	0.579080490646788	0.520719944715213	0.531633114737955	0.520719944715212	0.520719944715731	0.531633114738381	0.641197570987461	0.531633114738382	0.57908049064679	0.520719944715213	0.531633114737955	0.520719944715215
1	1.0368182076966	1.05883661365868	1.03681820769659	1.03681820769666	1.0588366136588	1.09069000205679	1.0588366136588	1.05883661365891	1.09069000205692	1.16993488972554	1.09069000205692	1.03681820769666	1.0588366136588	1.09069000205679	1.0588366136588	0.670818061150729	0.578333849313322	0.519413097350134	0.578333849313323	0.578333849313413	0.519413097350308	0.530952938551438	0.51941309735031	0.519413097350489	0.530952938551638	0.641882629070196	0.530952938551638	0.578333849313415	0.51941309735031	0.530952938551438	0.51941309735031
1	1.03676497022087	1.05865983762042	1.03676497022087	1.0367649702209	1.05865983762046	1.09056560873578	1.05865983762046	1.0586598376205	1.09056560873584	1.17019813482545	1.09056560873584	1.0367649702209	1.05865983762046	1.09056560873578	1.05865983762046	0.670818061166738	0.577994822218985	0.518921713339761	0.577994822218986	0.57799482221903	0.518921713339822	0.5306366894997	0.518921713339823	0.518921713339886	0.530636689499792	0.642127266233622	0.530636689499793	0.577994822219031	0.518921713339823	0.530636689499701	0.518921713339823
1	1.03674036817832	1.05859403236026	1.03674036817832	1.03674036817834	1.05859403236028	1.09050673827828	1.05859403236028	1.05859403236029	1.09050673827831	1.17029595389769	1.09050673827831	1.03674036817834	1.05859403236028	1.09050673827828	1.05859403236028	0.670818061172627	0.577844714664387	0.518735387061671	0.577844714664388	0.577844714664409	0.518735387061694	0.530493062802389	0.518735387061695	0.518735387061715	0.530493062802432	0.642216394492964	0.530493062802433	0.57784471466441	0.518735387061695	0.530493062802389	0.518735387061696
1	1.03672935462684	1.05856938010093	1.03672935462684	1.03672935462685	1.05856938010093	1.09047967498321	1.05856938010093	1.05856938010094	1.09047967498322	1.17033294780269	1.09047967498322	1.03672935462685	1.05856938010093	1.09047967498321	1.05856938010093	0.670818061174793	0.577779344430802	0.518664146049968	0.577779344430803	0.577779344430813	0.518664146049976	0.530428885121897	0.518664146049977	0.518664146049984	0.530428885121919	0.642249543031618	0.53042888512192	0.577779344430814	0.518664146049977	0.530428885121898	0.518664146049978
