1	1.4340318722911	1.00130745112889	1.43403187229112	1.39219983511328	1.00132134817774	1.32815743616847	1.0013213481779	1.00138080240289	1.33861247988864	12.1384411814312	1.33861247988863	1.3921998351133	1.0013213481779	1.32815743616845	1.00132134817775	7.24999999999999	0.294918526074736	0.0103784561272034	0.294918526074749	0.304291835955498	0.011347081134668	-0.157129876606184	0.0113470811351226	0.0116775975308996	-0.165444823339197	-1.97295054918571	-0.165444823339194	0.30429183595551	0.0113470811351226	-0.157129876606181	0.0113470811346726
1	1.10779579683897	1.00046265041041	1.10779579683897	3.55053625036665	1.0016957850287	1.59624763512764	1.00169578503361	1.0008174507967	1.18193482943368	36.0219286222682	1.18193482943368	3.55053625036679	1.00169578503361	1.59624763512762	1.0016957850287	7.24999999999999	0.195984945978582	0.00884472296666589	0.195984945978588	1.11497963647616	0.0148753158686843	-0.269302481658199	0.0148753158898942	0.00935921539613588	-0.126606604879643	-6.48201753353969	-0.126606604879641	1.11497963647622	0.0148753158898943	-0.269302481658192	0.0148753158686903
1	1.07326183802946	1.00032632224152	1.07326183802947	3.99989895350768	1.00020635851197	4.29828548317748	1.00020635851197	1.00036634892149	1.04290087058979	13.3239087841103	1.04290087058978	3.99989895350772	1.00020635851197	4.29828548317738	1.00020635851197	7.24999999999999	0.280195594823227	0.0129883530667601	0.280195594823235	3.02337873843367	0.0122009706168754	-2.11555967626157	0.0122009706169675	0.014943277394081	-0.155795744484769	-6.69374718730073	-0.155795744484767	3.02337873843373	0.0122009706169675	-2.11555967626152	0.0122009706168803
1	1.00550648060823	1.00004553933969	1.00550648060823	2.58464078818668	1.000027107104	3.23102436745429	1.000027107104	1.00004844651352	1.00502962711469	7.76253126479497	1.00502962711168	2.58464078818669	1.000027107104	3.23102436745424	1.000027107104	7.24999999999999	0.131581565125349	0.00844975788079823	0.131581565125352	3.42462021288394	0.0078078491498448	-2.70059203611184	0.00780784914984599	0.0100013978468696	-0.0940208078262871	-6.71817873867602	-0.0940208082847251	3.42462021288399	0.00780784914984598	-2.70059203611179	0.00780784914984793
1	1.01110665987967	1.00009818035505	1.01110665987967	1.01800302267433	1.00005281427819	1.013861377784	1.00005281427819	1.00009234237583	1.00927874533181	1.00213265048464	1.00927874533181	1.01800302267433	1.00005281427819	1.01386137778401	1.00005281427819	7.25	2.92939670068932	0.194219045413507	2.92939670068937	3.74520637652542	0.20079398047631	-3.24573139184383	0.200793980476444	0.188822047255602	-2.65897089754383	-6.74998242643751	-2.65897089754379	3.74520637652547	0.200793980476444	-3.24573139184378	0.200793980476388
1	1.00000022792256	1.00000000201842	1.00000022792256	1.00270508611391	1.00000000100924	1.00203280654736	1.00000000100924	1.00000000201847	1.00000017118801	1.00000198145812	1.00000017118801	1.00270508611391	1.00000000100924	1.00203280654736	1.00000000100924	7.25	0.034391364110557	0.00228847614924214	0.0343913641105575	3.74927947563433	0.00228846147498048	-3.24937503302423	0.0022884614749809	0.00228854813629034	-0.0298040958279856	-6.7499999836917	-0.0298040958279857	3.74927947563438	0.00228846147498097	-3.24937503302418	0.00228846147498441
1	1.00002264884096	1.00000020124807	1.00002264884096	1.01379341389928	1.00000010081867	1.01037984748098	1.00000010081867	1.00000020125294	1.00001701104956	1.00001198695262	1.00001701104956	1.01379341389928	1.00000010081867	1.01037984748098	1.00000010081867	7.25	0.151283957408102	0.0100836629291049	0.1512839574081	3.74634294337909	0.0100932115358799	-3.24681925904039	0.0100932115358961	0.0100840578224168	-0.1311045378599	-6.74999990134255	-0.131104537859888	3.74634294337914	0.0100932115358961	-3.24681925904034	0.0100932115358839
1	1.00002604284468	1.00000023138964	1.00002604284468	1.01446821039816	1.0000001159324	1.0108884882194	1.0000001159324	1.00000023139521	1.00001956019118	1.00001233769883	1.00001956019118	1.01446821039816	1.0000001159324	1.0108884882194	1.0000001159324	7.25	0.158361610417318	0.0105550392986308	0.158361610417322	3.7461650878662	0.0105656655968963	-3.24666404249469	0.0105656655969136	0.0105554438387365	-0.137238086276519	-6.74999989845578	-0.137238086276512	3.74616508786625	0.0105656655969136	-3.24666404249465	0.0105656655969004
1	1.00002624772463	1.00000023320894	1.00002624772463	1.01450695998879	1.0000001168447	1.01091769872505	1.0000001168447	1.00000023321455	1.00001971407063	1.00001235678504	1.00001971407063	1.01450695998879	1.0000001168447	1.01091769872505	1.0000001168447	7.25	0.158768891585908	0.0105821608835532	0.158768891585913	3.74615487754065	0.0105928496081319	-3.24665513038906	0.0105928496081491	0.0105825659629276	-0.137591038871935	-6.7499998982987	-0.137591038871931	3.7461548775407	0.0105928496081491	-3.24665513038901	0.0105928496081361
1	1.00002625948501	1.00000023331337	1.00002625948501	1.01450917769307	1.00000011689706	1.01091937049864	1.00000011689706	1.00000023331898	1.00001972290351	1.0000123578726	1.00001972290351	1.01450917769307	1.00000011689706	1.01091937049864	1.00000011689706	7.25	0.158792207823237	0.010583713501511	0.158792207823235	3.74615429319592	0.0105944058347266	-3.24665462033779	0.0105944058347449	0.0105841186342253	-0.1376112448694	-6.74999989828974	-0.137611244869397	3.74615429319596	0.0105944058347449	-3.24665462033774	0.0105944058347308
1	1.00002626015808	1.00000023331935	1.00002626015808	1.01450930459549	1.00000011690006	1.01091946616161	1.00000011690006	1.00000023332496	1.00001972340904	1.00001235793481	1.00001972340904	1.01450930459549	1.00000011690006	1.01091946616161	1.00000011690006	7.25	0.158793542068227	0.0105838023557734	0.158793542068236	3.74615425975832	0.0105944948880354	-3.24665459115143	0.0105944948880543	0.0105842074873696	-0.137612401136765	-6.74999989828923	-0.137612401136759	3.74615425975837	0.0105944948880543	-3.24665459115138	0.0105944948880395
1	1.0000262601966	1.00000023331969	1.0000262601966	1.0145093118571	1.00000011690023	1.01091947163563	1.00000011690023	1.0000002333253	1.00001972343796	1.00001235793837	1.00001972343796	1.0145093118571	1.00000011690023	1.01091947163563	1.00000011690023	7.25	0.158793618409854	0.0105838074756029	0.158793618409858	3.74615425784496	0.0105944999838225	-3.24665458948133	0.0105944999838419	0.0105842125862747	-0.137612467304743	-6.7499998982892	-0.13761246730474	3.74615425784501	0.0105944999838419	-3.24665458948128	0.0105944999838267
1	1.0000262601988	1.00000023331971	1.0000262601988	1.01450931227263	1.00000011690024	1.01091947194887	1.00000011690024	1.00000023332532	1.00001972343962	1.00001235793857	1.00001972343962	1.01450931227263	1.00000011690024	1.01091947194887	1.00000011690024	7.25	0.158793622778242	0.0105838077611214	0.158793622778247	3.74615425773547	0.0105945002754436	-3.24665458938576	0.0105945002754603	0.0105842128771362	-0.137612471091165	-6.7499998982892	-0.137612471091162	3.74615425773552	0.0105945002754603	-3.24665458938571	0.0105945002754477
