1	1.00586404001225	1.01106099929508	1.00586404001225	1.00583963006075	1.01089346635337	1.01510676319849	1.01057174722496	1.01071249409444	1.01524861237249	1.01919600406501	1.01524861237249	1.00583963006075	1.01057174722496	1.01510676319849	1.01089346635337	0.346228177861002	0.305693954935027	0.295266696290703	0.305693954935027	0.30332273462777	0.291779619175633	0.278700358441352	0.286528887845739	0.28807829474051	0.27979212392779	0.270678204245239	0.279792123927791	0.30332273462777	0.286528887845739	0.278700358441353	0.291779619175634
1	1.01802880181896	1.03382610145889	1.01802880181896	1.01748388449807	1.03164797970722	1.04409824413027	1.03007891304655	1.02975111388901	1.0439425997321	1.05324006766415	1.0439425997321	1.01748388449807	1.03007891304655	1.04409824413027	1.03164797970722	0.473598406345029	0.415366819815469	0.403423093029664	0.41536681981547	0.413855023624625	0.389977767635633	0.376400611872205	0.378929275093929	0.378304345265534	0.376900439982645	0.35704103160251	0.376900439982646	0.413855023624625	0.378929275093929	0.376400611872205	0.389977767635634
1	1.02407542227208	1.04477345344092	1.02407542227208	1.02383612543518	1.04548728657925	1.0584939719308	1.04140719681264	1.03936048526385	1.05840584996822	1.06863774389453	1.05840584996822	1.02383612543518	1.04140719681264	1.0584939719308	1.04548728657925	0.520455294781275	0.455757556573298	0.4405976853256	0.455757556573299	0.455196877969761	0.452836803054361	0.413009342460982	0.42791178938134	0.41347478655544	0.412876188974578	0.386584865166041	0.412876188974578	0.455196877969762	0.42791178938134	0.413009342460983	0.452836803054362
1	1.02630357638693	1.04824290170325	1.02630357638693	1.02644904460981	1.0528820543421	1.06392867685394	1.04627545101428	1.04382842215569	1.06405167961279	1.07411100759307	1.06405167961279	1.02644904460981	1.04627545101428	1.06392867685394	1.0528820543421	0.537692980685629	0.469290019455095	0.450474298695551	0.469290019455096	0.469193673259688	0.476818001315851	0.425458483435872	0.442230154771599	0.429655234907731	0.425378396579056	0.396658938007694	0.425378396579056	0.469193673259689	0.442230154771599	0.425458483435872	0.476818001315852
1	1.0271268275856	1.04907915397616	1.02712682758559	1.02733004486159	1.05597835272746	1.06587963518718	1.04781498479108	1.04591887410965	1.06603382095535	1.07599406946814	1.06603382095535	1.02733004486159	1.04781498479108	1.06587963518718	1.05597835272746	0.544034370998042	0.473827001671612	0.451887357699292	0.473827001671613	0.473884869526671	0.485589321772631	0.429730441822971	0.446127462412435	0.437563386119598	0.42972293144694	0.400146767720758	0.42972293144694	0.473884869526672	0.446127462412435	0.429730441822971	0.485589321772632
1	1.02743637114932	1.04909670788742	1.02743637114932	1.02760083199068	1.05716319097083	1.06658104565682	1.04822679863904	1.04696694215356	1.06670770240826	1.07664705192493	1.06670770240826	1.02760083199068	1.04822679863904	1.06658104565682	1.05716319097082	0.54636723818787	0.475359060276333	0.451117231931566	0.475359060276334	0.475443792429711	0.488744033539241	0.431208357010127	0.447074831363418	0.441667223765737	0.431229779735513	0.401359192899391	0.431229779735513	0.475443792429712	0.447074831363418	0.431208357010127	0.488744033539242
1	1.02755848045604	1.04892268753316	1.02755848045604	1.02767393048539	1.05760039027841	1.06683884865667	1.04831496664812	1.04752776071358	1.06692991656133	1.07687508074696	1.06692991656133	1.02767393048539	1.04831496664812	1.06683884865667	1.05760039027841	0.54722545209914	0.475882591482636	0.450050570545989	0.475882591482637	0.475954720373126	0.489875976612893	0.431723806348529	0.447246854753877	0.443928871651149	0.431749534465341	0.401781001088434	0.431749534465341	0.475954720373126	0.447246854753877	0.43172380634853	0.489875976612893
1	1.02761042915953	1.0487460584273	1.02761042915953	1.02768730328405	1.05775979754768	1.06693727331008	1.04832335061271	1.04784488088384	1.06699910893079	1.07695498308818	1.06699910893079	1.02768730328405	1.04832335061271	1.06693727331008	1.05775979754768	0.547541171381487	0.476065182561906	0.449171196764525	0.476065182561906	0.476117835439787	0.490283680696087	0.431905524937531	0.447244858025783	0.445237859418894	0.431926975078474	0.401927764071009	0.431926975078475	0.476117835439788	0.447244858025783	0.431905524937531	0.490283680696088
1	1.02763473595474	1.04861025863459	1.02763473595474	1.027684791554	1.05781789029758	1.06697706388428	1.04831739481901	1.04803183323635	1.06701788362566	1.07698302664375	1.06701788362566	1.027684791554	1.04831739481901	1.06697706388428	1.05781789029758	0.547657318027188	0.476131163179485	0.448541071726562	0.476131163179486	0.476167154241832	0.490431488779756	0.431970704842162	0.447219601040493	0.446022981081469	0.431986393789177	0.401978831254239	0.431986393789177	0.476167154241833	0.447219601040493	0.431970704842162	0.490431488779756
1	1.02764726022715	1.04851546874457	1.02764726022715	1.02767952286015	1.05783916433531	1.06699443575508	1.04831178404193	1.04814531255323	1.06702098336939	1.07699287913301	1.06702098336939	1.02767952286015	1.04831178404193	1.06699443575508	1.05783916433531	0.547700046001797	0.476156425270567	0.448114847648937	0.476156425270568	0.476180247299183	0.490485495204245	0.431994762295264	0.447200984133285	0.446505353888401	0.432005547001445	0.401996600592492	0.432005547001445	0.476180247299183	0.447200984133285	0.431994762295264	0.490485495204245
1	1.02765424815596	1.04845209638193	1.02765424815596	1.02767494471299	1.05784701255069	1.06700272471377	1.04830841387097	1.04821554217548	1.06701985224399	1.07699634376985	1.06701985224399	1.02767494471299	1.04830841387097	1.06700272471377	1.05784701255069	0.547715764751671	0.476166941636307	0.447834335615969	0.476166941636308	0.476182448462473	0.490505396274408	0.432004054099316	0.447190554911535	0.446806299832289	0.432011231769207	0.402002784259886	0.432011231769207	0.476182448462474	0.447190554911535	0.432004054099316	0.490505396274409
