1	1.3340405279952	1.43168350216963	1.3340405279952	1.33404356470583	1.42844794326642	1.43971649604251	1.42844794328346	1.43168394235243	1.43971625018136	3.48350736501929	1.43971625018136	1.33404356470583	1.42844794328346	1.43971649604251	1.42844794326642	1.41419303273768	0.710456070772192	0.590087880027274	0.710456070772197	0.710467279637815	0.570993395170532	0.478314690608186	0.570993395271699	0.59007557239049	0.478309533512718	1.34219566385633	0.47830953351272	0.71046727963782	0.570993395271699	0.478314690608187	0.570993395170537
1	1.33339357425322	1.43414640480091	1.33339357425322	1.33340082898415	1.42334744533421	1.4372150182127	1.42334744537315	1.43414361133193	1.43721284975299	3.47262367472993	1.43721284975299	1.33340082898415	1.42334744537315	1.4372150182127	1.42334744533421	1.41419369576035	0.713255486674451	0.598691550991522	0.713255486674456	0.71327623877825	0.564890778446497	0.477598981984555	0.564890778521976	0.598669115636826	0.477589870138884	1.34274545275988	0.477589870138885	0.713276238778255	0.564890778521976	0.477598981984557	0.564890778446501
1	1.33334177936819	1.43837107985079	1.33334177936819	1.33335389779623	1.4178617098844	1.43505971006134	1.4178617099333	1.43836280345356	1.43505473975359	3.46741688034207	1.43505473975359	1.33335389779623	1.4178617099333	1.43505971006134	1.4178617098844	1.41419429568807	0.715422067039534	0.605495260869301	0.715422067039539	0.715451024937522	0.560044248254389	0.477001964812269	0.560044248312314	0.605464268933624	0.47698968820513	1.34309031468468	0.476989688205132	0.715451024937527	0.560044248312314	0.47700196481227	0.560044248254394
1	1.33365688632115	1.44347643252056	1.33365688632115	1.33367414682243	1.41242631644544	1.43322006655437	1.41242631649741	1.44346138204994	1.43321188481976	3.4650221800892	1.43321188481976	1.33367414682243	1.41242631649741	1.43322006655437	1.41242631644544	1.41419483852512	0.717113289052496	0.611009471633582	0.717113289052501	0.717149361357958	0.556094797363409	0.476488191063314	0.556094797409049	0.610971097572399	0.476473286920628	1.34331119452508	0.47647328692063	0.717149361357963	0.556094797409049	0.476488191063316	0.556094797363414
1	1.33418381152556	1.44891298336382	1.33418381152556	1.33420624573532	1.40726965727226	1.43165625461461	1.40726965732345	1.44889050908142	1.43164472654274	3.46402214883606	1.43164472654274	1.33420624573532	1.40726965732345	1.43165625461461	1.40726965727226	1.4141953297044	0.718444178702837	0.615574853136042	0.718444178702842	0.718486461018616	0.552806917237868	0.476038195530153	0.552806917274678	0.6155300064907	0.476021044766315	1.34345425146636	0.476021044766317	0.718486461018621	0.552806917274678	0.476038195530155	0.552806917237873
1	1.33481880789849	1.45434606951964	1.33481880789849	1.33484628623634	1.40249977972856	1.43032840294238	1.40249977977694	1.4543159464017	1.43031355182205	3.46371130807872	1.43031355182205	1.33484628623634	1.40249977977694	1.43032840294239	1.40249977972856	1.41419577414178	0.719499265487339	0.619422386058594	0.719499265487344	0.719546998293233	0.550022865095648	0.47564060899002	0.550022865125931	0.61937179486909	0.475621493901976	1.34354692489035	0.475621493901978	0.719546998293238	0.550022865125931	0.475640608990022	0.550022865095653
1	1.33549386030875	1.45957938950751	1.33549386030875	1.33552615228973	1.39815585734005	1.42920035949735	1.39815585738465	1.45954166885524	1.42918229707289	3.46373673940287	1.42918229707289	1.33552615228973	1.39815585738465	1.42920035949735	1.39815585734005	1.41419617628536	0.720341142277165	0.6227116065218	0.72034114227717	0.72039368031298	0.547634327863176	0.475288125419162	0.547634327888491	0.622655871132133	0.475267264568018	1.34360618716	0.475267264568019	0.720393680312984	0.547634327888491	0.475288125419163	0.547634327863181
1	1.33616561757662	1.46450500986587	1.33616561757662	1.33620243395664	1.39423866827395	1.42824082162432	1.39423866831442	1.46445991792556	1.42821970634684	3.46392101952507	1.42821970634684	1.33620243395664	1.39423866831442	1.42824082162432	1.39423866827395	1.41419654015992	0.721016573485476	0.625555117434818	0.721016573485481	0.721073363095681	0.545564795584609	0.474975479926309	0.545564795606041	0.625494745746498	0.474953049470342	1.34364292160521	0.474953049470343	0.721073363095686	0.545564795606041	0.47497547992631	0.545564795584614
1	1.33680759487935	1.46907076625073	1.33680759487935	1.33684861673922	1.39072857370046	1.42742329660946	1.39072857373681	1.4690186352873	1.42739930875043	3.46417453900084	1.42739930875043	1.33684861673922	1.39072857373681	1.42742329660946	1.39072857370046	1.41419686940724	0.721560844865606	0.628034380228732	0.721560844865611	0.721621406964147	0.543758533950923	0.474698458897357	0.54375853396925	0.62796981112407	0.47467460580702	1.34366432416649	0.474674605807021	0.721621406964152	0.54375853396925	0.474698458897359	0.543758533950928
1	1.33740471308161	1.47325909459723	1.33740471308161	1.3374496115591	1.38759603424455	1.42672560290148	1.38759603427698	1.47320031636308	1.42669892985809	3.46445191086012	1.42669892985809	1.3374496115591	1.38759603427698	1.42672560290148	1.38759603424455	1.41419716732253	0.722000861278023	0.630209934151071	0.722000861278028	0.722064778345117	0.542173636661666	0.474453430652563	0.542173636677452	0.630141553278838	0.474428281019247	1.3436752696328	0.474428281019249	0.722064778345122	0.542173636677452	0.474453430652564	0.542173636661672
1	1.33794949582141	1.47707335628607	1.33794949582141	1.33799794518627	1.38480767015307	1.42612924394968	1.38480767018187	1.47700835090985	1.42610007172106	3.46473020454496	1.42610007172106	1.33799794518627	1.38480767018187	1.42612924394968	1.38480767015307	1.41419743688743	0.722357357743358	0.632128041401417	0.722357357743363	0.722424263754252	0.540777610027914	0.474237132430255	0.540777610041586	0.632056191987997	0.474210796783534	1.34367911968731	0.474210796783536	0.722424263754257	0.540777610041586	0.474237132430257	0.540777610027919
1	1.33843943609054	1.48052906336858	1.33843943609054	1.33849112211551	1.3823296644741	1.42561879936422	1.38232966449959	1.48045825882509	1.42558730776232	3.46499801628047	1.42558730776232	1.33849112211551	1.38232966449959	1.42561879936422	1.3823296644741	1.41419768079984	0.722646484204813	0.633825033609125	0.722646484204818	0.722716056715786	0.539544537002903	0.474046579203865	0.539544537014793	0.633750024009483	0.474019155987791	1.3436782200793	0.474019155987793	0.722716056715791	0.539544537014793	0.474046579203866	0.539544537002908
1	1.33887518428275	1.483648297371	1.33887518428275	1.33892980932102	1.38012958979564	1.42518138801357	1.38012958981816	1.48357211618304	1.42514774812726	3.46524993664075	1.42514774812726	1.33892980932102	1.38012958981816	1.42518138801357	1.38012958979564	1.41419790150091	0.722880948093366	0.635330176710647	0.722880948093371	0.722952901931936	0.538453231624341	0.473879027132142	0.538453231634714	0.635252285811422	0.47385060503756	1.34367421827535	0.473850605037562	0.72295290193194	0.538453231634714	0.473879027132143	0.538453231624346
1	1.33925931117218	1.48645620198544	1.33925931117218	1.33931659695475	1.37817730832317	1.4248062161815	1.37817730834304	1.48637505284668	1.42477058919082	3.46548371785341	1.42477058919082	1.33931659695475	1.37817730834304	1.4248062161815	1.37817730832318	1.41419810119951	0.72307084413292	0.63666757854672	0.723070844132925	0.723144926293826	0.537486018288928	0.473731959015758	0.537486018297998	0.636587059746709	0.473702618593825	1.34366827334658	0.473702618593826	0.723144926293831	0.537486018297998	0.473731959015759	0.537486018288933
1	1.33959547192733	1.48897881691985	1.33959547192733	1.33965516080508	1.376445335863	1.4244842062404	1.3764453358805	1.48889308964983	1.42444674303053	3.46569880086737	1.42444674303053	1.33965516080508	1.3764453358805	1.4244842062404	1.376445335863	1.41419828189426	0.723224262156955	0.637857476052124	0.72322426215696	0.72330024761461	0.53662790799834	0.473603076663818	0.536627908006283	0.63777456029359	0.473572891481993	1.34366119858609	0.473572891481995	0.723300247614615	0.536627908006283	0.47360307666382	0.536627907998345
1	1.33988784889049	1.49124177538577	1.33988784889049	1.33994970403589	1.37490890338162	1.42420769503737	1.37490890339704	1.49115183812723	1.42416853627578	3.46589553206875	1.42416853627578	1.33994970403589	1.37490890339704	1.42420769503737	1.37490890338162	1.41419844539364	0.723347736551004	0.638917118330088	0.723347736551009	0.723425424776805	0.535866029228171	0.473490293736205	0.535866029235135	0.638832016490687	0.473459331239107	1.34365356061207	0.473459331239109	0.72342542477681	0.535866029235136	0.473490293736207	0.535866029228176
1	1.34014078728528	1.49326955347562	1.34014078728528	1.34020459221709	1.37354585585197	1.42397018993139	1.37354585586554	1.49317575139023	1.42392946640498	3.46607473785891	1.42392946640498	1.34020459221709	1.37354585586554	1.42397018993139	1.37354585585197	1.41419859333399	0.723446582020258	0.639861385313574	0.723446582020263	0.723525794049376	0.535189223589983	0.473391726874724	0.535189223596094	0.639774290160513	0.473360049050432	1.34364574933943	0.473360049050433	0.72352579404938	0.535189223596095	0.473391726874726	0.535189223589988
1	1.34035856376678	1.49508506994931	1.34035856376678	1.3404241214521	1.3723364702335	1.42376617147831	1.37233647024544	1.4949877249042	1.42372400456743	3.46623748688463	1.42372400456743	1.3404241214521	1.37233647024544	1.42376617147831	1.3723364702335	1.41419872719596	0.723525147125494	0.640703231645652	0.723525147125499	0.723605723058033	0.534587749884684	0.473305684756631	0.53458774989005	0.640614319483794	0.473273348671991	1.34363802797541	0.473273348671993	0.723605723058037	0.53458774989005	0.473305684756633	0.534587749884688
1	1.34054524578104	1.49670950656512	1.34054524578104	1.34061237749163	1.37126323966447	1.42359093345732	1.37126323967497	1.49660891746257	1.42354743567071	3.466384949491	1.42354743567071	1.34061237749163	1.37126323967497	1.42359093345732	1.37126323966447	1.41419884831928	0.723587007829913	0.64145401340203	0.723587007829918	0.723668804680149	0.534053060959324	0.473230655427787	0.534053060964037	0.641363445502579	0.473197713674638	1.34363056910559	0.47319771367464	0.723668804680154	0.534053060964037	0.473230655427789	0.534053060959328
1	1.34070461237911	1.49816226035078	1.34070461237911	1.34077315642031	1.37031065316382	1.42344045223009	1.37031065317307	1.49805870387473	1.4233957277674	3.46651833281242	1.4233957277674	1.34077315642031	1.37031065317307	1.42344045223009	1.37031065316382	1.41419895791619	0.723635116965549	0.64212373745595	0.723635116965554	0.723718006796094	0.53357762876065	0.473165292853337	0.533577628764793	0.642031661318114	0.473131793925055	1.34362348044782	0.473131793925057	0.723718006796099	0.533577628764793	0.473165292853339	0.533577628760655
1	1.34084011614883	1.4994609835449	1.34084011614883	1.34090992654704	1.36946497958327	1.42331128025816	1.3694649795914	1.49935471514937	1.42326542555694	3.46663881377592	1.42326542555694	1.34090992654704	1.3694649795914	1.42331128025816	1.36946497958327	1.41419905708358	0.723671920731204	0.642721253041464	0.723671920731209	0.723755789020151	0.533154806504584	0.473108402581715	0.533154806508226	0.642627803530116	0.473074391208451	1.3436168241354	0.473074391208452	0.723755789020156	0.533154806508226	0.473108402581717	0.533154806504589
1	1.34095487195162	1.50062166495321	1.34095487195162	1.34102581715038	1.36871406954717	1.42320045786505	1.36871406955432	1.50051291999714	1.42315356213343	3.4667475210566	1.42315356213343	1.34102581715038	1.36871406955432	1.42320045786505	1.36871406954717	1.41419914681394	0.723699450690707	0.643254407313425	0.723699450690712	0.723784194895718	0.532778714042961	0.47305892788069	0.532778714046164	0.643159707692107	0.473024445325195	1.34361063024389	0.473024445325196	0.723784194895723	0.532778714046164	0.473058927880692	0.532778714042966
1	1.34105166282587	1.50165873767575	1.34105166282587	1.34112362442588	1.36804717444971	1.42310544022489	1.368047174456	1.50154773262748	1.42305758594811	3.46684551933898	1.42305758594811	1.34112362442588	1.368047174456	1.42310544022489	1.36804717444971	1.41419922800533	0.723719396994549	0.643730172191123	0.723719396994554	0.723804925283551	0.532444142478708	0.473015936191877	0.532444142481524	0.643634335068235	0.472981020516298	1.34360490673191	0.4729810205163	0.723804925283556	0.532444142481524	0.473015936191879	0.532444142478713
1	1.34113295630949	1.50258519769978	1.34113295630949	1.34120582787339	1.36745478400834	1.42302403645292	1.36745478401387	1.50247213136211	1.42297529987072	3.46693380144753	1.42297529987072	1.34120582787339	1.36745478401387	1.42302403645292	1.36745478400834	1.41419930147033	0.72373316724058	0.6441547504323	0.723733167240584	0.723819397365439	0.532146473123494	0.472978606294797	0.532146473125972	0.64405787863178	0.472943292603571	1.34359964662336	0.472943292603572	0.723819397365444	0.532146473125972	0.472978606294798	0.532146473123499
1	1.34120092663555	1.50341272484032	1.34120092663555	1.34127461256893	1.36692848168339	1.42295435850828	1.36692848168826	1.5032977795636	1.42290481006235	3.46701328549256	1.42290481006235	1.34127461256893	1.36692848168826	1.42295435850828	1.36692848168339	1.41419936794422	0.723741934193162	0.644533665799307	0.723741934193167	0.723828792487183	0.531881607800318	0.472946216335821	0.531881607802497	0.644435853163938	0.472910536998292	1.34359483317429	0.472910536998294	0.723828792487188	0.531881607802496	0.472946216335823	0.531881607800323
1	1.34125747975584	1.50415180090487	1.34125747975583	1.34133189426967	1.36646081665618	1.42289477810831	1.36646081666046	1.50403514376676	1.42284448286037	3.4670848152138	1.42284448286037	1.34133189426967	1.36646081666046	1.42289477810831	1.36646081665618	1.41419942809228	0.723746674766333	0.644871840696769	0.723746674766338	0.723834095249931	0.531645908357047	0.472918132802434	0.531645908358964	0.644773172830234	0.472882117657849	1.34359044356673	0.472882117657851	0.723834095249936	0.531645908358964	0.472918132802436	0.531645908357052
1	1.3413042791915	1.50481182213426	1.3413042791915	1.34137934534703	1.36604519081117	1.42284389023011	1.36604519081494	1.50469360607273	1.42279290825178	3.46714916233103	1.42279290825179	1.34137934534703	1.36604519081494	1.42284389023012	1.36604519081117	1.41419948251649	0.723748202086827	0.645173663685406	0.723748202086832	0.723836125668309	0.531436143824348	0.472893800468244	0.531436143826037	0.645074218637974	0.472857477015149	1.3435864515273	0.472857477015151	0.723836125668314	0.531436143826037	0.472893800468246	0.531436143824354
1	1.34134277143265	1.50540120435831	1.34134277143265	1.34141842026704	1.36567575912727	1.42280048206585	1.36567575913059	1.50528156924948	1.42274886880182	3.46720703010751	1.42274886880182	1.34141842026704	1.36567575913059	1.42280048206585	1.36567575912728	1.41419953176156	0.723747192021949	0.645443048629133	0.723747192021954	0.723835565782377	0.531249444030729	0.472872733295565	0.531249444032213	0.645342897531101	0.472836126867128	1.34358282916194	0.472836126867129	0.723835565782382	0.531249444032213	0.472872733295566	0.531249444030734
1	1.34137421010611	1.50592748017907	1.34137421010611	1.3414503798354	1.36534734195188	1.42276350652256	1.36534734195479	1.50580655385543	1.42271131312877	3.46725905759145	1.42271131312877	1.3414503798354	1.36534734195479	1.42276350652256	1.36534734195188	1.41419957632034	0.723744205239854	0.645683486796406	0.723744205239859	0.723832981792545	0.531083258746788	0.472854506256653	0.531083258748094	0.645582694442851	0.472817640183223	1.3435795482211	0.472817640183225	0.723832981792549	0.531083258748094	0.472854506256655	0.531083258746793
1	1.3413996784688	1.50639738803812	1.3413996784688	1.3414763137638	1.3650553477516	1.42273205953205	1.36505534775416	1.50627528724523	1.42267933319036	3.46730582417507	1.42267933319036	1.3414763137638	1.36505534775416	1.42273205953205	1.3650553477516	1.41419961663879	0.723739705633799	0.64589809293784	0.723739705633804	0.723828842550288	0.530935321612854	0.472838748018823	0.530935321614003	0.645796718327985	0.472801643778756	1.3435765809526	0.472801643778757	0.723828842550293	0.530935321614003	0.472838748018825	0.530935321612859
1	1.3414201100119	1.50681695335399	1.3414201100119	1.34149716134208	1.36479570507344	1.4227053605724	1.3647957050757	1.50669378464534	1.42265214478348	3.46734785423085	1.42265214478348	1.34149716134208	1.3647957050757	1.4227053605724	1.36479570507344	1.41419965312043	0.723734075764769	0.646089646152916	0.723734075764773	0.723823535060154	0.530803618235885	0.472825134429734	0.530803618236896	0.645987742987123	0.472787811789392	1.34357390065752	0.472787811789394	0.723823535060159	0.530803618236896	0.472825134429735	0.53080361823589
1	1.34143630711083	1.50719156210677	1.34143630711083	1.34151373015108	1.36456480259153	1.42268273591014	1.36456480259352	1.50706742267794	1.42262907076589	3.46738562166709	1.42262907076589	1.34151373015108	1.36456480259352	1.42268273591014	1.36456480259153	1.41419968613039	0.723727629842749	0.646260626208492	0.723727629842754	0.723817377514119	0.530686357940131	0.47281338273545	0.53068635794102	0.64615824334574	0.472775859879188	1.34357148203369	0.472775859879189	0.723817377514124	0.53068635794102	0.472813382735452	0.530686357940136
1	1.34144895775243	1.50752602735023	1.34144895775243	1.34152671284753	1.36435943624856	1.42266360415698	1.36435943625031	1.50740100581406	1.422609526594	3.46741955430307	1.422609526594	1.34152671284753	1.36435943625031	1.42266360415699	1.36435943624856	1.41419971599903	0.723720624664064	0.646413245861083	0.723720624664069	0.723810630276494	0.530581948731969	0.472803246463564	0.530581948732752	0.646310427739643	0.4727655401144	1.34356930136867	0.472765540114401	0.723810630276499	0.530581948732752	0.472803246463566	0.530581948731974
1	1.34145865042969	1.50782464917793	1.34145865042969	1.3415367021117	1.36417676262315	1.42264746380319	1.36417676262469	1.50769882628316	1.42259300783848	3.46745003800416	1.42259300783849	1.3415367021117	1.36417676262469	1.42264746380319	1.36417676262315	1.4141997430253	0.723713268842763	0.646549479650875	0.723713268842768	0.723803505157958	0.530488975099905	0.472794510905653	0.530488975100597	0.646446266674735	0.472756636437275	1.34356733662736	0.472756636437276	0.723803505157963	0.530488975100597	0.472794510905654	0.530488975099911
1	1.34146588732835	1.50809126868109	1.34146588732835	1.34154420388202	1.36401425776359	1.42263388244422	1.36401425776495	1.50796471797715	1.42257907939443	3.46747742054466	1.42257907939443	1.34154420388202	1.36401425776495	1.42263388244422	1.3640142577636	1.41419976747967	0.723705730611937	0.646671089569685	0.723705730611942	0.723796173255153	0.530406178320118	0.472786989136848	0.530406178320728	0.646567518463199	0.47274896067755	1.34356556746696	0.472748960677552	0.723796173255158	0.530406178320728	0.47278698913685	0.530406178320123
1	1.34147109594603	1.50832931642518	1.34147109594603	1.341549649018	1.36386968082445	1.42262248746214	1.36386968082564	1.50820210487603	1.42256736614725	3.46750201518555	1.42256736614725	1.341549649018	1.36386968082564	1.42262248746214	1.36386968082445	1.41419978960691	0.723698144421858	0.646779647952469	0.723698144421863	0.723788771583147	0.53033243897906	0.472780518514524	0.530332438979595	0.646675752085513	0.472742349043618	1.3435639752032	0.472742349043619	0.723788771583152	0.530332438979595	0.472780518514526	0.530332438979065
1	1.34147463929029	1.50854185594881	1.34147463929029	1.3415534035378	1.36374104192648	1.4226129579594	1.36374104192752	1.50841404449878	1.42255754489209	3.46752410396634	1.4225575448921	1.3415534035378	1.36374104192752	1.4226129579594	1.36374104192648	1.41419980962846	0.723690616522717	0.646876557898528	0.723690616522722	0.723781408689031	0.53026676145977	0.472774957602837	0.53026676146024	0.646772367584379	0.472736659040035	1.34356254274477	0.472736659040037	0.723781408689036	0.53026676146024	0.472774957602839	0.530266761459775
1	1.34147682479961	1.50873162275765	1.34147682479961	1.34155577757505	1.36362657373377	1.42260501777317	1.36362657373469	1.50860326685233	1.42254933733475	3.46754394071921	1.42254933733475	1.34155577757505	1.36362657373469	1.42260501777317	1.36362657373377	1.4141998277447	0.723683229688375	0.646963071492204	0.72368322968838	0.723774169403348	0.530208260168493	0.472770183474584	0.530208260168906	0.646858614260206	0.472731766762855	1.34356125450835	0.472731766762856	0.723774169403353	0.530208260168906	0.472770183474586	0.530208260168498
1	1.34147791212522	1.50890105925223	1.34147791212522	1.34155703319302	1.36352470630512	1.42259842942316	1.36352470630594	1.50877220931738	1.42254250402683	3.46756175381784	1.42254250402683	1.34155703319302	1.36352470630594	1.42259842942316	1.36352470630513	1.41419984413696	0.723676047212043	0.647040306061867	0.723676047212048	0.723767118860633	0.530156147304374	0.472766089346588	0.530156147304739	0.646935606906832	0.472727564528887	1.34356009632278	0.472727564528889	0.723767118860638	0.530156147304739	0.47276608934659	0.530156147304379
1	1.34147811990233	1.5090523459934	1.34147811990233	1.34155739118499	1.36343404483217	1.422592988867	1.36343404483289	1.50892304787471	1.42253683910949	3.46757774867718	1.42253683910949	1.34155739118499	1.36343404483289	1.42259298886701	1.36343404483217	1.41419985896929	0.723669116283889	0.647109258689091	0.723669116283894	0.723760305899348	0.530109721997814	0.472762582509239	0.530109721998136	0.647004340299256	0.472723958799572	1.34355905532857	0.472723958799574	0.723760305899353	0.530109721998136	0.47276258250924	0.530109721997819
1	1.3414776316291	1.50918742967447	1.3414776316291	1.34155703697944	1.36335334992446	1.42258852095496	1.36335334992509	1.50905772504096	1.42253216575715	3.46759211002119	1.42253216575715	1.34155703697944	1.36335334992509	1.42258852095496	1.36335334992446	1.41419987239014	0.723662470843468	0.647170819156568	0.723662470843473	0.723753765934348	0.53006836066305	0.472759582515059	0.530068360663335	0.647065702121815	0.47272086836425	1.34355811987673	0.472720868364251	0.723753765934353	0.530068360663335	0.472759582515061	0.530068360663056
1	1.34147658233422	1.50930802319433	1.34147658233422	1.34155621746467	1.36328155909449	1.4225848945133	1.36328155909504	1.50917813067634	1.42252840999958	3.46760545126412	1.42252840999958	1.34155621746467	1.36328155909504	1.4225848945133	1.36328155909449	1.41419988453382	0.723656136014451	0.647225804620049	0.723656136014456	0.723747443723915	0.530031478722948	0.472756983471769	0.530031478723198	0.647120476213622	0.472718227386661	1.34355725801033	0.472718227386663	0.72374744372392	0.530031478723198	0.472756983471771	0.530031478722953
1	1.34147512449605	1.50941571876321	1.34147512449605	1.34155494033816	1.36321764161848	1.42258194917193	1.36321764161896	1.50928562358224	1.42252535213653	3.46761727148905	1.42252535213653	1.34155494033816	1.36321764161896	1.42258194917193	1.36321764161848	1.41419989552188	0.7236501201775	0.647274892915375	0.723650120177505	0.723741450094151	0.529998618437831	0.472754769179564	0.529998618438053	0.647169386412957	0.472715971487511	1.34355648857095	0.472715971487512	0.723741450094156	0.529998618438053	0.472754769179565	0.529998618437837
1	1.3414733614572	1.50951189405413	1.3414733614572	1.34155332122572	1.36316073078657	1.42257957943442	1.363160730787	1.50938159412753	1.42252288265016	3.46762780088081	1.42252288265016	1.34155332122572	1.363160730787	1.42257957943442	1.36316073078657	1.41419990546429	0.723644432379382	0.64731871937779	0.723644432379387	0.723735789920981	0.52996933899893	0.472752885003852	0.529969338999125	0.647213060320289	0.472714047343746	1.34355580042131	0.472714047343748	0.723735789920986	0.529969338999125	0.472752885003854	0.529969338998935
1	1.34147137914268	1.50959778109941	1.34147137914268	1.3415514550083	1.36311005565798	1.42257769437925	1.36311005565836	1.50946728189968	1.42252090803722	3.46763720976719	1.42252090803722	1.3415514550083	1.36311005565836	1.42257769437925	1.36311005565798	1.41419991446055	0.7236390751802	0.64735785012103	0.723639075180205	0.72373046293506	0.529943248141811	0.472751283983986	0.529943248141983	0.647252058653897	0.472712408637685	1.343555184299	0.472712408637687	0.723730462935065	0.529943248141983	0.472751283983988	0.529943248141816
1	1.34146924840063	1.50967448099225	1.34146924840063	1.34154941909084	1.36306493038608	1.42257621585323	1.36306493038641	1.50954379227731	1.42251934842625	3.4676456325232	1.42251934842625	1.34154941909084	1.36306493038641	1.42257621585323	1.36306493038608	1.41419992260071	0.723634046178693	0.647392789855537	0.723634046178698	0.723725464851106	0.529919996827634	0.472749925746711	0.529919996827785	0.647286882279143	0.472711015259377	1.34355463228624	0.472711015259378	0.723725464851111	0.529919996827785	0.472749925746713	0.529919996827639
1	1.34146702715062	1.5097429774023	1.34146702715062	1.34154727621829	1.36302474478779	1.42257507686712	1.36302474478809	1.50961211114937	1.42251813563189	3.46765318028716	1.42251813563189	1.34154727621829	1.36302474478809	1.42257507686713	1.36302474478779	1.41419992996622	0.723629339199715	0.64742398871378	0.72362933919972	0.723720788272437	0.529899274466824	0.472748775567044	0.529899274466957	0.647317978521152	0.472709832535226	1.34355413749464	0.472709832535227	0.723720788272442	0.529899274466957	0.472748775567046	0.529899274466829
1	1.34146476230417	1.50980414886704	1.34146476230417	1.34154507687609	1.3629889559788	1.42257422016263	1.36298895597906	1.50967311798095	1.42251721151948	3.4676599479456	1.42251721151948	1.34154507687609	1.36298895597906	1.42257422016263	1.36298895597881	1.41419993663082	0.723624945234285	0.647451848252814	0.72362494523429	0.723716423429132	0.529880804656546	0.472747803566323	0.529880804656663	0.647345746832764	0.472708830523327	1.34355369386508	0.472708830523329	0.723716423429137	0.529880804656663	0.472747803566324	0.529880804656551
1	1.34146249145398	1.50985877989583	1.34146249145398	1.34154286132455	1.3629570809396	1.42257359693489	1.36295708093983	1.50972759741496	1.4225165266076	3.46766601815324	1.4225165266076	1.34154286132455	1.36295708093983	1.42257359693489	1.3629570809396	1.41419994266119	0.723620853191105	0.647476726758919	0.72362085319111	0.723712358786122	0.529864341388277	0.47274698402977	0.52986434138838	0.647370543879758	0.472707983386941	1.34355329603119	0.472707983386942	0.723712358786127	0.52986434138838	0.472746984029772	0.529864341388282
1	1.34146024434443	1.50990757095925	1.34146024434443	1.34154066131708	1.36292868990339	1.42257316569947	1.36292868990359	1.50977624958066	1.42251603886374	3.46767146379568	1.42251603886374	1.34154066131708	1.36292868990359	1.42257316569947	1.3629286899034	1.4141999481177	0.723617050500321	0.647498943950521	0.723617050500326	0.723708581545489	0.529849665678222	0.472746294825216	0.529849665678312	0.647392688098884	0.472707268845072	1.3435529392197	0.472707268845074	0.723708581545494	0.529849665678312	0.472746294825217	0.529849665678227
1	1.34145804414202	1.50995114745146	1.34145804414202	1.34153850154892	1.36290340047334	1.42257289129287	1.36290340047351	1.50981969925981	1.42251571266214	3.46767634961467	1.42251571266214	1.34153850154892	1.36290340047351	1.42257289129287	1.36290340047334	1.41419995305496	0.723613523599123	0.64751878515646	0.723613523599128	0.72370507806065	0.529836582574868	0.472745716906749	0.529836582574948	0.647412463779719	0.472706667693947	1.3435526191731	0.472706667693948	0.723705078060655	0.529836582574948	0.472745716906751	0.529836582574874
1	1.34145590852712	1.50999006771694	1.34145590852712	1.34153640087692	1.36288087238859	1.4225727439951	1.36288087238874	1.50985850404283	1.42251551788085	3.46768073336642	1.42251551788085	1.34153640087692	1.36288087238874	1.4225727439951	1.36288087238859	1.41419995752237	0.723610258321569	0.647536505033351	0.723610258321574	0.723701834176182	0.529824918501583	0.4727452338896	0.529824918501654	0.647430124717222	0.472706163391647	1.34355233208712	0.472706163391648	0.723701834176187	0.529824918501654	0.472745233889602	0.529824918501588
1	1.34145385062796	1.51002483023095	1.34145385062796	1.34153437334598	1.36286080286809	1.42257269876305	1.36286080286823	1.50989316159051	1.42251542911935	3.46768466670651	1.42251542911935	1.34153437334598	1.36286080286823	1.42257269876305	1.36286080286809	1.41419996156465	0.723607240210036	0.647552330875959	0.723607240210041	0.723698835504519	0.529814518896377	0.472744831685035	0.52981451889644	0.647445897478034	0.472705741698093	1.34355207455827	0.472705741698095	0.723698835504524	0.52981451889644	0.472744831685036	0.529814518896382
1	1.34145187981672	1.51005588001789	1.34145187981672	1.34153242905178	1.36284292246876	1.42257273456274	1.36284292246888	1.50992411610264	1.42251542502121	3.4676881959036	1.42251542502121	1.34153242905178	1.36284292246888	1.42257273456274	1.36284292246877	1.41419996522226	0.723604454762259	0.647566465567038	0.723604454762264	0.723696067649051	0.529805246115066	0.472744498186025	0.529805246115123	0.647459984319871	0.472705390363221	1.3435518435391	0.472705390363222	0.723696067649056	0.529805246115123	0.472744498186027	0.529805246115071
1	1.34145000238583	1.51008361438549	1.34145000238583	1.34153057486532	1.36282699140174	1.42257283378975	1.36282699140184	1.50995176408246	1.42251548768823	3.46769136243817	1.42251548768823	1.34153057486531	1.36282699140184	1.42257283378975	1.36282699140174	1.4141999685318	0.723601887625253	0.647579090206995	0.723601887625257	0.723693516381704	0.529796977567958	0.472744222996176	0.529796977568007	0.647472565799779	0.472705098856899	1.34355163629925	0.472705098856901	0.723693516381709	0.529796977568007	0.472744222996178	0.529796977567963
1	1.34144822212062	1.51010838804587	1.34144822212062	1.34152881504075	1.36281279625625	1.42257298176733	1.36281279625634	1.50997645947514	1.4225156021744	3.46769420351761	1.4225156021744	1.34152881504075	1.36281279625634	1.42257298176733	1.36281279625625	1.41419997152639	0.723599524745407	0.647590366458824	0.723599524745411	0.723691167782084	0.529789604063625	0.472743997195616	0.529789604063667	0.647483803103708	0.472704858135018	1.34355145039143	0.47270485813502	0.723691167782089	0.529789604063667	0.472743997195617	0.52978960406363
1	1.3414465407827	1.51013051768807	1.3414465407827	1.34152715172441	1.36280014708631	1.42257316631271	1.36280014708639	1.50999851824959	1.42251575604933	3.46769675252694	1.42251575604933	1.34152715172441	1.36280014708639	1.42257316631272	1.36280014708631	1.41419997423601	0.723597352482472	0.647600438639562	0.723597352482477	0.723689008344232	0.529783028336388	0.472743813138619	0.529783028336425	0.647493840126689	0.472704660436909	1.34355128362135	0.472704660436911	0.723689008344237	0.529783028336425	0.47274381313862	0.529783028336393
1	1.34144495851667	1.51015028606004	1.34144495851666	1.34152558538035	1.36278887481998	1.42257337736322	1.36278887482005	1.5100182224845	1.42251593902211	3.46769903942696	1.42251593902211	1.34152558538035	1.36278887482005	1.42257337736322	1.36278887481998	1.41419997668778	0.723595357693834	0.647609435585945	0.723595357693839	0.723687025056295	0.529777163736876	0.472743664278582	0.529777163736909	0.64750280532998	0.472704499109869	1.34355113402108	0.472704499109871	0.7236870250563	0.529777163736909	0.472743664278584	0.529777163736881
1	1.34144347419109	1.51016794561236	1.34144347419109	1.34152411514532	1.36277882895567	1.42257360665433	1.36277882895573	1.51003582401297	1.42251614261771	3.46770109110823	1.42251614261772	1.34152411514532	1.36277882895573	1.42257360665433	1.36277882895567	1.41419997890623	0.723593527794448	0.647617472318804	0.723593527794453	0.723685205457651	0.529771933067365	0.472743545016577	0.529771933067393	0.647510813398884	0.472704368457183	1.34355099982541	0.472704368457185	0.723685205457656	0.529771933067393	0.472743545016579	0.52977193306737
1	1.34144208568336	1.51018372175064	1.34144208568336	1.34152273912405	1.36276987551356	1.42257384744306	1.36276987551362	1.51005154767372	1.42251635989893	3.46770293170706	1.42251635989893	1.34152273912405	1.36276987551362	1.42257384744306	1.36276987551357	1.41419998091357	0.723591850796919	0.647624651528017	0.723591850796924	0.723683537677408	0.529767267545721	0.472743450570304	0.529767267545745	0.647517966722503	0.472704263606531	1.34355087945072	0.472704263606532	0.723683537677413	0.529767267545745	0.472743450570306	0.529767267545726
1	1.34144079011657	1.51019781573829	1.34144079011657	1.34152145463404	1.36276189521393	1.42257409427059	1.36276189521397	1.51006559421171	1.4225165852277	3.46770458288802	1.4225165852277	1.34152145463404	1.36276189521397	1.42257409427059	1.36276189521393	1.41419998272988	0.723590315335483	0.647631064897487	0.723590315335488	0.723682010457625	0.529763105883607	0.472743376860708	0.529763105883629	0.647524356714461	0.472704180396029	1.34355077147622	0.472704180396031	0.723682010457629	0.529763105883629	0.472743376860709	0.529763105883612
1	1.3414395840558	1.5102104072874	1.3414395840558	1.34152025840782	1.3627547818571	1.42257434275892	1.36275478185714	1.51007814286615	1.42251681406072	3.46770606409723	1.42251681406072	1.34152025840782	1.36275478185714	1.42257434275893	1.3627547818571	1.41419998437335	0.723588910677032	0.647636794287369	0.723588910677037	0.723680613164129	0.529759393466242	0.472743320413869	0.529759393466263	0.647530064991632	0.472704115275611	1.34355067462705	0.472704115275612	0.723680613164134	0.529759393466263	0.47274332041387	0.529759393466247
1	1.34143846366968	1.51022165687115	1.34143846366968	1.34151914675915	1.36274844088276	1.42257458943695	1.3627484408828	1.5100893536797	1.42251704277445	3.46770739278926	1.42251704277445	1.34151914675915	1.3627484408828	1.42257458943695	1.36274844088276	1.41419998586042	0.723587626721821	0.647641912789045	0.723587626721826	0.723679335787383	0.52975608162244	0.472743278276185	0.529756081622458	0.647535164426142	0.472704065221685	1.34355058775929	0.472704065221686	0.723679335787388	0.529756081622458	0.472743278276187	0.529756081622445
1	1.34143742486268	1.51023170778764	1.34143742486268	1.34151811571898	1.36274278808862	1.42257483159193	1.36274278808865	1.51009936955915	1.42251726851569	3.46770858463078	1.42251726851569	1.34151811571898	1.36274278808865	1.42257483159193	1.36274278808862	1.41419998720598	0.723586453996032	0.647646485666524	0.723586453996037	0.723678168935415	0.529753126974903	0.472743247941022	0.529753126974918	0.647539720084213	0.472704027663324	1.34355050984648	0.472704027663325	0.72367816893542	0.529753126974917	0.472743247941024	0.529753126974908
1	1.34143646338271	1.51024068800189	1.34143646338271	1.34151716114592	1.36273774849072	1.42257506714288	1.36273774849075	1.51010831811428	1.42251748907406	3.46770965368334	1.42251748907406	1.34151716114592	1.36273774849075	1.42257506714289	1.36273774849073	1.41419998842349	0.723585383638057	0.647650571196555	0.723585383638062	0.72367710382059	0.529750490861914	0.472743227285334	0.529750490861927	0.647543790064063	0.472704000418445	1.34355043996751	0.472704000418446	0.723677103820595	0.529750490861927	0.472743227285336	0.529750490861919
1	1.3414355749078	1.51024871179001	1.3414355749078	1.34151627881519	1.3627332553098	1.42257529453283	1.36273325530982	1.51011631329891	1.42251770277349	3.46771061256742	1.42251770277349	1.34151627881519	1.36273325530983	1.42257529453283	1.3627332553098	1.41419998952514	0.723584407379972	0.647654221418368	0.723584407379977	0.723676132241652	0.529748138822504	0.472743214514932	0.529748138822517	0.647547426243684	0.47270398163867	1.34355037729586	0.472703981638672	0.723676132241657	0.529748138822517	0.472743214514933	0.529748138822509
1	1.34143475511531	1.51025588120662	1.34143475511531	1.34151546448978	1.36272924906951	1.4225755126373	1.36272924906953	1.51012345687551	1.42251790837992	3.46771147260981	1.42251790837992	1.34151546448978	1.36272924906953	1.4225755126373	1.36272924906951	1.41419999052196	0.723583517525486	0.647657482802764	0.723583517525491	0.723675246562257	0.529746040138106	0.472743208117237	0.529746040138117	0.647550674948244	0.4727039697617	1.34355032108984	0.472703969761702	0.723675246562262	0.529746040138116	0.472743208117238	0.529746040138111
1	1.34143399973637	1.51026228739468	1.34143399973637	1.34151471397641	1.3627256767943	1.4225757206868	1.36272567679432	1.51012983972234	1.42251810502308	3.46771224397577	1.42251810502308	1.34151471397641	1.36272567679432	1.42257572068681	1.3627256767943	1.41419999142391	0.723582706925381	0.647660396849298	0.723582706925386	0.72367443968699	0.529744167424439	0.47274320682053	0.529744167424449	0.647553577545694	0.472703963470208	1.34355027068392	0.472703963470209	0.723674439686995	0.529744167424449	0.472743206820532	0.529744167424444
1	1.34143330459822	1.5102680117546	1.34143330459822	1.3415140231692	1.36272249129573	1.42257591820121	1.36272249129575	1.51013554300011	1.42251829213022	3.46771293578786	1.42251829213022	1.3415140231692	1.36272249129575	1.42257591820121	1.36272249129573	1.41419999224004	0.723581968951283	0.647663000619251	0.723581968951288	0.723673705035702	0.529742496268124	0.47274320955882	0.529742496268133	0.647556170978398	0.472703961656391	1.34355022548092	0.472703961656393	0.723673705035706	0.529742496268133	0.472743209558822	0.529742496268129
1	1.34143266565623	1.51027312698794	1.34143266565623	1.34151338808273	1.36271965053756	1.42257610493447	1.36271965053757	1.51014063919334	1.42251846937022	3.46771355623259	1.42251846937022	1.34151338808273	1.36271965053757	1.42257610493447	1.36271965053756	1.41419999297849	0.723581297468454	0.64766532721133	0.723581297468459	0.72367303651683	0.529741004903059	0.472743215441581	0.529741004903067	0.647558488237598	0.472703963391407	1.343550184945	0.472703963391409	0.723673036516835	0.529741004903067	0.472743215441583	0.529741004903064
1	1.3414320790176	1.51027769802889	1.3414320790176	1.34151280487673	1.36271711707073	1.42257628082805	1.36271711707074	1.51014519303982	1.42251863660642	3.46771411265617	1.42251863660642	1.34151280487673	1.36271711707074	1.42257628082805	1.36271711707073	1.41419999364668	0.723580686808154	0.647667406186291	0.723580686808159	0.723672428500252	0.529739673922221	0.472743223727723	0.52973967392223	0.647560558786923	0.472703967899056	1.34355014859537	0.472703967899058	0.723672428500257	0.52973967392223	0.472743223727725	0.529739673922227
1	1.34143154095805	1.51028178287593	1.34143154095805	1.34151226987357	1.36271485753067	1.42257644597196	1.36271485753068	1.5101492623603	1.42251879385712	3.46771461165058	1.42251879385712	1.34151226987357	1.36271485753068	1.42257644597196	1.36271485753067	1.41419999425128	0.723580131740007	0.647669263945913	0.723580131740012	0.723671875790116	0.529738486020971	0.472743233803186	0.529738486020978	0.647562408940376	0.472703974533124	1.34355011600063	0.472703974533125	0.723671875790121	0.529738486020978	0.472743233803188	0.529738486020976
1	1.34143104793293	1.51028543333419	1.34143104793293	1.34151177956999	1.36271284218989	1.42257660057208	1.3627128421899	1.51015289879914	1.42251894126244	3.46771505913068	1.42251894126244	1.34151177956999	1.3627128421899	1.42257660057208	1.36271284218989	1.41419999479834	0.723579627444732	0.647670924071324	0.723579627444736	0.723671373597976	0.529737425768404	0.472743245161708	0.529737425768411	0.647564062199762	0.472703982757917	1.34355008677376	0.472703982757919	0.723671373597981	0.529737425768411	0.472743245161709	0.52973742576841
1	1.34143059658362	1.51028869567819	1.34143059658362	1.3415113306442	1.36271104455982	1.42257674492304	1.36271104455983	1.51015614848544	1.4225190790567	3.46771546040366	1.4225190790567	1.3415113306442	1.36271104455982	1.42257674492304	1.36271104455982	1.41419999529334	0.723579169487471	0.647672407624991	0.723579169487476	0.723670917516522	0.529736479403689	0.472743257388317	0.529736479403696	0.647565539555859	0.472703992131521	1.34355006056751	0.472703992131522	0.723670917516527	0.529736479403696	0.472743257388319	0.529736479403694
1	1.34143018374031	1.51029161124346	1.34143018374031	1.34151091995913	1.36270944103643	1.42257687938567	1.36270944103643	1.51015905262323	1.42251920754547	3.46771582023125	1.42251920754547	1.34151091995913	1.36270944103643	1.42257687938567	1.36270944103643	1.41419999574124	0.723578753791979	0.647673733420307	0.723578753791983	0.72367050349408	0.529735634654624	0.472743270145176	0.52973563465463	0.647566859757281	0.472704002291457	1.34355003707036	0.472704002291459	0.723670503494085	0.52973563465463	0.472743270145178	0.529735634654629
1	1.34142980642175	1.51029421695485	1.34142980642175	1.34151054456265	1.36270801058479	1.42257700436848	1.3627080105848	1.51016164801846	1.42251932708662	3.46771614288563	1.42251932708662	1.34151054456265	1.3627080105848	1.42257700436848	1.3627080105848	1.41419999614652	0.723578376615743	0.647674918262265	0.723578376615747	0.723670127810079	0.529734880575985	0.472743283159461	0.529734880575991	0.647568039550477	0.472704012942361	1.34355001600282	0.472704012942362	0.723670127810084	0.529734880575991	0.472743283159462	0.52973488057599
1	1.34142946183277	1.51029654579807	1.34142946183277	1.34151020168548	1.36270673445832	1.42257712031238	1.36270673445833	1.51016396754933	1.42251943807466	3.46771643219962	1.42251943807466	1.34151020168548	1.36270673445833	1.42257712031238	1.36270673445832	1.41419999651322	0.72357803452622	0.647675977162293	0.723578034526225	0.723669787051549	0.529734207405515	0.472743296212995	0.529734207405521	0.647569093893995	0.472704023845449	1.34354999711418	0.472704023845451	0.723669787051554	0.529734207405521	0.472743296212996	0.52973420740552
1	1.34142914735987	1.51029862724081	1.34142914735987	1.3415098887372	1.36270559594875	1.42257722767827	1.36270559594875	1.51016604058637	1.42251954092808	3.46771669161176	1.42251954092808	1.3415098887372	1.36270559594875	1.42257722767827	1.36270559594875	1.41419999684503	0.723577724378206	0.647676923530097	0.723577724378211	0.723669478090742	0.529733606435585	0.4727433091334	0.529733606435591	0.647570036149748	0.47270403480951	1.34354998017955	0.472704034809512	0.723669478090747	0.529733606435591	0.472743309133402	0.52973360643559
1	1.34142886056556	1.51030048760869	1.34142886056556	1.34150960330083	1.36270458016365	1.42257732693707	1.36270458016365	1.51016789336736	1.42251963607889	3.46771692420675	1.4225196360789	1.34150960330083	1.36270458016365	1.42257732693707	1.36270458016365	1.41419999714527	0.723577443292397	0.647677769344903	0.723577443292402	0.723669198063926	0.529733069898847	0.472743321786542	0.529733069898852	0.647570878253796	0.472704045683202	1.34354996499717	0.472704045683203	0.72366919806393	0.529733069898852	0.472743321786544	0.529733069898852
1	1.34142859918167	1.51030215042093	1.34142859918167	1.34150934312646	1.36270367382825	1.42257741856159	1.36270367382826	1.51016954933215	1.42251972396442	3.46771713275176	1.42251972396442	1.34150934312646	1.36270367382826	1.42257741856159	1.36270367382826	1.41419999741693	0.723577188635152	0.647678525308374	0.723577188635157	0.723668944351344	0.529732590866335	0.472743334070103	0.529732590866341	0.647571630868798	0.472704056348488	1.34354995138609	0.47270405634849	0.723668944351349	0.529732590866341	0.472743334070104	0.52973259086634
1	1.34142836110187	1.51030363669017	1.34142836110187	1.34150910612404	1.36270286510906	1.42257750302027	1.36270286510907	1.51017102942166	1.42251980502057	3.46771731972902	1.42251980502057	1.34150910612404	1.36270286510907	1.42257750302027	1.36270286510906	1.41419999766274	0.723576957999481	0.64767920098113	0.723576957999486	0.723668714558393	0.529732163156645	0.472743345908123	0.529732163156652	0.647572303520149	0.472704066715057	1.34354993918399	0.472704066715059	0.723668714558398	0.529732163156652	0.472743345908125	0.52973216315665
1	1.34142814437387	1.5103049651901	1.34142814437387	1.34150889035574	1.3627021434567	1.4225775807722	1.36270214345671	1.51017235234475	1.42251987967673	3.46771748736515	1.42251987967673	1.34150889035574	1.36270214345671	1.4225775807722	1.3627021434567	1.41419999788516	0.723576749187196	0.647679804904655	0.723576749187201	0.723668506497922	0.529731781254993	0.472743357246356	0.529731781254999	0.647572904717513	0.472704076715553	1.34354992824529	0.472704076715555	0.723668506497927	0.529731781254999	0.472743357246358	0.529731781254998
1	1.34142794719124	1.5103061526945	1.34142794719124	1.34150869402802	1.36270149946605	1.42257765226331	1.36270149946606	1.51017353481664	1.42251994835167	3.46771763765734	1.42251994835167	1.34150869402802	1.36270149946606	1.42257765226331	1.36270149946606	1.41419999808642	0.723576560192234	0.647680344710149	0.723576560192239	0.723668318173716	0.529731440241072	0.47274336804834	0.529731440241077	0.647573442063348	0.472704086301562	1.34354991843941	0.472704086301563	0.723668318173721	0.529731440241077	0.472743368048342	0.529731440241077
1	1.34142776788518	1.51030721419069	1.34142776788518	1.34150851548356	1.36270092475165	1.42257771792361	1.36270092475165	1.51017459177176	1.4225200114506	3.46771777239698	1.4225200114506	1.34150851548356	1.36270092475165	1.42257771792361	1.36270092475165	1.41419999826852	0.723576389185111	0.647680827215725	0.723576389185116	0.723668147765062	0.529731135724747	0.472743378292095	0.529731135724751	0.647573922349817	0.472704095440187	1.34354990964925	0.472704095440189	0.723668147765067	0.529731135724751	0.472743378292096	0.529731135724752
1	1.34142760491629	1.51030816307016	1.34142760491629	1.34150835319318	1.36270041183667	1.42257777816511	1.36270041183668	1.51017553655379	1.42252006936287	3.46771789319079	1.42252006936287	1.34150835319318	1.36270041183668	1.42257777816511	1.36270041183667	1.41419999843329	0.723576234498447	0.647681258513219	0.723576234498452	0.723667993612407	0.529730863788734	0.472743387967315	0.529730863788739	0.647574351645311	0.472704104111176	1.34354990176978	0.472704104111178	0.723667993612412	0.529730863788739	0.472743387967317	0.529730863788739
1	1.34142745686646	1.51030901129879	1.34142745686646	1.34150820574785	1.36269995405415	1.42257783338052	1.36269995405416	1.51017638108547	1.4225201224605	3.46771800147984	1.4225201224605	1.34150820574785	1.36269995405416	1.42257783338052	1.36269995405415	1.41419999858238	0.723576094613524	0.647681644045694	0.723576094613529	0.723667854204006	0.529730620937494	0.472743397073032	0.5297306209375	0.647574735371731	0.472704112304479	1.34354989470681	0.47270411230448	0.72366785420401	0.5297306209375	0.472743397073034	0.529730620937499
1	1.34142732243095	1.51030976956894	1.34142732243095	1.34150807185094	1.36269954545888	1.42257788394237	1.36269954545888	1.51017713602015	1.42252017109712	3.46771809855656	1.42252017109713	1.34150807185094	1.36269954545888	1.42257788394238	1.36269954545888	1.41419999871729	0.723575968147835	0.647681988676667	0.72357596814784	0.723667728163569	0.529730404051676	0.472743405615638	0.529730404051681	0.647575078373483	0.47270412001821	1.34354988837586	0.472704120018212	0.723667728163574	0.529730404051681	0.472743405615639	0.529730404051681
1	1.34142720041076	1.51031044743521	1.34142720041076	1.34150795031066	1.36269918074899	1.42257793020263	1.362699180749	1.51017781087723	1.42252021560749	3.46771818558006	1.42252021560749	1.34150795031066	1.362699180749	1.42257793020263	1.362699180749	1.41419999883935	0.723575853843549	0.647682296751934	0.723575853843554	0.723667614238814	0.529730210347489	0.47274341360724	0.529730210347494	0.647575384979105	0.472704127256938	1.34354988270121	0.47270412725694	0.723667614238819	0.529730210347494	0.472743413607242	0.529730210347494
1	1.34142708970523	1.51031105343574	1.34142708970523	1.34150784003278	1.36269885519609	1.42257797249264	1.3626988551961	1.51017841416304	1.42252025630721	3.46771826358983	1.42252025630722	1.34150784003278	1.3626988551961	1.42257797249264	1.36269885519609	1.4141999989498	0.723575750556879	0.64768257215478	0.723575750556884	0.723667511290894	0.529730037340496	0.472743421064308	0.5297300373405	0.647575659056306	0.472704134030258	1.34354987761491	0.472704134030259	0.723667511290899	0.529730037340501	0.472743421064309	0.5297300373405
1	1.34142698930506	1.51031159520051	1.34142698930505	1.3415077400137	1.36269856458297	1.42257801112333	1.36269856458298	1.51017895347887	1.42252029349288	3.4677183335181	1.42252029349288	1.3415077400137	1.36269856458298	1.42257801112333	1.36269856458297	1.41419999904974	0.723575657248253	0.647682818355293	0.723575657248258	0.723667418284641	0.529729882813311	0.472743428006534	0.529729882813316	0.647575904061111	0.472704140351597	1.34354987305608	0.472704140351599	0.723667418284646	0.529729882813316	0.472743428006535	0.529729882813316
1	1.34142689828553	1.51031207954816	1.34142689828553	1.3415076493338	1.36269830514817	1.42257804638564	1.36269830514817	1.51017943561742	1.42252032744237	3.46771839620081	1.42252032744237	1.3415076493338	1.36269830514817	1.42257804638565	1.36269830514817	1.41419999914017	0.723575572973266	0.647683038454416	0.723575572973271	0.723667334279582	0.529729744786805	0.472743434455901	0.529729744786809	0.647576123081765	0.472704146237235	1.34354986897008	0.472704146237237	0.723667334279587	0.52972974478681	0.472743434455902	0.52972974478681
1	1.34142681580027	1.51031251257239	1.34142681580027	1.34150756715123	1.36269807353651	1.42257807855113	1.36269807353651	1.51017986664898	1.42252035841528	3.46771845238764	1.42252035841529	1.34150756715123	1.36269807353651	1.42257807855113	1.36269807353651	1.41419999922199	0.723575496874358	0.647683235223276	0.723575496874363	0.72366725842166	0.52972962149442	0.472743440435924	0.529729621494423	0.647576318877935	0.47270415170549	1.34354986530796	0.472704151705491	0.723667258421665	0.529729621494423	0.472743440435926	0.529729621494425
