1	1.03366905757346	1.07344818442099	1.03366905757346	1.03470991752771	1.06186901896843	1.09615705198041	1.06186901896843	1.06897934951865	1.09333786044468	1.14304257562414	1.09333786044468	1.03470991752771	1.06186901896843	1.09615705198041	1.06186901896842	0.636978220855272	0.57681222300005	0.609080754291565	0.576812223000051	0.586805235164167	0.549630363141449	0.565702193165149	0.549630363141449	0.58818291198567	0.555477506218729	0.608652659260655	0.555477506218729	0.586805235164168	0.549630363141449	0.56570219316515	0.549630363141451
1	1.04021800882126	1.08843320541917	1.04021800882126	1.04173400389281	1.07190418127294	1.1128449539347	1.07190418127294	1.0829460411541	1.10878246878414	1.17320293923444	1.10878246878414	1.04173400389281	1.07190418127294	1.11284495393469	1.07190418127294	0.691128171410361	0.620707598473278	0.659492195162986	0.620707598473278	0.63401668384903	0.584533776839875	0.605351187446227	0.584533776839876	0.637942893623725	0.592175501781369	0.666044957918574	0.59217550178137	0.634016683849031	0.584533776839876	0.605351187446227	0.584533776839876
1	1.0426241323165	1.09419289652893	1.0426241323165	1.0449011530146	1.07492194065391	1.118336736625	1.07492194065391	1.0893032850837	1.11347213290053	1.1865489959231	1.11347213290053	1.0449011530146	1.07492194065391	1.118336736625	1.07492194065391	0.723971776654912	0.646766688418829	0.689309261297023	0.64676668841883	0.664260082078432	0.604976794824381	0.629481713095306	0.604976794824381	0.669321260879112	0.612750275304359	0.701087716833923	0.612750275304359	0.664260082078433	0.604976794824381	0.629481713095306	0.604976794824382
1	1.04346195501112	1.09643121324905	1.04346195501112	1.04661428709063	1.07579756163222	1.12038251978634	1.07579756163222	1.09265649502147	1.1146919794412	1.19291466196885	1.1146919794412	1.04661428709063	1.07579756163222	1.12038251978634	1.07579756163222	0.743892430237823	0.661586263932578	0.706903032825225	0.661586263932578	0.683664219227329	0.617744742488923	0.645073371000267	0.617744742488924	0.688575905158332	0.624526594597819	0.72142519171818	0.624526594597819	0.68366421922733	0.617744742488924	0.645073371000268	0.617744742488924
1	1.04370544717406	1.09737551587592	1.04370544717406	1.04768337282328	1.07620749381449	1.12152754760751	1.07620749381449	1.09460267413672	1.11497231019557	1.1960346830686	1.11497231019557	1.04768337282328	1.07620749381449	1.12152754760751	1.07620749381449	0.755974917389786	0.669732329371224	0.717431975051232	0.669732329371225	0.695966622200417	0.626629716335861	0.655529808649133	0.626629716335862	0.700196257354397	0.631781197063906	0.732849792203104	0.631781197063906	0.695966622200418	0.626629716335862	0.655529808649133	0.626629716335862
1	1.04372333844178	1.09783096501436	1.04372333844178	1.04836918378998	1.07663447949229	1.1224089529601	1.07663447949229	1.09573981129425	1.11511038860344	1.19745674684405	1.11511038860344	1.04836918378998	1.07663447949229	1.1224089529601	1.07663447949228	0.763303316286894	0.674210956444414	0.72387057268564	0.674210956444415	0.70357194110364	0.633450475480273	0.662606241341148	0.633450475480274	0.707126779431332	0.636763207012274	0.739077408599494	0.636763207012274	0.70357194110364	0.633450475480274	0.662606241341149	0.633450475480275
1	1.04367364342946	1.09809236040848	1.04367364342946	1.04877803763127	1.07716570229274	1.12312288662926	1.07716570229274	1.09635851371446	1.11532738831348	1.19794437188431	1.11532738831348	1.04877803763127	1.07716570229274	1.12312288662926	1.07716570229274	0.767748214914981	0.676841398558166	0.727921969717068	0.676841398558167	0.708071574757966	0.639053000119754	0.667354605774946	0.639053000119755	0.711216446914306	0.64059744107434	0.742336391749882	0.64059744107434	0.708071574757967	0.639053000119755	0.667354605774947	0.639053000119756
1	1.04362933608968	1.0982735200766	1.04362933608968	1.04897703399521	1.07777584265257	1.12366326905942	1.07777584265257	1.09663767196518	1.11565799211935	1.19792073141692	1.11565799211935	1.04897703399521	1.07777584265257	1.12366326905942	1.07777584265256	0.770444182222918	0.678629644987225	0.730565602216776	0.678629644987226	0.710527357328115	0.643839838203922	0.6704765339062	0.643839838203923	0.713599536264709	0.643822964023321	0.743921962799716	0.643822964023321	0.710527357328116	0.643839838203923	0.670476533906201	0.643839838203924
1	1.04362057812441	1.0984201588474	1.04362057812441	1.04902011460876	1.07841920799224	1.12402968782892	1.07841920799224	1.09669786677056	1.11607890927773	1.19762842138767	1.11607890927773	1.04902011460876	1.07841920799224	1.12402968782892	1.07841920799224	0.772079369068306	0.680079772968824	0.732366230128863	0.680079772968825	0.711649640209899	0.648008027063472	0.672463004516212	0.648008027063473	0.71496241345679	0.646682583743036	0.744576686267605	0.646682583743036	0.711649640209899	0.648008027063473	0.672463004516212	0.648008027063473
1	1.04365382820184	1.09854985656957	1.04365382820184	1.04895248303455	1.07905602067991	1.12423992750372	1.07905602067991	1.09662162289196	1.11655305740332	1.19720639649389	1.11655305740332	1.04895248303455	1.07905602067991	1.12423992750371	1.07905602067991	0.773071160035393	0.68141077346988	0.733649402828535	0.681410773469881	0.711916401928329	0.651656347845554	0.673663595036562	0.651656347845555	0.715717383076251	0.649272786374146	0.744724880760249	0.649272786374147	0.71191640192833	0.651656347845555	0.673663595036562	0.651656347845556
1	1.04372325174663	1.09866795834368	1.04372325174663	1.04881139535115	1.07965774943262	1.12432260367716	1.07965774943262	1.09646549088671	1.11704533843614	1.19673433412938	1.11704533843614	1.04881139535115	1.07965774943262	1.12432260367716	1.07965774943262	0.773672711672316	0.682693042625055	0.734602804462248	0.682693042625056	0.711652160285524	0.654838053295651	0.674328418835801	0.654838053295652	0.716111597655212	0.651622254389623	0.744609526645707	0.651622254389623	0.711652160285525	0.654838053295652	0.674328418835801	0.654838053295652
1	1.04381806956902	1.09877493596171	1.04381806956902	1.04862668855186	1.08020652476771	1.12430939810138	1.08020652476771	1.0962682190981	1.11752797038286	1.1962585102558	1.11752797038286	1.04862668855186	1.08020652476771	1.12430939810138	1.08020652476771	0.774037571188334	0.683928999092072	0.735335377260497	0.683928999092073	0.711078628493258	0.657588693322773	0.67463606475418	0.657588693322774	0.716293516622889	0.6537335952835	0.744369930043683	0.653733595283501	0.711078628493259	0.657588693322774	0.674636064754181	0.657588693322775
1	1.04392698720239	1.09887000768921	1.04392698720239	1.04842136877275	1.08069317044828	1.12423008326878	1.08069317044828	1.0960560890443	1.11798156424187	1.19580604483823	1.11798156424187	1.04842136877275	1.08069317044828	1.12423008326878	1.08069317044828	0.774258869674456	0.68509749469545	0.73591170600122	0.685097494695451	0.710346723695212	0.659940309932544	0.674713009503287	0.659940309932545	0.716352713060351	0.655604694608634	0.744085309974305	0.655604694608635	0.710346723695213	0.659940309932546	0.674713009503287	0.659940309932546
1	1.04404045437814	1.09895271817941	1.04404045437814	1.0482122950106	1.08111505908676	1.12410993193228	1.08111505908676	1.09584637088589	1.11839435562156	1.19539236329664	1.11839435562156	1.0482122950106	1.08111505908676	1.12410993193228	1.08111505908676	0.774393093993349	0.686175723526566	0.736371693917494	0.686175723526567	0.709557230379688	0.661927304339285	0.67464755942621	0.661927304339286	0.716343442654481	0.657238139344119	0.743799459097768	0.657238139344119	0.709557230379689	0.661927304339286	0.67464755942621	0.661927304339286
1	1.04415145617394	1.09902337027582	1.04415145617393	1.04801100743603	1.08147412228534	1.12396876103204	1.08147412228534	1.09564971186867	1.11876070559594	1.19502517802211	1.11876070559594	1.04801100743603	1.08147412228534	1.12396876103204	1.08147412228534	0.774474505159865	0.687147979385003	0.736741540045954	0.687147979385004	0.708774913903609	0.663587429906722	0.674500170272103	0.663587429906723	0.716298556497931	0.658643824281125	0.743535044617766	0.658643824281126	0.70877491390361	0.663587429906723	0.674500170272104	0.663587429906723
1	1.04425545308601	1.09908290995341	1.04425545308601	1.04782468383096	1.08177515153677	1.12382102161113	1.08177515153677	1.09547194446607	1.11907945717365	1.19470688928269	1.11907945717365	1.04782468383096	1.08177515153677	1.12382102161113	1.08177515153677	0.774523883529285	0.688007464739135	0.737039690931847	0.688007464739136	0.708038777609691	0.664960423084254	0.674311220503175	0.664960423084256	0.716237769050689	0.659838109820422	0.74330217175244	0.659838109820422	0.708038777609692	0.664960423084255	0.674311220503175	0.664960423084255
1	1.0443499325609	1.09913264477165	1.0443499325609	1.04765713782154	1.08202445584013	1.12367648509823	1.08202445584013	1.09531552471978	1.11935244811255	1.19443629111324	1.11935244811255	1.04765713782154	1.08202445584013	1.12367648509823	1.08202445584013	0.774553833024894	0.688754994371633	0.737279988872533	0.688754994371635	0.707369795978114	0.666085933948668	0.674106866536461	0.666085933948668	0.716172647579549	0.660841663396262	0.743103649060657	0.660841663396262	0.707369795978115	0.666085933948668	0.674106866536461	0.666085933948669
1	1.04443386285466	1.09917398680564	1.04443386285466	1.04750975526479	1.08222888567461	1.12354118262289	1.08222888567461	1.09518067020189	1.11958330965336	1.19420989950587	1.11958330965336	1.04750975526479	1.08222888567461	1.12354118262289	1.08222888567461	0.774571998312829	0.68939673873452	0.737473318432267	0.689396738734521	0.70677676681636	0.667001662154026	0.673903393899912	0.667001662154026	0.716109684055733	0.66167717521463	0.742938262402112	0.66167717521463	0.70677676681636	0.667001662154026	0.673903393899913	0.667001662154027
1	1.04450719707881	1.09920828054321	1.04450719707881	1.04738229441434	1.08239518381661	1.12341836219536	1.08239518381661	1.09506622754593	1.11977657276047	1.19402298549879	1.11977657276047	1.04738229441434	1.08239518381661	1.12341836219536	1.08239518381661	0.774583016117433	0.689942038751721	0.737628479455948	0.689942038751722	0.706260654750853	0.667742059123825	0.6737103877666	0.667742059123825	0.716052223277029	0.662367487060237	0.742802796115281	0.662367487060237	0.706260654750853	0.667742059123825	0.6737103877666	0.667742059123826
1	1.04457048784192	1.09923672415628	1.04457048784192	1.04727351379412	1.08252959862581	1.12330933453802	1.08252959862581	1.0949702947202	1.11993705001362	1.19387033940461	1.11993705001362	1.04727351379412	1.08252959862581	1.12330933453802	1.08252959862581	0.774589698753996	0.690401692905023	0.737752685507249	0.690401692905024	0.70581770882367	0.66833761664182	0.673532979743419	0.668337616641821	0.716001690732678	0.66293429724906	0.742693246417937	0.662934297249061	0.70581770882367	0.668337616641821	0.673532979743419	0.668337616641821
1	1.04462460578804	1.09926033489819	1.04462460578804	1.04718163766453	1.08263768811168	1.12321414400635	1.08263768811168	1.09489065337693	1.12006943926323	1.19374678722336	1.12006943926323	1.04718163766453	1.08263768811168	1.12321414400635	1.08263768811168	0.774593751978107	0.690786755060075	0.737851866432493	0.690786755060076	0.705441625759207	0.668814665237793	0.67337343052621	0.668814665237794	0.7159583781739	0.663397375850199	0.742605519179864	0.6633973758502	0.705441625759208	0.668814665237794	0.673373430526211	0.668814665237794
1	1.04467055503897	1.09927995686825	1.04467055503897	1.04710467421946	1.08272425518008	1.12313207180298	1.08272425518008	1.09482504103482	1.12017809208413	1.19364750887106	1.12017809208413	1.04710467421946	1.08272425518008	1.12313207180298	1.08272425518008	0.774596210382891	0.69110778883045	0.737930889324353	0.691107788830451	0.70512498204808	0.669195497698924	0.673232200886318	0.669195497698925	0.715921943023485	0.663774201410106	0.742535799271912	0.663774201410106	0.705124982048081	0.669195497698925	0.673232200886318	0.669195497698926
1	1.04470935810823	1.09929628279248	1.04470935810823	1.04704062073101	1.08279336256931	1.12306198850222	1.08279336256931	1.09477131254303	1.12026689906668	1.19356820475942	1.12026689906667	1.047040620731	1.08279336256931	1.12306198850222	1.08279336256931	0.774597701480828	0.691374457364286	0.737993732529646	0.691374457364287	0.704860138870517	0.669498699316857	0.673108672798886	0.669498699316858	0.715891723571521	0.664079879616862	0.742480718256645	0.664079879616862	0.704860138870518	0.669498699316858	0.673108672798887	0.669498699316858
1	1.0447419893711	1.09930987931435	1.0447419893711	1.04698758550605	1.08284839229428	1.12300258863046	1.08284839229428	1.09472752505119	1.12033925171173	1.19350515726122	1.12033925171173	1.04698758550605	1.08284839229428	1.12300258863046	1.08284839229428	0.774598605877488	0.69159534255501	0.738043631637094	0.691595342555011	0.704639778410927	0.669739577627272	0.673001625141643	0.669739577627273	0.715866931862687	0.66432724170945	0.742437404286881	0.66432724170945	0.704639778410928	0.669739577627273	0.673001625141643	0.669739577627274
1	1.04476934020205	1.09932120968773	1.04476934020205	1.04694385225453	1.08289212542709	1.12295253782867	1.08289212542709	1.09469197318025	1.12039805161516	1.19345522512297	1.12039805161516	1.04694385225452	1.08289212542709	1.12295253782867	1.08289212542709	0.774599154421826	0.691777908940703	0.738083204222202	0.691777908940704	0.704457192139489	0.669930620960118	0.672909541395005	0.669930620960119	0.715846766487917	0.664527043137422	0.742403467920999	0.664527043137423	0.70445719213949	0.669930620960118	0.672909541395005	0.669930620960119
1	1.04479220502983	1.09933065450552	1.04479220502983	1.04690790610724	1.08292682766305	1.12291056024347	1.08292682766305	1.09466319264612	1.12044574634839	1.19341580057881	1.12044574634838	1.04690790610724	1.08292682766305	1.12291056024347	1.08292682766305	0.774599487130811	0.691928553397116	0.738114558211303	0.691928553397117	0.704306408409233	0.670081941103992	0.672830803874723	0.670081941103993	0.715830475091967	0.664688206925059	0.742376955214845	0.66468820692506	0.704306408409234	0.670081941103993	0.672830803874723	0.670081941103994
1	1.04481127899279	1.09933852746986	1.04481127899279	1.04687843627775	1.08295433142143	1.12287548454607	1.08295433142143	1.0946399467632	1.12048437818084	1.1933847475975	1.12048437818084	1.04687843627775	1.08295433142143	1.12287548454606	1.08295433142143	0.774599688929032	0.692052698404871	0.73813938383312	0.692052698404872	0.704182220729136	0.670201677246101	0.672763812434656	0.670201677246102	0.715817384292306	0.664818076910912	0.742356289088196	0.664818076910912	0.704182220729137	0.670201677246102	0.672763812434656	0.670201677246103
1	1.04482716270284	1.09934508855846	1.04482716270283	1.04685432500793	1.0829761104177	1.12284626446457	1.0829761104177	1.0946212037987	1.12051563687343	1.1933603350104	1.12051563687343	1.04685432500793	1.0829761104177	1.12284626446457	1.0829761104177	0.774599811325861	0.692154903985675	0.738159031743276	0.692154903985676	0.704080158043532	0.670296350127923	0.672707053377761	0.670296350127923	0.715806910444972	0.664922659682725	0.742340208856098	0.664922659682726	0.704080158043533	0.670296350127923	0.672707053377762	0.670296350127924
1	1.04484037019022	1.0993505539249	1.04484037019022	1.04683462964542	1.08299334458005	1.12282198305669	1.08299334458005	1.09460611112855	1.12054091119378	1.19334117121005	1.12054091119378	1.04683462964542	1.08299334458005	1.12282198305669	1.08299334458004	0.774599885563322	0.692238982173515	0.738174577973442	0.692238982173516	0.703996424224905	0.670371164717785	0.67265913595303	0.670371164717785	0.71579855893351	0.665006844442805	0.742327714333729	0.665006844442805	0.703996424224906	0.670371164717785	0.67265913595303	0.670371164717786
1	1.04485133856996	1.0993551037949	1.04485133856996	1.04681856167047	1.08300697592474	1.12280184690855	1.08300697592474	1.09459396937929	1.12056133793152	1.19332614459458	1.12056133793152	1.04681856167047	1.08300697592474	1.12280184690854	1.08300697592474	0.774599930590631	0.692308105685941	0.738186877812731	0.692308105685942	0.703927824137659	0.67043026352277	0.672618808423703	0.670430263522771	0.715791917593023	0.665074595807312	0.742318016506515	0.665074595807312	0.70392782413766	0.670430263522771	0.672618808423703	0.670430263522771
1	1.04486043744119	1.09935888882018	1.04486043744119	1.04680546595651	1.0830177540807	1.12278517722371	1.0830177540807	1.0945842080447	1.120577842906	1.19331437193595	1.12057784290599	1.04680546595651	1.0830177540807	1.12278517722371	1.0830177540807	0.774599957901081	0.692364906451149	0.738196609736828	0.69236490645115	0.703871686438411	0.670476936074621	0.672584960827343	0.670476936074622	0.715786647251605	0.66512911960995	0.742310495755283	0.66512911960995	0.703871686438412	0.670476936074622	0.672584960827343	0.670476936074622
1	1.04486797700742	1.09936203309415	1.04486797700742	1.04679480005046	1.08302627363919	1.12277139384578	1.08302627363919	1.09457636349162	1.12059117493303	1.19330515289703	1.12059117493303	1.04679480005046	1.08302627363919	1.12277139384578	1.08302627363919	0.774599974465709	0.692411555585164	0.738204307754547	0.692411555585165	0.703825782685336	0.670513793102792	0.672556606977232	0.670513793102793	0.715782478196058	0.665172991782504	0.742304673145082	0.665172991782504	0.703825782685337	0.670513793102793	0.672556606977232	0.670513793102793
1	1.04487422028486	1.09936464581041	1.04487422028486	1.04678611881153	1.08303300868631	1.12276001449688	1.08303300868631	1.09457006181467	1.12060194651005	1.19329793997214	1.12060194651005	1.04678611881153	1.08303300868631	1.12276001449688	1.08303300868631	0.774599984512665	0.692449861575242	0.738210402517902	0.692449861575243	0.703788282054293	0.670542895072051	0.672532919598068	0.670542895072052	0.715779178083984	0.665208309417703	0.742300161378233	0.665208309417704	0.703788282054294	0.670542895072052	0.672532919598068	0.670542895072053
1	1.04487938610329	1.09936681479064	1.04487938610329	1.04677905656725	1.08303833257655	1.12275063139735	1.08303833257655	1.09456499979722	1.12061065196867	1.19329229718488	1.12061065196867	1.04677905656725	1.08303833257655	1.12275063139735	1.08303833257655	0.774599990606452	0.692481308250308	0.738215229418294	0.692481308250309	0.703757665372157	0.670565873019089	0.672513169752716	0.67056587301909	0.715776566586685	0.665236750763536	0.742296666358856	0.665236750763536	0.703757665372157	0.67056587301909	0.672513169752716	0.67056587301909
1	1.04488365718206	1.09936861350027	1.04488365718206	1.04677331325979	1.08304254068096	1.12274290183252	1.08304254068095	1.09456093288553	1.12061768931018	1.19328788237149	1.12061768931018	1.04677331325979	1.08304254068095	1.12274290183252	1.08304254068095	0.774599994302521	0.692507116832832	0.738219053715269	0.692507116832833	0.703732680938577	0.670584017518471	0.672496730787049	0.670584017518471	0.715774501701955	0.665259661932471	0.742293959925615	0.665259661932472	0.703732680938577	0.670584017518471	0.672496730787049	0.670584017518472
1	1.0448871860673	1.09937010380617	1.0448871860673	1.04676864372208	1.08304586704145	1.12273653988623	1.08304586704145	1.09455766495257	1.12062337995244	1.19328442824235	1.12062337995243	1.04676864372208	1.08304586704145	1.12273653988623	1.08304586704145	0.7745999965443	0.692528293250535	0.738222085014336	0.692528293250536	0.703712300692236	0.670598347209576	0.672483068945127	0.670598347209576	0.715772869526121	0.665278125466517	0.742291864600979	0.665278125466517	0.703712300692237	0.670598347209576	0.672483068945128	0.670598347209577
1	1.04489009988301	1.0993713375428	1.04489009988301	1.04676484785958	1.08304849672375	1.12273130757587	1.08304849672375	1.09455503846106	1.12062798327779	1.19328172554437	1.12062798327779	1.04676484785958	1.08304849672375	1.12273130757587	1.08304849672375	0.774599997904008	0.692545665229011	0.738224488932576	0.692545665229013	0.70369568148173	0.670609666098668	0.67247173114968	0.670609666098669	0.715771579471979	0.665293011118601	0.742290242619451	0.665293011118602	0.70369568148173	0.670609666098669	0.672471731149681	0.670609666098669
1	1.0448925044049	1.09937235803478	1.0448925044049	1.04676176253615	1.0830505759675	1.122727007192	1.0830505759675	1.09455292691003	1.12063170849204	1.19327961045675	1.12063170849204	1.04676176253615	1.0830505759675	1.122727007192	1.0830505759675	0.774599998728713	0.692559913395607	0.738226396334144	0.692559913395608	0.703682132696674	0.670618608725096	0.672462334137853	0.670618608725097	0.715770559808014	0.66530501746092	0.742288987173959	0.66530501746092	0.703682132696674	0.670618608725097	0.672462334137853	0.670618608725098
1	1.04489448756247	1.09937320148169	1.04489448756247	1.04675925490743	1.0830522203387	1.12272347485061	1.0830522203387	1.09455122883026	1.12063472442789	1.1932779548966	1.12063472442789	1.04675925490743	1.0830522203387	1.12272347485061	1.0830522203387	0.774599999228922	0.692571597319181	0.738227910614561	0.692571597319182	0.703671089375279	0.670625675619215	0.672454554906634	0.670625675619216	0.715769753637019	0.665314705899442	0.742288015467109	0.665314705899442	0.70367108937528	0.670625675619216	0.672454554906634	0.670625675619217
1	1.04489612250764	1.09937389786068	1.04489612250764	1.04675721666876	1.08305352143816	1.12272057386236	1.08305352143816	1.09454986296389	1.12063716828094	1.19327665851843	1.12063716828093	1.04675721666876	1.08305352143816	1.12272057386236	1.08305352143816	0.774599999532313	0.692581176622217	0.738229113508313	0.692581176622218	0.703662089747157	0.67063126171621	0.672448122025426	0.670631261716211	0.715769116135321	0.665322527199792	0.742287263412866	0.665322527199792	0.703662089747158	0.670631261716211	0.672448122025426	0.670631261716211
1	1.04489746921887	1.09937447295504	1.04489746921887	1.04675556044792	1.08305455018834	1.12271819551517	1.08305455018834	1.09454876338478	1.12063914625751	1.19327564344304	1.12063914625751	1.04675556044792	1.08305455018834	1.12271819551517	1.08305455018834	0.774599999716331	0.692589029236497	0.7382300696105	0.692589029236498	0.703654756392479	0.670635678764055	0.672442807316664	0.670635678764056	0.715768611763324	0.665328844613764	0.742286681304983	0.665328844613764	0.70365475639248	0.670635678764056	0.672442807316664	0.670635678764057
1	1.04489857596728	1.09937494540723	1.04489857596728	1.04675421430253	1.08305536533783	1.12271624439942	1.08305536533783	1.09454787764871	1.12064074651178	1.19327484559342	1.12064074651178	1.04675421430253	1.08305536533783	1.12271624439942	1.08305536533783	0.774599999827944	0.69259544285565	0.738230831597925	0.692595442855651	0.703648780103205	0.67063919476169	0.672438424547374	0.670639194761691	0.715768211562193	0.665333941675074	0.742286229329888	0.665333941675075	0.703648780103206	0.670639194761691	0.672438424547375	0.670639194761691
1	1.04489948622398	1.09937533530643	1.04489948622398	1.0467531201856	1.08305601223254	1.12271464578448	1.08305601223254	1.09454716411699	1.12064204316055	1.1932742204111	1.12064204316055	1.0467531201856	1.08305601223254	1.12271464578448	1.08305601223254	0.774599999895642	0.692600703846829	0.73823143767862	0.69260070384683	0.70364391160438	0.67064197288406	0.672434808458689	0.670641972884061	0.715767894903643	0.665338064111601	0.742285879906603	0.665338064111601	0.703643911604381	0.670641972884061	0.67243480845869	0.670641972884062
1	1.04490023552387	1.09937565711696	1.04490023552387	1.04675223087096	1.08305652456673	1.12271333627501	1.08305652456673	1.09454658912958	1.12064309511054	1.19327373081003	1.12064309511054	1.04675223087096	1.08305652456673	1.12271333627501	1.08305652456673	0.774599999936703	0.692605018945821	0.738231919934128	0.692605018945822	0.703639945689358	0.670644167792074	0.672431827535145	0.670644167792075	0.715767644339532	0.665341399566995	0.742285609724603	0.665341399566995	0.703639945689358	0.670644167792074	0.672431827535146	0.670644167792075
1	1.04490085232864	1.09937592247201	1.04490085232864	1.04675150800262	1.08305692995134	1.12271226382757	1.08305692995134	1.09454612566466	1.12064394911894	1.19327334727336	1.12064394911894	1.04675150800262	1.08305692995134	1.12271226382757	1.08305692995134	0.774599999961608	0.69260855741765	0.738232303930135	0.692608557417651	0.703636715109041	0.670645902448681	0.672429372112676	0.670645902448682	0.715767445816785	0.665344099450539	0.742285400757913	0.665344099450539	0.703636715109042	0.670645902448682	0.672429372112676	0.670645902448683
1	1.04490135993358	1.09937614111078	1.04490135993358	1.04675092038916	1.08305725062186	1.12271138578404	1.08305725062186	1.09454575193633	1.12064464276163	1.19327304668353	1.12064464276163	1.04675092038916	1.08305725062186	1.12271138578404	1.08305725062186	0.774599999976714	0.692611458479189	0.738232609900457	0.69261145847919	0.703634083586657	0.670647273768415	0.672427351001566	0.670647273768416	0.715767288336971	0.665346285843711	0.742285239094367	0.665346285843711	0.703634083586658	0.670647273768416	0.672427351001566	0.670647273768416
1	1.04490177749737	1.0993763211058	1.04490177749736	1.04675044269029	1.08305750428781	1.12271066709808	1.08305750428781	1.09454545043945	1.12064520636114	1.19327281095278	1.12064520636114	1.04675044269029	1.08305750428781	1.12271066709808	1.0830575042878	0.774599999985876	0.692613836335299	0.738232853880681	0.6926138363353	0.703631940070619	0.670648358352567	0.672425688473923	0.670648358352568	0.715767163244311	0.665348057111148	0.742285114000232	0.665348057111148	0.70363194007062	0.670648358352568	0.672425688473924	0.670648358352568
1	1.04490212085811	1.09937646921627	1.04490212085811	1.04675005431132	1.0830577049975	1.12271007903225	1.0830577049975	1.09454520709485	1.12064566445577	1.19327262599012	1.12064566445576	1.04675005431132	1.0830577049975	1.12271007903225	1.0830577049975	0.774599999991433	0.692615784993673	0.738233048565288	0.692615784993674	0.703630194085917	0.670649216459573	0.672424321753362	0.670649216459573	0.715767063767464	0.665349492670362	0.742285017173109	0.665349492670363	0.703630194085918	0.670649216459573	0.672424321753363	0.670649216459574
1	1.04490240308401	1.09937659101741	1.04490240308401	1.04674973852603	1.08305786385156	1.12270959797641	1.08305786385156	1.09454501060012	1.12064603691268	1.19327248077237	1.12064603691268	1.04674973852603	1.08305786385156	1.12270959797641	1.08305786385156	0.774599999994804	0.692617381576636	0.738233204024659	0.692617381576637	0.703628771914247	0.670649895688976	0.672423198838843	0.670649895688976	0.715766984566255	0.66535065658141	0.742284942206768	0.66535065658141	0.703628771914248	0.670649895688976	0.672423198838843	0.670649895688977
1	1.04490263497126	1.09937669113877	1.04490263497126	1.0467494817419	1.08305798962278	1.12270920456431	1.08305798962278	1.09454485186232	1.12064633982928	1.19327236669201	1.12064633982928	1.0467494817419	1.08305798962278	1.12270920456431	1.08305798962278	0.774599999996849	0.692618689454084	0.738233328246852	0.692618689454085	0.703627613502712	0.670650433557727	0.672422276724275	0.670650433557727	0.715766921439652	0.665351600598634	0.742284884146876	0.665351600598635	0.703627613502713	0.670650433557727	0.672422276724276	0.670650433557728
1	1.04490282542783	1.09937677340172	1.04490282542783	1.04674927291763	1.08305808923787	1.12270888290747	1.08305808923787	1.09454472357298	1.12064658625815	1.19327227701807	1.12064658625815	1.04674927291763	1.08305808923787	1.12270888290747	1.08305808923787	0.774599999998089	0.692619760638949	0.738233427576494	0.69261976063895	0.703626669930907	0.670650859673636	0.672421519870132	0.670650859673637	0.715766871071173	0.665352366532598	0.742284839165755	0.665352366532599	0.703626669930908	0.670650859673637	0.672421519870133	0.670650859673637
1	1.04490298180069	1.09937684096274	1.04490298180069	1.04674910307995	1.0830581681665	1.12270861997674	1.0830581681665	1.0945446198471	1.1206467867825	1.19327220648241	1.1206467867825	1.04674910307994	1.0830581681665	1.12270861997674	1.0830581681665	0.774599999998841	0.692620637806357	0.738233507054075	0.692620637806358	0.703625901347777	0.670651197416499	0.672420898936308	0.6706511974165	0.715766830840444	0.665352988181255	0.742284804306722	0.665352988181255	0.703625901347778	0.6706511974165	0.672420898936308	0.6706511974165
1	1.04490311014779	1.09937689642928	1.04490311014779	1.04674896493861	1.08305823073043	1.12270840509749	1.08305823073043	1.09454453594913	1.12064694999416	1.19327215096697	1.12064694999416	1.0467489649386	1.08305823073043	1.12270840509749	1.08305823073043	0.774599999999297	0.692621355987434	0.738233570689749	0.692621355987435	0.703625275295893	0.670651465231597	0.672420389728895	0.670651465231598	0.715766798675184	0.665353492887682	0.74228477728033	0.665353492887682	0.703625275295894	0.670651465231598	0.672420389728896	0.670651465231598
1	1.04490321545813	1.09937694194787	1.04490321545813	1.04674885256783	1.08305828034211	1.12270822952006	1.08305828034211	1.09454446806168	1.12064708286372	1.19327210724174	1.12064708286372	1.04674885256783	1.08305828034211	1.12270822952006	1.08305828034211	0.774599999999574	0.692621943895695	0.738233621673052	0.692621943895696	0.703624765334668	0.670651677704912	0.672419972302676	0.670651677704912	0.715766772933083	0.665353902768387	0.742284756321066	0.665353902768387	0.703624765334669	0.670651677704912	0.672419972302677	0.670651677704913
1	1.04490330184186	1.09937697929155	1.04490330184186	1.04674876115257	1.08305831970045	1.12270808608371	1.08305831970045	1.09454441310992	1.1206471910559	1.19327207278187	1.1206471910559	1.04674876115257	1.08305831970045	1.12270808608371	1.08305831970044	0.774599999999741	0.692622425096632	0.738233662546319	0.692622425096633	0.703624349931913	0.670651846347472	0.672419630241148	0.670651846347472	0.715766752312272	0.665354235737873	0.742284740058265	0.665354235737873	0.703624349931914	0.670651846347473	0.672419630241148	0.670651846347473
1	1.04490337267997	1.09937700991699	1.04490337267997	1.04674868677819	1.08305835093707	1.12270796892228	1.08305835093707	1.09454436861244	1.12064727916936	1.19327204560332	1.12064727916936	1.04674868677819	1.08305835093707	1.12270796892228	1.08305835093707	0.774599999999843	0.692622818893975	0.738233695333662	0.692622818893976	0.703624011546683	0.67065198027098	0.672419350027536	0.670651980270981	0.715766735778723	0.665354506296261	0.742284727436556	0.665354506296262	0.703624011546683	0.670651980270981	0.672419350027536	0.670651980270981
1	1.04490343075529	1.0993770350264	1.04490343075529	1.0467486262633	1.08305837573943	1.1227078732386	1.08305837573943	1.09454433256867	1.12064735094423	1.19327202415435	1.12064735094423	1.0467486262633	1.08305837573943	1.1227078732386	1.08305837573942	0.774599999999905	0.692623141123727	0.738233721651455	0.692623141123728	0.703623735895198	0.67065208667201	0.672419120553098	0.670652086672011	0.715766722510579	0.665354726200425	0.742284717634716	0.665354726200426	0.703623735895199	0.670652086672011	0.672419120553099	0.670652086672011
