1	1.0313747191198	1.06794365996961	1.0313747191198	1.03109546778796	1.05967567838962	1.08806879125612	1.05967567838942	1.06307422785038	1.09080691816162	1.12503423103378	1.09080691816162	1.03109546778796	1.05967567838942	1.08806879125612	1.05967567838962	0.735510018510106	0.684592054124917	0.721571412612973	0.684592054124918	0.689849327650649	0.672464326166589	0.667629352218163	0.672464326165763	0.700580471530605	0.683050807853131	0.699895527505255	0.683050807853132	0.68984932765065	0.672464326165763	0.667629352218163	0.67246432616659
1	1.03617166848843	1.07931557135412	1.03617166848843	1.03597406406429	1.06827282463879	1.10001270858402	1.06827282463863	1.07358183695985	1.10399360094489	1.14507130195804	1.10399360094489	1.03597406406429	1.06827282463863	1.10001270858402	1.06827282463879	0.798036223925965	0.739075379423695	0.784805904259288	0.739075379423695	0.745968591715117	0.724943155268786	0.717997085075274	0.724943155268176	0.763638876981981	0.737799914726994	0.764395982622705	0.737799914726995	0.745968591715118	0.724943155268176	0.717997085075274	0.724943155268787
1	1.03696611358151	1.08153107729597	1.03696611358151	1.03725851006165	1.06981807742108	1.10147249589353	1.06981807742096	1.07684324044715	1.10644223114065	1.15013187430111	1.10644223114065	1.03725851006165	1.06981807742096	1.10147249589353	1.06981807742107	0.835960284613866	0.773760168438286	0.822618998765443	0.773760168438287	0.781082297066011	0.758297533259615	0.749681864217401	0.758297533259182	0.803508234284773	0.771140324796874	0.804937771705087	0.771140324796874	0.781082297066012	0.758297533259182	0.749681864217401	0.758297533259616
1	1.0366171810719	1.08079800010091	1.0366171810719	1.03742963615559	1.06945747507013	1.10035239268132	1.06945747507005	1.07764285710178	1.10588777296976	1.15039552727786	1.10588777296976	1.03742963615559	1.06945747507005	1.10035239268132	1.06945747507013	0.858962390189246	0.796218948300569	0.844892326191117	0.79621894830057	0.803275850913307	0.780141783399558	0.770702726604643	0.780141783399258	0.827774034923968	0.792104737895673	0.829228792575023	0.792104737895673	0.803275850913308	0.780141783399258	0.770702726604643	0.780141783399558
1	1.03610767274201	1.07942739449755	1.03610767274201	1.0373399753712	1.06887514954578	1.09916777637024	1.06887514954573	1.07762387985823	1.10495234824266	1.14929196138819	1.10495234824266	1.0373399753712	1.06887514954573	1.09916777637024	1.06887514954578	0.872913872450983	0.810987609249667	0.857938361237956	0.810987609249668	0.817531705202625	0.794956384089017	0.785450640484706	0.794956384088814	0.841978583373205	0.806155456716029	0.843163924515357	0.806155456716029	0.817531705202626	0.794956384088814	0.785450640484706	0.794956384089018
1	1.03567840182992	1.07810256581255	1.03567840182992	1.03722492481728	1.0684519148804	1.09841537614123	1.06845191488036	1.07730329348413	1.10428553952495	1.14784047443038	1.10428553952495	1.03722492481728	1.06845191488036	1.09841537614123	1.0684519148804	0.881375874188152	0.820805643495413	0.865564109528145	0.820805643495413	0.826811161314332	0.805224591496571	0.796125178638151	0.805224591496434	0.84992931542711	0.816045619946619	0.85079154316286	0.816045619946619	0.826811161314333	0.805224591496434	0.796125178638151	0.805224591496572
1	1.03535145359382	1.07697978071323	1.03535145359382	1.03712915110431	1.06819258351212	1.09802748004322	1.0681925835121	1.07686245227083	1.10391801362145	1.1463635719298	1.10391801362145	1.03712915110431	1.0681925835121	1.09802748004321	1.06819258351212	0.886508337712877	0.827372238825554	0.87002007150929	0.827372238825554	0.832901163750157	0.812394439122758	0.803914362710335	0.812394439122667	0.854135769699294	0.823164101892504	0.854725937916027	0.823164101892504	0.832901163750157	0.812394439122667	0.803914362710335	0.812394439122758
1	1.03510727344821	1.07607599168533	1.0351072734482	1.03705445404443	1.0680407910808	1.09786271775172	1.06804079108079	1.07639354278553	1.10375516432841	1.14500339065295	1.10375516432841	1.03705445404443	1.06804079108079	1.09786271775172	1.0680407910808	0.889621334210411	0.831776821058461	0.872625884549075	0.831776821058461	0.836917010605488	0.81739771543228	0.809578193712431	0.81739771543222	0.856187107733444	0.828315916130717	0.856580548804004	0.828315916130717	0.836917010605489	0.81739771543222	0.809578193712432	0.817397715432281
1	1.03492608591046	1.07537221287165	1.03492608591046	1.03699724929221	1.06795251644248	1.0978177954313	1.06795251644247	1.07595246029313	1.10371167164248	1.14383057551937	1.10371167164248	1.03699724929221	1.06795251644247	1.0978177954313	1.06795251644248	0.891509462034	0.834735683905575	0.87415218981759	0.834735683905576	0.839573926857561	0.820877831360017	0.813668198293394	0.820877831359978	0.857049216972706	0.832040916552183	0.857312227819943	0.832040916552183	0.839573926857561	0.820877831359978	0.813668198293394	0.820877831360018
1	1.03479269956287	1.07483832363816	1.03479269956287	1.03695437529897	1.06790123198605	1.09783126127819	1.06790123198604	1.07556857994931	1.10373118260079	1.14286735443082	1.10373118260079	1.03695437529897	1.06790123198604	1.09783126127819	1.06790123198605	0.89265466945475	0.836725831405529	0.87504818073038	0.836725831405529	0.841337186127677	0.823290815579836	0.816602215079322	0.823290815579811	0.857287438963685	0.834728899342543	0.857468876585799	0.834728899342543	0.841337186127678	0.823290815579811	0.816602215079322	0.823290815579837
1	1.03469540940843	1.0744416248207	1.03469540940842	1.03692310186054	1.0678717170598	1.09786933802248	1.06787171705979	1.07525166649531	1.10378008742378	1.14210395696959	1.10378008742378	1.03692310186054	1.06787171705979	1.09786933802248	1.0678717170598	0.893349272868886	0.838066335389775	0.875575599624173	0.838066335389775	0.842511257524355	0.824960203932188	0.81869613116928	0.824960203932172	0.857221615672008	0.836666457814341	0.857354331860645	0.836666457814341	0.842511257524356	0.824960203932172	0.818696131169281	0.824960203932189
1	1.03462504545312	1.07415148191931	1.03462504545312	1.03690092174568	1.06785511080759	1.09791438038769	1.06785511080759	1.07499944382245	1.10383937349209	1.14151416965694	1.10383937349209	1.03690092174568	1.06785511080759	1.09791438038769	1.06785511080759	0.893770571137395	0.838970823680115	0.875887073429947	0.838970823680115	0.843295873194916	0.826113855693618	0.820185109999244	0.826113855693607	0.857026537661081	0.838063390833427	0.857131393355837	0.838063390833427	0.843295873194917	0.826113855693607	0.820185109999245	0.826113855693619
1	1.03457447895226	1.07394170128992	1.03457447895226	1.03688559806601	1.06784612274333	1.09795775713332	1.06784612274333	1.07480378043416	1.10389882300364	1.14106662492915	1.10389882300364	1.03688559806601	1.06784612274333	1.09795775713332	1.06784612274333	0.894026101465427	0.839582338360352	0.876071725831648	0.839582338360352	0.843822284146027	0.826910956461235	0.821241484666881	0.826910956461228	0.856793669741225	0.839071879063455	0.856883370323868	0.839071879063455	0.843822284146027	0.826910956461228	0.821241484666881	0.826910956461236
1	1.03453828293731	1.07379123470439	1.03453828293731	1.0368752576945	1.06784154995793	1.09799575777325	1.06784154995793	1.07465469962746	1.10395337618182	1.14073123974708	1.10395337618182	1.0368752576945	1.06784154995793	1.09799575777325	1.06784154995793	0.89418108844781	0.839996688685414	0.876181693007252	0.839996688685414	0.844176917178564	0.827462004117511	0.821989968116762	0.827462004117507	0.856567783339546	0.839801461606284	0.856649794703263	0.839801461606284	0.844176917178565	0.827462004117507	0.821989968116763	0.827462004117512
1	1.03451241768416	1.07368387826737	1.03451241768415	1.03686842564195	1.06783945667406	1.09802727147231	1.06783945667406	1.07454254452768	1.10400092818932	1.14048206769538	1.10400092818932	1.03686842564195	1.06783945667406	1.09802727147231	1.06783945667406	0.894275092805764	0.840278101465725	0.876247537846832	0.840278101465726	0.844416833934849	0.827843364764354	0.822519995314046	0.827843364764351	0.856368197780172	0.840330609738624	0.856446748975955	0.840330609738624	0.84441683393485	0.827843364764351	0.822519995314046	0.827843364764355
1	1.03449393219051	1.07360752197102	1.03449393219051	1.03686399838102	1.067838691562	1.09805248135078	1.067838691562	1.07445892600596	1.10404101163318	1.14029804100442	1.10404101163318	1.03686399838102	1.067838691562	1.09805248135078	1.067838691562	0.894332109331678	0.840469690315402	0.87628721757087	0.840469690315403	0.844579827570553	0.828107681990968	0.822895305159575	0.828107681990966	0.856200878887722	0.840715425446924	0.856278261270284	0.840715425446924	0.844579827570553	0.828107681990966	0.822895305159575	0.828107681990968
1	1.03448070174221	1.07355330159025	1.03448070174221	1.03686118123376	1.06783858708864	1.09807214038801	1.06783858708864	1.07439697946592	1.104074011248	1.14016267369017	1.104074011248	1.03686118123376	1.06783858708864	1.09807214038801	1.06783858708864	0.89436669160329	0.840600445565211	0.876311314692771	0.840600445565211	0.844691026188436	0.828291190798694	0.82316114093952	0.828291190798693	0.856065201317084	0.840996031627576	0.856142577922455	0.840996031627576	0.844691026188437	0.828291190798693	0.823161140939521	0.828291190798694
1	1.03447120966753	1.07351481659301	1.03447120966753	1.03685942170311	1.06783877145476	1.09808718139561	1.06783877145476	1.07435129706877	1.10410070875685	1.1400633695008	1.10410070875685	1.03685942170311	1.06783877145476	1.09808718139561	1.06783877145476	0.894387666813166	0.840689902832356	0.876326081758208	0.840689902832356	0.8447671991106	0.828418837560792	0.823349536945714	0.828418837560792	0.855957649656318	0.841201168759898	0.856035548459845	0.841201168759899	0.844767199110601	0.828418837560792	0.823349536945714	0.828418837560793
1	1.03446437948499	1.07348748920738	1.03446437948499	1.03685834460157	1.06783904852982	1.09809852021041	1.06783904852982	1.0743177184414	1.10412201906026	1.13999065225295	1.10412201906026	1.03685834460157	1.06783904852982	1.09809852021041	1.06783904852982	0.894400388926567	0.840751254894493	0.876335226824764	0.840751254894494	0.844819584900609	0.828507804763653	0.823483145604654	0.828507804763653	0.85587376795419	0.841351481226933	0.855952373692123	0.841351481226933	0.844819584900609	0.828507804763653	0.823483145604655	0.828507804763654
1	1.03445944906408	1.07346806545221	1.03445944906408	1.03685770048151	1.0678393236413	1.09810696893702	1.0678393236413	1.07429309368611	1.10413884981021	1.13993746558464	1.10413884981021	1.03685770048151	1.0678393236413	1.09810696893702	1.0678393236413	0.894408105280181	0.840793432560621	0.876340958509727	0.840793432560621	0.844855748139581	0.828569940160888	0.82357797566425	0.828569940160888	0.855809131276454	0.841461846674736	0.85588845403202	0.841461846674737	0.844855748139582	0.828569940160888	0.82357797566425	0.828569940160888
1	1.03445588054557	1.07345424495895	1.03445588054557	1.03685732420825	1.06783955744518	1.09811320732668	1.06783955744518	1.07427506027687	1.10415202685622	1.13989859240266	1.10415202685622	1.03685732420825	1.06783955744518	1.09811320732668	1.06783955744518	0.894412785485561	0.840822489543991	0.876344599169627	0.840822489543991	0.844880800258247	0.828613423871713	0.823645344495385	0.828613423871713	0.855759776868149	0.841543024761126	0.855839751880969	0.841543024761127	0.844880800258248	0.828613423871713	0.823645344495385	0.828613423871713
1	1.03445328679459	1.073444388727	1.03445328679459	1.0368571152335	1.06783973923264	1.09811777465334	1.06783973923264	1.07426187498017	1.10416227343525	1.13987019186265	1.10416227343525	1.0368571152335	1.06783973923264	1.09811777465334	1.06783973923264	0.894415624173392	0.840842560413684	0.87634694547146	0.840842560413685	0.844898216776781	0.828643918415351	0.823693242911162	0.828643918415351	0.855722362271224	0.841602823703145	0.855802887286824	0.841602823703146	0.844898216776781	0.828643918415351	0.823693242911162	0.828643918415351
1	1.03445139683432	1.0734373480917	1.03445139683432	1.03685700602254	1.06783987213482	1.0981210971674	1.06783987213482	1.07425224096131	1.10417019363521	1.13984944625493	1.10417019363521	1.03685700602254	1.06783987213482	1.0981210971674	1.06783987213482	0.894417345924135	0.840856454797197	0.876348480867394	0.840856454797198	0.84491036391632	0.828665346852518	0.823727329612568	0.828665346852519	0.855694157658337	0.841646928402239	0.855775129431146	0.84164692840224	0.844910363916321	0.828665346852519	0.823727329612568	0.828665346852519
1	1.03445001638899	1.07343230970679	1.03445001638899	1.03685695486856	1.06783996442417	1.09812350114496	1.06783996442417	1.07424520492199	1.10417628495994	1.13983429263348	1.10417628495994	1.03685695486856	1.06783996442417	1.09812350114496	1.06783996442417	0.894418390218142	0.840866093995645	0.876349501412477	0.840866093995645	0.844918861555178	0.828680434154377	0.823751609871971	0.828680434154377	0.855672990670455	0.84167949050917	0.855754316228659	0.841679490509171	0.844918861555178	0.828680434154377	0.823751609871971	0.828680434154378
1	1.03444900593331	1.0734286975974	1.03444900593331	1.03685693632512	1.06784002542294	1.0981252327263	1.06784002542294	1.07424006756301	1.10418094986408	1.13982322258534	1.10418094986408	1.03685693632512	1.06784002542294	1.0981252327263	1.06784002542294	0.894419023613724	0.840872794996576	0.87635019029381	0.840872794996576	0.8449248229993	0.82869107706219	0.823768921003721	0.828691077062191	0.855657162176261	0.841703550043272	0.855738762860633	0.841703550043273	0.844924822999301	0.828691077062191	0.823768921003721	0.828691077062191
1	1.03444826501807	1.07342610356714	1.03444826501807	1.03685693511485	1.0678400637064	1.09812647574936	1.0678400637064	1.07423631655138	1.10418450995932	1.13981513373559	1.10418450995932	1.03685693511485	1.0678400637064	1.09812647574936	1.0678400637064	0.894419407786126	0.840877462695657	0.876350662235476	0.840877462695658	0.844929016242627	0.828698598574003	0.823781274679879	0.828698598574003	0.85564536007132	0.841721338155672	0.855727171919957	0.841721338155672	0.844929016242628	0.828698598574003	0.823781274679879	0.828698598574004
1	1.03444772047569	1.07342423656939	1.03444772047569	1.03685694238412	1.0678400853895	1.09812736290865	1.0678400853895	1.07423357922799	1.104187215425	1.13980922412819	1.104187215425	1.03685694238412	1.0678400853895	1.09812736290865	1.0678400853895	0.894419640800694	0.840880720335349	0.87635099000738	0.840880720335349	0.844931973060881	0.82870392371619	0.823790098990464	0.82870392371619	0.855636580551873	0.841734496174081	0.855718552714638	0.841734496174081	0.844931973060882	0.82870392371619	0.823790098990465	0.828703923716191
1	1.03444731979515	1.07342289072775	1.03444731979515	1.0368569530349	1.06784009619637	1.09812799477234	1.06784009619637	1.07423158112829	1.10418926644422	1.13980490492653	1.10418926644422	1.0368569530349	1.06784009619637	1.09812799477234	1.06784009619637	0.894419782132525	0.840882998097755	0.876351220491426	0.840882998097756	0.844934062840515	0.828707700295527	0.823796407982369	0.828707700295527	0.855630061992709	0.841744232651657	0.855712154939177	0.841744232651657	0.844934062840516	0.828707700295527	0.823796407982369	0.828707700295528
1	1.0344470246679	1.07342191907063	1.0344470246679	1.03685696433033	1.06784010013882	1.0981284438572	1.06784010013882	1.07423012230718	1.10419081775888	1.13980174705748	1.10419081775888	1.03685696433033	1.06784010013882	1.0981284438572	1.06784010013882	0.894419867855433	0.840884593567356	0.876351384329557	0.840884593567357	0.844935543013493	0.828710383044312	0.823800922696625	0.828710383044312	0.855625229677058	0.841751439039743	0.855707413068424	0.841751439039743	0.844935543013493	0.828710383044313	0.823800922696625	0.828710383044313
1	1.03444680710013	1.07342121653026	1.03444680710013	1.03685697490249	1.06784009997324	1.09812876240513	1.06784009997324	1.07422905698121	1.10419198864336	1.13979943753502	1.10419198864336	1.03685697490249	1.06784009997324	1.09812876240513	1.06784009997324	0.894419919849502	0.840885713042846	0.876351501873961	0.840885713042847	0.844936593521033	0.828712291788126	0.823804156308389	0.828712291788126	0.855621651955874	0.841756773612563	0.855703902742544	0.841756773612563	0.844936593521033	0.828712291788127	0.823804156308389	0.828712291788127
1	1.03444664856658	1.07342071160516	1.03444664856658	1.03685698226932	1.0678400975172	1.09812898958934	1.0678400975172	1.07422827511714	1.10419286858393	1.1397977475189	1.10419286858392	1.03685698226932	1.0678400975172	1.09812898958934	1.0678400975172	0.894419951385801	0.840886507027615	0.876351587343804	0.840886507027616	0.844937338758976	0.828713652706255	0.823806475307231	0.828713652706256	0.855619005729795	0.841760720196696	0.85570130483371	0.841760720196696	0.844937338758977	0.828713652706256	0.823806475307232	0.828713652706256
1	1.03444653099092	1.07342034393683	1.03444653099092	1.03685698937397	1.06784009405191	1.09812914963231	1.06784009405191	1.07422770538847	1.10419353087376	1.13979651052457	1.10419353087376	1.03685698937397	1.06784009405191	1.09812914963231	1.0678400940519	0.894419970513716	0.840887065751891	0.876351649417945	0.840887065751892	0.844937870003104	0.828714624210014	0.82380813987365	0.828714624210015	0.855617049964173	0.841763642011486	0.855699385196146	0.841763642011486	0.844937870003104	0.828714624210015	0.823808139873651	0.828714624210015
1	1.03444644350651	1.0734200757038	1.03444644350651	1.03685699589243	1.06784009024676	1.09812926208757	1.06784009024676	1.0742272902749	1.10419402879453	1.13979560501124	1.10419402879453	1.03685699589243	1.06784009024676	1.09812926208757	1.06784009024676	0.894419982115494	0.840887457326402	0.876351694669355	0.840887457326403	0.844938249625828	0.828715318164424	0.823809334967553	0.828715318164424	0.855615605769554	0.841765806045335	0.85569796824653	0.841765806045335	0.844938249625828	0.828715318164424	0.823809334967554	0.828715318164424
1	1.03444637856992	1.07341988034258	1.03444637856992	1.03685700137833	1.06784008653343	1.09812934119928	1.06784008653343	1.07422698728064	1.10419440249571	1.13979494210606	1.10419440249571	1.03685700137833	1.06784008653343	1.09812934119928	1.06784008653343	0.894419989152395	0.840887732369198	0.876351727805836	0.840887732369199	0.844938521212366	0.828715814519408	0.823810193655048	0.828715814519408	0.8556145399419	0.841767408543493	0.85569692281137	0.841767408543493	0.844938521212367	0.828715814519408	0.823810193655049	0.828715814519408
1	1.03444633041503	1.07341973806426	1.03444633041503	1.03685700582081	1.06784008313242	1.09812939682801	1.06784008313242	1.07422676592279	1.10419468256077	1.13979445668812	1.10419468256077	1.03685700582081	1.06784008313242	1.09812939682801	1.06784008313242	0.894419993420532	0.840887925805788	0.876351752155095	0.840887925805789	0.844938715757464	0.828716169960209	0.823810811079136	0.828716169960209	0.855613753709454	0.841768595119669	0.85569615176857	0.841768595119669	0.844938715757465	0.828716169960209	0.823810811079136	0.828716169960209
1	1.03444629473637	1.07341963442478	1.03444629473637	1.03685700932767	1.06784008014355	1.09812943592254	1.06784008014355	1.0742266040836	1.10419489217236	1.13979410112752	1.10419489217236	1.03685700932767	1.06784008014355	1.09812943592254	1.06784008014355	0.894419996009313	0.840888062118917	0.876351770099667	0.840888062118917	0.844938855270553	0.82871642480533	0.823811255387204	0.82871642480533	0.855613173922589	0.841769473585098	0.855695583252913	0.841769473585098	0.844938855270554	0.82871642480533	0.823811255387204	0.82871642480533
1	1.03444626830649	1.07341955887309	1.03444626830649	1.03685701205631	1.0678400775869	1.09812946336188	1.0678400775869	1.07422648570179	1.10419504886871	1.13979384058996	1.10419504886871	1.0368570120563	1.0678400775869	1.09812946336188	1.0678400775869	0.894419997579503	0.840888158296233	0.876351783353379	0.840888158296233	0.844938955438865	0.828716607731918	0.823811575356732	0.828716607731919	0.855612746502503	0.841770123871583	0.855695164173553	0.841770123871584	0.844938955438866	0.828716607731919	0.823811575356733	0.828716607731919
1	1.03444624873504	1.07341950376341	1.03444624873504	1.03685701415963	1.0678400754511	1.09812948260709	1.0678400754511	1.07422639907513	1.10419516589224	1.13979364962643	1.10419516589224	1.03685701415963	1.0678400754511	1.09812948260709	1.0678400754511	0.89441999853188	0.840888226263864	0.876351793158982	0.840888226263864	0.844939027433571	0.828716739182021	0.82381180596332	0.828716739182021	0.855612431473944	0.841770605171025	0.855694855306562	0.841770605171026	0.844939027433571	0.828716739182021	0.82381180596332	0.828716739182022
1	1.03444623424631	1.07341946353873	1.03444623424631	1.0368570157675	1.06784007369621	1.09812949609314	1.06784007369621	1.07422633565914	1.10419525320373	1.13979350961312	1.10419525320373	1.0368570157675	1.06784007369621	1.09812949609314	1.06784007369621	0.894419999109532	0.840888274360482	0.876351800422391	0.840888274360482	0.844939079234196	0.828716833742685	0.82381197229012	0.828716833742685	0.855612199326368	0.841770961345027	0.855694627701557	0.841770961345028	0.844939079234197	0.828716833742685	0.823811972290121	0.828716833742685
