1	1.04780626509305	1.08255641180417	1.04780626509305	1.04780624704821	1.08255639433967	1.11065891322161	1.08255639433959	1.08255637702995	1.11065889677153	1.1251520883988	1.11065889677153	1.04780624704821	1.08255639433959	1.11065891322161	1.08255639433967	0.62626438769252	0.513545664514877	0.460262638819649	0.513545664514879	0.513545662487689	0.460262633071028	0.448179798176092	0.460262633070605	0.460262627648956	0.44817978708608	0.411492585773081	0.448179787086081	0.513545662487691	0.460262633070605	0.448179798176093	0.46026263307103
1	1.06058736652645	1.09441180253953	1.06058736652645	1.06058735378337	1.09441179088772	1.13437226540575	1.0944117908876	1.09441177934947	1.13437225130642	1.14967521058859	1.13437225130642	1.06058735378337	1.0944117908876	1.13437226540575	1.09441179088772	0.679499062874619	0.543347500713023	0.46536850070194	0.543347500713025	0.543347497739778	0.465368496757727	0.467449393963822	0.465368496757406	0.46536849298077	0.467449383402386	0.426273782750779	0.467449383402387	0.54334749773978	0.465368496757406	0.467449393963823	0.465368496757729
1	1.06839793181664	1.09913377397303	1.06839793181664	1.06839792387948	1.09913376707391	1.14749812349394	1.09913376707381	1.09913376024451	1.14749811304042	1.16234362651885	1.14749811304042	1.06839792387948	1.09913376707381	1.14749812349394	1.09913376707391	0.711787525509352	0.561666798226276	0.46903289716304	0.561666798226278	0.561666795426618	0.469032894541531	0.479954113783795	0.469032894541336	0.469032892007147	0.479954105464726	0.435571007811694	0.479954105464727	0.56166679542662	0.469032894541336	0.479954113783795	0.469032894541533
1	1.07317205763807	1.10119789443493	1.07317205763807	1.07317205243912	1.10119789018591	1.15518092036855	1.10119789018584	1.10119788597676	1.15518091268822	1.16927480025611	1.15518091268822	1.07317205243912	1.10119789018584	1.15518092036855	1.10119789018591	0.731371468069699	0.572863666307296	0.47141660997103	0.572863666307298	0.572863664000283	0.47141660828332	0.487893969360939	0.471416608283209	0.47141660664145	0.487893963085373	0.441217429556826	0.487893963085373	0.572863664000285	0.471416608283209	0.48789396936094	0.471416608283323
1	1.07608405338531	1.10218808217967	1.07608405338531	1.07608404975474	1.10218807940435	1.15982148865717	1.10218807940431	1.10218807665108	1.15982148297313	1.17319222453958	1.15982148297313	1.07608404975474	1.10218807940431	1.15982148865717	1.10218807940435	0.743249729698662	0.579677639292793	0.472905557758799	0.579677639292795	0.579677637487236	0.472905556682208	0.492879961260939	0.472905556682147	0.472905555629879	0.492879956577268	0.444594965334652	0.492879956577268	0.579677637487238	0.472905556682147	0.492879961260939	0.472905556682211
1	1.07785564166548	1.10270112763548	1.07785564166548	1.07785563903049	1.10270112574162	1.1626689551333	1.10270112574159	1.10270112385974	1.16266895090846	1.17544443318253	1.16266895090846	1.07785563903049	1.10270112574159	1.1626689551333	1.10270112574161	0.750454259585421	0.583812486218468	0.473818633432064	0.58381248621847	0.58381248483742	0.473818632740403	0.495992139331755	0.47381863274037	0.473818632061624	0.495992135845999	0.446601783178872	0.495992135846	0.583812484837422	0.47381863274037	0.495992139331755	0.473818632740405
1	1.07893095296255	1.10298204873113	1.07893095296255	1.07893095101879	1.10298204740371	1.16442873593869	1.1029820474037	1.10298204608276	1.1644287327962	1.176750829204	1.1644287327962	1.07893095101879	1.1029820474037	1.16442873593869	1.10298204740371	0.754824027859311	0.586317291297659	0.474373773378868	0.586317291297661	0.586317290253686	0.474373772927436	0.497927864744534	0.474373772927418	0.474373772482855	0.497927862153632	0.447790782694729	0.497927862153632	0.586317290253687	0.474373772927418	0.497927864744535	0.474373772927438
1	1.07958248848317	1.10314148667413	1.07958248848317	1.07958248704271	1.10314148572909	1.16551945210324	1.10314148572908	1.10314148478752	1.16551944976827	1.17751226132918	1.16551944976827	1.07958248704271	1.10314148572908	1.16551945210324	1.10314148572909	0.757474426287634	0.587833258526149	0.474709975995224	0.58783325852615	0.587833257742492	0.474709975694937	0.499129214222823	0.474709975694929	0.474709975398298	0.499129212299304	0.448494558465408	0.499129212299305	0.587833257742494	0.474709975694929	0.499129214222824	0.474709975694939
1	1.07997677574285	1.10323399074594	1.07997677574285	1.07997677467531	1.10323399006664	1.16619606556256	1.10323399006664	1.1032339893892	1.16619606383024	1.17795732346807	1.16619606383024	1.07997677467531	1.10323399006664	1.16619606556256	1.10323399006664	0.759081974186972	0.58875038983639	0.474913263326251	0.588750389836392	0.588750389250891	0.474913263122706	0.499873709640617	0.474913263122703	0.474913262921102	0.499873708214263	0.448911115471344	0.499873708214264	0.588750389250893	0.474913263122703	0.499873709640618	0.474913263122708
1	1.0802152055833	1.10328837558178	1.0802152055833	1.08021520479317	1.10328837509043	1.16661577748291	1.10328837509043	1.10328837460007	1.1666157761996	1.17821795686657	1.1666157761996	1.08021520479317	1.10328837509043	1.16661577748291	1.10328837509043	0.760057001300635	0.589305193632938	0.475036130874109	0.58930519363294	0.589305193196973	0.475036130733778	0.500334608623646	0.475036130733777	0.475036130594476	0.500334607567175	0.449157784209477	0.500334607567176	0.589305193196975	0.475036130733777	0.500334608623647	0.47503613073378
1	1.08035933040137	1.1033206067639	1.08035933040137	1.08035932981749	1.10332060640698	1.16687602129617	1.10332060640697	1.10332060605058	1.16687602034678	1.17837080505168	1.16687602034678	1.08035932981749	1.10332060640697	1.16687602129617	1.10332060640698	0.76064838514836	0.589640853210387	0.475110404831227	0.589640853210389	0.589640852886613	0.475110404733076	0.50061971661712	0.475110404733077	0.475110404635468	0.500619715835481	0.449303956731241	0.500619715835482	0.589640852886615	0.475110404733077	0.50061971661712	0.475110404733078
1	1.08044643917019	1.10333980462387	1.08044643917019	1.08044643873948	1.10333980436393	1.16703729693637	1.10333980436393	1.10333980410426	1.16703729623497	1.1784605508639	1.16703729623497	1.08044643873948	1.10333980436393	1.16703729693637	1.10333980436393	0.761007077579526	0.589843977335541	0.475155324135119	0.589843977335543	0.589843977095615	0.475155324065663	0.500795971135214	0.475155324065666	0.475155323996494	0.50079597055759	0.449390650927949	0.500795970557591	0.589843977095617	0.475155324065666	0.500795971135215	0.475155324065666
1	1.08049909061172	1.10335127732708	1.08049909061172	1.08049909029471	1.10335127713758	1.16713718262862	1.10335127713758	1.10335127694823	1.16713718211126	1.17851330351329	1.16713718211125	1.08049909029471	1.10335127713758	1.16713718262862	1.10335127713758	0.761224635529309	0.589966935318823	0.475182506258019	0.589966935318824	0.589966935141397	0.475182506208426	0.500904874637634	0.47518250620843	0.475182506158981	0.500904874211374	0.449442116845861	0.500904874211374	0.589966935141399	0.47518250620843	0.500904874637634	0.475182506208429
1	1.08053092070369	1.10335814950436	1.08053092070369	1.08053092047017	1.10335814936575	1.1671990109225	1.10335814936575	1.10335814922721	1.16719901054094	1.17854434386445	1.16719901054094	1.08053092047017	1.10335814936575	1.1671990109225	1.10335814936575	0.76135659111105	0.590041391691829	0.475198965435819	0.590041391691831	0.590041391560765	0.475198965400163	0.500972132756807	0.475198965400166	0.475198965364582	0.500972132442356	0.449472699300546	0.500972132442357	0.590041391560767	0.475198965400166	0.500972132756807	0.475198965400165
1	1.08055016848636	1.1033622732474	1.08055016848636	1.08055016831448	1.10336227314591	1.1672372611315	1.10336227314591	1.10336227304446	1.16723726085029	1.17856262700451	1.16723726085029	1.08055016831448	1.10336227314591	1.1672372611315	1.10336227314591	0.761436626247108	0.590086494764116	0.475208938074035	0.590086494764118	0.590086494667401	0.475208938048257	0.501013654014694	0.475208938048261	0.475208938022512	0.501013653782884	0.449490890273305	0.501013653782885	0.590086494667403	0.475208938048261	0.501013654014695	0.47520893804826
1	1.08056181148283	1.10336475118301	1.08056181148283	1.08056181135654	1.10336475110873	1.16726091334584	1.10336475110873	1.10336475103447	1.16726091313884	1.17857340692039	1.16726091313884	1.08056181135653	1.10336475110873	1.16726091334584	1.10336475110873	0.761485170010994	0.590113826850351	0.47521498433887	0.590113826850353	0.590113826779071	0.475214984320156	0.501039277064346	0.47521498432016	0.475214984301457	0.501039276893636	0.44950172135003	0.501039276893637	0.590113826779072	0.47521498432016	0.501039277064347	0.475214984320158
1	1.08056885685444	1.10336624191216	1.08056885685444	1.08056885676178	1.10336624185783	1.16727553221281	1.10336624185783	1.10336624180352	1.16727553206061	1.17857976925212	1.16727553206061	1.08056885676178	1.10336624185783	1.16727553221281	1.10336624185783	0.761514613277334	0.590130396102742	0.475218652332618	0.590130396102744	0.590130396050272	0.475218652319	0.501055083652647	0.475218652319004	0.475218652305382	0.501055083527068	0.449508176691104	0.501055083527068	0.590130396050274	0.475218652319004	0.501055083652648	0.475218652319002
1	1.08057312175618	1.10336713961439	1.08057312175618	1.08057312168832	1.10336713957471	1.16728456429818	1.10336713957471	1.10336713953503	1.16728456418643	1.17858352807868	1.16728456418643	1.08057312168832	1.10336713957471	1.16728456429817	1.10336713957471	0.761532471491869	0.590140444458756	0.47522087885607	0.590140444458757	0.590140444420188	0.475220878846147	0.501064831250564	0.47522087884615	0.475220878836215	0.501064831158305	0.449512027890343	0.501064831158306	0.59014044442019	0.47522087884615	0.501064831250565	0.47522087884615
1	1.08057570469834	1.10336768035278	1.08057570469834	1.08057570464872	1.10336768032381	1.16729014479383	1.10336768032381	1.10336768029484	1.16729014471192	1.17858575099297	1.16729014471192	1.08057570464872	1.10336768032381	1.16729014479383	1.10336768032381	0.761543302956175	0.590146540376437	0.475222231336495	0.590146540376439	0.590146540348129	0.475222231329264	0.501070839724416	0.475222231329267	0.47522223132202	0.501070839656724	0.449514327743854	0.501070839656725	0.590146540348131	0.475222231329267	0.501070839724417	0.475222231329267
1	1.08057726918086	1.10336800710795	1.08057726918086	1.08057726914465	1.10336800708685	1.16729358635131	1.10336800708685	1.10336800706574	1.16729358629135	1.17858706682894	1.16729358629135	1.08057726914465	1.10336800708685	1.16729358635131	1.10336800708685	0.761549872634174	0.590150240091215	0.475223052901391	0.590150240091216	0.590150240070469	0.47522305289612	0.501074543889121	0.475223052896121	0.475223052890834	0.501074543839529	0.449515702492914	0.50107454383953	0.590150240070471	0.475223052896121	0.501074543889122	0.475223052896122
1	1.08057821722689	1.1033682045391	1.08057821722689	1.08057821720052	1.10336820452375	1.16729570922438	1.10336820452375	1.1033682045084	1.16729570918056	1.1785878465369	1.16729570918056	1.08057821720052	1.10336820452375	1.16729570922438	1.10336820452375	0.7615538573834	0.590152486324751	0.475223552265221	0.590152486324753	0.590152486309571	0.475223552261378	0.501076826672062	0.47522355226138	0.475223552257522	0.501076826635786	0.44951652504116	0.501076826635787	0.590152486309573	0.47522355226138	0.501076826672063	0.475223552261381
1	1.08057879197341	1.10336832387255	1.08057879197341	1.08057879195424	1.10336832386141	1.16729701858329	1.10336832386141	1.10336832385026	1.16729701855132	1.17858830903402	1.16729701855131	1.08057879195424	1.10336832386141	1.16729701858329	1.10336832386141	0.761556274279082	0.590153850579024	0.475223855944861	0.590153850579025	0.590153850567935	0.475223855942062	0.501078233087858	0.475223855942062	0.475223855939251	0.501078233061366	0.44951701765223	0.501078233061367	0.590153850567937	0.475223855942062	0.501078233087859	0.475223855942064
1	1.08057914055216	1.10336839603995	1.08057914055216	1.08057914053825	1.10336839603188	1.16729782601839	1.10336839603188	1.1033683960238	1.1672978259951	1.17858858365056	1.1672978259951	1.08057914053825	1.10336839603188	1.16729782601839	1.10336839603188	0.76155774021443	0.590154679448154	0.475224040706874	0.590154679448156	0.590154679440068	0.475224040704837	0.501079099357207	0.475224040704838	0.475224040702788	0.501079099337891	0.449517312938596	0.501079099337892	0.59015467944007	0.475224040704838	0.501079099357208	0.475224040704839
1	1.08057935204478	1.10336843970951	1.08057935204478	1.08057935203471	1.10336843970367	1.16729832381408	1.10336843970367	1.10336843969782	1.16729832379714	1.17858874687277	1.16729832379714	1.08057935203471	1.10336843970367	1.16729832381408	1.10336843970367	0.761558629357664	0.590155183207727	0.475224153165019	0.590155183207729	0.59015518320184	0.475224153163539	0.501079632805309	0.475224153163541	0.475224153162046	0.50107963279125	0.449517490100685	0.50107963279125	0.590155183201842	0.475224153163541	0.50107963280531	0.475224153163542
1	1.08057948041172	1.10336846615054	1.08057948041172	1.08057948040444	1.10336846614632	1.16729863063428	1.10336846614632	1.1033684661421	1.16729863062198	1.17858884398225	1.16729863062198	1.08057948040444	1.10336846614632	1.16729863063428	1.10336846614632	0.761559168655452	0.590155489477244	0.475224221640816	0.590155489477246	0.590155489472966	0.47522422163974	0.501079961232163	0.475224221639743	0.475224221638654	0.501079961221946	0.449517596485043	0.501079961221947	0.590155489472968	0.475224221639743	0.501079961232164	0.475224221639743
1	1.0805795583534	1.10336848216946	1.0805795583534	1.08057955834814	1.10336848216642	1.16729881969755	1.10336848216642	1.10336848216337	1.16729881968864	1.17858890181439	1.16729881968864	1.08057955834814	1.10336848216642	1.16729881969755	1.10336848216642	0.761559495759222	0.590155675739004	0.475224263350814	0.590155675739006	0.5901556757359	0.475224263350035	0.501080163393579	0.475224263350037	0.475224263349243	0.501080163386164	0.449517660422513	0.501080163386165	0.590155675735902	0.475224263350037	0.50108016339358	0.475224263350037
1	1.08057960569473	1.10336849187976	1.08057960569473	1.08057960569094	1.10336849187756	1.16729893617036	1.10336849187756	1.10336849187536	1.16729893616391	1.17858893628884	1.16729893616391	1.08057960569094	1.10336849187756	1.16729893617036	1.10336849187756	0.761559694159584	0.590155789051912	0.475224288765832	0.590155789051914	0.590155789049664	0.475224288765267	0.501080287809528	0.475224288765269	0.475224288764691	0.501080287804154	0.449517698881202	0.501080287804155	0.590155789049665	0.475224288765269	0.501080287809528	0.475224288765269
