1	1.00541224793906	1.01030060096889	1.00541224793906	1.00537734633439	1.01009776144284	1.01412069292399	1.00975197166269	1.00989817131085	1.01420545453471	1.01792147669388	1.01420545453471	1.00537734633439	1.00975197166269	1.014120692924	1.01009776144284	0.316057248335108	0.281368468824092	0.2732179838878	0.281368468824092	0.279909290351072	0.269767250133041	0.258771159265381	0.264123443885506	0.266349646563726	0.259602061331478	0.251275325964985	0.259602061331478	0.279909290351072	0.264123443885506	0.258771159265381	0.269767250133042
1	1.01557443918537	1.0288305640841	1.01557443918537	1.01525590573691	1.03037516301793	1.03874305407058	1.02746460307916	1.02671118080743	1.03858907538467	1.046446949742	1.03858907538467	1.01525590573691	1.02746460307916	1.03874305407057	1.03037516301793	0.432328212146886	0.382355416543125	0.367271765769198	0.382355416543125	0.381769034946163	0.38383936094517	0.348795427947567	0.360980211310747	0.355331300981799	0.34877930566046	0.328967991894209	0.34877930566046	0.381769034946164	0.360980211310747	0.348795427947567	0.383839360945171
1	1.02052807459727	1.03724469564119	1.02052807459727	1.02054652817065	1.0420101446331	1.05059672675484	1.03633365606864	1.03547244125888	1.05063706502325	1.05919254918153	1.05063706502325	1.02054652817065	1.03633365606864	1.05059672675484	1.0420101446331	0.475101909265214	0.41696648626272	0.397216417774864	0.416966486262721	0.416846736754881	0.426054162798643	0.379442620800517	0.39288486459431	0.388063894649603	0.379411284427429	0.354642423148101	0.379411284427429	0.416846736754881	0.39288486459431	0.379442620800518	0.426054162798644
1	1.02248755497504	1.04024775239689	1.02248755497504	1.02258345917566	1.04689271773442	1.05513305961169	1.0396594821296	1.03901248818267	1.0552140623342	1.06382769326096	1.0552140623342	1.02258345917566	1.0396594821296	1.05513305961169	1.04689271773442	0.490837473036191	0.428689004030852	0.406297576245783	0.428689004030853	0.428732336596703	0.44095062349521	0.389928686881854	0.403428622337606	0.4002005652619	0.389941788776861	0.363404807160116	0.389941788776862	0.428732336596704	0.403428622337606	0.389928686881855	0.44095062349521
1	1.0232044469705	1.04118685765374	1.0232044469705	1.02329266903073	1.04871314538297	1.05676194935789	1.04080550144704	1.04038152957852	1.0568345374861	1.06544970474221	1.0568345374861	1.02329266903073	1.04080550144704	1.05676194935789	1.04871314538297	0.496626263428145	0.432648422199459	0.408788451252507	0.43264842219946	0.432723466399908	0.446072005650248	0.393527765180171	0.406903424910669	0.404859782658802	0.393558306734289	0.366418285380846	0.39355830673429	0.432723466399909	0.406903424910669	0.393527765180171	0.446072005650249
1	1.02342811173275	1.0418268738533	1.02342811173275	1.02345304364235	1.04632629930625	1.05724152438117	1.04160996566027	1.04139973142341	1.0572623496133	1.07890720386493	1.0572623496133	1.02345304364235	1.04160996566027	1.05724152438117	1.04632629930625	0.498755840637888	0.433225879029556	0.411995155510544	0.433225879029557	0.433256495239041	0.426150308165987	0.394180259744633	0.411261515347762	0.410668972661906	0.394193296200627	0.420268980133941	0.394193296200627	0.433256495239042	0.411261515347762	0.394180259744633	0.426150308165988
1	1.02332548541913	1.04207570657272	1.02332548541913	1.02333315593853	1.04398337425136	1.05697581991022	1.04198109447894	1.04191139914196	1.05698231564415	1.09025871942832	1.05698231564415	1.02333315593853	1.04198109447894	1.05697581991022	1.04398337425136	0.499539268309766	0.432157429272161	0.41318455871594	0.432157429272162	0.432169369319231	0.418661819911699	0.393183270761395	0.412892645027927	0.412737307552073	0.393187885827206	0.441164255947072	0.393187885827207	0.432169369319232	0.412892645027927	0.393183270761395	0.4186618199117
1	1.02321370706864	1.04217679386092	1.02321370706864	1.02321624535286	1.04293507906928	1.0566984174584	1.04213767865421	1.04211879240924	1.05670053754124	1.09537588655277	1.05670053754124	1.02321624535286	1.04213767865421	1.0566984174584	1.04293507906928	0.499827475242113	0.431461494129403	0.413670458661365	0.431461494129404	0.431466049582158	0.415803466707505	0.392522996892311	0.41355245099717	0.413519626940408	0.392524569356641	0.448789779705537	0.392524569356641	0.431466049582159	0.41355245099717	0.392522996892312	0.415803466707506
1	1.0231523796606	1.0422238869421	1.0231523796606	1.02315325123692	1.04252096262384	1.05654717968088	1.04220783162552	1.04220399543555	1.05654788491634	1.09734954435623	1.05654788491634	1.02315325123692	1.04220783162552	1.05654717968088	1.04252096262384	0.499933500647329	0.431128055162322	0.413876047946316	0.431128055162323	0.431129768254309	0.414708293965756	0.39220355160062	0.413827795451519	0.413825179446162	0.392204082231185	0.451493113989646	0.392204082231185	0.43112976825431	0.413827795451519	0.39220355160062	0.414708293965757
1	1.02312442571238	1.04224607999526	1.02312442571238	1.02312472979017	1.04236209953628	1.05647815462969	1.04223946547468	1.04223932956934	1.05647839120788	1.09806730839656	1.05647839120788	1.02312472979017	1.04223946547468	1.05647815462969	1.04236209953628	0.499972505212858	0.43098335464062	0.413963074946149	0.430983354640621	0.430983992022341	0.414287906638862	0.392063552732469	0.413943188367366	0.413945919109635	0.392063731651488	0.452441738331315	0.392063731651488	0.430983992022342	0.413943188367366	0.39206355273247	0.414287906638863
1	1.02311263127895	1.04225622479565	1.02311263127895	1.02311273795321	1.04230150260955	1.05644887553353	1.04225348611116	1.04225394289832	1.05644895520157	1.09832238556405	1.05644895520157	1.02311273795321	1.04225348611116	1.05644887553353	1.04230150260955	0.499986854193135	0.430923447182205	0.413999565458029	0.430923447182206	0.430923682322064	0.41412632840327	0.392004996383085	0.41399132744025	0.413993779454526	0.392005056804142	0.452773758743207	0.392005056804142	0.430923682322065	0.41399132744025	0.392004996383086	0.414126328403271
1	1.02310786493275	1.04226074275487	1.02310786493275	1.02310786875381	1.04227837890886	1.05643692762283	1.04225957610613	1.04225991556942	1.0564369205946	1.09841227531497	1.0564369205946	1.02310786875381	1.04225957610613	1.05643692762283	1.04227837890886	0.499992132885312	0.430899343031038	0.414014695424872	0.430899343031039	0.43089941440646	0.414064158338798	0.391981203524298	0.41401128206727	0.414012762775934	0.391981183673806	0.452889987105681	0.391981183673806	0.430899414406461	0.41401128206727	0.391981203524298	0.414064158338799
