1	1.00513921796523	1.00950537247941	1.00513921796523	1.00513921796326	1.00950537247785	1.01372261801514	1.00950537247787	1.00950537247631	1.01372261801372	1.01772258830251	1.01372261801372	1.00513921796326	1.00950537247787	1.01372261801514	1.00950537247785	0.346228177864102	0.286458438676671	0.273422988504521	0.286458438676672	0.286458438668829	0.273422988505268	0.2673653806414	0.273422988505661	0.273422988506607	0.267365380642913	0.262453663049189	0.267365380642913	0.286458438668829	0.273422988505661	0.2673653806414	0.273422988505269
1	1.0168311306096	1.02849847637345	1.0168311306096	1.01683113060866	1.02849847637303	1.04242385047041	1.02849847637307	1.02849847637266	1.0424238504701	1.0521615792482	1.0424238504701	1.01683113060866	1.02849847637307	1.04242385047041	1.02849847637303	0.473598406363172	0.406107635075637	0.369482385045376	0.406107635075638	0.4061076350724	0.369482385045515	0.370965604112757	0.369482385045644	0.369482385045842	0.370965604113048	0.354287436494186	0.370965604113048	0.406107635072401	0.369482385045644	0.370965604112758	0.369482385045516
1	1.02348913351222	1.04218158785278	1.02348913351222	1.02348913351233	1.04218158785207	1.05780145731254	1.04218158785209	1.0421815878514	1.05780145731289	1.07403050517317	1.05780145731289	1.02348913351233	1.04218158785209	1.05780145731254	1.04218158785207	0.520455294853924	0.453577255074802	0.438435912865049	0.453577255074803	0.453577255073045	0.438435912857158	0.412515046635496	0.438435912857223	0.438435912849474	0.412515046635615	0.409885137530612	0.412515046635615	0.453577255073046	0.438435912857223	0.412515046635496	0.438435912857159
1	1.02614355266703	1.04949455480815	1.02614355266703	1.02614355266654	1.04949455480639	1.06376321041293	1.0494945548064	1.04949455480466	1.06376321041254	1.08496845150092	1.06376321041254	1.02614355266654	1.0494945548064	1.06376321041293	1.04949455480639	0.537692980795747	0.469551889771494	0.462987750572335	0.469551889771495	0.469551889770901	0.462987750565975	0.426623748357676	0.462987750566006	0.462987750559714	0.42662374835712	0.431276036909455	0.426623748357121	0.469551889770902	0.462987750566006	0.426623748357677	0.462987750565976
1	1.027073706541	1.05238298638591	1.027073706541	1.02707370654067	1.05238298638455	1.06584417226578	1.05238298638455	1.0523829863832	1.06584417226539	1.08955517193849	1.06584417226539	1.02707370654067	1.05238298638455	1.06584417226578	1.05238298638455	0.544034371063108	0.474944074094142	0.471446780499293	0.474944074094143	0.474944074093953	0.471446780495086	0.431494503760298	0.4714467804951	0.471446780490922	0.431494503759714	0.439630438114929	0.431494503759714	0.474944074093954	0.4714467804951	0.431494503760299	0.471446780495087
1	1.02738958063623	1.05341344087238	1.02738958063623	1.02738958063604	1.05341344087149	1.06656412293268	1.05341344087149	1.05341344087061	1.06656412293239	1.0914403763357	1.06656412293239	1.02738958063604	1.05341344087149	1.06656412293268	1.05341344087149	0.546367238186068	0.47677429389552	0.474298635928973	0.476774293895521	0.47677429389546	0.474298635926369	0.433195360830553	0.474298635926376	0.474298635923782	0.433195360830109	0.443004445245841	0.433195360830109	0.476774293895461	0.474298635926375	0.433195360830553	0.47429863592637
1	1.02749608651652	1.05376334294322	1.02749608651652	1.0274960865164	1.05376334294267	1.06681491258433	1.05376334294267	1.05376334294213	1.06681491258413	1.09223411186316	1.06681491258413	1.0274960865164	1.05376334294267	1.06681491258433	1.05376334294267	0.547225452076122	0.477398558326573	0.475243422139898	0.477398558326573	0.477398558326554	0.475243422138324	0.433793614065567	0.475243422138327	0.475243422136753	0.433793614065263	0.444425025252139	0.433793614065264	0.477398558326555	0.475243422138327	0.433793614065567	0.475243422138325
1	1.02753196770382	1.05387813643412	1.02753196770382	1.02753196770376	1.05387813643379	1.06690286750668	1.05387813643379	1.05387813643346	1.06690286750656	1.09258099744258	1.06690286750656	1.02753196770376	1.05387813643379	1.06690286750668	1.05387813643379	0.547541171332197	0.477612617141861	0.475549856022667	0.477612617141861	0.477612617141851	0.475549856021721	0.434005405679764	0.475549856021722	0.475549856020773	0.434005405679566	0.445048807813436	0.434005405679567	0.477612617141852	0.475549856021722	0.434005405679764	0.475549856021722
1	1.0275440633895	1.05391440886009	1.0275440633895	1.02754406338947	1.0539144088599	1.06693387511939	1.0539144088599	1.0539144088597	1.06693387511932	1.09273841298155	1.06693387511932	1.02754406338947	1.0539144088599	1.06693387511939	1.0539144088599	0.547657317993468	0.477686526087793	0.475646047515592	0.477686526087793	0.477686526087784	0.475646047515042	0.434080958079396	0.475646047515043	0.47564604751449	0.434080958079275	0.445333283428608	0.434080958079275	0.477686526087784	0.475646047515043	0.434080958079396	0.475646047515043
1	1.02754814468192	1.05392522678171	1.02754814468192	1.0275481446819	1.0539252267816	1.06694485661945	1.0539252267816	1.05392522678149	1.06694485661941	1.09281220439769	1.06694485661941	1.0275481446819	1.0539252267816	1.06694485661945	1.0539252267816	0.54770004597137	0.477712291824462	0.475674558953027	0.477712291824463	0.477712291824454	0.475674558952709	0.434108178278368	0.47567455895271	0.475674558952386	0.434108178278294	0.445467140191835	0.434108178278295	0.477712291824455	0.47567455895271	0.434108178278368	0.47567455895271
