1	2.85421041845433	1.0155588137989	2.85421041845447	2.76476107254775	1.01451005232459	1.3474044718462	1.01451005232474	1.01195257484128	1.41421395388985	15.6910047080706	1.41421395388983	2.76476107254787	1.01451005232474	1.34740447184618	1.0145100523246	7.74999999999999	0.771902951751937	0.0361565067140531	0.771902951751986	0.879703269748268	0.0376880272367821	-0.158226619294023	0.0376880272369716	0.0374239088359523	-0.185170816878191	-2.44082246125863	-0.185170816878186	0.879703269748318	0.0376880272369716	-0.158226619294019	0.0376880272367876
1	1.04402527734018	1.00202072371374	1.04402527734018	1.03602630689051	1.00185003197463	1.03411487558536	1.00185003197463	1.00165971862946	1.03341818465683	23.8712867175357	1.03341818465683	1.03602630689051	1.00185003197463	1.03411487558536	1.00185003197463	7.74999999999999	0.145557836040069	0.0218229855239165	0.145557836040073	0.138720906295732	0.0214369775362671	-0.0750921137951517	0.0214369775362713	0.0208755397863573	-0.0756598833878051	-5.94069963799036	-0.075659883387804	0.138720906295736	0.0214369775362713	-0.0750921137951506	0.0214369775362702
1	1.005595629511	1.00031422957732	1.005595629511	1.00498231896321	1.00030042603716	1.00568329777663	1.00030042603716	1.00029357876792	1.00566864173077	16.8682740665817	1.00566864173077	1.00498231896321	1.00030042603716	1.00568329777813	1.00030042603716	7.74999999999999	0.075596142704458	0.0126505998231858	0.07559614270446	0.0727440937125405	0.0124910567004498	-0.0442735688307066	0.0124910567004532	0.0124715632824342	-0.0445081614986117	-6.06699912817947	-0.0445081614986111	0.0727440937125423	0.0124910567004532	-0.0442735686550419	0.0124910567004515
1	1.0041485246484	1.00023717077735	1.0041485246484	1.00375823650257	1.00022824549765	1.00436061722443	1.00022824549765	1.00022395086252	1.0043498146838	15.9820239092666	1.0043498146838	1.00375823650257	1.00022824549765	1.00436061722525	1.00022824549765	7.74999999999999	0.0689297307805003	0.011642630932325	0.0689297307805021	0.0666953342271245	0.0115155300368641	-0.0410265569165677	0.011515530036867	0.0115022134661684	-0.0412022009439846	-6.07866225985897	-0.041202200943984	0.0666953342271262	0.011515530036867	-0.0410265567912709	0.0115155300368658
1	1.00393196157553	1.00022542796689	1.00393196157553	1.0035723764301	1.00021718647045	1.00415609581133	1.00021718647045	1.00021324360798	1.00414599874281	15.8252056077138	1.00414599874281	1.0035723764301	1.00021718647045	1.00415609581237	1.00021718647045	7.74999999999999	0.0678104973287864	0.0114704163530392	0.0678104973287881	0.0656732591256615	0.0113485724250477	-0.040466247699331	0.0113485724250505	0.0113362288939755	-0.0406333238577985	-6.08067549743091	-0.0406333238577981	0.0656732591256631	0.0113485724250505	-0.0404662475318172	0.0113485724250493
1	1.00389263567494	1.00022328953548	1.00389263567494	1.00353854031976	1.00021517061991	1.00411875866278	1.00021517061991	1.00021129055097	1.00410879110408	15.7958759334719	1.00410879110408	1.00353854031976	1.00021517061991	1.00411875866512	1.00021517061991	7.74999999999999	0.0676030649627044	0.01143841131957	0.0676030649627061	0.0654836001088282	0.01131753325853	-0.040361933363965	0.0113175332585327	0.0113053653066088	-0.0405274561229094	-6.08105045914434	-0.040527456122909	0.0654836001088298	0.0113175332585327	-0.0403619329837064	0.0113175332585316
1	1.00388524609753	1.00022288750329	1.00388524609753	1.00353217932729	1.00021479156541	1.00411173592807	1.00021479156541	1.00021092325747	1.00410179274012	15.7903342361699	1.00410179274012	1.00353217932729	1.0002147915654	1.00411173593205	1.0002147915654	7.74999999999999	0.0675639379705734	0.0114323713337522	0.0675639379705751	0.0654478174410116	0.011311675152845	-0.0403422408259516	0.0113116751528477	0.0112995401434322	-0.0405074716205312	-6.0811212512938	-0.0405074716205305	0.0654478174410129	0.0113116751528477	-0.0403422401783435	0.0113116751528466
1	1.0038838486478	1.00022281146722	1.0038838486478	1.00353097628793	1.00021471987266	1.00411040760985	1.00021471987266	1.00021085378749	1.00410046902998	15.7892851485367	1.00410046902998	1.00353097628793	1.00021471987266	1.00411040761045	1.00021471987266	7.74999999999999	0.0675565332858187	0.0114312281738508	0.0675565332858204	0.0654410453693072	0.0113105664022819	-0.0403385131803953	0.0113105664022847	0.0112984376208262	-0.040503689062603	-6.08113465085003	-0.0405036890626023	0.0654410453693089	0.0113105664022847	-0.0403385130822512	0.0113105664022836
1	1.0038835840555	1.00022279707033	1.0038835840555	1.00353074850137	1.00021470629806	1.00411015609697	1.00021470629806	1.0002108406337	1.00410021839078	15.7890864757381	1.00410021839078	1.00353074850137	1.00021470629806	1.00411015609921	1.00021470629806	7.74999999999999	0.0675551310955868	0.0114310116951906	0.0675551310955885	0.0654397629635959	0.0113103564391615	-0.0403378074582802	0.0113103564391642	0.0112982288368406	-0.0405029727580629	-6.08113718834396	-0.0405029727580624	0.0654397629635975	0.0113103564391643	-0.0403378070933788	0.0113103564391632
1	1.0038835339463	1.0002227943438	1.0038835339463	1.0035307053624	1.00021470372726	1.00411010846543	1.00021470372726	1.00021083814259	1.00410017092374	15.789048849144	1.00410017092374	1.0035307053624	1.00021470372726	1.00411010846607	1.00021470372726	7.74999999999999	0.0675548655381522	0.0114309706966795	0.0675548655381538	0.0654395200914987	0.0113103166745992	-0.0403376736471011	0.0113103166746018	0.0112981892955846	-0.0405028370981767	-6.0811376689168	-0.0405028370981761	0.0654395200915003	0.0113103166746018	-0.0403376735425141	0.0113103166746008
1	1.00388352445607	1.00022279382742	1.00388352445607	1.00353069719227	1.00021470324037	1.00411009944432	1.00021470324037	1.00021083767079	1.0041001619339	15.7890417229595	1.0041001619339	1.00353069719227	1.00021470324037	1.00411009944489	1.00021470324037	7.74999999999999	0.0675548152437383	0.0114309629318908	0.06755481524374	0.0654394740935134	0.0113103091435108	-0.0403376483230325	0.0113103091435134	0.0112981818067907	-0.0405028114052811	-6.08113775993348	-0.0405028114052805	0.0654394740935151	0.0113103091435134	-0.0403376482303419	0.0113103091435125
1	1.00388352265869	1.00022279372962	1.00388352265869	1.00353069564491	1.00021470314816	1.00411009773575	1.00021470314816	1.00021083758144	1.0041001602313	15.7890403733122	1.0041001602313	1.00353069564491	1.00021470314816	1.00411009773638	1.00021470314816	7.74999999999999	0.0675548057183366	0.0114309614612951	0.0675548057183383	0.0654394653818531	0.011310307717178	-0.0403376435328541	0.0113103077171806	0.0112981803884708	-0.0405028065392368	-6.08113777717137	-0.0405028065392363	0.0654394653818548	0.0113103077171806	-0.0403376434303812	0.0113103077171796
1	1.00388352231825	1.00022279371109	1.00388352231824	1.0035306953519	1.00021470313069	1.00411009741207	1.00021470313069	1.00021083756452	1.00410015990884	15.7890401176988	1.00410015990884	1.0035306953519	1.00021470313069	1.00411009741286	1.00021470313069	7.74999999999999	0.0675548039140868	0.0114309611827413	0.0675548039140885	0.0654394637322427	0.0113103074470383	-0.0403376426380589	0.0113103074470408	0.0112981801198957	-0.0405028056176598	-6.0811377804361	-0.0405028056176592	0.0654394637322444	0.0113103074470408	-0.0403376425087419	0.0113103074470399
1	1.00378109369575	1.00022551517726	1.00378109369575	1.0037807362495	1.00021592527536	1.00416079885086	1.00021586738861	1.0002254963719	1.0041606837548	15.8510310226832	1.00416068375464	1.0037807362495	1.00021586738861	1.00416079885075	1.00021592527536	7.74999999999999	0.066911462228055	0.0115446038564302	0.0669114622280567	0.0669092770148891	0.0112965294636883	-0.0405287123128923	0.0112950149728302	0.0115442921506034	-0.0405283493370766	-6.08038952093363	-0.0405283493621449	0.0669092770148908	0.0112950149728302	-0.0405287123310337	0.01129652946369
1	1.00379575529456	1.00022636154308	1.00379575529456	1.00379575519692	1.00021672689151	1.00417574348141	1.00021666882904	1.00022636149778	1.00417574346289	15.862803326602	1.00417574346169	1.00379575519692	1.00021666882904	1.00417574348069	1.00021672689151	7.74999999999999	0.0669901903076045	0.0115574302353321	0.0669901903076062	0.0669901918320067	0.011308768673519	-0.0405704258796064	0.0113072535633327	0.0115574294907804	-0.0405704261157731	-6.0802389499135	-0.0405704263082525	0.0669901918320084	0.0113072535633327	-0.040570425994304	0.0113087686735207
1	1.00379858577948	1.00022652471849	1.00379858577948	1.0037985865103	1.00021687978517	1.00417860476522	1.00021682166558	1.00022652471858	1.00417860504653	15.8650443655438	1.0041786050462	1.0037985865103	1.00021682166558	1.00417860476501	1.00021687978517	7.74999999999999	0.0670053913200236	0.0115599016412048	0.0670053913200252	0.0670053977746796	0.0113110996703082	-0.0405784054118918	0.011309583826261	0.0115599016428978	-0.0405784067708825	-6.08021027750056	-0.0405784068226092	0.0670053977746813	0.011309583826261	-0.040578405446472	0.0113110996703099
1	1.00379912444035	1.00022655577106	1.00379912444035	1.00379912517349	1.00021690887535	1.00417914920461	1.00021685074737	1.00022655577125	1.00417914948692	15.8654706178296	1.00417914948553	1.00379912517349	1.00021685074737	1.00417914920367	1.00021690887534	7.74999999999999	0.0670082834060477	0.0115603718286271	0.0670082834060494	0.0670082898750761	0.0113115430377947	-0.0405799232756737	0.0113100271189924	0.0115603718320249	-0.0405799246109905	-6.08020482359968	-0.040579924833191	0.0670082898750777	0.0113100271189924	-0.0405799234263736	0.0113115430377964
1	1.00379922688944	1.00022656167798	1.00379922688944	1.00379922762249	1.00021691439508	1.00417925274594	1.00021685629149	1.00022656167817	1.00417925302806	15.865551680886	1.00417925302717	1.00379922762249	1.00021685629149	1.00417925274534	1.00021691439507	7.74999999999999	0.0670088334308002	0.0115604612749313	0.067008833430802	0.0670088398988815	0.0113116270203989	-0.0405802119570771	0.0113101117652275	0.0115604612783565	-0.0405802133044293	-6.0802037863871	-0.0405802134457027	0.0670088398988832	0.0113101117652275	-0.0405802120528851	0.0113116270204006
1	1.00379924637991	1.00022656280076	1.00379924637991	1.00379924711304	1.00021691543174	1.00417927244437	1.00021685735885	1.00022656280096	1.00417927272654	15.8655671001641	1.00417927272628	1.00379924711304	1.00021685735885	1.0041792724442	1.00021691543174	7.74999999999999	0.0670089380798015	0.0115604782683186	0.0670089380798033	0.0670089445485453	0.0113116426489065	-0.040580266913525	0.0113101281993153	0.0115604782717273	-0.0405802682777038	-6.08020358909321	-0.0405802683189529	0.067008944548547	0.0113101281993153	-0.0405802669415622	0.0113116426489081
1	1.00379925009114	1.00022656301442	1.00379925009114	1.00379925082449	1.00021691561957	1.00417927619745	1.00021685757132	1.00022656301461	1.00417927648024	15.8655700349499	1.00417927647676	1.00379925082449	1.00021685757132	1.00417927619507	1.00021691561957	7.74999999999999	0.0670089580115796	0.0115604815014578	0.0670089580115813	0.06700896448237	0.0113116453762861	-0.0405802772040446	0.0113101315701235	0.0115604815048602	-0.0405802784868187	-6.08020355154262	-0.0405802790441383	0.0670089644823718	0.0113101315701235	-0.0405802775842209	0.0113116453762877
1	1.00379925078461	1.00022656305432	1.00379925078461	1.0037992515179	1.00021691565029	1.00417927690181	1.00021685761577	1.00022656305451	1.00417927718435	15.8655705868442	1.00417927718214	1.0037992515179	1.00021685761577	1.0041792769003	1.00021691565029	7.74999999999999	0.0670089617205915	0.0115604821024165	0.0670089617205931	0.0670089681908296	0.0113116457690303	-0.0405802792377821	0.011310132321266	0.0115604821058117	-0.0405802805529097	-6.08020354447894	-0.040580280906589	0.0670089681908313	0.011310132321266	-0.0405802794794374	0.011311645769032
1	1.00379925091676	1.00022656306211	1.00379925091677	1.00379925165003	1.00021691564852	1.00417927703571	1.00021685763184	1.0002265630623	1.00417927731812	15.8655706919767	1.00417927731673	1.00379925165003	1.00021685763184	1.00417927703476	1.00021691564852	7.74999999999999	0.0670089624276427	0.0115604822216491	0.0670089624276444	0.0670089688975822	0.0113116456452902	-0.0405802796563974	0.01131013266272	0.0115604822250525	-0.040580280992391	-6.08020354313384	-0.0405802812147376	0.0670089688975838	0.01131013266272	-0.0405802798085551	0.0113116456452919
