1	1.00532480210679	1.0098123999358	1.00532480210679	1.00532480210953	1.00981239993745	1.01416590216037	1.00981239993743	1.0098123999391	1.01416590216124	1.01823892978026	1.01416590216124	1.00532480210953	1.00981239993743	1.01416590216037	1.00981239993745	0.357581386899755	0.295761744911381	0.281689505608833	0.295761744911382	0.295761744944607	0.281689505609241	0.275460306574889	0.281689505608945	0.281689505609938	0.275460306566936	0.269908596979748	0.275460306566936	0.295761744944607	0.281689505608945	0.27546030657489	0.281689505609242
1	1.0178890072886	1.03020108530606	1.0178890072886	1.01788900729378	1.03020108530895	1.04503429447602	1.03020108530891	1.03020108531187	1.04503429447797	1.05518746177623	1.04503429447797	1.01788900729378	1.03020108530891	1.04503429447602	1.03020108530895	0.489128227589499	0.420911078575327	0.382536134040735	0.420911078575327	0.420911078590724	0.38253613404118	0.384538295687706	0.382536134040973	0.382536134041745	0.384538295685956	0.366689488081313	0.384538295685957	0.420911078590725	0.382536134040973	0.384538295687707	0.382536134041181
1	1.02492513570564	1.04402539189807	1.02492513570564	1.02492513593029	1.04402539207697	1.06141940395659	1.04402539207711	1.04402539225905	1.06141940416739	1.07255565386927	1.06141940416739	1.02492513593029	1.04402539207711	1.06141940395659	1.04402539207697	0.537521605805715	0.469310417368783	0.448618997680172	0.469310417368783	0.469310417436079	0.448618997572405	0.427508099475585	0.448618997573566	0.44861899748796	0.427508099642879	0.40101079093048	0.427508099642879	0.46931041743608	0.448618997573566	0.427508099475585	0.448618997572406
1	1.02770485786298	1.05119046087636	1.02770485786297	1.02770485793748	1.05119046091157	1.06779006041916	1.05119046091182	1.05119046095458	1.06779006050779	1.07867042280602	1.06779006050779	1.02770485793748	1.05119046091182	1.06779006041916	1.05119046091157	0.555324534695181	0.485691453417575	0.472665117307105	0.485691453417576	0.485691453462312	0.472665117172669	0.4423955189912	0.472665117173906	0.472665117082091	0.442395519088966	0.412747353991905	0.442395519088967	0.485691453462313	0.472665117173906	0.4423955189912	0.47266511717267
1	1.02867824174914	1.05405213802694	1.02867824174914	1.02867824176892	1.05405213800401	1.07004715911916	1.0540521380042	1.05405213799361	1.07004715914951	1.08074156766907	1.07004715914951	1.02867824176892	1.0540521380042	1.07004715911916	1.05405213800401	0.561873866230632	0.491205966199978	0.481158554142568	0.491205966199979	0.491205966224031	0.481158553953799	0.447580634897173	0.48115855395445	0.481158553829698	0.447580634934518	0.416833542627697	0.447580634934519	0.491205966224032	0.48115855395445	0.447580634897173	0.4811585539538
1	1.02900758970358	1.05510059983679	1.02900758970358	1.02900758971008	1.05510059978628	1.07083679414444	1.05510059978637	1.05510059975383	1.07083679415316	1.08145528864346	1.07083679415316	1.02900758971008	1.05510059978637	1.07083679414444	1.05510059978627	0.564283230651847	0.493061673004035	0.484115167743797	0.493061673004036	0.493061673021583	0.48411516746853	0.449393535485887	0.484115167468806	0.484115167284406	0.449393535491135	0.4182669861249	0.449393535491135	0.493061673021584	0.484115167468806	0.449393535485888	0.484115167468531
1	1.02911781121699	1.05547146054183	1.02911781121699	1.02911781122126	1.05547146045976	1.07111347730169	1.0554714604598	1.05547146040434	1.07111347730129	1.08170497394114	1.07111347730129	1.02911781122126	1.0554714604598	1.07111347730169	1.05547146045976	0.565169586235661	0.493686141493663	0.485138635269762	0.493686141493663	0.493686141514279	0.485138634836006	0.450028551402363	0.485138634836109	0.48513863453824	0.450028551388054	0.418770881514316	0.450028551388054	0.493686141514279	0.485138634836109	0.450028551402364	0.485138634836007
1	1.02895360818585	1.05631312649314	1.02895360818585	1.02895360819005	1.05631312631831	1.07066132499238	1.05631312630713	1.05631312614878	1.07066132496901	1.08882839444819	1.07066132496901	1.02895360819005	1.05631312630713	1.07066132499238	1.05631312631831	0.565495658490401	0.491621001866846	0.49068677613825	0.491621001866847	0.491621001952182	0.490686775191073	0.447932529782787	0.490686775115558	0.490686774212891	0.447932529686137	0.44638510711202	0.447932529686138	0.491621001952183	0.490686775115558	0.447932529782787	0.490686775191073
1	1.02876650188277	1.0568203603295	1.02876650188277	1.02876650188805	1.05682036017237	1.07017621426726	1.05682036016316	1.05682036001308	1.07017621424213	1.09504078315854	1.07017621424213	1.02876650188805	1.05682036016316	1.07017621426726	1.05682036017237	0.565615613769038	0.490943357911128	0.492403050455128	0.490943357911129	0.490943357967127	0.492403049864344	0.447196985899489	0.492403049836403	0.492403049264902	0.447196985826529	0.45868057825659	0.447196985826529	0.490943357967128	0.492403049836403	0.44719698589949	0.492403049864345
1	1.02868627122832	1.0569339644952	1.02868627122832	1.02868627123115	1.0569339643936	1.06996925724205	1.05693396438932	1.05693396429064	1.06996925722326	1.09872913033686	1.06996925722326	1.02868627123115	1.05693396438932	1.06996925724205	1.0569339643936	0.565659742850566	0.490829448866907	0.492590550332501	0.490829448866908	0.490829448899752	0.492590549983802	0.447050538904177	0.492590549971757	0.492590549630562	0.44705053885618	0.466111444189738	0.447050538856181	0.490829448899753	0.492590549971757	0.447050538904178	0.492590549983802
1	1.028660997417	1.05678166165281	1.028660997417	1.02866099741808	1.05678166159478	1.06990999133285	1.05678166159306	1.05678166153619	1.06990999132085	1.1019670325566	1.06990999132085	1.02866099741808	1.05678166159306	1.06990999133285	1.05678166159478	0.565675977032902	0.4909691802808	0.49171065422297	0.4909691802808	0.490969180297302	0.491710654038927	0.447193554606068	0.491710654034831	0.491710653853737	0.447193554578412	0.474229102463924	0.447193554578412	0.490969180297303	0.491710654034831	0.447193554606068	0.491710654038928
1	1.02865570126175	1.05572989669613	1.02865570126175	1.02865570126067	1.05572989666435	1.06992607538731	1.05572989666362	1.05572989663227	1.06992607537934	1.109020550296	1.06992607537934	1.02865570126067	1.05572989666362	1.06992607538731	1.05572989666434	0.565681949255029	0.491266692405085	0.485378708870309	0.491266692405086	0.491266692411203	0.485378708776208	0.447593172450355	0.485378708774014	0.485378708680977	0.447593172435136	0.495612727213156	0.447593172435137	0.491266692411205	0.485378708774014	0.447593172450355	0.485378708776209
1	1.02857895089851	1.05044728799175	1.02857895089851	1.02857895089662	1.05044728797782	1.0697686449677	1.05044728797755	1.05044728796377	1.06976864496267	1.12027335634874	1.06976864496267	1.02857895089662	1.05044728797755	1.0697686449677	1.05044728797782	0.565684146312787	0.488478661402214	0.450121570805955	0.488478661402215	0.488478661402479	0.450121570776424	0.445133659241537	0.450121570775841	0.450121570746632	0.445133659233873	0.522665119689961	0.445133659233873	0.48847866140248	0.450121570775841	0.445133659241538	0.450121570776426
1	1.0283616059899	1.04649747161967	1.0283616059899	1.02836160598888	1.04649747161482	1.0692670694858	1.04649747161473	1.04649747160993	1.06926706948339	1.12751690692317	1.06926706948339	1.02836160598888	1.04649747161473	1.0692670694858	1.04649747161482	0.565684954565166	0.485496611366808	0.436428244812652	0.485496611366809	0.485496611366124	0.436428244803351	0.442521247469639	0.436428244803167	0.436428244793961	0.442521247466039	0.532529430021901	0.44252124746604	0.485496611366125	0.436428244803167	0.44252124746964	0.436428244803353
1	1.02817477544371	1.04484766463468	1.0281747754437	1.02817477544324	1.04484766463306	1.06884664381502	1.04484766463303	1.04484766463143	1.06884664381396	1.13048867106153	1.06884664381396	1.02817477544324	1.04484766463303	1.06884664381502	1.04484766463306	0.565685251904599	0.483895363324796	0.431750459075427	0.483895363324797	0.483895363324276	0.431750459072455	0.441138955959625	0.431750459072398	0.431750459069456	0.441138955958003	0.535949147438302	0.441138955958003	0.483895363324277	0.431750459072398	0.441138955959625	0.431750459072457
1	1.02806896186667	1.04425057103534	1.02806896186667	1.02806896186648	1.04425057103481	1.06861247079649	1.0442505710348	1.04425057103427	1.06861247079603	1.13157560485665	1.06861247079603	1.02806896186648	1.0442505710348	1.06861247079649	1.04425057103481	0.565685361289663	0.483150365023345	0.430141197145041	0.483150365023345	0.483150365023059	0.430141197144089	0.440496652273796	0.430141197144071	0.43014119714312	0.440496652273086	0.5371292657109	0.440496652273086	0.48315036502306	0.430141197144071	0.440496652273797	0.43014119714409
1	1.02801786301725	1.04404224402314	1.02801786301725	1.02801786301717	1.04404224402297	1.06849987010382	1.04404224402296	1.04404224402279	1.06849987010363	1.1319609717657	1.06849987010363	1.02801786301717	1.04404224402296	1.06849987010382	1.04404224402297	0.565685401530178	0.482824441897373	0.429583486697935	0.482824441897374	0.482824441897236	0.429583486697629	0.440213806052563	0.429583486697623	0.429583486697314	0.440213806052258	0.537538110045296	0.440213806052258	0.482824441897237	0.429583486697623	0.440213806052564	0.42958348669763
1	1.02799501215031	1.04397010662882	1.02799501215031	1.02799501215028	1.04397010662877	1.06844930129094	1.04397010662876	1.0439701066287	1.06844930129086	1.13209692728704	1.06844930129086	1.02799501215028	1.04397010662876	1.06844930129094	1.04397010662877	0.565685416333838	0.482686726130346	0.429388855484839	0.482686726130347	0.482686726130283	0.429388855484741	0.440092991500064	0.42938885548474	0.429388855484637	0.440092991499935	0.537680763443092	0.440092991499936	0.482686726130284	0.42938885548474	0.440092991500064	0.429388855484743
1	1.02798522654478	1.04394508388883	1.02798522654478	1.02798522654476	1.04394508388881	1.06842743901333	1.04394508388881	1.04394508388879	1.0684274390133	1.13214508890018	1.0684274390133	1.02798522654476	1.04394508388881	1.06842743901333	1.04394508388881	0.565685421779796	0.482629833456833	0.429320459217464	0.482629833456834	0.482629833456806	0.429320459217438	0.44004242452102	0.429320459217439	0.4293204592174	0.440042424520967	0.537730953860212	0.440042424520967	0.482629833456807	0.429320459217439	0.440042424521021	0.429320459217439
