1	1.00625259123273	1.0116812171952	1.00625259123273	1.00625217263096	1.0115716232251	1.01594303465706	1.0112603344995	1.01142836121477	1.0161318545266	1.0202365116851	1.0161318545266	1.00625217263096	1.0112603344995	1.01594303465706	1.0115716232251	0.373967553949738	0.328928495899258	0.315902340448853	0.328928495899259	0.325821606126199	0.312622281172208	0.297683709913589	0.307508656723656	0.308822189386827	0.298869796075226	0.288754448027562	0.298869796075226	0.3258216061262	0.307508656723656	0.29768370991359	0.312622281172209
1	1.02015989737675	1.03768397086465	1.02015989737675	1.01967291621293	1.03545554557288	1.04889216797564	1.03387713129405	1.03352601857453	1.0489797973917	1.05944301018066	1.0489797973917	1.01967291621293	1.03387713129405	1.04889216797564	1.03545554557288	0.511542528600659	0.446546063282647	0.433513742665037	0.446546063282648	0.444140485160984	0.419169592075002	0.402683171298268	0.408560603955182	0.406867638244419	0.403791381889164	0.383636323205054	0.403791381889164	0.444140485160984	0.408560603955182	0.402683171298269	0.419169592075003
1	1.02842881242544	1.05321962318994	1.02842881242544	1.02594662775133	1.04700581837042	1.0669603575738	1.04478854226191	1.04199993450308	1.06492930559798	1.07780005957135	1.06492930559798	1.02594662775133	1.04478854226191	1.0669603575738	1.04700581837042	0.562153533343684	0.491958159998824	0.478499486655363	0.491958159998825	0.490767080901392	0.456497592027296	0.445510268552921	0.445387128255676	0.439113717190091	0.444038810324876	0.417420262777188	0.444038810324877	0.490767080901393	0.445387128255676	0.445510268552921	0.456497592027297
1	1.03024102512715	1.05644452173345	1.03024102512715	1.02984496340042	1.05566378346168	1.07285154401276	1.05158704102333	1.04757500806304	1.07231328749163	1.08429603829219	1.07231328749163	1.02984496340042	1.05158704102333	1.07285154401276	1.05566378346168	0.580772281591801	0.507941809836543	0.493439247896595	0.507941809836544	0.507423908355736	0.500598898570987	0.460441568712889	0.478250745091224	0.454437647668131	0.45951151913027	0.42949378336798	0.459511519130271	0.507423908355737	0.478250745091223	0.460441568712889	0.500598898570988
1	1.03088387898949	1.05718269938613	1.03088387898949	1.03111898121179	1.06117052953296	1.07483738221528	1.05468566050255	1.05019457957744	1.07487871137661	1.08642615089079	1.07487871137661	1.03111898121179	1.05468566050255	1.07483738221528	1.06117052953296	0.587621736293248	0.513050175850437	0.495876306385273	0.513050175850438	0.512915610287178	0.518461816970112	0.465304779938984	0.486069906147719	0.464260014078727	0.464921052962438	0.433664731788642	0.464921052962438	0.512915610287179	0.486069906147719	0.465304779938984	0.518461816970113
1	1.03115781092624	1.05700485263304	1.03115781092624	1.03146419088941	1.06369603009293	1.07553891070001	1.05536553758455	1.05178629511308	1.07571474973066	1.08714943799093	1.07571474973066	1.03146419088941	1.05536553758455	1.07553891070001	1.06369603009293	0.590141509894331	0.514705161092324	0.494154821117918	0.514705161092325	0.514720218553691	0.525636357235397	0.466929210041363	0.486628771967383	0.471186245349552	0.466806846523121	0.435125601711055	0.466806846523121	0.514720218553692	0.486628771967383	0.466929210041363	0.525636357235398
1	1.03128832805447	1.05654146035969	1.03128832805447	1.03153383046377	1.06476323108596	1.07580639118087	1.05530774836683	1.05287420205003	1.07597523487108	1.08740459781537	1.07597523487108	1.03153383046377	1.05530774836683	1.07580639118087	1.06476323108596	0.591068482838064	0.515248879703243	0.491617913251654	0.515248879703244	0.515303321062086	0.528503004635688	0.467479768554747	0.485837217472217	0.475939365318458	0.467458573693197	0.435637999691026	0.467458573693198	0.515303321062087	0.485837217472217	0.467479768554748	0.528503004635689
1	1.03135716823991	1.05608057336513	1.03135716823991	1.03152991612709	1.06520154292916	1.07591810073442	1.0551465919539	1.05361081195331	1.07604698789468	1.08749642586774	1.07604698789468	1.03152991612709	1.0551465919539	1.07591810073442	1.06520154292916	0.59140949713727	0.515431417978061	0.489419196658494	0.515431417978062	0.515484641842451	0.529645424413137	0.467669160231748	0.485154755704929	0.479066269157427	0.467679873818664	0.435817690148166	0.467679873818664	0.515484641842452	0.485154755704929	0.467669160231748	0.529645424413138
1	1.03139628887623	1.05571648217169	1.03139628887623	1.03151181485701	1.06537957521468	1.07596949915752	1.0550305086485	1.05409427982766	1.07605964825919	1.08752981266577	1.07605964825919	1.03151181485701	1.0550305086485	1.07596949915752	1.06537957521468	0.591534949296915	0.515495293889646	0.487795971679584	0.515495293889647	0.5155365641922	0.530100926087003	0.467735909883558	0.484752668291921	0.481071723584973	0.467752658543589	0.435880764431526	0.467752658543589	0.515536564192201	0.484752668291921	0.467735909883558	0.530100926087003
1	1.03141965747371	1.05545640649418	1.03141965747371	1.03149519984556	1.06545163218843	1.07599550056155	1.05496545648187	1.05440497654319	1.07605602838799	1.08754204310183	1.07605602838799	1.03149519984556	1.05496545648187	1.07599550056155	1.06545163218843	0.591581100571807	0.515519383431888	0.486678200157908	0.515519383431889	0.515548542756417	0.530283045615769	0.467760479035777	0.484545929203235	0.482344952672652	0.467775137873487	0.435902949121997	0.467775137873487	0.515548542756418	0.484545929203235	0.467760479035778	0.53028304561577
1	1.03143405835545	1.05527974195961	1.03143405835545	1.03148294110917	1.0654808023419	1.07600976976292	1.05493274936137	1.05460275131659	1.07604956796665	1.08754655816415	1.07604956796665	1.03148294110917	1.05493274936137	1.07600976976292	1.0654808023419	0.591598078679083	0.515529557497903	0.485934104536863	0.515529557497904	0.515549248500784	0.530356138540875	0.467770193969555	0.484446701568663	0.48315174301807	0.467781127013389	0.435910777673424	0.467781127013389	0.515549248500785	0.484446701568663	0.467770193969555	0.530356138540876
1	1.03144309767843	1.05516286202739	1.03144309767843	1.0314745683861	1.06549263341798	1.07601809074527	1.05491724921408	1.05472832738613	1.07604396432595	1.08754823938463	1.07604396432595	1.0314745683861	1.05491724921408	1.07601809074527	1.06549263341798	0.591604324577375	0.51553447112289	0.485447316616144	0.515534471122891	0.515547455309303	0.530385590582419	0.467774443760405	0.484400988376937	0.483663672750753	0.46778204843584	0.435913551778652	0.467782048435841	0.515547455309304	0.484400988376937	0.467774443760405	0.530385590582419
1	1.03144882950857	1.05508662666284	1.03144882950857	1.03146903824766	1.06549744372212	1.07602314141431	1.05491016717403	1.05480811371154	1.07603985586586	1.08754887124287	1.07603985586586	1.03146903824766	1.05491016717403	1.07602314141431	1.06549744372212	0.591606622315936	0.515537147279951	0.485131813361223	0.515537147279952	0.515545598470876	0.530397501593796	0.46777652968347	0.484380488984794	0.483989220728538	0.467781634117531	0.435914539770695	0.467781634117531	0.515545598470876	0.484380488984794	0.46777652968347	0.530397501593797
