1	1.02649312285712	1.04640672965956	1.02649312285712	1.0264931227865	1.04640672940425	1.06059231353844	1.04640672942756	1.04640672918358	1.0605923134638	1.07732956319993	1.0605923134638	1.0264931227865	1.04640672942756	1.06059231353844	1.04640672940425	0.450416801240715	0.364575564793287	0.323976712539399	0.364575564793287	0.364575564805803	0.323976712121182	0.314687076420066	0.323976712167405	0.323976711752994	0.314687076351485	0.298349869327201	0.314687076351485	0.364575564805804	0.323976712167405	0.314687076420066	0.323976712121184
1	1.0338276560548	1.05211326104711	1.0338276560548	1.03382765597118	1.0521132608554	1.07414342585901	1.0521132608702	1.05211326068211	1.07414342576602	1.08745298888387	1.07414342576602	1.03382765597118	1.0521132608702	1.07414342585901	1.0521132608554	0.488702626567402	0.38462165960433	0.323292261859135	0.384621659604332	0.384621659599356	0.323292261660209	0.326538758573391	0.323292261682515	0.323292261479084	0.326538758489245	0.299489304824025	0.326538758489246	0.384621659599357	0.323292261682515	0.326538758573392	0.323292261660211
1	1.03823940520262	1.05398249581285	1.03823940520262	1.03823940512917	1.05398249568843	1.08139321650352	1.0539824956968	1.05398249557268	1.08139321641581	1.09118682553245	1.08139321641581	1.03823940512917	1.0539824956968	1.08139321650352	1.05398249568843	0.511924153430842	0.395844067879531	0.323349598436193	0.395844067879533	0.395844067867928	0.323349598338328	0.333168280061136	0.323349598349209	0.32334959824685	0.333168279983239	0.300603466396454	0.333168279983239	0.395844067867929	0.323349598349209	0.333168280061136	0.32334959833833
1	1.04083054612005	1.05461174957193	1.04083054612005	1.04083054606288	1.05461174949502	1.0853224014021	1.0546117494995	1.05461174942193	1.08532240132912	1.09270053512668	1.08532240132912	1.04083054606288	1.0546117494995	1.0853224014021	1.05461174949502	0.526008721429785	0.402112013905576	0.323532612487567	0.402112013905577	0.402112013892592	0.323532612437971	0.336850805379083	0.323532612443318	0.323532612390663	0.336850805314808	0.301351402295153	0.336850805314808	0.402112013892594	0.323532612443318	0.336850805379084	0.323532612437973
1	1.04232616818717	1.05483512515649	1.04232616818717	1.04232616814501	1.05483512510938	1.08746769951928	1.05483512511171	1.05483512506388	1.0874676994624	1.09337346907413	1.0874676994624	1.04232616814501	1.05483512511171	1.08746769951928	1.05483512510938	0.534551443779594	0.405607418307361	0.323688084312228	0.405607418307362	0.405607418295616	0.323688084286412	0.338888774057305	0.323688084289052	0.323688084261391	0.338888774007469	0.301799343491134	0.338888774007469	0.405607418295618	0.323688084289052	0.338888774057306	0.323688084286414
1	1.04317908547205	1.05492136517959	1.04317908547205	1.04317908544179	1.05492136515049	1.08864378566807	1.05492136515168	1.05492136512204	1.0886437856254	1.093695642194	1.0886437856254	1.04317908544179	1.05492136515168	1.08864378566807	1.05492136515049	0.539732866782914	0.407554959215472	0.323794387602483	0.407554959215473	0.407554959205826	0.323794387588693	0.340014446581648	0.323794387589999	0.323794387575152	0.340014446544378	0.302055182125477	0.340014446544378	0.407554959205827	0.323794387589999	0.340014446581649	0.323794387588695
1	1.04366151609493	1.05495845659888	1.04366151609493	1.04366151607351	1.05495845658061	1.08928996907648	1.05495845658121	1.05495845656259	1.08928996904524	1.09385802679083	1.08928996904524	1.04366151607351	1.05495845658121	1.08928996907648	1.05495845658061	0.54287555866184	0.408639561653287	0.323861185874475	0.408639561653288	0.408639561645786	0.323861185866914	0.340635613084664	0.323861185867561	0.323861185859406	0.340635613057413	0.302198125722752	0.340635613057414	0.408639561645788	0.323861185867561	0.340635613084664	0.323861185866916
1	1.04393290093823	1.05497625587235	1.04393290093823	1.04393290092317	1.05497625586066	1.08964544375086	1.05497625586096	1.05497625584906	1.08964544372834	1.09394256371214	1.08964544372834	1.04393290092317	1.05497625586096	1.08964544375086	1.05497625586066	0.54478169766706	0.409243437739434	0.323901458346157	0.409243437739436	0.409243437733797	0.323901458341897	0.340978231697238	0.323901458342218	0.323901458337625	0.340978231677605	0.302277154970158	0.340978231677605	0.409243437733798	0.323901458342218	0.340978231697239	0.323901458341899
1	1.0440850126303	1.05498557650677	1.0440850126303	1.04408501261975	1.05498557649916	1.08984113582123	1.05498557649931	1.05498557649157	1.08984113580516	1.09398742834552	1.08984113580516	1.04408501261975	1.05498557649931	1.08984113582123	1.05498557649916	0.545937829414071	0.409579614877293	0.323925188611816	0.409579614877295	0.409579614873148	0.323925188609352	0.341167179389171	0.323925188609512	0.32392518860685	0.341167179375161	0.302320630671221	0.341167179375162	0.409579614873149	0.323925188609512	0.341167179389172	0.323925188609354
1	1.04417006843463	1.05499073940322	1.04417006843463	1.04417006842726	1.05499073939819	1.08994891455542	1.05499073939827	1.05499073939316	1.08994891454403	1.09401150723961	1.08994891454403	1.04417006842726	1.05499073939827	1.08994891455542	1.05499073939819	0.546639058728297	0.40976674978247	0.323938979755446	0.409766749782471	0.409766749779465	0.323938979753983	0.3412713786015	0.323938979754061	0.323938979752474	0.341271378591568	0.30234449527799	0.341271378591569	0.409766749779467	0.323938979754061	0.3412713786015	0.323938979753985
1	1.04421755442778	1.05499368670457	1.04421755442778	1.04421755442262	1.0549936867012	1.09000829283986	1.05499368670124	1.05499368669782	1.09000829283182	1.09402451624007	1.09000829283182	1.04421755442262	1.05499368670124	1.09000829283986	1.0549936867012	0.547064375783897	0.409870913744502	0.323946923332259	0.409870913744504	0.409870913742347	0.323946923331371	0.341328845013841	0.323946923331409	0.323946923330433	0.341328845006834	0.302357585018251	0.341328845006835	0.409870913742349	0.323946923331409	0.341328845013842	0.323946923331373
1	1.04424403819953	1.05499539171437	1.04424403819953	1.04424403819593	1.05499539171209	1.0900410135412	1.05499539171211	1.0549953917098	1.09004101353555	1.09403157317496	1.09004101353555	1.04424403819593	1.05499539171211	1.0900410135412	1.05499539171209	0.547322343729307	0.409928891367414	0.323951470604075	0.409928891367415	0.409928891365878	0.323951470603525	0.341360541490246	0.323951470603544	0.323951470602927	0.341360541485316	0.302364764512232	0.341360541485317	0.40992889136588	0.323951470603544	0.341360541490247	0.323951470603527
1	1.04425879869982	1.05499638188928	1.04425879869982	1.04425879869731	1.05499638188773	1.09005904838673	1.05499638188774	1.05499638188616	1.09005904838277	1.09403541147544	1.09005904838277	1.04425879869731	1.05499638188774	1.09005904838673	1.05499638188773	0.547478809170066	0.409961160096299	0.323954061991628	0.409961160096301	0.409961160095211	0.323954061991284	0.341378026178179	0.323954061991292	0.32395406199089	0.341378026174719	0.30236870366823	0.341378026174719	0.409961160095213	0.323954061991292	0.34137802617818	0.323954061991286
1	1.04426702164328	1.05499695647503	1.04426702164328	1.04426702164153	1.05499695647397	1.0900689907531	1.05499695647397	1.05499695647289	1.09006899075032	1.09403750307053	1.09006899075032	1.04426702164153	1.05499695647397	1.0900689907531	1.05499695647397	0.547573710131731	0.409979119024763	0.323955533679903	0.409979119024764	0.409979119023995	0.323955533679689	0.341387672393883	0.323955533679692	0.323955533679422	0.341387672391457	0.302370866070842	0.341387672391458	0.409979119023996	0.323955533679692	0.341387672393883	0.323955533679691
1	1.04427160139621	1.05499728881728	1.04427160139621	1.04427160139499	1.05499728881655	1.09007447403982	1.05499728881656	1.05499728881581	1.09007447403788	1.09403864436421	1.09007447403788	1.04427160139499	1.05499728881656	1.09007447403982	1.05499728881655	0.54763126986141	0.4099891130077	0.323956367264054	0.409989113007702	0.40998911300716	0.323956367263921	0.341392994166346	0.323956367263922	0.323956367263735	0.341392994164647	0.302372053868389	0.341392994164648	0.409989113007161	0.323956367263921	0.341392994166347	0.323956367263923
1	1.04427415110998	1.05499748060852	1.04427415110998	1.04427415110913	1.05499748060802	1.09007749645544	1.05499748060802	1.05499748060751	1.09007749645409	1.09403926810817	1.09007749645409	1.04427415110913	1.05499748060802	1.09007749645544	1.05499748060802	0.547666181935992	0.409994674876738	0.323956838182923	0.409994674876739	0.409994674876358	0.323956838182845	0.341395931639292	0.323956838182844	0.32395683818271	0.341395931638104	0.302372706651853	0.341395931638104	0.409994674876359	0.323956838182844	0.341395931639292	0.323956838182847
1	1.04427557048727	1.05499759082678	1.04427557048727	1.04427557048668	1.05499759082644	1.0900791631041	1.05499759082644	1.05499759082608	1.09007916310315	1.09403960932223	1.09007916310315	1.04427557048668	1.05499759082644	1.0900791631041	1.05499759082644	0.547687357382062	0.409997770011238	0.323957103734132	0.409997770011239	0.40999777001097	0.323957103734087	0.341397553187243	0.323957103734085	0.32395710373399	0.34139755318641	0.302373065643042	0.341397553186411	0.409997770010971	0.323957103734085	0.341397553187243	0.323957103734089
1	1.04427636056205	1.0549976539307	1.04427636056205	1.04427636056164	1.05499765393047	1.0900800824121	1.05499765393046	1.05499765393021	1.09008008241144	1.09403979615236	1.09008008241144	1.04427636056164	1.05499765393046	1.0900800824121	1.05499765393046	0.547700201062125	0.409999492336461	0.323957253239863	0.409999492336462	0.409999492336272	0.323957253239842	0.341398448414095	0.32395725323984	0.323957253239768	0.341398448413512	0.302373263189567	0.341398448413512	0.409999492336274	0.32395725323984	0.341398448414096	0.323957253239844
1	1.04427680031315	1.05499768994092	1.04427680031315	1.04427680031287	1.05499768994076	1.09008058960959	1.05499768994076	1.05499768994058	1.09008058960913	1.09403989854062	1.09008058960912	1.04427680031287	1.05499768994076	1.09008058960959	1.05499768994076	0.547707991222343	0.410000450694893	0.323957337294142	0.410000450694894	0.41000045069476	0.323957337294137	0.341398942711494	0.323957337294134	0.323957337294079	0.341398942711085	0.302373371960033	0.341398942711086	0.410000450694761	0.323957337294134	0.341398942711495	0.323957337294138
1	1.04427704505994	1.05499771043055	1.04427704505994	1.04427704505974	1.05499771043044	1.09008086949232	1.05499771043044	1.05499771043032	1.090080869492	1.09403995469959	1.090080869492	1.04427704505974	1.05499771043044	1.09008086949232	1.05499771043044	0.547712716238531	0.410000983929458	0.323957384492422	0.410000983929459	0.410000983929364	0.323957384492428	0.341399215670554	0.323957384492425	0.323957384492381	0.341399215670266	0.302373431883187	0.341399215670267	0.410000983929366	0.323957384492425	0.341399215670555	0.32395738449243
1	1.04427718126724	1.05499772205932	1.04427718126724	1.0442771812671	1.05499772205925	1.09008102396392	1.05499772205925	1.05499772205917	1.09008102396369	1.09403998552693	1.09008102396369	1.0442771812671	1.05499772205925	1.09008102396392	1.05499772205925	0.547715582133115	0.410001280608263	0.323957410966346	0.410001280608264	0.410001280608196	0.323957410966358	0.341399366421947	0.323957410966356	0.323957410966319	0.341399366421744	0.302373464913075	0.341399366421744	0.410001280608197	0.323957410966356	0.341399366421947	0.32395741096636
1	1.04427725706536	1.05499772864438	1.04427725706536	1.04427725706527	1.05499772864434	1.09008110923246	1.05499772864434	1.05499772864427	1.0900811092323	1.09404000246186	1.0900811092323	1.04427725706527	1.05499772864434	1.09008110923246	1.05499772864434	0.547717320402666	0.410001445664929	0.323957425801407	0.41000144566493	0.410001445664881	0.323957425801423	0.341399449690248	0.323957425801421	0.32395742580139	0.341399449690104	0.302373483128347	0.341399449690105	0.410001445664882	0.323957425801421	0.341399449690248	0.323957425801425
1	1.04427729924397	1.05499773236596	1.04427729924397	1.0442772992439	1.05499773236593	1.09008115630774	1.05499773236593	1.05499773236589	1.09008115630764	1.09404001177174	1.09008115630763	1.0442772992439	1.05499773236593	1.09008115630774	1.05499773236593	0.547718374726523	0.410001537489387	0.323957434107277	0.410001537489388	0.410001537489352	0.323957434107298	0.341399495689642	0.323957434107295	0.323957434107267	0.34139949568954	0.302373493178389	0.34139949568954	0.410001537489354	0.323957434107295	0.341399495689643	0.3239574341073
1	1.04427732271339	1.05499773446557	1.04427732271339	1.04427732271335	1.05499773446555	1.09008118230087	1.05499773446555	1.05499773446552	1.0900811823008	1.0940400168933	1.0900811823008	1.04427732271335	1.05499773446555	1.09008118230087	1.05499773446555	0.547719014212382	0.410001588570798	0.323957438753992	0.410001588570799	0.410001588570773	0.323957438754016	0.341399521103924	0.323957438754013	0.323957438753987	0.341399521103851	0.30237349872582	0.341399521103852	0.410001588570774	0.323957438754013	0.341399521103925	0.323957438754018
1	1.0442773357718	1.05499773564828	1.04427733577179	1.04427733577177	1.05499773564828	1.09008119665522	1.05499773564827	1.05499773564825	1.09008119665517	1.09404001971258	1.09008119665517	1.04427733577177	1.05499773564827	1.09008119665522	1.05499773564828	0.547719402083869	0.410001616985759	0.3239574413518	0.410001616985761	0.410001616985741	0.323957441351825	0.341399535146799	0.323957441351822	0.323957441351799	0.341399535146747	0.302373501789169	0.341399535146747	0.410001616985742	0.323957441351822	0.3413995351468	0.323957441351827
