1	1.00613949186085	1.0102575036676	1.00613949186085	1.00650455599688	1.01030333245979	1.01350794166424	1.01030333245979	1.00981292326215	1.01361371588721	1.01582620062278	1.0136137158872	1.00650455599688	1.01030333245979	1.01350794166424	1.01030333245979	0.259998426597033	0.195473467217609	0.176893935934699	0.195473467217609	0.193481692323769	0.173506095434735	0.162123734737998	0.173506095434735	0.16533502276429	0.160547956360093	0.149826702177356	0.160547956360093	0.19348169232377	0.173506095434735	0.162123734737998	0.173506095434736
1	1.00770808610576	1.01254993972178	1.00770808610576	1.00814710502007	1.01254450372924	1.01616696946574	1.01254450372924	1.01181067159539	1.01625924206697	1.01860236605407	1.01625924206697	1.00814710502007	1.01254450372924	1.01616696946574	1.01254450372924	0.282119891931088	0.203601815415117	0.182111829183985	0.203601815415118	0.201264797345751	0.178215687127755	0.165351022379492	0.178215687127755	0.168944101162084	0.163590034002958	0.151710420827886	0.163590034002958	0.201264797345752	0.178215687127755	0.165351022379493	0.178215687127756
1	1.0085737689984	1.01370276642166	1.0085737689984	1.00904630262666	1.01365082896673	1.01739528720657	1.01365082896673	1.01275276607008	1.01747105545806	1.01979081982432	1.01747105545806	1.00904630262666	1.01365082896673	1.01739528720657	1.01365082896673	0.295537238867611	0.207524542219438	0.184440501390835	0.207524542219439	0.204990063253155	0.18028141696631	0.166706451558879	0.18028141696631	0.17046214550488	0.164860147085202	0.152474741232566	0.164860147085203	0.204990063253156	0.18028141696631	0.16670645155888	0.180281416966311
1	1.00903378941816	1.01426571827879	1.00903378941816	1.00952053644898	1.01418198591897	1.01795176936402	1.01418198591897	1.01318664953124	1.0180161095276	1.02029500048465	1.0180161095276	1.00952053644898	1.01418198591897	1.01795176936402	1.01418198591897	0.303675271157368	0.209418830515298	0.185482852702894	0.209418830515299	0.206774505188038	0.181190361136695	0.167278543867478	0.181190361136695	0.171103588416838	0.165393406576129	0.152786820735261	0.165393406576129	0.206774505188039	0.181190361136695	0.167278543867478	0.181190361136696
1	1.00927187700603	1.01453499929824	1.00927187700603	1.0097641938653	1.01443201986548	1.0182003979682	1.01443201986548	1.01338311180103	1.01825809963922	1.02050753565806	1.01825809963922	1.0097641938653	1.01443201986548	1.0182003979682	1.01443201986548	0.308611237221421	0.210334164099723	0.185950598016731	0.210334164099724	0.207629939883219	0.181591373638045	0.167520969686797	0.181591373638046	0.171375664334615	0.165618302366944	0.152914808418717	0.165618302366944	0.20762993988322	0.181591373638046	0.167520969686797	0.181591373638047
1	1.00939284814874	1.01466193506418	1.00939284814874	1.00988710809475	1.01454807086801	1.01831036710853	1.01454807086801	1.01347098210772	1.01836453418654	1.02059671301097	1.01836453418654	1.00988710809475	1.01454807086801	1.01831036710853	1.01454807086801	0.311605051915495	0.210776720199971	0.186160927810157	0.210776720199972	0.208040316104791	0.181768680626247	0.16762401482799	0.181768680626247	0.171491434614239	0.165713485229567	0.152967456761418	0.165713485229568	0.208040316104792	0.181768680626247	0.16762401482799	0.181768680626248
1	1.00945351792379	1.01472114612261	1.00945351792379	1.00994831360513	1.01460138675968	1.0183586454159	1.01460138675967	1.01350992958844	1.01841102657818	1.0206339975234	1.01841102657818	1.00994831360513	1.01460138675968	1.0183586454159	1.01460138675968	0.313420892358508	0.210990801452163	0.186255663942403	0.210990801452164	0.208237306530402	0.181847213722014	0.167667916493554	0.181847213722014	0.171540824679345	0.165753880684773	0.152989157493871	0.165753880684774	0.208237306530403	0.181847213722014	0.167667916493554	0.181847213722015
1	1.00948366440824	1.0147485561448	1.00948366440824	1.00997851013013	1.01462569748195	1.01837972132977	1.01462569748195	1.0135270768487	1.01843123145438	1.02064954117845	1.01843123145438	1.00997851013013	1.01462569748195	1.01837972132977	1.01462569748195	0.314522255253885	0.211094404267285	0.18629839136981	0.211094404267286	0.208331914713806	0.181882045611067	0.167686651900773	0.181882045611067	0.171561941062428	0.16577106098448	0.152998113380859	0.165771060984481	0.208331914713807	0.181882045611067	0.167686651900773	0.181882045611068
1	1.00949854465664	1.01476117392745	1.00949854465664	1.00999330900399	1.01463672064392	1.01838888205522	1.01463672064392	1.01353458812129	1.01843997821024	1.02065600543794	1.01843997821024	1.00999330900399	1.01463672064392	1.01838888205522	1.01463672064392	0.315190265594582	0.211144558891362	0.186317682323566	0.211144558891363	0.208377370582132	0.181897511184085	0.167694656650035	0.181897511184086	0.171570985415095	0.165778379789741	0.153001811980255	0.165778379789741	0.208377370582133	0.181897511184086	0.167694656650036	0.181897511184086
1	1.0095058542601	1.01476695825872	1.0095058542601	1.01000052676546	1.0146416978091	1.01839285008875	1.0146416978091	1.01353786582303	1.01844375345375	1.02065868792917	1.01844375345375	1.01000052676546	1.0146416978091	1.01839285008875	1.0146416978091	0.315595434328363	0.211168845449375	0.186326399182466	0.211168845449376	0.208399217610254	0.181904383647406	0.167698079195117	0.181904383647407	0.171574865015706	0.165781501519119	0.153003339770525	0.165781501519119	0.208399217610255	0.181904383647407	0.167698079195118	0.181904383647407
1	1.00950943241543	1.01476960175095	1.00950943241543	1.01000403467857	1.01464393790128	1.01839456406144	1.01464393790128	1.01353929197231	1.01844537914667	1.02065979882477	1.01844537914667	1.01000403467857	1.01464393790128	1.01839456406144	1.01464393790128	0.315841181693742	0.21118060830838	0.186330340594298	0.21118060830838	0.208409720479171	0.18190743950607	0.167699543111706	0.18190743950607	0.171576531312715	0.165782834338308	0.153003970767371	0.165782834338308	0.208409720479172	0.18190743950607	0.167699543111706	0.181907439506071
1	1.00951117949979	1.01477080702963	1.00951117949979	1.01000573517237	1.01464494361701	1.01839530264648	1.01464494361701	1.01353991112162	1.01844607790583	1.02066025793769	1.01844607790583	1.01000573517237	1.01464494361701	1.01839530264648	1.01464494361701	0.315990235008643	0.211186306384084	0.186332123642158	0.211186306384085	0.208414770688316	0.181908798926552	0.167700169310681	0.181908798926553	0.171577247769772	0.165783403799329	0.153004231255308	0.165783403799329	0.208414770688317	0.181908798926553	0.167700169310682	0.181908798926554
1	1.00951203093908	1.01477135559407	1.00951203093908	1.01000655794146	1.01464539427743	1.01839562025745	1.01464539427743	1.01354017946623	1.01844637779792	1.02066044728057	1.01844637779792	1.01000655794146	1.01464539427743	1.01839562025745	1.01464539427743	0.316080640366828	0.21118906693794	0.186332930591717	0.211189066937941	0.208417199411942	0.181909403877165	0.167700437119551	0.181909403877166	0.171577556119648	0.165783647244341	0.15300433870888	0.165783647244341	0.208417199411943	0.181909403877166	0.167700437119551	0.181909403877166
1	1.00951244531304	1.0147716049267	1.00951244531304	1.01000695547403	1.01464559591173	1.0183957565797	1.01464559591173	1.01354029562024	1.01844650634399	1.02066052518999	1.01844650634399	1.01000695547403	1.01464559591173	1.0183957565797	1.01464559591173	0.316135473890542	0.21119040446635	0.1863332959024	0.211190404466351	0.20841836756001	0.181909673145826	0.167700551605381	0.181909673145827	0.171577688941602	0.165783751362492	0.153004382989381	0.165783751362492	0.208418367560011	0.181909673145827	0.167700551605382	0.181909673145827
1	1.00951264676646	1.01477171812881	1.00951264676646	1.01000714734275	1.0146456860118	1.01839581497932	1.0146456860118	1.01354034584523	1.01844656137931	1.02066055716065	1.01844656137931	1.01000714734275	1.0146456860118	1.01839581497932	1.0146456860118	0.316168731832933	0.211191052536376	0.186333461309932	0.211191052536377	0.208418929434317	0.181909793009995	0.167700600513464	0.181909793009996	0.171577746196583	0.165783795905896	0.153004401215455	0.165783795905896	0.208418929434318	0.181909793009996	0.167700600513465	0.181909793009996
1	1.00951274464558	1.01477176949843	1.00951274464558	1.0100072398916	1.0146457262483	1.01839583996921	1.0146457262483	1.0135403675594	1.01844658493544	1.0206605702595	1.01844658493544	1.0100072398916	1.0146457262483	1.01839583996921	1.0146457262483	0.316188903987522	0.211191366623602	0.18633353624336	0.211191366623603	0.208419199771301	0.181909846391053	0.167700621395011	0.181909846391054	0.171577770905414	0.165783814973257	0.153004408701497	0.165783814973258	0.208419199771302	0.181909846391054	0.167700621395011	0.181909846391054
1	1.00951279217575	1.01477179279501	1.00951279217575	1.01000728450849	1.01464574420278	1.01839585064346	1.01464574420278	1.0135403769428	1.01844659500944	1.02066057560865	1.01844659500944	1.01000728450849	1.01464574420278	1.01839585064346	1.01464574420278	0.316201139134723	0.211191518853154	0.186333570195053	0.211191518853155	0.208419329848169	0.181909870165058	0.167700630300995	0.181909870165058	0.171577781576554	0.165783823137316	0.153004411770378	0.165783823137316	0.20841932984817	0.181909870165058	0.167700630300995	0.181909870165059
1	1.00951281524713	1.01477180335507	1.00951281524713	1.01000730600913	1.01464575220916	1.01839585519429	1.01464575220916	1.01354038099645	1.01844659931435	1.02066057778479	1.01844659931435	1.01000730600913	1.01464575220916	1.01839585519429	1.01464575220916	0.316208560197574	0.21119159263745	0.186333585580083	0.211191592637451	0.208419392440044	0.181909880753104	0.16770063409449	0.181909880753104	0.17157778618854	0.165783826633707	0.153004413025532	0.165783826633707	0.208419392440045	0.181909880753104	0.167700634094491	0.181909880753105
1	1.00951282644272	1.01477180813993	1.00951282644272	1.01000731636705	1.01464575577737	1.01839585713053	1.01464575577737	1.01354038274734	1.01844660115259	1.02066057866615	1.0184466011526	1.01000731636705	1.01464575577737	1.01839585713053	1.01464575577737	0.316213061342752	0.21119162840112	0.186333592552359	0.211191628401121	0.20841942256006	0.181909885468427	0.167700635707839	0.181909885468428	0.171577788183293	0.165783828131424	0.153004413537445	0.165783828131424	0.208419422560061	0.181909885468428	0.167700635707839	0.181909885468428
1	1.00951283187427	1.01477181030729	1.00951283187427	1.01000732135586	1.01464575736681	1.01839585795251	1.01464575736681	1.01354038350357	1.01844660193699	1.02066057902121	1.01844660193699	1.01000732135587	1.01464575736681	1.01839585795251	1.01464575736681	0.316215791451407	0.211191645736403	0.186333595712312	0.211191645736404	0.20841943705474	0.181909887568213	0.167700636392741	0.181909887568213	0.171577789046718	0.165783828773135	0.153004413745526	0.165783828773135	0.208419437054741	0.181909887568213	0.167700636392741	0.181909887568214
1	1.00951283450895	1.01477181128874	1.00951283450896	1.0100073237583	1.01464575807448	1.01839585830059	1.01464575807448	1.01354038383021	1.01844660227145	1.02066057916332	1.01844660227145	1.0100073237583	1.01464575807448	1.01839585830058	1.01464575807448	0.316217447361842	0.211191654139293	0.186333597144528	0.211191654139294	0.208419444030249	0.181909888503175	0.16770063668288	0.181909888503175	0.171577789420754	0.165783829048151	0.153004413829763	0.165783829048151	0.20841944403025	0.181909888503175	0.16770063668288	0.181909888503176
1	1.0095128357868	1.01477181173307	1.0095128357868	1.01000732491508	1.01464575838943	1.01839585844756	1.01464575838942	1.01354038397132	1.01844660241395	1.02066057921975	1.01844660241395	1.01000732491508	1.01464575838942	1.01839585844756	1.01464575838943	0.316218451731892	0.211191658212474	0.186333597793688	0.211191658212475	0.208419447387277	0.181909888919427	0.167700636805483	0.181909888919427	0.171577789582924	0.165783829166048	0.153004413863698	0.165783829166048	0.208419447387278	0.181909888919427	0.167700636805483	0.181909888919428
1	1.00951283640651	1.01477181193418	1.00951283640651	1.01000732547203	1.01464575852953	1.01839585850942	1.01464575852953	1.0135403840323	1.01844660247463	1.02066057924194	1.01844660247463	1.01000732547203	1.01464575852953	1.01839585850942	1.01464575852953	0.316219060918945	0.211191660186919	0.186333598087929	0.21119166018692	0.208419449002915	0.181909889104716	0.167700636857139	0.181909889104716	0.171577789653301	0.165783829216606	0.153004413877286	0.165783829216606	0.208419449002916	0.181909889104716	0.167700636857139	0.181909889104717
1	1.00951283670702	1.01477181202519	1.00951283670702	1.01000732574016	1.01464575859182	1.01839585853536	1.01464575859182	1.01354038405865	1.01844660250044	1.02066057925055	1.01844660250044	1.01000732574016	1.01464575859182	1.01839585853536	1.01464575859182	0.316219430413103	0.211191661144028	0.1863335982213	0.211191661144029	0.20841944978049	0.181909889187181	0.167700636878829	0.181909889187181	0.171577789683871	0.165783829238295	0.153004413882688	0.165783829238296	0.208419449780491	0.181909889187181	0.167700636878829	0.181909889187182
