1	1.00472885771015	1.00871366359848	1.00472885771015	1.00472885770386	1.0087136635933	1.01259759263916	1.00871366359331	1.00871366358818	1.01259759263402	1.01625129782031	1.01259759263402	1.00472885770386	1.00871366359331	1.01259759263916	1.0087136635933	0.32232386214861	0.26982283332292	0.256925385876835	0.26982283332292	0.269822833304825	0.2569253858792	0.251425180184488	0.256925385879232	0.25692538588237	0.251425180184117	0.246615198798861	0.251425180184117	0.269822833304826	0.256925385879232	0.251425180184488	0.256925385879201
1	1.01484201115655	1.02507823680375	1.01484201115655	1.0148420111543	1.02507823680267	1.03726797594021	1.02507823680267	1.02507823680165	1.03726797593885	1.0458482958259	1.03726797593885	1.0148420111543	1.02507823680267	1.03726797594021	1.02507823680267	0.440900184352429	0.377090299274219	0.342679882076596	0.377090299274219	0.377090299267051	0.342679882077083	0.343514711946766	0.342679882077094	0.342679882077812	0.343514711945879	0.328146202085219	0.34351471194588	0.377090299267052	0.342679882077094	0.343514711946766	0.342679882077084
1	1.0207740751687	1.03303969492797	1.0207740751687	1.02077407516535	1.03303969492573	1.05076514740027	1.03303969492573	1.03303969492352	1.05076514739735	1.0599459111331	1.05076514739735	1.02077407516535	1.03303969492573	1.05076514740027	1.03303969492573	0.484521975443354	0.418788646358925	0.370689209342476	0.418788646358925	0.418788646355936	0.370689209342475	0.378894574032365	0.370689209342478	0.370689209342525	0.37889457402947	0.354809067083115	0.378894574029471	0.418788646355937	0.370689209342478	0.378894574032365	0.370689209342477
1	1.0231681824017	1.04017469515073	1.0231681824017	1.02316818240029	1.04017469514296	1.05599389720038	1.04017469514295	1.04017469513525	1.05599389719901	1.07005973179383	1.05599389719901	1.02316818240029	1.04017469514294	1.05599389720038	1.04017469514296	0.500569535677752	0.433829863919089	0.41520785762856	0.43382986391909	0.433829863917444	0.4152078575765	0.391845815353854	0.415207857576375	0.415207857524823	0.391845815352727	0.386683272868786	0.391845815352727	0.433829863917445	0.415207857576375	0.391845815353854	0.415207857576501
1	1.02394400732704	1.04473259541694	1.02394400732704	1.02394400732322	1.04473259540294	1.05762795224569	1.04473259540292	1.04473259538898	1.05762795224169	1.07596012727185	1.05762795224169	1.02394400732322	1.04473259540292	1.05762795224569	1.04473259540294	0.506473103155836	0.438355045260644	0.430669431928647	0.438355045260645	0.438355045260085	0.43066943187502	0.395615277695483	0.430669431874954	0.430669431821588	0.39561527769059	0.398255294483576	0.39561527769059	0.438355045260085	0.430669431874954	0.395615277695484	0.430669431875021
1	1.02417533204535	1.0465881170605	1.02417533204535	1.024175332042	1.04658811704727	1.05809250313785	1.04658811704726	1.04658811703407	1.05809250313375	1.07839050556812	1.05809250313375	1.024175332042	1.04658811704726	1.05809250313785	1.04658811704727	0.508644904270743	0.439746449989225	0.435940920721777	0.439746449989226	0.439746449989139	0.435940920676407	0.396751674302165	0.435940920676375	0.435940920631124	0.39675167429663	0.40244235493553	0.39675167429663	0.43974644998914	0.435940920676375	0.396751674302166	0.435940920676407
1	1.02424326633726	1.04725893926306	1.02424326633726	1.02424326633459	1.04725893925203	1.05822293312767	1.04725893925202	1.04725893924101	1.05822293312411	1.07931115766832	1.05822293312411	1.02424326633459	1.04725893925202	1.05822293312767	1.04725893925203	0.509443865254152	0.440176343320815	0.437723508505819	0.440176343320816	0.44017634332089	0.437723508469035	0.397096965836928	0.437723508469019	0.43772350843228	0.397096965831928	0.40395434528375	0.397096965831928	0.440176343320891	0.437723508469019	0.397096965836928	0.437723508469035
1	1.0242630418963	1.04749126281393	1.0242630418963	1.0242630418942	1.04749126280507	1.05825913853307	1.04749126280507	1.04749126279621	1.05825913853013	1.07965093001105	1.05825913853013	1.0242630418942	1.04749126280507	1.05825913853307	1.04749126280507	0.509737786560524	0.440308426551455	0.438324638298109	0.440308426551456	0.440308426551566	0.438324638268924	0.397200974399207	0.438324638268918	0.438324638239749	0.397200974395024	0.404500493872046	0.397200974395024	0.440308426551566	0.438324638268918	0.397200974399207	0.438324638268925
1	1.02426869552185	1.04757039614123	1.02426869552185	1.02426869552019	1.04757039613421	1.05826886084809	1.04757039613421	1.0475703961272	1.05826886084573	1.07977530173275	1.05826886084573	1.02426869552019	1.04757039613421	1.0582688608481	1.04757039613421	0.509845914193861	0.440348524420205	0.438527206947814	0.440348524420206	0.440348524420306	0.43852720692484	0.397231703006103	0.438527206924837	0.438527206901864	0.397231703002718	0.404698029556348	0.397231703002718	0.440348524420307	0.438527206924837	0.397231703006104	0.43852720692484
1	1.02427025844204	1.04759717798983	1.02427025844204	1.02427025844074	1.04759717798431	1.05827129206989	1.04759717798431	1.04759717797879	1.05827129206801	1.0798207351049	1.05827129206801	1.02427025844074	1.04759717798431	1.05827129206989	1.04759717798431	0.509885692110568	0.440360483971962	0.438595466522882	0.440360483971963	0.440360483972046	0.438595466504845	0.39724051220724	0.438595466504844	0.438595466486801	0.397240512204543	0.404769595746247	0.397240512204543	0.440360483972047	0.438595466504844	0.397240512207241	0.438595466504846
