1	1.00762795096163	1.01439337265726	1.00762795096163	1.00760067198333	1.01418634595465	1.01968861045425	1.01377676931565	1.01396004825009	1.01987704836542	1.02504242655114	1.01987704836542	1.00760067198333	1.01377676931565	1.01968861045425	1.01418634595465	0.399784930082732	0.353741009159939	0.341868950002506	0.35374100915994	0.350981591716514	0.337929307883495	0.32307449986847	0.332001421207126	0.333719875931165	0.324326618742266	0.314034471430841	0.324326618742267	0.350981591716515	0.332001421207126	0.323074499868471	0.337929307883496
1	1.02326911261944	1.0431484638263	1.02326911261944	1.02281600874984	1.04245951676104	1.05828195473609	1.04162058971983	1.04173150814172	1.0581873695791	1.08477266187178	1.0581873695791	1.02281600874984	1.04162058971983	1.05828195473609	1.04245951676104	0.546857586641272	0.490001696560545	0.472568710189728	0.490001696560546	0.488723728285444	0.47098649531254	0.45076765275881	0.467104656041152	0.469166579666009	0.451013846342997	0.483669470419494	0.451013846342997	0.488723728285445	0.467104656041152	0.45076765275881	0.470986495312541
1	1.02916654971588	1.05428364195636	1.02916654971588	1.0290275408678	1.05403079397798	1.07357757202024	1.05348367104953	1.05373586048097	1.07358511375423	1.1182394954841	1.07358511375423	1.0290275408678	1.05348367104953	1.07357757202023	1.05403079397797	0.600962593351026	0.535165540625606	0.519919725294376	0.535165540625607	0.534662006283535	0.519331456472465	0.496359070521511	0.517459711137657	0.518555182485945	0.496424293749071	0.558650595282591	0.496424293749072	0.534662006283536	0.517459711137657	0.496359070521511	0.519331456472466
1	1.03074957126883	1.05759502415987	1.03074957126883	1.03070650153014	1.05750906221079	1.07811262531825	1.05724360614235	1.05739435086711	1.078121532579	1.13170654124112	1.078121532579	1.03070650153014	1.05724360614235	1.07811262531825	1.05750906221078	0.620866712965338	0.549952464279298	0.53626607497351	0.549952464279299	0.549768339094004	0.536062738278136	0.512450920077187	0.5352588752565	0.535752507204079	0.512468403270283	0.587503445783945	0.512468403270283	0.549768339094005	0.5352588752565	0.512450920077187	0.536062738278137
1	1.03122517899156	1.05869077003205	1.03122517899156	1.03121115481431	1.05866227011053	1.07970205332764	1.05854682607824	1.05861787899216	1.07970572309325	1.13680746154992	1.07970572309325	1.03121115481431	1.05854682607824	1.07970205332764	1.05866227011053	0.628189029352365	0.555081547907844	0.541999951175644	0.555081547907845	0.55501565233932	0.541932411311369	0.518451474579881	0.541601299700369	0.541811313072662	0.51845591910124	0.597543794371826	0.51845591910124	0.555015652339321	0.541601299700369	0.518451474579881	0.54193241131137
1	1.03139410732076	1.059091577044	1.03139410732076	1.03138935810453	1.05908232352606	1.08035026462762	1.05903433785362	1.05906513819197	1.08035145615615	1.13860280614444	1.08035145615615	1.03138935810453	1.05903433785362	1.08035026462762	1.05908232352606	0.630882758975424	0.556934874333891	0.544059428042192	0.556934874333892	0.556911451743628	0.544037759187898	0.520782935903439	0.543903346353857	0.543990730624049	0.520783884803312	0.600875783623432	0.520783884803312	0.556911451743629	0.543903346353857	0.52078293590344	0.544037759187899
1	1.03145817665327	1.05924151637976	1.03145817665327	1.03145653035145	1.05923859795167	1.08062531956562	1.05921902532481	1.05923192670487	1.08062564996467	1.13919121922416	1.08062564996467	1.03145653035145	1.05921902532481	1.08062531956562	1.05923859795166	0.631873726698806	0.55761945789039	0.544809361137988	0.557619457890391	0.557611150477583	0.544802708713557	0.521706599036174	0.544748425186682	0.544784417106545	0.521706692912209	0.601957383915264	0.521706692912209	0.557611150477584	0.544748425186682	0.521706599036175	0.544802708713559
1	1.03148296460911	1.05929761898225	1.03148296460911	1.03148238693915	1.05929673988229	1.08074232718398	1.05928881804705	1.05929413983466	1.08074239998034	1.13937375781585	1.08074239998034	1.03148238693915	1.05928881804705	1.08074232718398	1.05929673988229	0.632238283448677	0.557875945169801	0.545084812135586	0.557875945169801	0.557873000286152	0.545082905348038	0.52207630772595	0.545061022897295	0.545075763463473	0.522076244179256	0.602303572061667	0.522076244179256	0.557873000286153	0.545061022897295	0.52207630772595	0.545082905348039
1	1.03149264464249	1.0593185882766	1.03149264464249	1.03149244069965	1.05931834358759	1.08079191853097	1.05931514725166	1.05931732566144	1.08079192532164	1.13942758413972	1.08079192532164	1.03149244069965	1.05931514725166	1.08079191853097	1.05931834358759	0.632372396365026	0.557973154306413	0.545186695705117	0.557973154306414	0.557972110247028	0.545186215053311	0.522225325372185	0.545177399750397	0.545183413862063	0.522225263782577	0.602412849062089	0.522225263782578	0.557972110247028	0.545177399750397	0.522225325372185	0.545186215053311
1	1.03149646148647	1.05932644501633	1.03149646148646	1.03149636990276	1.05932636990248	1.08081286714758	1.05932508181184	1.0593259524077	1.08081284133341	1.13944245071336	1.08081284133341	1.03149636990276	1.05932508181184	1.08081286714758	1.05932636990248	0.632421733794072	0.558010388447435	0.545224626796169	0.558010388447436	0.558010008576167	0.54522454260308	0.522285734212075	0.54522099221589	0.545223441319747	0.522285673788475	0.602446749105683	0.522285673788475	0.558010008576168	0.545220992215889	0.522285734212075	0.545224542603081
