1	1.12995704928539	1.16386156663574	1.11013662380751	1.08017080083124	1.14206224514194	1.23877603611948	1.14497857116101	1.11724506940626	1.19208106146467	1.39608670732995	1.20191337800786	1.08017080083124	1.14206224514198	1.23877603611948	1.14497857116097	0.89442	0.853144650227553	0.692360388748322	0.803601748040931	0.709166740819407	0.659958806638077	0.706399182850669	0.664517441130839	0.611802894573632	0.64163344722007	0.822502548299183	0.652727339086688	0.709166740819408	0.659958806638266	0.706399182850669	0.66451744113065
1	1.12664039430906	1.1642845304555	1.11362083546767	1.07995777029378	1.14264281319489	1.23889676164922	1.14442555279857	1.11692081814804	1.19379454831573	1.39593646712252	1.19964919640511	1.07995777029378	1.14264281319493	1.23889676164922	1.14442555279852	0.89442	0.842020853349049	0.692459878054184	0.8145630168417	0.709235872108082	0.66119475498917	0.706108316802679	0.663483636626579	0.611776195879319	0.644180628130893	0.822138904205567	0.64965916423242	0.709235872108083	0.661194754989282	0.70610831680268	0.663483636626468
1	1.12421940235098	1.16461550830753	1.11633027287056	1.07981388305874	1.14307392093004	1.23889564077293	1.14407373751052	1.11668780840049	1.19487764936025	1.39570146734668	1.19808437392507	1.07981388305874	1.14307392093008	1.23889564077293	1.14407373751049	0.89442	0.836064283007059	0.692595648283016	0.820814977773212	0.709305600970615	0.66187089480322	0.705827422996292	0.663034624944074	0.611744400600823	0.645298851926396	0.821807796388044	0.648050110315395	0.709305600970617	0.661870894803288	0.705827422996293	0.663034624944008
1	1.12270092213349	1.16483186060676	1.11810210024498	1.07974025877884	1.14335040355237	1.23883381564772	1.14388945689315	1.11655569159175	1.19545768839175	1.39549107258392	1.19715236925577	1.07974025877884	1.1433504035524	1.23883381564772	1.14388945689312	0.89442	0.832843774677622	0.692726954550258	0.824365415640177	0.709361786690078	0.662252146309023	0.705610587830763	0.662848053186304	0.611719649459731	0.645787011628734	0.821571783685065	0.647180986787332	0.70936178669008	0.662252146309063	0.705610587830763	0.662848053186266
1	1.12180880559017	1.16497175917052	1.11918182651424	1.07970638153522	1.14351877632377	1.23876093949203	1.14380371176189	1.11648486552473	1.19574179055417	1.39533514255802	1.19662256743521	1.07970638153522	1.14351877632379	1.23876093949203	1.14380371176187	0.89442	0.831094966832144	0.692838976694032	0.826378319266647	0.709404279937978	0.662473727653958	0.705454033822948	0.662780094879452	0.611704169385467	0.645992071834676	0.821416049418311	0.646701615467859	0.70940427993798	0.662473727653983	0.705454033822949	0.662780094879429
1	1.12130236086695	1.16506493273287	1.11981832786354	1.0796915924791	1.14361987023768	1.23869720206454	1.14376892482921	1.11644681577085	1.19587063489128	1.39522854040698	1.19632471252794	1.0796915924791	1.14361987023769	1.23869720206454	1.1437689248292	0.89442	0.830144638142528	0.692928942463095	0.827519823987151	0.709435625070064	0.662606475550118	0.705343694045405	0.662764336097324	0.611696057828374	0.64607050039714	0.821316015662143	0.646432518544555	0.709435625070065	0.662606475550132	0.705343694045406	0.662764336097312
1	1.12102078258609	1.16512897293364	1.12018762958365	1.0796853331547	1.14368085147512	1.23864734973334	1.14375838973146	1.11642588594236	1.19592334572877	1.39515814155667	1.1961565096313	1.0796853331547	1.14368085147513	1.23864734973334	1.14375838973145	0.89442	0.829629213988303	0.692998822869731	0.828168235988191	0.709458445018296	0.662688403336875	0.705266647913329	0.662769843959609	0.611692744786106	0.646094025563487	0.821252180256664	0.646278955231745	0.709458445018298	0.662688403336884	0.70526664791333	0.662769843959603
1	1.12086651676472	1.16517398058435	1.12040042973835	1.07968275206039	1.14371818312223	1.23861030887329	1.14375839594044	1.11641405256002	1.19594090556537	1.39511220026794	1.1960603956206	1.07968275206039	1.14371818312223	1.23861030887329	1.14375839594044	0.89442	0.829350834856432	0.693052016464635	0.828537567025473	0.709474921908792	0.662740405584429	0.70521305446073	0.662782449687709	0.611692181210323	0.646095406402198	0.821211334636673	0.646189932317543	0.709474921908794	0.662740405584436	0.70521305446073	0.662782449687704
1	1.1207830435907	1.16520602697636	1.12052283194651	1.0796817264658	1.14374149346294	1.23858348621339	1.14376231380957	1.11640720692823	1.19594346290942	1.39508222136759	1.19600463790982	1.0796817264658	1.14374149346294	1.23858348621338	1.14376231380956	0.89442	0.829201452540383	0.693091981753061	0.828748712792236	0.709486753881312	0.662774263746385	0.705175840299525	0.662795977397391	0.611693012247585	0.646089227439865	0.821185016323671	0.646137559145066	0.709486753881314	0.662774263746391	0.705175840299525	0.662795977397387
1	1.12073842827917	1.16522898757745	1.12059332490936	1.07968135607602	1.14375636400531	1.23856432156112	1.14376713390727	1.11640319413245	1.19594046925167	1.3950625418568	1.19597177348414	1.07968135607602	1.14375636400531	1.23856432156112	1.14376713390727	0.89442	0.829122026956084	0.69312173940532	0.828869982288422	0.709495228574605	0.662796797131358	0.70515002197672	0.662808013454493	0.611694425221792	0.646081629929084	0.821167906370134	0.646106346199298	0.709495228574607	0.662796797131361	0.70515002197672	0.662808013454492
1	1.1207149151027	1.1652454814813	1.12063405508969	1.0796812588564	1.14376604946922	1.23855072729963	1.14377161767021	1.11640083216687	1.1959360904648	1.39504950587447	1.19595210545927	1.0796812588564	1.14376604946922	1.23855072729963	1.14377161767021	0.89442	0.829080338876223	0.693143754435354	0.828940020616508	0.709501294565653	0.662812069609161	0.705132120094475	0.662817864134612	0.611695976142309	0.646074908048289	0.82115667618397	0.646087548704094	0.709501294565655	0.662812069609163	0.705132120094476	0.662817864134612
