1	1.04161930648343	1.09601635875257	1.04161930648343	1.04098862263395	1.07673069349003	1.10199057431269	1.07673069349013	1.06526857066033	1.09693230038412	1.14067291475914	1.09693230038412	1.04098862263395	1.07673069349013	1.10199057431269	1.07673069349003	0.56970474565914	0.477676016130708	0.522650949935035	0.477676016130709	0.484323181678236	0.463681341698638	0.433369563752859	0.463681341698833	0.426840590772195	0.423886481507172	0.446099080821979	0.423886481507172	0.484323181678237	0.463681341698833	0.433369563752859	0.463681341698639
1	1.05310144642336	1.12543145843854	1.05310144642336	1.0518748787858	1.09602292560698	1.1256400126785	1.09602292560706	1.07917628352086	1.11778655262505	1.17367805202659	1.11778655262504	1.0518748787858	1.09602292560706	1.1256400126785	1.09602292560698	0.618146823362748	0.507457742089309	0.564447980710256	0.50745774208931	0.51553604932622	0.490818501550767	0.456670274645798	0.490818501550896	0.445938510314377	0.443467985365783	0.472357033063424	0.443467985365783	0.515536049326222	0.490818501550896	0.456670274645799	0.490818501550769
1	1.05946832516283	1.14294560845285	1.05946832516283	1.05862041227869	1.10685335531169	1.13835562675311	1.10685335531174	1.08676081644023	1.12868170330915	1.19214297034732	1.12868170330915	1.05862041227869	1.10685335531174	1.13835562675311	1.10685335531168	0.64752842876463	0.524405612044924	0.589240883171689	0.524405612044925	0.533974705915152	0.506753833050429	0.470815114582469	0.506753833050512	0.457132546192858	0.454988419789328	0.488773847941774	0.454988419789328	0.533974705915154	0.506753833050512	0.47081511458247	0.50675383305043
1	1.06285486992089	1.15285950497807	1.06285486992089	1.06284605497897	1.11300340305614	1.14534204122062	1.11300340305617	1.09119630923621	1.13469954178584	1.20291295056694	1.13469954178584	1.06284605497897	1.11300340305617	1.14534204122062	1.11300340305614	0.665349273290427	0.533977725218476	0.603540415093186	0.533977725218478	0.544846501927889	0.51616688130328	0.479218002650486	0.516166881303332	0.46385245160035	0.461909653076735	0.498905862789094	0.461909653076735	0.544846501927891	0.516166881303332	0.479218002650486	0.516166881303281
1	1.06460833450648	1.15827831553828	1.06460833450648	1.06548436193304	1.1165459258452	1.14922669791941	1.11654592584522	1.09391004615707	1.13819267038977	1.20935382245045	1.13819267038976	1.06548436193304	1.11654592584522	1.14922669791941	1.1165459258452	0.67615816190219	0.5393530117081	0.611633292534784	0.539353011708102	0.551255876024931	0.521759607989384	0.48413509510456	0.521759607989417	0.467958204632752	0.466140170530509	0.50511854549219	0.46614017053051	0.551255876024933	0.521759607989417	0.484135095104561	0.521759607989386
1	1.06549871566604	1.1611664581152	1.06549871566604	1.06711738854539	1.11861410185008	1.15139513126947	1.1186141018501	1.0956101353296	1.14029706308237	1.2132565286059	1.14029706308237	1.06711738854539	1.1186141018501	1.15139513126947	1.11861410185008	0.682714084273071	0.542356748488823	0.616156231834846	0.542356748488825	0.555037497682148	0.525098193302236	0.486979263864105	0.525098193302256	0.470495476999075	0.468756681785799	0.508914835770505	0.4687566817858	0.555037497682149	0.525098193302256	0.486979263864105	0.525098193302238
1	1.06594181366235	1.16267246269338	1.06594181366235	1.06812021068486	1.11983526183353	1.1526021859345	1.11983526183353	1.09668774579567	1.14159741333622	1.2156363579098	1.14159741333622	1.06812021068486	1.11983526183353	1.1526021859345	1.11983526183352	0.686690452197353	0.544027033878859	0.618661712090784	0.54402703387886	0.557271922114645	0.527099335915945	0.488607545131205	0.527099335915957	0.472074740526946	0.470388146277499	0.511230679006065	0.4703881462775	0.557271922114646	0.527099335915957	0.488607545131206	0.527099335915946
1	1.06615597097579	1.16343896785287	1.06615597097579	1.06873304481846	1.12056298536695	1.15326810363689	1.12056298536695	1.09737518422968	1.14241461651774	1.2170919748813	1.14241461651774	1.06873304481846	1.12056298536695	1.15326810363689	1.12056298536694	0.689102241253476	0.544950659655987	0.620039909427206	0.544950659655989	0.558594772265688	0.528303608119949	0.489529826952447	0.528303608119957	0.473062436910551	0.471411770683348	0.51264267502988	0.471411770683348	0.558594772265689	0.528303608119957	0.489529826952448	0.528303608119951
1	1.06625443757989	1.16381666235629	1.06625443757989	1.06910697239452	1.12100001102605	1.15362979531306	1.12100001102606	1.0978156443454	1.14293415746686	1.21798373639837	1.14293415746686	1.06910697239452	1.12100001102606	1.15362979531306	1.12100001102605	0.690565065254121	0.545457918972722	0.620793149698435	0.545457918972724	0.559379886765354	0.529031352818294	0.490045730823447	0.5290313528183	0.473682392507548	0.472057519998587	0.513503806169745	0.472057519998588	0.559379886765355	0.5290313528183	0.490045730823448	0.529031352818296
1	1.06629557946076	1.16399381283631	1.06629557946076	1.06933541758017	1.12126424005165	1.15382154980386	1.12126424005165	1.09809890438802	1.14326725940594	1.21853065920475	1.14326725940594	1.06933541758016	1.12126424005165	1.15382154980386	1.12126424005165	0.691452312876771	0.545734072465298	0.621202065608471	0.5457340724653	0.559847249180738	0.529473089891106	0.490329777435253	0.52947308989111	0.474072730660838	0.472466995920618	0.514029393982819	0.472466995920618	0.55984724918074	0.52947308989111	0.490329777435253	0.529473089891108
1	1.06630926246087	1.16407010103416	1.06630926246087	1.06947546426822	1.12142499423405	1.15391948430841	1.12142499423405	1.09828170685615	1.1434822590848	1.21886642114257	1.1434822590848	1.06947546426822	1.12142499423405	1.15391948430841	1.12142499423404	0.691990455779722	0.54588267361336	0.621422355618432	0.545882673613361	0.560126439909476	0.529742495432143	0.490482873174286	0.529742495432145	0.474319212551818	0.47272797505447	0.514350550357407	0.472727975054471	0.560126439909477	0.529742495432145	0.490482873174287	0.529742495432145
1	1.06631057420219	1.16409750513692	1.06631057420219	1.06956175322813	1.12152338365116	1.15396654594158	1.12152338365116	1.09840008350475	1.14362182075229	1.21907276352384	1.14362182075229	1.06956175322813	1.12152338365116	1.15396654594158	1.12152338365116	0.692316855948479	0.545961381364816	0.621539928881216	0.545961381364818	0.560293899702979	0.529907623204104	0.490562934397768	0.529907623204107	0.474475304830124	0.47289515758586	0.514547063530308	0.472895157585861	0.560293899702981	0.529907623204107	0.490562934397768	0.529907623204106
1	1.06630696046318	1.16410259233321	1.06630696046317	1.06961524930833	1.12158395971944	1.15398675158169	1.12158395971944	1.0984769988317	1.1437128744524	1.2191997164922	1.1437128744524	1.06961524930833	1.12158395971944	1.15398675158169	1.12158395971944	0.692514827653231	0.546002149996261	0.621601946660172	0.546002149996263	0.56039480733241	0.530009364174065	0.490602928401216	0.530009364174066	0.474574444460649	0.473002796818882	0.514667497728147	0.473002796818882	0.560394807332412	0.530009364174066	0.490602928401216	0.530009364174067
1	1.0663019464359	1.16409855889107	1.0663019464359	1.0696486462119	1.12162147532861	1.15399334910613	1.12162147532861	1.09852713959109	1.14377255764132	1.2192779235748	1.14377255764132	1.0696486462119	1.12162147532861	1.15399334910613	1.12162147532861	0.692634903555828	0.546022583479502	0.621634161444171	0.546022583479504	0.560455927363747	0.530072387393172	0.490621431564287	0.530072387393172	0.474637599556772	0.473072445377509	0.514741432989717	0.473072445377509	0.560455927363749	0.530072387393172	0.490621431564287	0.530072387393174
1	1.06629707807003	1.16409167657992	1.06629707807003	1.06966965106657	1.1216448460726	1.15399350186134	1.1216448460726	1.09855993115202	1.14381184744784	1.21932616675291	1.14381184744784	1.06966965106657	1.1216448460726	1.15399350186134	1.1216448460726	0.692707733307393	0.546032305549119	0.621650550692056	0.546032305549121	0.560493160126536	0.530111640825676	0.490628775835048	0.530111640825676	0.474677953920751	0.473117731299692	0.51478690555122	0.473117731299693	0.560493160126537	0.530111640825676	0.490628775835049	0.530111640825678
1	1.06629293137634	1.16408471388917	1.06629293137634	1.06968296348059	1.12165949082589	1.15399097138498	1.12165949082589	1.09858144297343	1.14383781724096	1.21935597126632	1.14383781724096	1.06968296348059	1.12165949082589	1.15399097138498	1.12165949082589	0.692751906792115	0.546036523809818	0.621658646054808	0.54603652380982	0.560515983016776	0.530136224320786	0.490630608940411	0.530136224320786	0.474703819005542	0.47314731449903	0.514814926405264	0.473147314499031	0.560515983016778	0.530136224320786	0.490630608940411	0.530136224320788
1	1.06628963017204	1.1640787226984	1.06628963017204	1.06969146573211	1.12166872105507	1.15398764642475	1.12166872105507	1.0985955971598	1.14385504756023	1.21937441387034	1.14385504756023	1.06969146573211	1.12166872105507	1.15398764642475	1.12166872105507	0.692778699358483	0.546038017573229	0.62166246991697	0.546038017573231	0.560530066727327	0.530151705146848	0.490629944760207	0.530151705146849	0.474720449035908	0.47316672630159	0.514832228042014	0.47316672630159	0.560530066727328	0.530151705146849	0.490629944760208	0.53015170514685
1	1.06628710694848	1.16407395846294	1.06628710694848	1.06969693703617	1.12167457193546	1.15398440676667	1.12167457193546	1.09860493678747	1.1438665195086	1.21938584531314	1.1438665195086	1.06969693703617	1.12167457193546	1.15398440676667	1.12167457193546	0.692794949857114	0.546038241936968	0.621664146254661	0.54603824193697	0.56053881916185	0.53016150688659	0.490628336276401	0.530161506886591	0.474731174980845	0.473179517728232	0.514842933450807	0.473179517728233	0.560538819161851	0.530161506886591	0.490628336276402	0.530161506886592
1	1.06628522943404	1.16407034048444	1.06628522943404	1.06970048360001	1.12167830139155	1.1539816056376	1.12167830139155	1.09861111629157	1.14387418221209	1.21939294366731	1.14387418221209	1.06970048360001	1.12167830139155	1.1539816056376	1.12167830139155	0.692804806268216	0.546037937845026	0.621664780122662	0.546037937845028	0.56054429850417	0.530167746043341	0.490626540896753	0.530167746043342	0.474738114707874	0.473187980048214	0.51484957189325	0.473187980048215	0.560544298504172	0.530167746043342	0.490626540896754	0.530167746043343
1	1.06628385858565	1.16406767471056	1.06628385858565	1.06970279802359	1.12168069184375	1.15397933378021	1.12168069184375	1.09861521514184	1.14387931677239	1.21939736107411	1.14387931677239	1.06970279802359	1.12168069184375	1.15397933378021	1.12168069184375	0.692810784447735	0.546037466879693	0.621664934996185	0.546037466879694	0.560547754665284	0.530171738019943	0.490624894022835	0.530171738019944	0.474742618814795	0.47319359864825	0.514853697444806	0.473193598648251	0.560547754665285	0.530171738019944	0.490624894022836	0.530171738019945
1	1.06628287050011	1.1640657464164	1.06628287050011	1.06970431914786	1.12168223084277	1.15397756594914	1.12168223084277	1.09861794145878	1.14388276348761	1.21940011168229	1.14388276348761	1.06970431914786	1.12168223084277	1.15397756594914	1.12168223084277	0.692814410431568	0.546036993396948	0.621664890523669	0.546036993396949	0.560549951105421	0.530174305302737	0.490623514195145	0.530174305302737	0.474745551139609	0.47319734277926	0.514856268087821	0.473197342779261	0.560549951105422	0.530174305302737	0.490623514195146	0.530174305302739
1	1.06628216562612	1.16406437248648	1.06628216562612	1.06970532467179	1.12168322676861	1.15397622636198	1.12168322676861	1.09861975898675	1.14388508363783	1.21940182887676	1.14388508363783	1.06970532467179	1.12168322676861	1.15397622636198	1.12168322676861	0.69281660972296	0.546036582231748	0.621664779344623	0.54603658223175	0.560551357494183	0.530175964302538	0.490622417330214	0.530175964302537	0.474747466049103	0.47319984553025	0.514857873692392	0.473199845530251	0.560551357494184	0.530175964302537	0.490622417330214	0.53017596430254
1	1.06628166672203	1.16406340413073	1.06628166672203	1.06970599289046	1.1216838743306	1.15397523066769	1.1216838743306	1.09862097330174	1.14388664911145	1.21940290346853	1.14388664911144	1.06970599289046	1.1216838743306	1.15397523066769	1.1216838743306	0.692817943673371	0.546036250537534	0.621664660286378	0.546036250537535	0.560552264611207	0.530177041290447	0.490621574491291	0.530177041290446	0.4747487203095	0.473201523248064	0.514858879055209	0.473201523248065	0.560552264611208	0.530177041290446	0.490621574491292	0.530177041290449
1	1.06628131574118	1.16406272707786	1.06628131574118	1.06970643907706	1.12168429724797	1.1539745012383	1.12168429724797	1.09862178627495	1.1438877075333	1.21940357749775	1.1438877075333	1.06970643907706	1.12168429724797	1.1539745012383	1.12168429724797	0.692818752762929	0.546035994436346	0.621664556169602	0.546035994436347	0.560552853807729	0.530177743496033	0.490620941921971	0.530177743496033	0.474749544251869	0.473202650821229	0.514859510210526	0.47320265082123	0.560552853807731	0.530177743496033	0.490620941921972	0.530177743496035
1	1.06628106999938	1.16406225653347	1.06628106999938	1.0697067382728	1.12168457458889	1.15397397282463	1.12168457458889	1.09862233160893	1.14388842441564	1.2194040012734	1.14388842441564	1.0697067382728	1.12168457458889	1.15397397282463	1.12168457458889	0.692819243505244	0.546035802300808	0.621664473141146	0.54603580230081	0.560553239042518	0.530178203221673	0.490620475250437	0.530178203221673	0.474750087049114	0.473203410426769	0.514859907508306	0.473203410426769	0.56055323904252	0.530178203221673	0.490620475250437	0.530178203221674
1	1.06628089859118	1.16406193099257	1.06628089859118	1.06970693965016	1.12168475715809	1.15397359340337	1.12168475715809	1.09862269807751	1.14388891073574	1.21940426835274	1.14388891073574	1.06970693965016	1.12168475715809	1.15397359340337	1.12168475715809	0.69281954115835	0.546035661010158	0.621664410294653	0.546035661010159	0.560553492473587	0.530178505358512	0.490620135411075	0.530178505358513	0.474750445614125	0.473203923226182	0.514860158290257	0.473203923226182	0.560553492473588	0.530178505358512	0.490620135411076	0.530178505358514
1	1.06628077939333	1.16406170654593	1.06628077939333	1.06970707562866	1.1216848777651	1.15397332289517	1.1216848777651	1.09862294476433	1.14388924110701	1.21940443709426	1.14388924110701	1.06970707562866	1.1216848777651	1.15397332289517	1.1216848777651	0.692819721695811	0.546035558609076	0.621664364268653	0.546035558609077	0.560553660139342	0.530178704640565	0.490619890417985	0.530178704640565	0.474750683102147	0.47320427006514	0.514860317037964	0.47320427006514	0.560553660139344	0.530178704640565	0.490619890417986	0.530178704640567
1	1.06628069670508	1.16406155220358	1.06628069670508	1.06970716770304	1.12168495769895	1.15397313115161	1.12168495769895	1.09862311108209	1.14388946581434	1.21940454397821	1.14388946581434	1.06970716770304	1.12168495769895	1.15397313115161	1.12168495769895	0.692819831198363	0.54603548519768	0.621664331305487	0.546035485197681	0.560553771632929	0.53017883652168	0.490619715208632	0.53017883652168	0.474750840794257	0.473204505050707	0.514860417818576	0.473204505050708	0.56055377163293	0.53017883652168	0.490619715208633	0.530178836521682
1	1.06628063945749	1.16406144627817	1.06628063945749	1.06970723019719	1.12168501083499	1.15397299588727	1.12168501083499	1.09862322337829	1.1438896188187	1.21940461185827	1.1438896188187	1.06970723019719	1.12168501083499	1.15397299588727	1.12168501083499	0.692819897615653	0.546035433007034	0.621664308066917	0.546035433007036	0.560553846113911	0.53017892406842	0.490619590712487	0.530178924068421	0.474750945753606	0.473204664494155	0.514860481988057	0.473204664494156	0.560553846113912	0.530178924068421	0.490619590712488	0.530178924068422
