1	1.0050551290978	1.00936144771014	1.0050551290978	1.00505512909523	1.00936144770691	1.01349651924148	1.00936144770695	1.009361447704	1.013496519237	1.01739979200704	1.013496519237	1.00505512909523	1.00936144770695	1.01349651924148	1.00936144770691	0.363123898401177	0.294668170234926	0.281488724666853	0.294668170234926	0.294668170269013	0.281488724667686	0.27503671681467	0.281488724668388	0.281488724674237	0.275036716798144	0.269704435277372	0.275036716798145	0.294668170269014	0.281488724668388	0.275036716814671	0.281488724667687
1	1.01769882915973	1.0301289145585	1.01769882915973	1.01769882915986	1.0301289145571	1.04445726485659	1.03012891455715	1.03012891455618	1.0444572648523	1.05490003532325	1.0444572648523	1.01769882915986	1.03012891455715	1.04445726485659	1.0301289145571	0.496709715119081	0.421113035749449	0.384557660766791	0.42111303574945	0.421113035765102	0.384557660767208	0.383941385796522	0.384557660767373	0.384557660769483	0.383941385786441	0.367931504354517	0.383941385786442	0.421113035765103	0.384557660767373	0.383941385796523	0.384557660767209
1	1.02529104565094	1.04056730058419	1.02529104565094	1.02529104565226	1.04056730058444	1.06189364823097	1.04056730058446	1.04056730058491	1.06189364822947	1.07352445424544	1.06189364822947	1.02529104565226	1.04056730058446	1.06189364823097	1.04056730058444	0.545853190652032	0.472288291138163	0.420190867390993	0.472288291138164	0.472288291144058	0.420190867391209	0.428344801462418	0.420190867391261	0.420190867391995	0.428344801458808	0.402673037732165	0.428344801458809	0.472288291144059	0.420190867391261	0.428344801462418	0.42019086739121
1	1.02839765325308	1.04865258059448	1.02839765325308	1.02839765326759	1.04865258060244	1.06886751315332	1.04865258060245	1.04865258061116	1.06886751316472	1.0800489812258	1.06886751316472	1.02839765326759	1.04865258060245	1.06886751315332	1.04865258060244	0.563932065092659	0.490854898194124	0.464954204751874	0.490854898194124	0.490854898197329	0.464954204722976	0.445055835319266	0.464954204723026	0.464954204699016	0.445055835322465	0.415316095345169	0.445055835322465	0.49085489819733	0.464954204723026	0.445055835319267	0.464954204722977
1	1.02943677647815	1.05356783514011	1.02943677647815	1.02943677648295	1.05356783513397	1.07120516754872	1.05356783513398	1.05356783512954	1.07120516755262	1.08207039356328	1.07120516755262	1.02943677648295	1.05356783513398	1.07120516754872	1.05356783513397	0.570582911307219	0.496808176428573	0.481113273619721	0.496808176428574	0.496808176431173	0.481113273563975	0.450482400798581	0.48111327356403	0.481113273517632	0.450482400799603	0.419459504812275	0.450482400799603	0.496808176431174	0.48111327356403	0.450482400798582	0.481113273563976
1	1.02976374421157	1.05559120842633	1.02976374421157	1.02976374421295	1.05559120840937	1.07195077501252	1.05559120840938	1.05559120839529	1.07195077501304	1.08269792704456	1.07195077501304	1.02976374421295	1.05559120840938	1.07195077501252	1.05559120840937	0.57302962087779	0.498738011140706	0.486817277969432	0.498738011140707	0.498738011143448	0.486817277875275	0.452281190811156	0.486817277875308	0.486817277795996	0.452281190809242	0.420856739756064	0.452281190809242	0.498738011143449	0.486817277875308	0.452281190811156	0.486817277875276
1	1.02986598703071	1.05634064467914	1.02986598703071	1.02986598703145	1.05634064464981	1.07219092773367	1.05634064464982	1.05634064462492	1.07219092773273	1.08290107967002	1.07219092773273	1.02986598703145	1.05634064464982	1.07219092773367	1.05634064464981	0.573929715031579	0.499366289903508	0.488810145512943	0.499366289903509	0.499366289907458	0.488810145359534	0.452882473951439	0.48881014535955	0.488810145228618	0.45288247394648	0.421333043756517	0.45288247394648	0.499366289907459	0.48881014535955	0.45288247395144	0.488810145359535
1	1.02989799186129	1.05660781352119	1.02989799186129	1.02989799186219	1.05660781347346	1.07226922359487	1.05660781347346	1.05660781343238	1.07226922359278	1.08296875771573	1.07226922359278	1.02989799186219	1.05660781347346	1.07226922359487	1.05660781347346	0.574260841176844	0.49957078738384	0.489503859463378	0.499570787383841	0.499570787390142	0.489503859216054	0.453083783916049	0.489503859216062	0.489503859002347	0.453083783907166	0.421495824447501	0.453083783907167	0.499570787390143	0.489503859216062	0.453083783916049	0.489503859216055
1	1.02990799143426	1.05670166861368	1.02990799143426	1.0299079914358	1.05670166853264	1.07229488835717	1.05670166853264	1.05670166846198	1.07229488835348	1.08299160067483	1.07229488835348	1.0299079914358	1.05670166853264	1.07229488835717	1.05670166853264	0.574382655668529	0.499637182021706	0.489745076132835	0.499637182021707	0.499637182032575	0.489745075706867	0.453151096236995	0.489745075706871	0.489745075334041	0.453151096221443	0.421551430778631	0.453151096221443	0.499637182032576	0.489745075706871	0.453151096236995	0.489745075706868
1	1.02991109657894	1.05673445620602	1.02991109657894	1.02991109658379	1.05673445599449	1.07230330026305	1.05673445599449	1.05673445580662	1.07230330025475	1.0829993414182	1.07230330025475	1.02991109658379	1.05673445599449	1.07230330026305	1.05673445599449	0.574427468720138	0.499658657508079	0.489828937288526	0.49965865750808	0.499658657538455	0.489828936064035	0.453173546600445	0.489828936064037	0.489828934972194	0.453173546559185	0.421570398067672	0.453173546559185	0.499658657538456	0.489828936064037	0.453173546600446	0.489828936064036
