1	1.03856922991295	1.06699702260946	1.03856922991295	1.03856940657795	1.0671695511794	1.09699104582114	1.06921461985333	1.06699759583431	1.09699122240301	1.16038114073386	1.09699122240301	1.03856940657795	1.06921461985333	1.09699104582114	1.0671695511794	0.658504624961105	0.582510255346535	0.534432310998959	0.582510255346536	0.582510250602046	0.535479195840788	0.533066664566148	0.547801844948644	0.534432945528767	0.533066782569759	0.607121556338774	0.53306678256976	0.582510250602047	0.547801844948644	0.533066664566149	0.535479195840789
1	1.04766798179457	1.08211020468446	1.04766798179457	1.04766803199353	1.08232909776034	1.11606956160373	1.08516111573168	1.08211043290344	1.11606963616146	1.19934223617215	1.11606963616146	1.04766803199353	1.08516111573168	1.11606956160373	1.08232909776034	0.713459769805461	0.622869224629836	0.585446396800425	0.622869224629837	0.622869231216143	0.586138955306334	0.566525428114426	0.595654248399988	0.585446714157764	0.566525508972246	0.659622797094351	0.566525508972246	0.622869231216144	0.595654248399988	0.566525428114427	0.586138955306336
1	1.05122265818364	1.09029091078418	1.05122265818364	1.05122267498713	1.0904392674344	1.12321362166524	1.09261825449388	1.09029101059947	1.12321365892099	1.21595333723983	1.12321365892099	1.05122267498713	1.09261825449388	1.12321362166524	1.0904392674344	0.738152708106561	0.639734728584562	0.609669250593913	0.639734728584563	0.639734734688126	0.610028866462871	0.581394236394749	0.615914544179543	0.609669400945123	0.581394284547329	0.68311429614068	0.581394284547329	0.639734734688127	0.615914544179543	0.58139423639475	0.610028866462873
1	1.05260746027315	1.0943276865127	1.05260746027314	1.05260746703462	1.09440794613734	1.12611435452219	1.09579198202104	1.09432773187044	1.12611437433323	1.2227971447656	1.12611437433323	1.05260746703462	1.09579198202104	1.12611435452219	1.09440794613734	0.749247960482827	0.64686722592963	0.620895773889548	0.646867225929631	0.646867230048293	0.621064715161702	0.588136824153649	0.624468856141598	0.620895843126347	0.588136851281048	0.692887093108431	0.588136851281048	0.646867230048294	0.624468856141598	0.588136824153649	0.621064715161704
1	1.05316235968232	1.09625287609248	1.05316235968232	1.05316236278711	1.09629142585554	1.12739614303735	1.0971043727108	1.09625289694123	1.12739615369631	1.22549202524533	1.12739615369631	1.05316236278711	1.0971043727108	1.12739614303735	1.09629142585554	0.754233378774889	0.649927201762977	0.626055388737358	0.649927201762978	0.649927204266021	0.626128883689503	0.59124861799667	0.628043808845725	0.62605542019303	0.591248632867614	0.696797408313667	0.591248632867614	0.649927204266022	0.628043808845725	0.59124861799667	0.626128883689505
1	1.05339152491313	1.09715752199277	1.05339152491313	1.05339152643584	1.09717442603371	1.12799455894576	1.09763549418352	1.09715753159458	1.1279945646546	1.22650525618703	1.1279945646546	1.05339152643584	1.09763549418352	1.12799455894576	1.09717442603371	0.756473471639852	0.651255145858346	0.628422032348088	0.651255145858347	0.65125514730014	0.628451143574843	0.592702035581159	0.629515457817633	0.628422046553415	0.59270204360026	0.698326547191398	0.592702043600261	0.651255147300141	0.629515457817633	0.59270203558116	0.628451143574845
1	1.05348856550227	1.09758014116056	1.05348856550227	1.05348856627482	1.09758680617092	1.12828237762074	1.09784413087193	1.0975801455934	1.12828238066047	1.22686809096832	1.12828238066047	1.05348856627481	1.09784413087193	1.12828237762074	1.09758680617092	0.757480010278782	0.651837105698421	0.629509443869285	0.651837105698422	0.65183710650428	0.629519182721555	0.593386989163283	0.630107621419502	0.629509450267037	0.593386993443769	0.6989135970573	0.59338699344377	0.651837106504281	0.630107621419502	0.593386989163283	0.629519182721557
1	1.0535304922915	1.09777743317824	1.0535304922915	1.05353049268842	1.09777960604524	1.12842296811528	1.09792216183936	1.09777743522906	1.12842296972413	1.22698999910478	1.12842296972413	1.05353049268842	1.09792216183936	1.12842296811528	1.09777960604524	0.757932277234476	0.652094517238467	0.630011052978242	0.652094517238468	0.652094517679962	0.630012990766339	0.593712233139603	0.63033757676883	0.63001105585654	0.593712235407775	0.699134397382103	0.593712235407776	0.652094517679963	0.63033757676883	0.593712233139604	0.630012990766341
1	1.05354891471305	1.09786975572679	1.05354891471305	1.05354891491771	1.0978701289912	1.12849222247456	1.0979488373494	1.09786975667791	1.12849222332162	1.2270268043871	1.12849222332162	1.05354891491771	1.0979488373494	1.12849222247456	1.0978701289912	0.758135493909551	0.652209425771967	0.630243678555211	0.652209425771968	0.652209426010398	0.630242892765203	0.593867709225827	0.63042175473843	0.630243679849717	0.593867710420931	0.69921519747807	0.593867710420932	0.6522094260104	0.63042175473843	0.593867709225827	0.630242892765204
1	1.05355713109392	1.09791314706657	1.05355713109392	1.05355713119947	1.09791290534029	1.12852650823455	1.09795629528505	1.09791314750894	1.12852650867859	1.22703550530805	1.12852650867858	1.05355713119947	1.09795629528505	1.12852650823455	1.09791290534029	0.758226805074126	0.652261194849691	0.630352244298699	0.652261194849692	0.652261194977082	0.630350811460024	0.593942477762284	0.630449328966167	0.63035224488092	0.593942478389142	0.699243584944867	0.593942478389143	0.652261194977083	0.630449328966167	0.593942477762285	0.630350811460025
