1	1.00915698898489	1.01301799298643	1.00915698898489	1.00914408105696	1.01427707551472	1.02066965891058	1.014252065999	1.01703786695288	1.02055552945701	1.02286943916227	1.02055552945701	1.00914408105696	1.014252065999	1.02066965891058	1.01427707551472	0.259998426658495	0.206256670981424	0.17053082649908	0.206256670981424	0.206614064152892	0.179828763807414	0.176269180515193	0.179681793723938	0.198841952792442	0.175904875076705	0.159042211196205	0.175904875076705	0.206614064152892	0.179681793723938	0.176269180515194	0.179828763807415
1	1.01166621361824	1.01578811552178	1.01166621361824	1.01161418383302	1.01751039021931	1.02520172981986	1.01748351437252	1.02140930664047	1.02502250685114	1.02720497163155	1.02502250685114	1.01161418383302	1.01748351437252	1.02520172981986	1.01751039021931	0.282119891964688	0.216369460799899	0.174860848323645	0.2163694607999	0.216815832285341	0.185489529600797	0.181479436431716	0.185362969161808	0.207754252814017	0.181028480703321	0.162025495413183	0.181028480703322	0.216815832285342	0.185362969161808	0.181479436431716	0.185489529600798
1	1.01315691211652	1.01717865140914	1.01315691211652	1.01301729727732	1.01916103016279	1.02751140731142	1.01913620059111	1.02381252753742	1.02723337748933	1.02918084208163	1.02723337748933	1.01301729727732	1.01913620059111	1.02751140731142	1.01916103016279	0.295537238887494	0.221583748533401	0.17679890998544	0.221583748533401	0.222065038919865	0.188111023459591	0.183971632844923	0.188007894687395	0.212299167181646	0.183399682402001	0.16335683170039	0.183399682402001	0.222065038919866	0.188007894687395	0.183971632844923	0.188111023459592
1	1.01400951286099	1.01786635686616	1.01400951286099	1.01378668632824	1.01998245148994	1.02867476744908	1.01996126147277	1.02509714921056	1.02830320076815	1.03007664248377	1.02830320076815	1.01378668632824	1.01996126147277	1.02867476744908	1.01998245148994	0.30367527117301	0.224271516646248	0.177672154020269	0.224271516646249	0.22476362268869	0.189326538329764	0.185174099035529	0.18924470657309	0.214624211772712	0.184491620147316	0.163955294455901	0.184491620147316	0.224763622688691	0.18924470657309	0.185174099035529	0.189326538329765
1	1.01448333058309	1.01820261910091	1.01448333058309	1.01419906836084	1.02038371802023	1.02925623150044	1.02036641144143	1.02577246450218	1.02881193466059	1.0304817877182	1.02881193466059	1.01419906836084	1.02036641144143	1.02925623150044	1.02038371802023	0.308611237247999	0.225656938554893	0.178068107077688	0.225656938554894	0.226150164501349	0.189890023663513	0.185758236261798	0.189825966258494	0.215816170049091	0.184992283616438	0.164226082244977	0.184992283616438	0.22615016450135	0.189825966258494	0.185758236261799	0.189890023663514
1	1.01474120711375	1.01836577155436	1.01474120711375	1.01441683062033	1.02057703926198	1.02954551744764	1.02056325230757	1.02612398751824	1.02905050328977	1.03066492706789	1.02905050328977	1.01441683062033	1.02056325230757	1.02954551744764	1.02057703926198	0.311605051969598	0.226371153169181	0.178248705459199	0.226371153169182	0.22686231835892	0.190150619136123	0.186043558702418	0.190100831964548	0.216428158161315	0.18522082235947	0.164349320215931	0.18522082235947	0.226862318358921	0.190100831964548	0.186043558702418	0.190150619136124
1	1.01487948658751	1.01844457566086	1.01487948658751	1.01453068503379	1.0206691383769	1.02968910609096	1.0206583104581	1.02630590219478	1.02916105628954	1.03074777612025	1.02916105628954	1.01453068503379	1.0206583104581	1.02968910609096	1.0206691383769	0.31342089240233	0.226739409476928	0.178331535020117	0.226739409476929	0.227228002578044	0.190270443675796	0.186183569604837	0.1902318934503	0.21674272689805	0.185324607976018	0.164405707322074	0.185324607976018	0.227228002578045	0.190231893450299	0.186183569604837	0.190270443675797
1	1.0149528610743	1.01848256737018	1.0149528610743	1.01458981136222	1.02071256119465	1.02976032783559	1.0207041259039	1.02639972190533	1.02921172735313	1.03078531926146	1.02921172735313	1.01458981136222	1.0207041259039	1.0297603278356	1.02071256119465	0.314522255283639	0.226929316525047	0.178369723629796	0.226929316525048	0.227415740531142	0.190324920054027	0.186252554294653	0.190295130255227	0.216904564916094	0.1853714438579	0.164431640091326	0.185371443857901	0.227415740531143	0.190295130255227	0.186252554294653	0.190324920054028
1	1.01499150868271	1.01850088693865	1.01499150868271	1.01462037300849	1.02073279901062	1.02979567119988	1.02072625757219	1.02644801314263	1.02923469794629	1.03080237298046	1.02923469794629	1.01462037300849	1.02072625757219	1.02979567119988	1.02073279901062	0.315190265612629	0.227027262627899	0.178387419643601	0.2270272626279	0.227512105649113	0.190349170991903	0.186286669955714	0.19032617319679	0.216987890113179	0.185392413801557	0.164443628205856	0.185392413801557	0.227512105649114	0.19032617319679	0.186286669955714	0.190349170991904
1	1.01501175931468	1.01850973634573	1.01501175931468	1.01463611790228	1.02074208653213	1.02981323244862	1.02073702679325	1.02647284373402	1.02924498808626	1.0308101427489	1.02924498808626	1.01463611790228	1.02073702679325	1.02981323244862	1.02074208653213	0.315595434339308	0.227077783709722	0.178395660379306	0.227077783709722	0.227561560974419	0.19035954314314	0.186303600070436	0.190341800300714	0.217030820201851	0.185401709368198	0.164449199303306	0.185401709368198	0.22756156097442	0.190341800300714	0.186303600070436	0.190359543143141
1	1.01502233144783	1.01851402390679	1.01502233144783	1.01464421021084	1.0207462480146	1.02982197418842	1.02074234000366	1.02648560501327	1.02924953487162	1.03081369516784	1.02924953487162	1.01464421021084	1.02074234000366	1.02982197418842	1.0207462480146	0.315841181700382	0.227103844401856	0.178399516790245	0.227103844401857	0.227586937515824	0.190363631930173	0.18631202957831	0.190349947339411	0.217052951729315	0.185405777148098	0.164451802440839	0.185405777148098	0.227586937515825	0.190349947339411	0.18631202957831	0.190363631930174
1	1.01502783645667	1.01851610917861	1.01502783645667	1.01464836218809	1.02074803670277	1.02982633528015	1.02074502068279	1.02649216274128	1.02925151038777	1.03081532585043	1.02925151038777	1.01464836218809	1.02074502068279	1.02982633528015	1.02074803670277	0.31599023501267	0.22711728797338	0.178401330330263	0.227117287973381	0.227599956468976	0.190364947675652	0.186316239915707	0.190354394733471	0.217064367391853	0.185407527263901	0.164453025650961	0.185407527263902	0.227599956468977	0.190354394733471	0.186316239915708	0.190364947675653
1	1.01503069767683	1.01851712782433	1.01503069767683	1.01465048973095	1.02074874509362	1.02982851624787	1.02074641853098	1.02649553301752	1.029252350269	1.03081607771181	1.029252350269	1.01465048973095	1.02074641853098	1.02982851624787	1.02074874509362	0.31608064036927	0.227124223058398	0.178402187386657	0.227124223058399	0.22760663443492	0.19036509816339	0.186318349292811	0.190356960824641	0.217070258748896	0.185408263053152	0.164453603790074	0.185408263053152	0.227606634434921	0.190356960824641	0.186318349292812	0.190365098163391
1	1.01503218283734	1.01851762780471	1.01503218283734	1.01465157883925	1.02074897489324	1.02982960975932	1.02074718070167	1.02649726559527	1.02925269687134	1.03081642605856	1.02925269687134	1.01465157883925	1.02074718070167	1.02982960975932	1.02074897489324	0.316135473892024	0.227127800661899	0.178402594424961	0.2271278006619	0.227610059230239	0.190364807550825	0.18631940920523	0.190358532928686	0.217073300630848	0.185408562380319	0.164453878683212	0.185408562380319	0.22761005923024	0.190358532928686	0.18631940920523	0.190364807550826
1	1.01503295293617	1.01851787434212	1.01503295293617	1.01465213598407	1.0207490028228	1.02983015945765	1.0207476197665	1.02649815671458	1.02925283381136	1.03081658829307	1.02925283381136	1.01465213598406	1.0207476197665	1.02983015945765	1.0207490028228	0.316168731833831	0.227129646182733	0.178402788718623	0.227129646182733	0.227611815309163	0.190364391946266	0.186319943225402	0.190359553480014	0.217074871860378	0.185408678238884	0.164454010159689	0.185408678238884	0.227611815309164	0.190359553480014	0.186319943225403	0.190364391946267
1	1.01503335232896	1.01851799694644	1.01503335232896	1.01465242050137	1.02074895449144	1.02983043671761	1.0207478879524	1.02649861464669	1.02925288408692	1.03081666428494	1.02925288408691	1.01465242050137	1.0207478879524	1.02983043671761	1.02074895449144	0.316188903988067	0.227130598333944	0.178402881993215	0.227130598333945	0.22761271560341	0.190363982298407	0.186320213301448	0.19036024892945	0.217075684495993	0.185408719270612	0.164454073452094	0.185408719270612	0.22761271560341	0.19036024892945	0.186320213301449	0.190363982298408
1	1.01503356382363	1.01851806378499	1.01503356382363	1.0146525612573	1.02074888543055	1.02983058066171	1.02074806045813	1.02649884274704	1.0292528964807	1.03081670029896	1.0292528964807	1.0146525612573	1.02074806045813	1.02983058066171	1.02074888543055	0.316201139135054	0.227131089893842	0.178402927945535	0.227131089893843	0.227613177064368	0.190363635649937	0.186320355665126	0.190360730038197	0.217076111681966	0.185408725779373	0.164454105383706	0.185408725779373	0.227613177064369	0.190360730038197	0.186320355665126	0.190363635649938
1	1.01503366456348	1.01851808649723	1.01503366456348	1.01465264190718	1.0207488168886	1.02983064710349	1.02074817772963	1.02649897549875	1.02925290462453	1.03081671721222	1.02925290462453	1.01465264190718	1.02074817772963	1.02983064710349	1.0207488168886	0.316208560197774	0.227131343071132	0.178402948842401	0.227131343071133	0.227613413729847	0.190363340040497	0.186320418280221	0.190361090379247	0.217076319900458	0.185408734891246	0.164454118910911	0.185408734891246	0.227613413729848	0.190361090379248	0.186320418280221	0.190363340040498
1	1.01503372331255	1.01851810594341	1.01503372331255	1.01465267651026	1.02074875698663	1.02983068527789	1.02074826058832	1.02649903188768	1.02925290215286	1.03081672531283	1.02925290215286	1.01465267651026	1.02074826058832	1.02983068527789	1.02074875698663	0.316213061342874	0.227131473909332	0.178402959941598	0.227131473909333	0.227613534972634	0.190363108649067	0.186320457101315	0.190361351634478	0.217076436778515	0.185408730299671	0.164454127013191	0.185408730299671	0.227613534972635	0.190361351634478	0.186320457101316	0.190363108649068
1	1.01503374811435	1.01851810886962	1.01503374811435	1.01465269976362	1.02074870736405	1.02983070063989	1.02074832104879	1.02649907081225	1.02925290381419	1.03081672909675	1.02925290381419	1.01465269976362	1.02074832104879	1.02983070063989	1.02074870736405	0.316215791451481	0.227131541160447	0.178402964331895	0.227131541160448	0.227613597202086	0.190362921725759	0.18632047074673	0.190361553552165	0.21707648922064	0.185408733263221	0.164454129621322	0.185408733263221	0.227613597202087	0.190361553552164	0.18632047074673	0.19036292172576
1	1.01503376677789	1.01851811748081	1.01503376677789	1.01465270581399	1.02074866756185	1.02983071267709	1.02074836596886	1.02649908058315	1.02925289996569	1.03081673099477	1.02925289996569	1.01465270581399	1.02074836596886	1.02983071267709	1.02074866756185	0.316217447361887	0.227131576099789	0.178402967207297	0.22713157609979	0.227613629007968	0.190362778315934	0.186320484090175	0.190361703490893	0.217076524742645	0.185408727696644	0.164454132202737	0.185408727696645	0.227613629007968	0.190361703490893	0.186320484090175	0.190362778315935
1	1.01503377084556	1.01851811500239	1.01503377084556	1.01465271447468	1.02074863609476	1.02983071483331	1.0207483998537	1.02649909553675	1.02925290168392	1.03081673184267	1.02925290168392	1.01465271447468	1.0207483998537	1.02983071483331	1.02074863609476	0.316218451731919	0.227131593896804	0.178402968062864	0.227131593896805	0.227613645381758	0.190362664867966	0.186320484847139	0.190361820536072	0.217076535147428	0.185408730893657	0.164454132293665	0.185408730893658	0.227613645381758	0.190361820536072	0.186320484847139	0.190362664867967
1	1.01503377747349	1.01851811929047	1.01503377747349	1.01465271438423	1.02074861134135	1.02983071910244	1.02074842574829	1.02649909514804	1.02925289930906	1.03081673230088	1.02925289930906	1.01465271438423	1.02074842574828	1.02983071910244	1.02074861134135	0.316219060918962	0.227131603256122	0.178402968970924	0.227131603256123	0.227613653723434	0.190362576403901	0.186320490110219	0.190361910290041	0.217076546936553	0.185408727359906	0.164454133308581	0.185408727359906	0.227613653723435	0.190361910290041	0.18632049011022	0.190362576403902
1	1.01503377731065	1.01851811706985	1.01503377731065	1.0146527179187	1.02074859185785	1.02983071875549	1.02074844577111	1.02649910135719	1.02925290053327	1.03081673248556	1.02925290053327	1.0146527179187	1.02074844577111	1.02983071875549	1.02074859185785	0.316219430413113	0.22713160794055	0.178402969021826	0.227131607940551	0.227613658038608	0.190362506313171	0.186320488930482	0.190361981342469	0.217076547942086	0.185408729509416	0.164454133036103	0.185408729509416	0.227613658038609	0.190361981342469	0.186320488930483	0.190362506313172
