-68.4522	-68.9656	0.51334	16	0.193314	0.252551	0.193314	0.193314	0.252551	0.354849	0.252551	0.252551	0.354849	0.414717	0.354849	0.193314	0.252551	0.354849	0.252551	9.34529e-18	0.424434	0.620697	0.424434	0.424434	0.620697	0.780872	0.620697	0.620697	0.780872	3.33191	0.780872	0.424434	0.620697	0.780872	0.620697	      1 1.39172 1.41746 1.39172 1.39172 1.41746 1.69235 1.41746 1.41746 1.69235 1.74506 1.69235 1.39172 1.41746 1.69235 1.41746	 1.46431 0.804466 0.583426 0.804466 0.804466 0.583426 0.633577 0.583426 0.583426 0.633577  0.57473 0.633577 0.804466 0.583426 0.633577 0.583426
-69.7519	-70.4093	0.657445	16	0.18393	0.246041	0.18393	0.18393	0.246041	0.342119	0.246041	0.246041	0.342119	0.403281	0.342119	0.18393	0.246041	0.342119	0.246041	5.86899e-18	0.425632	0.622464	0.425632	0.425632	0.622464	0.788381	0.622464	0.622464	0.788381	3.42544	0.788381	0.425632	0.622464	0.788381	0.622464	      1 1.42138 1.44654 1.42138 1.42138 1.44654 1.73384 1.44654 1.44654 1.73384 1.79227 1.73384 1.42138 1.44654 1.73384 1.44654	 1.51528 0.752897 0.546694 0.752897 0.752897 0.546694 0.589241 0.546694 0.546694 0.589241 0.539132 0.589241 0.752897 0.546694 0.589241 0.546694
-70.7017	-71.4315	0.729844	16	0.176053	0.240297	0.176053	0.176053	0.240297	0.332201	0.240297	0.240297	0.332201	0.394496	0.332201	0.176053	0.240297	0.332201	0.240297	2.83359e-18	0.426373	0.623689	0.426373	0.426373	0.623689	0.794621	0.623689	0.623689	0.794621	3.5046	0.794621	0.426373	0.623689	0.794621	0.623689	      1  1.4327 1.45799  1.4327  1.4327 1.45799 1.74354 1.45799 1.45799 1.74354  1.8075 1.74354  1.4327 1.45799 1.74354 1.45799	 1.56141 0.710061 0.520363 0.710061 0.710061 0.520363 0.558245 0.520363 0.520363 0.558245 0.515995 0.558245 0.710061 0.520363 0.558245 0.520363
-71.4376	-72.1913	0.753755	16	0.169795	0.235594	0.169795	0.169795	0.235594	0.324558	0.235594	0.235594	0.324558	0.387679	0.324558	0.169795	0.235594	0.324558	0.235594	-1.32359e-18	0.426823	0.624544	0.426823	0.426823	0.624544	0.799603	0.624544	0.624544	0.799603	3.56838	0.799603	0.426823	0.624544	0.799603	0.624544	      1  1.4319 1.45889  1.4319  1.4319 1.45889 1.73611 1.45889 1.45889 1.73611 1.80584 1.73611  1.4319 1.45889 1.73611 1.45889	 1.60315 0.674971 0.501068 0.674971 0.674971 0.501068 0.535451 0.501068 0.501068 0.535451 0.499717 0.535451 0.674971 0.501068 0.535451 0.501068
-72.0255	-72.7743	0.748795	16	0.164846	0.231782	0.164846	0.164846	0.231782	0.318535	0.231782	0.231782	0.318535	0.382202	0.318535	0.164846	0.231782	0.318535	0.231782	-4.72705e-19	0.427107	0.625172	0.427107	0.427107	0.625172	0.8036	0.625172	0.625172	0.8036	3.61972	0.8036	0.427107	0.625172	0.8036	0.625172	      1 1.42371 1.45379 1.42371 1.42371 1.45379 1.72001 1.45379 1.45379 1.72001 1.79547 1.72001 1.42371 1.45379 1.72001 1.45379	 1.64091 0.646212 0.486396 0.646212 0.646212 0.486396 0.517689 0.486396 0.486396 0.517689 0.487225 0.517689 0.646212 0.486396 0.517689 0.486396
-72.5022	-73.2303	0.728083	16	0.160871	0.228645	0.160871	0.160871	0.228645	0.313634	0.228645	0.228645	0.313634	0.377636	0.313634	0.160871	0.228645	0.313634	0.228645	6.5401e-19	0.427295	0.625665	0.427295	0.427295	0.625665	0.806878	0.625665	0.625665	0.806878	3.66179	0.806878	0.427295	0.625665	0.806878	0.625665	      1  1.4114 1.44549  1.4114  1.4114 1.44549 1.69992 1.44549 1.44549 1.69992 1.78077 1.69992  1.4114 1.44549 1.69992 1.44549	 1.67508 0.622418 0.474758 0.622418 0.622418 0.474758 0.503112 0.474758 0.474758 0.503112 0.476911 0.503112 0.622418 0.474758 0.503112 0.474758
-72.8911	-73.5907	0.699629	16	0.157607	0.226004	0.157607	0.157607	0.226004	0.309522	0.226004	0.226004	0.309522	0.373712	0.309522	0.157607	0.226004	0.309522	0.226004	-2.31472e-18	0.427428	0.626071	0.427428	0.427428	0.626071	0.809635	0.626071	0.626071	0.809635	3.69707	0.809635	0.427428	0.626071	0.809635	0.626071	      1 1.39709 1.43564 1.39709 1.39709 1.43564 1.67838 1.43564 1.43564 1.67838 1.76409 1.67838 1.39709 1.43564 1.67838 1.43564	   1.706 0.602458 0.465151 0.602458 0.602458 0.465151 0.490666 0.465151 0.465151 0.490666 0.467947 0.490666 0.602458 0.465151 0.490666 0.465151
-73.2095	-73.8776	0.66809	16	0.154868	0.22373	0.154868	0.154868	0.22373	0.305985	0.22373	0.22373	0.305985	0.37026	0.305985	0.154868	0.22373	0.305985	0.22373	2.34975e-18	0.427526	0.62642	0.427526	0.427526	0.62642	0.812006	0.62642	0.62642	0.812006	3.7273	0.812006	0.427526	0.62642	0.812006	0.62642	      1 1.38211 1.42521 1.38211 1.38211 1.42521 1.65676 1.42521 1.42521 1.65676  1.7467 1.65676 1.38211 1.42521 1.65676 1.42521	 1.73398 0.585461 0.456954 0.585461 0.585461 0.456954 0.479745 0.456954 0.456954 0.479745 0.459903 0.479745 0.585461 0.456954 0.479745 0.456954
-73.4704	-74.1065	0.636086	16	0.152523	0.221736	0.152523	0.152523	0.221736	0.302885	0.221736	0.221736	0.302885	0.367177	0.302885	0.152523	0.221736	0.302885	0.221736	-5.95496e-18	0.4276	0.626727	0.4276	0.4276	0.626727	0.814084	0.626727	0.626727	0.814084	3.75368	0.814084	0.4276	0.626727	0.814084	0.626727	      1 1.36724 1.41476 1.36724 1.36724 1.41476 1.63578 1.41476 1.41476 1.63578 1.72932 1.63578 1.36724 1.41476 1.63578 1.41476	  1.7593 0.570786 0.449783 0.570786 0.570786 0.449783 0.469992 0.449783 0.449783 0.469992 0.452554 0.469992 0.570786 0.449783 0.469992 0.449783
-73.6844	-74.2894	0.605033	16	0.150485	0.219962	0.150485	0.150485	0.219962	0.300133	0.219962	0.219962	0.300133	0.364394	0.300133	0.150485	0.219962	0.300133	0.219962	-2.55828e-19	0.427657	0.627001	0.427657	0.427657	0.627001	0.81593	0.627001	0.627001	0.81593	3.77701	0.81593	0.427657	0.627001	0.81593	0.627001	      1 1.35294 1.40459 1.35294 1.35294 1.40459 1.61581 1.40459 1.40459 1.61581 1.71233 1.61581 1.35294 1.40459 1.61581 1.40459	  1.7822 0.557962 0.443398 0.557962 0.557962 0.443398 0.461188 0.443398 0.443398 0.461188 0.445773 0.461188 0.557962 0.443398 0.461188 0.443398
-73.8599	-74.4356	0.575656	16	0.148693	0.21837	0.148693	0.148693	0.21837	0.297667	0.21837	0.21837	0.297667	0.361866	0.297667	0.148693	0.21837	0.297667	0.21837	-1.99349e-19	0.427701	0.627248	0.427701	0.427701	0.627248	0.817585	0.627248	0.627248	0.817585	3.79785	0.817585	0.427701	0.627248	0.817585	0.627248	      1 1.33945 1.39486 1.33945 1.33945 1.39486 1.59702 1.39486 1.39486 1.59702 1.69598 1.59702 1.33945 1.39486 1.59702 1.39486	 1.80293  0.54665 0.437647  0.54665  0.54665 0.437647  0.45319 0.437647 0.437647  0.45319 0.439486  0.45319  0.54665 0.437647  0.45319 0.437647
-74.0039	-74.5522	0.54828	16	0.147103	0.21693	0.147103	0.147103	0.21693	0.295446	0.21693	0.21693	0.295446	0.35956	0.295446	0.147103	0.21693	0.295446	0.21693	-3.99216e-18	0.427734	0.627471	0.427734	0.427734	0.627471	0.819078	0.627471	0.627471	0.819078	3.81659	0.819078	0.427734	0.627471	0.819078	0.627471	      1 1.32688 1.38568 1.32688 1.32688 1.38568 1.57946 1.38568 1.38568 1.57946 1.68036 1.57946 1.32688 1.38568 1.57946 1.38568	 1.82168 0.536599 0.432428 0.536599 0.536599 0.432428   0.4459 0.432428 0.432428   0.4459 0.433645   0.4459 0.536599 0.432428   0.4459 0.432428
-74.1221	-74.6451	0.523007	16	0.145683	0.215624	0.145683	0.145683	0.215624	0.293436	0.215624	0.215624	0.293436	0.357452	0.293436	0.145683	0.215624	0.293436	0.215624	-4.21037e-18	0.427759	0.627674	0.427759	0.427759	0.627674	0.820432	0.627674	0.627674	0.820432	3.83352	0.820432	0.427759	0.627674	0.820432	0.627674	      1 1.31528 1.37707 1.31528 1.31528 1.37707 1.56315 1.37707 1.37707 1.56315 1.66556 1.56315 1.31528 1.37707 1.56315 1.37707	 1.83865 0.527621 0.427671 0.527621 0.527621 0.427671  0.43924 0.427671 0.427671  0.43924 0.428217  0.43924 0.527621 0.427671  0.43924 0.427671
-74.219	-74.7189	0.499815	16	0.14441	0.214434	0.14441	0.14441	0.214434	0.291614	0.214434	0.214434	0.291614	0.355522	0.291614	0.14441	0.214434	0.291614	0.214434	-4.26737e-19	0.427778	0.627859	0.427778	0.427778	0.627859	0.821663	0.627859	0.627859	0.821663	3.84886	0.821663	0.427778	0.627859	0.821663	0.627859	      1 1.30462 1.36903 1.30462 1.30462 1.36903 1.54803 1.36903 1.36903 1.54803 1.65159 1.54803 1.30462 1.36903 1.54803 1.36903	 1.85401 0.519569 0.423323 0.519569 0.519569 0.423323 0.433152 0.423323 0.423323 0.433152 0.423174 0.433152 0.519569 0.423323 0.433152 0.423323
-74.2986	-74.7772	0.478616	16	0.143264	0.21335	0.143264	0.143264	0.21335	0.289959	0.21335	0.21335	0.289959	0.353755	0.289959	0.143264	0.21335	0.289959	0.21335	-4.66585e-18	0.427792	0.628027	0.427792	0.427792	0.628027	0.822784	0.628027	0.628027	0.822784	3.86279	0.822784	0.427792	0.628027	0.822784	0.628027	      1 1.29486 1.36156 1.29486 1.29486 1.36156 1.53407 1.36156 1.36156 1.53407 1.63846 1.53407 1.29486 1.36156 1.53407 1.36156	  1.8679  0.51233 0.419344  0.51233  0.51233 0.419344 0.427584 0.419344 0.419344 0.427584 0.418492 0.427584  0.51233 0.419344 0.427584 0.419344
-74.3638	-74.8231	0.459289	16	0.142231	0.212361	0.142231	0.142231	0.212361	0.288454	0.212361	0.212361	0.288454	0.352136	0.288454	0.142231	0.212361	0.288454	0.212361	1.57301e-18	0.427801	0.62818	0.427801	0.427801	0.62818	0.823805	0.62818	0.62818	0.823805	3.87545	0.823805	0.427801	0.62818	0.823805	0.62818	      1 1.28596 1.35463 1.28596 1.28596 1.35463  1.5212 1.35463 1.35463  1.5212 1.62615  1.5212 1.28596 1.35463  1.5212 1.35463	 1.88047 0.505809 0.415701 0.505809 0.505809 0.415701 0.422493 0.415701 0.415701 0.422493 0.414149 0.422493 0.505809 0.415701 0.422493 0.415701
-74.4173	-74.859	0.441698	16	0.141298	0.211459	0.141298	0.141298	0.211459	0.287086	0.211459	0.211459	0.287086	0.350654	0.287086	0.141298	0.211459	0.287086	0.211459	-3.62658e-18	0.427807	0.628319	0.427807	0.427807	0.628319	0.824736	0.628319	0.628319	0.824736	3.88697	0.824736	0.427807	0.628319	0.824736	0.628319	      1 1.27786 1.34823 1.27786 1.27786 1.34823 1.50934 1.34823 1.34823 1.50934 1.61464 1.50934 1.27786 1.34823 1.50934 1.34823	 1.89185 0.499927 0.412364 0.499927 0.499927 0.412364 0.417837 0.412364 0.412364 0.417837 0.410124 0.417837 0.499927 0.412364 0.417837 0.412364
-74.4613	-74.887	0.425707	16	0.140455	0.210635	0.140455	0.140455	0.210635	0.285841	0.210635	0.210635	0.285841	0.349297	0.285841	0.140455	0.210635	0.285841	0.210635	5.80289e-18	0.42781	0.628447	0.42781	0.42781	0.628447	0.825585	0.628447	0.628447	0.825585	3.89745	0.825585	0.42781	0.628447	0.825585	0.628447	      1 1.27049 1.34231 1.27049 1.27049 1.34231 1.49845 1.34231 1.34231 1.49845 1.60391 1.49845 1.27049 1.34231 1.49845 1.34231	 1.90214 0.494617 0.409308 0.494617 0.494617 0.409308 0.413581 0.409308 0.409308 0.413581 0.406399 0.413581 0.494617 0.409308 0.413581 0.409308
-74.4973	-74.9084	0.411181	16	0.139692	0.209883	0.139692	0.139692	0.209883	0.284709	0.209883	0.209883	0.284709	0.348054	0.284709	0.139692	0.209883	0.284709	0.209883	2.14246e-18	0.427811	0.628563	0.427811	0.427811	0.628563	0.826359	0.628562	0.628562	0.826359	3.90699	0.826359	0.427811	0.628562	0.826359	0.628563	      1 1.26379 1.33686 1.26379 1.26379 1.33686 1.48844 1.33686 1.33686 1.48844 1.59391 1.48844 1.26379 1.33686 1.48844 1.33686	 1.91145  0.48982  0.40651  0.48982  0.48982  0.40651 0.409692  0.40651  0.40651 0.409692 0.402955 0.409692  0.48982  0.40651 0.409692  0.40651
-74.5268	-74.9248	0.397992	16	0.139001	0.209197	0.139001	0.139001	0.209197	0.283678	0.209197	0.209197	0.283678	0.346917	0.283678	0.139001	0.209197	0.283678	0.209197	-2.01311e-18	0.427811	0.628668	0.427811	0.427811	0.628668	0.827066	0.628668	0.628668	0.827066	3.91567	0.827066	0.427811	0.628668	0.827066	0.628668	      1 1.25772 1.33184 1.25772 1.25772 1.33184 1.47925 1.33184 1.33184 1.47925 1.58461 1.47925 1.25772 1.33184 1.47925 1.33184	 1.91988 0.485486  0.40395 0.485486 0.485486  0.40395  0.40614  0.40395  0.40395  0.40614 0.399772  0.40614 0.485486  0.40395  0.40614  0.40395
-74.551	-74.9371	0.386021	16	0.138374	0.208571	0.138374	0.138374	0.208571	0.282739	0.208571	0.208571	0.282739	0.345877	0.282739	0.138374	0.208571	0.282739	0.208571	-6.00706e-19	0.42781	0.628765	0.42781	0.42781	0.628765	0.82771	0.628765	0.628765	0.82771	3.92358	0.82771	0.42781	0.628765	0.82771	0.628765	      1 1.25221 1.32722 1.25221 1.25221 1.32722 1.47083 1.32722 1.32722 1.47083 1.57598 1.47083 1.25221 1.32722 1.47083 1.32722	  1.9275 0.481567 0.401608 0.481567 0.481567 0.401608 0.402895 0.401608 0.401608 0.402895 0.396834 0.402895 0.481567 0.401608 0.402895 0.401608
-74.5709	-74.9461	0.375158	16	0.137807	0.208	0.137807	0.137807	0.208	0.281886	0.208	0.208	0.281886	0.344926	0.281886	0.137807	0.208	0.281886	0.208	5.33127e-18	0.427808	0.628852	0.427808	0.427808	0.628852	0.828297	0.628852	0.628852	0.828297	3.93077	0.828297	0.427808	0.628852	0.828297	0.628852	      1 1.24722 1.32298 1.24722 1.24722 1.32298 1.46312 1.32298 1.32298 1.46312 1.56797 1.46312 1.24722 1.32298 1.46312 1.32298	  1.9344 0.478024 0.399466 0.478024 0.478024 0.399466 0.399933 0.399466 0.399466 0.399933 0.394124 0.399933 0.478024 0.399466 0.399933 0.399466
-74.5872	-74.9525	0.3653	16	0.137292	0.207479	0.137292	0.137292	0.207479	0.281109	0.207479	0.207479	0.281109	0.344057	0.281109	0.137292	0.207479	0.281109	0.207479	2.51268e-18	0.427805	0.628933	0.427805	0.427805	0.628933	0.828832	0.628933	0.628933	0.828832	3.93732	0.828832	0.427805	0.628933	0.828832	0.628933	      1  1.2427 1.31908  1.2427  1.2427 1.31908 1.45605 1.31908 1.31908 1.45605 1.56056 1.45605  1.2427 1.31908 1.45605 1.31908	 1.94064  0.47482 0.397508  0.47482  0.47482 0.397508  0.39723 0.397508 0.397508  0.39723 0.391627  0.39723  0.47482 0.397508  0.39723 0.397508
-74.6006	-74.9569	0.356354	16	0.136826	0.207005	0.136826	0.136826	0.207005	0.280401	0.207005	0.207005	0.280401	0.343263	0.280401	0.136826	0.207005	0.280401	0.207005	-6.72595e-18	0.427802	0.629006	0.427802	0.427802	0.629006	0.82932	0.629006	0.629006	0.82932	3.94328	0.82932	0.427802	0.629006	0.82932	0.629006	      1  1.2386 1.31551  1.2386  1.2386 1.31551 1.44958 1.31551 1.31551 1.44958  1.5537 1.44958  1.2386 1.31551 1.44958 1.31551	 1.94629 0.471922 0.395719 0.471922 0.471922 0.395719 0.394763 0.395719 0.395719 0.394763 0.389326 0.394763 0.471922 0.395719 0.394763 0.395719
-74.6115	-74.9598	0.348236	16	0.136403	0.206572	0.136403	0.136403	0.206572	0.279758	0.206572	0.206572	0.279758	0.342537	0.279758	0.136403	0.206572	0.279758	0.206572	1.72323e-18	0.427799	0.629072	0.427799	0.427799	0.629072	0.829764	0.629072	0.629072	0.829764	3.9487	0.829764	0.427799	0.629072	0.829764	0.629072	      1 1.23489 1.31223 1.23489 1.23489 1.31223 1.44367 1.31223 1.31223 1.44367 1.54736 1.44367 1.23489 1.31223 1.44367 1.31223	  1.9514 0.469299 0.394085 0.469299 0.469299 0.394085 0.392512 0.394085 0.394085 0.392512 0.387209 0.392512 0.469299 0.394085 0.392512 0.394085
-74.6205	-74.9614	0.340869	16	0.136019	0.206178	0.136019	0.136019	0.206178	0.279172	0.206178	0.206178	0.279172	0.341874	0.279172	0.136019	0.206178	0.279172	0.206178	-6.71378e-18	0.427795	0.629133	0.427795	0.427795	0.629133	0.830169	0.629133	0.629133	0.830169	3.95364	0.830169	0.427795	0.629133	0.830169	0.629133	      1 1.23153 1.30923 1.23153 1.23153 1.30923 1.43826 1.30923 1.30923 1.43826  1.5415 1.43826 1.23153 1.30923 1.43826 1.30923	 1.95603 0.466927 0.392593 0.466927 0.466927 0.392593  0.39046 0.392593 0.392593  0.39046 0.385261  0.39046 0.466927 0.392593  0.39046 0.392593
-74.6279	-74.9621	0.334181	16	0.13567	0.205819	0.13567	0.13567	0.205819	0.278639	0.205819	0.205819	0.278639	0.341269	0.278639	0.13567	0.205819	0.278639	0.205819	8.02325e-18	0.427792	0.629188	0.427792	0.427792	0.629188	0.830538	0.629188	0.629188	0.830538	3.95813	0.830538	0.427792	0.629188	0.830538	0.629188	      1 1.22849 1.30648 1.22849 1.22849 1.30648 1.43331 1.30648 1.30648 1.43331  1.5361 1.43331 1.22849 1.30648 1.43331 1.30648	 1.96021  0.46478 0.391231  0.46478  0.46478 0.391231 0.388588 0.391231 0.391231 0.388588  0.38347 0.388588  0.46478 0.391231 0.388588 0.391231
-74.6339	-74.962	0.328111	16	0.135354	0.205492	0.135354	0.135354	0.205492	0.278154	0.205492	0.205492	0.278154	0.340716	0.278154	0.135354	0.205492	0.278154	0.205492	-6.25751e-18	0.427788	0.629239	0.427788	0.427788	0.629239	0.830874	0.629239	0.629239	0.830874	3.96222	0.830874	0.427788	0.629239	0.830874	0.629239	      1 1.22574 1.30396 1.22574 1.22574 1.30396 1.42879 1.30396 1.30396 1.42879 1.53111 1.42879 1.22574 1.30396 1.42879 1.30396	   1.964 0.462837 0.389988 0.462837 0.462837 0.389988 0.386881 0.389988 0.389988 0.386881 0.381823 0.386881 0.462837 0.389988 0.386881 0.389988
-74.6389	-74.9615	0.322599	16	0.135067	0.205194	0.135067	0.135067	0.205194	0.277713	0.205194	0.205194	0.277713	0.340211	0.277713	0.135067	0.205194	0.277713	0.205194	2.48973e-18	0.427785	0.629285	0.427785	0.427785	0.629285	0.83118	0.629285	0.629285	0.83118	3.96594	0.83118	0.427785	0.629285	0.83118	0.629285	      1 1.22324 1.30166 1.22324 1.22324 1.30166 1.42466 1.30166 1.30166 1.42466 1.52652 1.42466 1.22324 1.30166 1.42466 1.30166	 1.96742 0.461078 0.388854 0.461078 0.461078 0.388854 0.385325 0.388854 0.388854 0.385325 0.380311 0.385325 0.461078 0.388854 0.385325 0.388854
-74.6429	-74.9605	0.317594	16	0.134806	0.204922	0.134806	0.134806	0.204922	0.277311	0.204922	0.204922	0.277311	0.339751	0.277311	0.134806	0.204922	0.277311	0.204922	-7.21338e-19	0.427782	0.629327	0.427782	0.427782	0.629327	0.831459	0.629327	0.629327	0.831459	3.96932	0.831459	0.427782	0.629327	0.831459	0.629327	      1 1.22099 1.29956 1.22099 1.22099 1.29956  1.4209 1.29956 1.29956  1.4209 1.52229  1.4209 1.22099 1.29956  1.4209 1.29956	 1.97052 0.459485 0.387819 0.459485 0.459485 0.387819 0.383906 0.387819 0.387819 0.383906 0.378922 0.383906 0.459485 0.387819 0.383906 0.387819
-74.6463	-74.9593	0.313048	16	0.134569	0.204675	0.134569	0.134569	0.204675	0.276946	0.204675	0.204675	0.276946	0.33933	0.276946	0.134569	0.204675	0.276946	0.204675	3.96515e-18	0.427779	0.629365	0.427779	0.427779	0.629365	0.831713	0.629365	0.629365	0.831713	3.9724	0.831713	0.427779	0.629365	0.831713	0.629365	      1 1.21894 1.29763 1.21894 1.21894 1.29763 1.41746 1.29763 1.29763 1.41746  1.5184 1.41746 1.21894 1.29763 1.41746 1.29763	 1.97333 0.458043 0.386875 0.458043 0.458043 0.386875 0.382613 0.386875 0.386875 0.382613 0.377648 0.382613 0.458043 0.386875 0.382613 0.386875
-74.649	-74.9579	0.308919	16	0.134354	0.20445	0.134354	0.134354	0.20445	0.276613	0.20445	0.20445	0.276613	0.338947	0.276613	0.134354	0.20445	0.276613	0.20445	-3.48496e-18	0.427776	0.6294	0.427776	0.427776	0.6294	0.831944	0.6294	0.6294	0.831944	3.9752	0.831944	0.427776	0.6294	0.831944	0.6294	      1  1.2171 1.29588  1.2171  1.2171 1.29588 1.41431 1.29588 1.29588 1.41431 1.51481 1.41431  1.2171 1.29588 1.41431 1.29588	 1.97587 0.456737 0.386015 0.456737 0.456737 0.386015 0.381435 0.386015 0.386015 0.381435 0.376478 0.381435 0.456737 0.386015 0.381435 0.386015
-74.6512	-74.9564	0.305167	16	0.134159	0.204245	0.134159	0.134159	0.204245	0.276311	0.204245	0.204245	0.276311	0.338597	0.276311	0.134159	0.204245	0.276311	0.204245	-1.16809e-18	0.427773	0.629432	0.427773	0.427773	0.629432	0.832155	0.629432	0.629432	0.832155	3.97775	0.832155	0.427773	0.629432	0.832155	0.629432	      1 1.21542 1.29427 1.21542 1.21542 1.29427 1.41145 1.29427 1.29427 1.41145 1.51152 1.41145 1.21542 1.29427 1.41145 1.29427	 1.97816 0.455554  0.38523 0.455554 0.455554  0.38523 0.380361  0.38523  0.38523 0.380361 0.375406 0.380361 0.455554  0.38523 0.380361  0.38523
-74.6531	-74.9548	0.301759	16	0.133982	0.204058	0.133982	0.133982	0.204058	0.276035	0.204058	0.204058	0.276035	0.338277	0.276035	0.133982	0.204058	0.276035	0.204058	4.01667e-18	0.42777	0.629461	0.42777	0.42777	0.629461	0.832346	0.629461	0.629461	0.832346	3.98007	0.832346	0.42777	0.629461	0.832346	0.629461	      1 1.21391  1.2928 1.21391 1.21391  1.2928 1.40883  1.2928  1.2928 1.40883 1.50849 1.40883 1.21391  1.2928 1.40883  1.2928	 1.98024 0.454482 0.384515 0.454482 0.454482 0.384515 0.379383 0.384515 0.384515 0.379383 0.374422 0.379383 0.454482 0.384515 0.379383 0.384515
-74.6546	-74.9532	0.298661	16	0.13382	0.203888	0.13382	0.13382	0.203888	0.275785	0.203888	0.203888	0.275785	0.337986	0.275785	0.13382	0.203888	0.275785	0.203888	2.14668e-18	0.427768	0.629487	0.427768	0.427768	0.629487	0.832521	0.629487	0.629487	0.832521	3.98218	0.832521	0.427768	0.629487	0.832521	0.629487	      1 1.21253 1.29147 1.21253 1.21253 1.29147 1.40645 1.29147 1.29147 1.40645 1.50571 1.40645 1.21253 1.29147 1.40645 1.29147	 1.98212 0.453511 0.383863 0.453511 0.453511 0.383863 0.378492 0.383863 0.383863 0.378492  0.37352 0.378492 0.453511 0.383863 0.378492 0.383863
-74.6558	-74.9517	0.295846	16	0.133674	0.203733	0.133674	0.133674	0.203733	0.275557	0.203733	0.203733	0.275557	0.33772	0.275557	0.133674	0.203733	0.275557	0.203733	-3.9832e-18	0.427766	0.629512	0.427766	0.427766	0.629512	0.83268	0.629512	0.629512	0.83268	3.98411	0.83268	0.427766	0.629512	0.83268	0.629512	      1 1.21129 1.29024 1.21129 1.21129 1.29024 1.40427 1.29024 1.29024 1.40427 1.50316 1.40427 1.21129 1.29024 1.40427 1.29024	 1.98382  0.45263 0.383268  0.45263  0.45263 0.383268 0.377679 0.383268 0.383268 0.377679 0.372694 0.377679  0.45263 0.383268 0.377679 0.383268
-74.6568	-74.9501	0.293286	16	0.133541	0.203593	0.133541	0.133541	0.203593	0.275349	0.203593	0.203593	0.275349	0.337478	0.275349	0.133541	0.203593	0.275349	0.203593	3.3741e-18	0.427764	0.629534	0.427764	0.427764	0.629534	0.832824	0.629534	0.629534	0.832824	3.98585	0.832824	0.427764	0.629534	0.832824	0.629534	      1 1.21017 1.28913 1.21017 1.21017 1.28913 1.40229 1.28913 1.28913 1.40229 1.50082 1.40229 1.21017 1.28913 1.40229 1.28913	 1.98536 0.451833 0.382727 0.451833 0.451833 0.382727  0.37694 0.382727 0.382727  0.37694 0.371936  0.37694 0.451833 0.382727  0.37694 0.382727
-74.6576	-74.9486	0.290959	16	0.13342	0.203464	0.13342	0.13342	0.203464	0.27516	0.203464	0.203464	0.27516	0.337257	0.27516	0.13342	0.203464	0.27516	0.203464	-3.33474e-18	0.427762	0.629554	0.427762	0.427762	0.629554	0.832956	0.629554	0.629554	0.832956	3.98744	0.832956	0.427762	0.629554	0.832956	0.629554	      1 1.20915 1.28811 1.20915 1.20915 1.28811 1.40048 1.28811 1.28811 1.40048 1.49867 1.40048 1.20915 1.28811 1.40048 1.28811	 1.98676 0.451109 0.382234 0.451109 0.451109 0.382234 0.376266 0.382234 0.382234 0.376266 0.371243 0.376266 0.451109 0.382234 0.376266 0.382234
-74.6583	-74.9472	0.288844	16	0.13331	0.203348	0.13331	0.13331	0.203348	0.274988	0.203348	0.203348	0.274988	0.337055	0.274988	0.13331	0.203348	0.274988	0.203348	3.31143e-18	0.42776	0.629572	0.42776	0.42776	0.629572	0.833076	0.629572	0.629572	0.833076	3.98889	0.833076	0.42776	0.629572	0.833076	0.629572	      1 1.20822 1.28718 1.20822 1.20822 1.28718 1.39883 1.28718 1.28718 1.39883 1.49669 1.39883 1.20822 1.28718 1.39883 1.28718	 1.98802 0.450454 0.381784 0.450454 0.450454 0.381784 0.375652 0.381784 0.381784 0.375652 0.370608 0.375652 0.450454 0.381784 0.375652 0.381784
-74.6589	-74.9458	0.28692	16	0.13321	0.203241	0.13321	0.13321	0.203241	0.274832	0.203241	0.203241	0.274832	0.336871	0.274832	0.13321	0.203241	0.274832	0.203241	-1.43729e-19	0.427758	0.629589	0.427758	0.427758	0.629589	0.833185	0.629589	0.629589	0.833185	3.99021	0.833185	0.427758	0.629589	0.833185	0.629589	      1 1.20739 1.28634 1.20739 1.20739 1.28634 1.39733 1.28634 1.28634 1.39733 1.49488 1.39733 1.20739 1.28634 1.39733 1.28634	 1.98916 0.449859 0.381374 0.449859 0.449859 0.381374 0.375093 0.381374 0.381374 0.375093 0.370026 0.375093 0.449859 0.381374 0.375093 0.381374
-74.6593	-74.9445	0.28517	16	0.133119	0.203145	0.133119	0.133119	0.203145	0.274689	0.203145	0.203145	0.274689	0.336703	0.274689	0.133119	0.203145	0.274689	0.203145	-8.35877e-19	0.427757	0.629604	0.427757	0.427757	0.629604	0.833284	0.629604	0.629604	0.833284	3.99141	0.833284	0.427757	0.629604	0.833284	0.629604	      1 1.20663 1.28557 1.20663 1.20663 1.28557 1.39596 1.28557 1.28557 1.39596 1.49323 1.39596 1.20663 1.28557 1.39596 1.28557	 1.99019 0.449319 0.381001 0.449319 0.449319 0.381001 0.374583 0.381001 0.381001 0.374583 0.369494 0.374583 0.449319 0.381001 0.374583 0.381001
-74.6597	-74.9433	0.283579	16	0.133036	0.203056	0.133036	0.133036	0.203056	0.27456	0.203056	0.203056	0.27456	0.33655	0.27456	0.133036	0.203056	0.27456	0.203056	-1.01816e-18	0.427756	0.629618	0.427756	0.427756	0.629618	0.833375	0.629618	0.629618	0.833375	3.9925	0.833375	0.427756	0.629618	0.833375	0.629618	      1 1.20594 1.28486 1.20594 1.20594 1.28486 1.39471 1.28486 1.28486 1.39471 1.49171 1.39471 1.20594 1.28486 1.39471 1.28486	 1.99112  0.44883 0.380661  0.44883  0.44883 0.380661  0.37412 0.380661 0.380661  0.37412 0.369006  0.37412  0.44883 0.380661  0.37412 0.380661
-74.66	-74.9422	0.282131	16	0.132961	0.202976	0.132961	0.132961	0.202976	0.274442	0.202976	0.202976	0.274442	0.336411	0.274442	0.132961	0.202976	0.274442	0.202976	1.97638e-18	0.427754	0.62963	0.427754	0.427754	0.62963	0.833457	0.62963	0.62963	0.833457	3.99349	0.833457	0.427754	0.62963	0.833457	0.62963	      1 1.20532 1.28422 1.20532 1.20532 1.28422 1.39358 1.28422 1.28422 1.39358 1.49031 1.39358 1.20532 1.28422 1.39358 1.28422	 1.99197 0.448386 0.380352 0.448386 0.448386 0.380352 0.373697 0.380352 0.380352 0.373697 0.368561 0.373697 0.448386 0.380352 0.373697 0.380352
-74.6603	-74.9411	0.280814	16	0.132893	0.202903	0.132893	0.132893	0.202903	0.274334	0.202903	0.202903	0.274334	0.336283	0.274334	0.132893	0.202903	0.274334	0.202903	-4.34319e-18	0.427753	0.629642	0.427753	0.427753	0.629642	0.833532	0.629642	0.629642	0.833532	3.99439	0.833532	0.427753	0.629642	0.833532	0.629642	      1 1.20476 1.28364 1.20476 1.20476 1.28364 1.39254 1.28364 1.28364 1.39254 1.48904 1.39254 1.20476 1.28364 1.39254 1.28364	 1.99273 0.447983  0.38007 0.447983 0.447983  0.38007 0.373312  0.38007  0.38007 0.373312 0.368153 0.373312 0.447983  0.38007 0.373312  0.38007
-74.6605	-74.9401	0.279616	16	0.132831	0.202837	0.132831	0.132831	0.202837	0.274237	0.202837	0.202837	0.274237	0.336167	0.274237	0.132831	0.202837	0.274237	0.202837	4.18502e-18	0.427752	0.629653	0.427752	0.427752	0.629653	0.8336	0.629653	0.629653	0.8336	3.99522	0.8336	0.427752	0.629653	0.8336	0.629653	      1 1.20425 1.28311 1.20425 1.20425 1.28311  1.3916 1.28311 1.28311  1.3916 1.48787  1.3916 1.20425 1.28311  1.3916 1.28311	 1.99342 0.447618 0.379813 0.447618 0.447618 0.379813 0.372962 0.379813 0.379813 0.372962  0.36778 0.372962 0.447618 0.379813 0.372962 0.379813
-74.6607	-74.9392	0.278526	16	0.132774	0.202776	0.132774	0.132774	0.202776	0.274148	0.202776	0.202776	0.274148	0.336062	0.274148	0.132774	0.202776	0.274148	0.202776	3.19876e-20	0.427751	0.629662	0.427751	0.427751	0.629662	0.833662	0.629662	0.629662	0.833662	3.99596	0.833662	0.427751	0.629662	0.833662	0.629662	      1 1.20378 1.28262 1.20378 1.20378 1.28262 1.39074 1.28262 1.28262 1.39074  1.4868 1.39074 1.20378 1.28262 1.39074 1.28262	 1.99405 0.447286 0.379579 0.447286 0.447286 0.379579 0.372643 0.379579 0.379579 0.372643 0.367438 0.372643 0.447286 0.379579 0.372643 0.379579
-74.6608	-74.9383	0.277534	16	0.132723	0.202721	0.132723	0.132723	0.202721	0.274067	0.202721	0.202721	0.274067	0.335965	0.274067	0.132723	0.202721	0.274067	0.202721	2.12917e-18	0.42775	0.629671	0.42775	0.42775	0.629671	0.833719	0.629671	0.629671	0.833719	3.99664	0.833719	0.42775	0.629671	0.833719	0.629671	      1 1.20336 1.28218 1.20336 1.20336 1.28218 1.38995 1.28218 1.28218 1.38995 1.48582 1.38995 1.20336 1.28218 1.38995 1.28218	 1.99462 0.446985 0.379366 0.446985 0.446985 0.379366 0.372352 0.379366 0.379366 0.372352 0.367126 0.372352 0.446985 0.379366 0.372352 0.379366
-74.6609	-74.9375	0.276632	16	0.132676	0.202671	0.132676	0.132676	0.202671	0.273993	0.202671	0.202671	0.273993	0.335877	0.273993	0.132676	0.202671	0.273993	0.202671	-5.99497e-19	0.427749	0.629679	0.427749	0.427749	0.629679	0.83377	0.629679	0.629679	0.83377	3.99726	0.83377	0.427749	0.629679	0.83377	0.629679	      1 1.20298 1.28178 1.20298 1.20298 1.28178 1.38924 1.28178 1.28178 1.38924 1.48492 1.38924 1.20298 1.28178 1.38924 1.28178	 1.99513 0.446712 0.379172 0.446712 0.446712 0.379172 0.372088 0.379172 0.379172 0.372088 0.366841 0.372088 0.446712 0.379172 0.372088 0.379172
-74.661	-74.9368	0.27581	16	0.132634	0.202626	0.132634	0.132634	0.202626	0.273926	0.202626	0.202626	0.273926	0.335797	0.273926	0.132634	0.202626	0.273926	0.202626	-4.75744e-18	0.427749	0.629686	0.427749	0.427749	0.629686	0.833817	0.629686	0.629686	0.833817	3.99783	0.833817	0.427749	0.629686	0.833817	0.629686	      1 1.20263 1.28141 1.20263 1.20263 1.28141 1.38859 1.28141 1.28141 1.38859  1.4841 1.38859 1.20263 1.28141 1.38859 1.28141	 1.99559 0.446463 0.378996 0.446463 0.446463 0.378996 0.371847 0.378996 0.378996 0.371847  0.36658 0.371847 0.446463 0.378996 0.371847 0.378996
-74.6611	-74.9361	0.275063	16	0.132595	0.202584	0.132595	0.132595	0.202584	0.273865	0.202584	0.202584	0.273865	0.335724	0.273865	0.132595	0.202584	0.273865	0.202584	4.52302e-18	0.427748	0.629693	0.427748	0.427748	0.629693	0.83386	0.629693	0.629693	0.83386	3.99834	0.83386	0.427748	0.629693	0.83386	0.629693	      1 1.20232 1.28107 1.20232 1.20232 1.28107 1.38799 1.28107 1.28107 1.38799 1.48335 1.38799 1.20232 1.28107 1.38799 1.28107	 1.99601 0.446238 0.378835 0.446238 0.446238 0.378835 0.371628 0.378835 0.378835 0.371628 0.366342 0.371628 0.446238 0.378835 0.371628 0.378835
-74.6611	-74.9355	0.274383	16	0.13256	0.202546	0.13256	0.13256	0.202546	0.273809	0.202546	0.202546	0.273809	0.335658	0.273809	0.13256	0.202546	0.273809	0.202546	1.77541e-18	0.427748	0.629699	0.427748	0.427748	0.629699	0.833899	0.629699	0.629699	0.833899	3.99881	0.833899	0.427748	0.629699	0.833899	0.629699	      1 1.20204 1.28077 1.20204 1.20204 1.28077 1.38745 1.28077 1.28077 1.38745 1.48266 1.38745 1.20204 1.28077 1.38745 1.28077	 1.99639 0.446033 0.378688 0.446033 0.446033 0.378688 0.371428 0.378688 0.378688 0.371428 0.366124 0.371428 0.446033 0.378688 0.371428 0.378688
-74.6612	-74.935	0.273763	16	0.132528	0.202512	0.132528	0.132528	0.202512	0.273759	0.202512	0.202512	0.273759	0.335597	0.273759	0.132528	0.202512	0.273759	0.202512	4.08924e-18	0.427747	0.629704	0.427747	0.427747	0.629704	0.833934	0.629704	0.629704	0.833934	3.99923	0.833934	0.427747	0.629704	0.833934	0.629704	      1 1.20178 1.28049 1.20178 1.20178 1.28049 1.38696 1.28049 1.28049 1.38696 1.48204 1.38696 1.20178 1.28049 1.38696 1.28049	 1.99673 0.445847 0.378555 0.445847 0.445847 0.378555 0.371246 0.378555 0.378555 0.371246 0.365924 0.371246 0.445847 0.378555 0.371246 0.378555
-74.6612	-74.9344	0.2732	16	0.132499	0.202481	0.132499	0.132499	0.202481	0.273713	0.202481	0.202481	0.273713	0.335541	0.273713	0.132499	0.202481	0.273713	0.202481	-1.81629e-18	0.427746	0.629709	0.427746	0.427746	0.629709	0.833966	0.629709	0.629709	0.833966	3.99962	0.833966	0.427746	0.629709	0.833966	0.629709	      1 1.20154 1.28024 1.20154 1.20154 1.28024 1.38652 1.28024 1.28024 1.38652 1.48146 1.38652 1.20154 1.28024 1.38652 1.28024	 1.99704 0.445678 0.378434 0.445678 0.445678 0.378434  0.37108 0.378434 0.378434  0.37108 0.365743  0.37108 0.445678 0.378434  0.37108 0.378434
-74.6613	-74.934	0.272687	16	0.132472	0.202452	0.132472	0.132472	0.202452	0.273671	0.202452	0.202452	0.273671	0.335491	0.273671	0.132472	0.202452	0.273671	0.202452	-3.11248e-18	0.427746	0.629714	0.427746	0.427746	0.629714	0.833996	0.629714	0.629714	0.833996	3.99997	0.833996	0.427746	0.629714	0.833996	0.629714	      1 1.20133 1.28001 1.20133 1.20133 1.28001 1.38611 1.28001 1.28001 1.38611 1.48094 1.38611 1.20133 1.28001 1.38611 1.28001	 1.99733 0.445525 0.378323 0.445525 0.445525 0.378323 0.370929 0.378323 0.378323 0.370929 0.365576 0.370929 0.445525 0.378323 0.370929 0.378323
-74.6613	-74.9335	0.27222	16	0.132448	0.202426	0.132448	0.132448	0.202426	0.273633	0.202426	0.202426	0.273633	0.335445	0.273633	0.132448	0.202426	0.273633	0.202426	2.9289e-18	0.427746	0.629718	0.427746	0.427746	0.629718	0.834022	0.629718	0.629718	0.834022	4.00029	0.834022	0.427746	0.629718	0.834022	0.629718	      1 1.20114  1.2798 1.20114 1.20114  1.2798 1.38574  1.2798  1.2798 1.38574 1.48046 1.38574 1.20114  1.2798 1.38574  1.2798	 1.99758 0.445385 0.378223 0.445385 0.445385 0.378223 0.370792 0.378223 0.378223 0.370792 0.365424 0.370792 0.445385 0.378223 0.370792 0.378223
-74.6613	-74.9331	0.271795	16	0.132426	0.202403	0.132426	0.132426	0.202403	0.273598	0.202403	0.202403	0.273598	0.335403	0.273598	0.132426	0.202403	0.273598	0.202403	7.21566e-18	0.427745	0.629722	0.427745	0.427745	0.629722	0.834047	0.629722	0.629722	0.834047	4.00059	0.834047	0.427745	0.629722	0.834047	0.629722	      1 1.20096 1.27961 1.20096 1.20096 1.27961  1.3854 1.27961 1.27961  1.3854 1.48002  1.3854 1.20096 1.27961  1.3854 1.27961	 1.99781 0.445259 0.378131 0.445259 0.445259 0.378131 0.370667 0.378131 0.378131 0.370667 0.365286 0.370667 0.445259 0.378131 0.370667 0.378131
-74.6613	-74.9327	0.271408	16	0.132406	0.202381	0.132406	0.132406	0.202381	0.273566	0.202381	0.202381	0.273566	0.335365	0.273566	0.132406	0.202381	0.273566	0.202381	1.0107e-18	0.427745	0.629725	0.427745	0.427745	0.629725	0.834069	0.629725	0.629725	0.834069	4.00085	0.834069	0.427745	0.629725	0.834069	0.629725	      1  1.2008 1.27944  1.2008  1.2008 1.27944 1.38509 1.27944 1.27944 1.38509 1.47962 1.38509  1.2008 1.27944 1.38509 1.27944	 1.99802 0.445144 0.378048 0.445144 0.445144 0.378048 0.370553 0.378048 0.378048 0.370553 0.365159 0.370553 0.445144 0.378048 0.370553 0.378048
-74.6614	-74.9324	0.271056	16	0.132388	0.202362	0.132388	0.132388	0.202362	0.273538	0.202362	0.202362	0.273538	0.33533	0.273538	0.132388	0.202362	0.273538	0.202362	3.39456e-18	0.427745	0.629728	0.427745	0.427745	0.629728	0.834089	0.629728	0.629728	0.834089	4.00109	0.834089	0.427745	0.629728	0.834089	0.629728	      1 1.20066 1.27928 1.20066 1.20066 1.27928 1.38481 1.27928 1.27928 1.38481 1.47925 1.38481 1.20066 1.27928 1.38481 1.27928	 1.99821 0.445039 0.377972 0.445039 0.445039 0.377972 0.370449 0.377972 0.377972 0.370449 0.365043 0.370449 0.445039 0.377972 0.370449 0.377972
-74.6614	-74.9321	0.270735	16	0.132372	0.202344	0.132372	0.132372	0.202344	0.273511	0.202344	0.202344	0.273511	0.335298	0.273511	0.132372	0.202344	0.273511	0.202344	-4.19961e-19	0.427744	0.629731	0.427744	0.427744	0.629731	0.834107	0.629731	0.629731	0.834107	4.00131	0.834107	0.427744	0.629731	0.834107	0.629731	      1 1.20053 1.27913 1.20053 1.20053 1.27913 1.38455 1.27913 1.27913 1.38455 1.47892 1.38455 1.20053 1.27913 1.38455 1.27913	 1.99838 0.444944 0.377902 0.444944 0.444944 0.377902 0.370355 0.377902 0.377902 0.370355 0.364938 0.370355 0.444944 0.377902 0.370355 0.377902
-74.6614	-74.9318	0.270443	16	0.132357	0.202328	0.132357	0.132357	0.202328	0.273488	0.202328	0.202328	0.273488	0.335269	0.273488	0.132357	0.202328	0.273488	0.202328	-1.2694e-18	0.427744	0.629734	0.427744	0.427744	0.629734	0.834124	0.629734	0.629734	0.834124	4.00151	0.834124	0.427744	0.629734	0.834124	0.629734	      1 1.20041   1.279 1.20041 1.20041   1.279 1.38432   1.279   1.279 1.38432 1.47861 1.38432 1.20041   1.279 1.38432   1.279	 1.99853 0.444857 0.377839 0.444857 0.444857 0.377839 0.370269 0.377839 0.377839 0.370269 0.364841 0.370269 0.444857 0.377839 0.370269 0.377839
-74.6614	-74.9316	0.270177	16	0.132343	0.202313	0.132343	0.132343	0.202313	0.273466	0.202313	0.202313	0.273466	0.335243	0.273466	0.132343	0.202313	0.273466	0.202313	1.36134e-18	0.427744	0.629736	0.427744	0.427744	0.629736	0.834139	0.629736	0.629736	0.834139	4.0017	0.834139	0.427744	0.629736	0.834139	0.629736	      1  1.2003 1.27888  1.2003  1.2003 1.27888 1.38411 1.27888 1.27888 1.38411 1.47833 1.38411  1.2003 1.27888 1.38411 1.27888	 1.99867 0.444779 0.377782 0.444779 0.444779 0.377782 0.370191 0.377782 0.377782 0.370191 0.364753 0.370191 0.444779 0.377782 0.370191 0.377782
-74.6614	-74.9313	0.269935	16	0.13233	0.202299	0.13233	0.13233	0.202299	0.273446	0.202299	0.202299	0.273446	0.335219	0.273446	0.13233	0.202299	0.273446	0.202299	-2.96541e-18	0.427744	0.629739	0.427744	0.427744	0.629739	0.834153	0.629739	0.629739	0.834153	4.00186	0.834153	0.427744	0.629739	0.834153	0.629739	      1  1.2002 1.27877  1.2002  1.2002 1.27877 1.38392 1.27877 1.27877 1.38392 1.47808 1.38392  1.2002 1.27877 1.38392 1.27877	  1.9988 0.444707  0.37773 0.444707 0.444707  0.37773  0.37012  0.37773  0.37773  0.37012 0.364673  0.37012 0.444707  0.37773  0.37012  0.37773
-74.6614	-74.9311	0.269715	16	0.132319	0.202287	0.132319	0.132319	0.202287	0.273428	0.202287	0.202287	0.273428	0.335197	0.273428	0.132319	0.202287	0.273428	0.202287	3.25105e-18	0.427743	0.629741	0.427743	0.427743	0.629741	0.834165	0.629741	0.629741	0.834165	4.00201	0.834165	0.427743	0.629741	0.834165	0.629741	      1 1.20011 1.27867 1.20011 1.20011 1.27867 1.38374 1.27867 1.27867 1.38374 1.47784 1.38374 1.20011 1.27867 1.38374 1.27867	 1.99891 0.444642 0.377682 0.444642 0.444642 0.377682 0.370055 0.377682 0.377682 0.370055 0.364599 0.370055 0.444642 0.377682 0.370055 0.377682
-74.6614	-74.9309	0.269515	16	0.132309	0.202276	0.132309	0.132309	0.202276	0.273412	0.202276	0.202276	0.273412	0.335177	0.273412	0.132309	0.202276	0.273412	0.202276	-6.75237e-19	0.427743	0.629742	0.427743	0.427743	0.629742	0.834177	0.629742	0.629742	0.834177	4.00215	0.834177	0.427743	0.629742	0.834177	0.629742	      1 1.20003 1.27858 1.20003 1.20003 1.27858 1.38358 1.27858 1.27858 1.38358 1.47763 1.38358 1.20003 1.27858 1.38358 1.27858	 1.99902 0.444583 0.377639 0.444583 0.444583 0.377639 0.369996 0.377639 0.377639 0.369996 0.364532 0.369996 0.444583 0.377639 0.369996 0.377639
-74.6614	-74.9307	0.269332	16	0.132299	0.202266	0.132299	0.132299	0.202266	0.273397	0.202266	0.202266	0.273397	0.335159	0.273397	0.132299	0.202266	0.273397	0.202266	-7.15634e-18	0.427743	0.629744	0.427743	0.427743	0.629744	0.834187	0.629744	0.629744	0.834187	4.00228	0.834187	0.427743	0.629744	0.834187	0.629744	      1 1.19995  1.2785 1.19995 1.19995  1.2785 1.38344  1.2785  1.2785 1.38344 1.47743 1.38344 1.19995  1.2785 1.38344  1.2785	 1.99911  0.44453   0.3776  0.44453  0.44453   0.3776 0.369942   0.3776   0.3776 0.369942 0.364471 0.369942  0.44453   0.3776 0.369942   0.3776
-74.6614	-74.9306	0.269166	16	0.132291	0.202257	0.132291	0.132291	0.202257	0.273383	0.202257	0.202257	0.273383	0.335142	0.273383	0.132291	0.202257	0.273383	0.202257	3.10169e-18	0.427743	0.629745	0.427743	0.427743	0.629745	0.834197	0.629745	0.629745	0.834197	4.00239	0.834197	0.427743	0.629745	0.834197	0.629745	      1 1.19989 1.27843 1.19989 1.19989 1.27843  1.3833 1.27843 1.27843  1.3833 1.47726  1.3833 1.19989 1.27843  1.3833 1.27843	 1.99919 0.444481 0.377564 0.444481 0.444481 0.377564 0.369893 0.377564 0.377564 0.369893 0.364415 0.369893 0.444481 0.377564 0.369893 0.377564
-74.6614	-74.9304	0.269014	16	0.132283	0.202248	0.132283	0.132283	0.202248	0.273371	0.202248	0.202248	0.273371	0.335127	0.273371	0.132283	0.202248	0.273371	0.202248	-9.55606e-18	0.427743	0.629747	0.427743	0.427743	0.629747	0.834205	0.629747	0.629747	0.834205	4.00249	0.834205	0.427743	0.629747	0.834205	0.629747	      1 1.19983 1.27836 1.19983 1.19983 1.27836 1.38318 1.27836 1.27836 1.38318  1.4771 1.38318 1.19983 1.27836 1.38318 1.27836	 1.99927 0.444436 0.377531 0.444436 0.444436 0.377531 0.369849 0.377531 0.377531 0.369849 0.364364 0.369849 0.444436 0.377531 0.369849 0.377531
-74.6614	-74.9303	0.268877	16	0.132276	0.202241	0.132276	0.132276	0.202241	0.27336	0.202241	0.202241	0.27336	0.335114	0.27336	0.132276	0.202241	0.27336	0.202241	3.38771e-18	0.427743	0.629748	0.427743	0.427743	0.629748	0.834213	0.629748	0.629748	0.834213	4.00259	0.834213	0.427743	0.629748	0.834213	0.629748	      1 1.19977  1.2783 1.19977 1.19977  1.2783 1.38307  1.2783  1.2783 1.38307 1.47695 1.38307 1.19977  1.2783 1.38307  1.2783	 1.99934 0.444396 0.377502 0.444396 0.444396 0.377502 0.369808 0.377502 0.377502 0.369808 0.364318 0.369808 0.444396 0.377502 0.369808 0.377502
-74.6614	-74.9302	0.268751	16	0.13227	0.202234	0.13227	0.13227	0.202234	0.273349	0.202234	0.202234	0.273349	0.335101	0.273349	0.13227	0.202234	0.273349	0.202234	-1.93436e-18	0.427743	0.629749	0.427743	0.427743	0.629749	0.83422	0.629749	0.629749	0.83422	4.00267	0.83422	0.427743	0.629749	0.83422	0.629749	      1 1.19972 1.27824 1.19972 1.19972 1.27824 1.38297 1.27824 1.27824 1.38297 1.47681 1.38297 1.19972 1.27824 1.38297 1.27824	  1.9994 0.444359 0.377475 0.444359 0.444359 0.377475 0.369771 0.377475 0.377475 0.369771 0.364275 0.369771 0.444359 0.377475 0.369771 0.377475
-74.6614	-74.9301	0.268637	16	0.132264	0.202227	0.132264	0.132264	0.202227	0.27334	0.202227	0.202227	0.27334	0.33509	0.27334	0.132264	0.202227	0.27334	0.202227	-1.14651e-18	0.427743	0.62975	0.427743	0.427743	0.62975	0.834227	0.62975	0.62975	0.834227	4.00275	0.834227	0.427743	0.62975	0.834227	0.62975	      1 1.19967 1.27819 1.19967 1.19967 1.27819 1.38288 1.27819 1.27819 1.38288 1.47669 1.38288 1.19967 1.27819 1.38288 1.27819	 1.99946 0.444326  0.37745 0.444326 0.444326  0.37745 0.369737  0.37745  0.37745 0.369737 0.364237 0.369737 0.444326  0.37745 0.369737  0.37745
-74.6614	-74.9299	0.268533	16	0.132258	0.202221	0.132258	0.132258	0.202221	0.273332	0.202221	0.202221	0.273332	0.335079	0.273332	0.132258	0.202221	0.273332	0.202221	9.63979e-19	0.427742	0.629751	0.427742	0.427742	0.629751	0.834233	0.629751	0.629751	0.834233	4.00282	0.834233	0.427742	0.629751	0.834233	0.629751	      1 1.19963 1.27814 1.19963 1.19963 1.27814  1.3828 1.27814 1.27814  1.3828 1.47658  1.3828 1.19963 1.27814  1.3828 1.27814	 1.99951 0.444295 0.377428 0.444295 0.444295 0.377428 0.369707 0.377428 0.377428 0.369707 0.364201 0.369707 0.444295 0.377428 0.369707 0.377428
