1	1.00710922100477	1.01241846989615	1.00710922100477	1.00710922100828	1.01278022567354	1.0175573765492	1.01278022567025	1.01241846990072	1.01755737655122	1.0222043191505	1.01755737655122	1.00710922100828	1.01278022567025	1.0175573765492	1.01278022567354	0.424037887650587	0.373593884244386	0.344623754835673	0.373593884244387	0.373593884248126	0.350641645053189	0.332870928142638	0.350641644998758	0.344623754813242	0.332870928133861	0.322746397724471	0.332870928133861	0.373593884248126	0.350641644998758	0.332870928142639	0.35064164505319
1	1.02438974823746	1.04044898256578	1.02438974823746	1.02438974823839	1.04329711035606	1.0586086838133	1.04329711034917	1.04044898256462	1.05860868381209	1.07168610233279	1.05860868381209	1.02438974823839	1.04329711034917	1.0586086838133	1.04329711035606	0.58003270865736	0.50598067113117	0.459258670151163	0.505980671131171	0.505980671135314	0.478126121005655	0.454967529707102	0.478126120975853	0.459258670144018	0.454967529701932	0.434948798244641	0.454967529701932	0.505980671135315	0.478126120975853	0.454967529707103	0.478126121005657
1	1.03338226225552	1.05343101675335	1.03338226225552	1.0333822622559	1.05887369487287	1.08030764382921	1.05887369486868	1.05343101675255	1.08030764382822	1.09546552665549	1.08030764382822	1.0333822622559	1.05887369486868	1.08030764382921	1.05887369487287	0.637419996179507	0.5606752779162	0.500605394933157	0.560675277916201	0.56067527791797	0.528641815729862	0.507361859695373	0.528641815717578	0.50060539493082	0.507361859693056	0.478315340253724	0.507361859693056	0.560675277917971	0.528641815717578	0.507361859695373	0.528641815729864
1	1.03685033259736	1.06565035080437	1.03685033259736	1.0368503325923	1.06475519365425	1.08906434473454	1.06475519365226	1.06565035093751	1.08906434472802	1.1040639940271	1.08906434472802	1.0368503325923	1.06475519365226	1.08906434473454	1.06475519365425	0.658531599607566	0.581199233379979	0.567263809574358	0.581199233379979	0.581199233390027	0.548154781663262	0.528623753307214	0.548154781657705	0.567263810498741	0.528623753300999	0.495293350126782	0.528623753301	0.581199233390028	0.548154781657705	0.528623753307214	0.548154781663263
1	1.0379662700232	1.07396382951459	1.0379662700232	1.03796627005649	1.06669006797447	1.09217753984029	1.06669006797363	1.07396383224138	1.09217754002688	1.10701783942626	1.09217754002688	1.03796627005649	1.06669006797363	1.09217753984029	1.06669006797447	0.666298124448545	0.587737444054724	0.593188301089175	0.587737444054725	0.587737443638584	0.554659332151585	0.536084090459365	0.554659332149509	0.593188316509587	0.53608409105551	0.501607777319934	0.536084091055511	0.587737443638585	0.554659332149509	0.536084090459365	0.554659332151586
1	1.03820984274987	1.07627893353617	1.03820984274987	1.03820984276241	1.07004035757633	1.09303995404916	1.07004035820916	1.07627893829488	1.09303995455879	1.10803875488508	1.09303995455879	1.03820984276241	1.07004035820916	1.09303995404916	1.07004035757632	0.66915526935365	0.589818282257506	0.595843715430087	0.589818282257507	0.589818280466798	0.57521840208242	0.538751628848386	0.575218406067173	0.595843735205375	0.538751630234511	0.504715188235518	0.538751630234511	0.589818280466799	0.575218406067173	0.538751628848386	0.575218402082421
1	1.03821309731061	1.0762188756804	1.03821309731061	1.03821309735386	1.07272048164297	1.09319409892157	1.07272048225758	1.07621888071608	1.09319409948404	1.10835446855876	1.09319409948404	1.03821309735386	1.07272048225758	1.09319409892157	1.07272048164297	0.670206354216251	0.590374977129253	0.594554457103209	0.590374977129254	0.590374976171387	0.584309082516747	0.539564492356431	0.584309084564745	0.594554475802589	0.539564493564871	0.505787213860004	0.539564493564871	0.590374976171388	0.584309084564745	0.539564492356432	0.584309082516748
1	1.0381911810794	1.07581028149006	1.0381911810794	1.03819118117892	1.07404531805921	1.09320573651221	1.0740453184052	1.075810286041	1.09320573702833	1.1084490162117	1.09320573702833	1.03819118117892	1.0740453184052	1.09320573651221	1.07404531805921	0.670593026732498	0.590507339960836	0.593115977551009	0.590507339960837	0.59050733937748	0.588154239270163	0.539801957943075	0.58815424028798	0.593115993577614	0.539801958980325	0.506153865596582	0.539801958980326	0.590507339377481	0.58815424028798	0.539801957943075	0.588154239270164
1	1.03817662791302	1.07549394530983	1.03817662791302	1.03817662802615	1.07463413009426	1.0931967721798	1.07463413027005	1.07549394916602	1.09319677262602	1.10847737273467	1.09319677262602	1.03817662802615	1.07463413027005	1.0931967721798	1.07463413009426	0.670735275607928	0.590531334944623	0.592154462980663	0.590531334944624	0.590531334548385	0.589771622620622	0.539866959503124	0.589771623118934	0.592154476267728	0.539866960374849	0.506277971743043	0.53986696037485	0.590531334548386	0.589771623118934	0.539866959503124	0.589771622620623
1	1.03816933555913	1.07530297388527	1.03816933555913	1.03816933566517	1.07488914121468	1.09318921471875	1.0748891413013	1.07530297708301	1.09318921509428	1.10848571645995	1.09318921509428	1.03816933566517	1.0748891413013	1.09318921471875	1.07488914121467	0.670787606052349	0.590531616969612	0.591599915669929	0.590531616969613	0.590531616677584	0.590458629322548	0.539882556458352	0.590458629564968	0.591599926615833	0.539882557182674	0.506319246356669	0.539882557182675	0.590531616677585	0.590458629564968	0.539882556458352	0.590458629322548
1	1.03816604166208	1.07519810108851	1.03816604166207	1.03816604175409	1.07499973649011	1.09318495324318	1.07499973653234	1.07519810373152	1.09318495355533	1.10848800618775	1.09318495355533	1.03816604175409	1.07499973653234	1.09318495324318	1.07499973649011	0.670806857352932	0.590528736620205	0.591301215495637	0.590528736620206	0.590528736392611	0.590755022442594	0.539885150801006	0.590755022560217	0.591301224547696	0.539885151400644	0.506332619126458	0.539885151400645	0.590528736392612	0.590755022560217	0.539885150801006	0.590755022442596
1	1.03816462978077	1.07514319539851	1.03816462978077	1.03816462985875	1.07504823916525	1.09318284326659	1.07504823918576	1.07514319758453	1.09318284352537	1.1084885309858	1.09318284352537	1.03816462985875	1.07504823918576	1.09318284326659	1.07504823916525	0.670813939511757	0.590526628957179	0.591146415014482	0.59052662895718	0.590526628774528	0.590885075124156	0.539884907662376	0.590885075181167	0.591146422500978	0.539884908158366	0.50633679321156	0.539884908158366	0.590526628774529	0.590885075181167	0.539884907662377	0.590885075124157
