1	1.19669533473831	1.24371548107947	1.19669533473831	1.19778987617645	1.2748181280369	1.3892362035209	1.2748181280369	1.24359523865114	1.38735391111693	1.41492597214568	1.38735391111693	1.19778987617645	1.2748181280369	1.3892362035209	1.2748181280369	1.10145938178725	0.786644580637835	0.612536839657444	0.786644580637839	0.79080152129168	0.656880138691457	0.643568478108739	0.65688013869146	0.612549939555303	0.641034461938239	0.575168311615411	0.641034461938241	0.790801521291683	0.65688013869146	0.643568478108741	0.656880138691461
1	1.22869289595631	1.27647293717217	1.22869289595631	1.23076257221542	1.31368063902481	1.43798668877146	1.31368063902481	1.27648155427131	1.43515109774468	1.46462385013752	1.43515109774468	1.23076257221542	1.31368063902481	1.43798668877146	1.31368063902481	1.16448499831077	0.789240145625879	0.605511345094665	0.789240145625883	0.795330914414259	0.652677289186435	0.635695300930722	0.652677289186436	0.605595970119785	0.632331311822543	0.567821752399745	0.632331311822544	0.795330914414263	0.652677289186436	0.635695300930724	0.65267728918644
1	1.25010194644013	1.29564958642618	1.25010194644013	1.25317287422165	1.33723664892172	1.464795337491	1.33723664892172	1.29571919516248	1.46100194894257	1.49189921542211	1.46100194894257	1.25317287422165	1.33723664892172	1.464795337491	1.33723664892172	1.2160860087892	0.793118898340338	0.60323420259495	0.793118898340342	0.800780986048289	0.652592304597173	0.6339262936405	0.652592304597171	0.603421344069997	0.629940134380077	0.566986924653712	0.629940134380078	0.800780986048292	0.652592304597171	0.633926293640502	0.652592304597178
1	1.26461595052517	1.30724344368788	1.26461595052517	1.26862951213586	1.35205426878764	1.48046606176744	1.35205426878764	1.30735600473872	1.47581275451639	1.50830732101192	1.47581275451639	1.26862951213585	1.35205426878764	1.48046606176744	1.35205426878764	1.25833334295609	0.797673258913682	0.603396942490728	0.797673258913686	0.806609497187355	0.654508647590948	0.63496165128555	0.654508647590949	0.603690240089624	0.63048534485977	0.568797773550238	0.630485344859772	0.806609497187359	0.654508647590948	0.634961651285552	0.654508647590953
1	1.27474152760721	1.31462999176137	1.2747415276072	1.27959910310078	1.36189449301339	1.49046258567409	1.36189449301339	1.31478205690727	1.48506665287538	1.51926819369344	1.48506665287538	1.27959910310078	1.36189449301339	1.49046258567409	1.36189449301339	1.29292253466852	0.802440789905573	0.604712599792253	0.802440789905578	0.812413477641636	0.657261608064926	0.637178865965676	0.657261608064929	0.605106066509465	0.632303676152138	0.571542042691056	0.632303676152139	0.81241347764164	0.657261608064929	0.637178865965678	0.657261608064931
1	1.28208186516107	1.31965220927123	1.28208186516107	1.28767245109534	1.36884506873307	1.49748639257844	1.36884506873307	1.3198427323966	1.49145723061059	1.52731758452586	1.49145723061059	1.28767245109534	1.36884506873307	1.49748639257844	1.36884506873307	1.32124176963875	0.807124729538345	0.606501285901397	0.80712472953835	0.817944259683838	0.660248888574447	0.639808907510067	0.660248888574448	0.606986053840775	0.634602748627553	0.574489628445395	0.634602748627554	0.817944259683843	0.660248888574448	0.639808907510069	0.660248888574453
1	1.28763143574289	1.32330560257696	1.28763143574289	1.29384655221015	1.3740546658985	1.50286928410433	1.3740546658985	1.32353268899436	1.49630170031309	1.53366713906499	1.49630170031309	1.29384655221015	1.3740546658985	1.50286928410433	1.3740546658985	1.34442759820839	0.811557276651333	0.608417705772107	0.811557276651337	0.823071404580835	0.663176391924894	0.642496363050404	0.663176391924896	0.608984384177794	0.637012436434358	0.577341320526411	0.637012436434359	0.82307140458084	0.663176391924896	0.642496363050405	0.663176391924899
1	1.29199877183037	1.3261288596318	1.29199877183037	1.2987394069074	1.37815916754485	1.5072743623915	1.37815916754485	1.32638943868169	1.50024860950431	1.53891973433566	1.5002486095043	1.2987394069074	1.37815916754485	1.5072743623915	1.37815916754485	1.36341054908852	0.815656911223556	0.610294020743054	0.815656911223561	0.827742287298992	0.665911998683459	0.645082431616967	0.665911998683458	0.610933489445498	0.639363743472948	0.579984241902093	0.63936374347295	0.827742287298996	0.665911998683458	0.645082431616968	0.665911998683464
1	1.29555582490202	1.32841714807511	1.29555582490202	1.3027349280171	1.38151748191582	1.51103916244925	1.38151748191582	1.32870738976435	1.50362277916401	1.5433937740688	1.503622779164	1.3027349280171	1.38151748191582	1.51103916244925	1.38151748191582	1.37895247476446	0.819394987073752	0.612054323391173	0.819394987073756	0.831950800167738	0.668406142969823	0.647501116321618	0.668406142969821	0.612757994431777	0.641583103180813	0.582385432296206	0.641583103180815	0.831950800167742	0.668406142969821	0.647501116321619	0.668406142969828
1	1.29853224948664	1.33033616900293	1.29853224948664	1.30607492492983	1.38433898134842	1.51434204687146	1.38433898134841	1.33065192325979	1.50659188427687	1.54727101441184	1.50659188427687	1.30607492492983	1.38433898134841	1.51434204687146	1.38433898134842	1.39167712727933	0.822773055893174	0.613669397161604	0.822773055893178	0.835716387228432	0.670649969369415	0.649730097797665	0.670649969369415	0.614429320673647	0.643642269873809	0.584545648933319	0.643642269873811	0.835716387228437	0.670649969369415	0.649730097797667	0.67064996936942
1	1.3010728806391	1.33198252090267	1.3010728806391	1.30891553760077	1.38675164165034	1.51728282881062	1.38675164165033	1.33231964766698	1.50924684946924	1.55066498028883	1.50924684946924	1.30891553760077	1.38675164165033	1.51728282881062	1.38675164165034	1.40209519161623	0.825808687670295	0.615133190498734	0.8258086876703	0.83907100032048	0.672653710151379	0.6517674508863	0.672653710151378	0.615942090063061	0.645534563721971	0.586479226815118	0.645534563721972	0.839071000320485	0.672653710151378	0.651767450886302	0.672653710151384
1	1.30327205703605	1.33341553890108	1.30327205703605	1.31136114557203	1.38883835853343	1.51992198989765	1.38883835853343	1.33377010192224	1.51164075436432	1.55365333162874	1.51164075436432	1.31136114557202	1.38883835853343	1.51992198989765	1.38883835853343	1.41062478127682	0.828526984667275	0.616450693951433	0.82852698466728	0.842051484506644	0.674435697602243	0.653620582152257	0.674435697602241	0.617301981720524	0.647263484455157	0.588205249965071	0.647263484455159	0.842051484506649	0.674435697602241	0.653620582152259	0.674435697602248
1	1.30519384480528	1.33467408182504	1.30519384480528	1.31348452219523	1.39065635341285	1.52229986233051	1.39065635341284	1.33504246271754	1.51380775284366	1.5562936101343	1.51380775284366	1.31348452219523	1.39065635341284	1.52229986233051	1.39065635341285	1.41760821864534	0.830955762942285	0.617631769856601	0.83095576294229	0.844695302830955	0.676016890534528	0.655300905923674	0.676016890534529	0.61851953320337	0.648837221350576	0.589743703377854	0.648837221350577	0.84469530283096	0.676016890534529	0.655300905923675	0.676016890534533
1	1.30688388251818	1.33578542838991	1.30688388251818	1.31533874501428	1.3922476272525	1.52444608449795	1.39224762725249	1.3361643768277	1.51577230577972	1.55863116602903	1.51577230577972	1.31533874501428	1.39224762725249	1.52444608449795	1.3922476272525	1.42332577358292	0.833122892215467	0.618688040303149	0.833122892215472	0.847038325618474	0.677418235575405	0.656821285016806	0.677418235575405	0.619607019193494	0.650265942272383	0.591113821813356	0.650265942272384	0.847038325618479	0.677418235575405	0.656821285016808	0.67741823557541
1	1.30837630428931	1.33677002620041	1.3083763042893	1.31696424824709	1.39364467545408	1.52638430081835	1.39364467545408	1.33715667185107	1.51755370254348	1.56070332216211	1.51755370254348	1.31696424824709	1.39364467545408	1.52638430081835	1.39364467545408	1.4280069116442	0.83505493892309	0.619631351278567	0.835054938923094	0.849113776831455	0.678659465898618	0.658194784141745	0.678659465898617	0.62057690050836	0.651560454942153	0.592333443392662	0.651560454942154	0.849113776831459	0.678659465898617	0.658194784141746	0.678659465898623
1	1.30969780044833	1.33764405999458	1.30969780044832	1.31839303380012	1.3948736861757	1.52813451938105	1.3948736861757	1.33803590904951	1.51916828283408	1.56254168013168	1.51916828283408	1.31839303380012	1.3948736861757	1.52813451938105	1.3948736861757	1.43183950333563	0.836776536185134	0.620473055105461	0.836776536185139	0.850951838526369	0.679758630162712	0.65943406728985	0.67975863016271	0.621441099758183	0.652731528659438	0.593418804319912	0.65273152865944	0.850951838526374	0.67975863016271	0.659434067289851	0.679758630162718
1	1.31087002841759	1.3384208756219	1.31087002841759	1.31965121996259	1.39595639137516	1.52971431574783	1.39595639137516	1.33881579270507	1.52063052597444	1.56417347972965	1.52063052597444	1.31965121996259	1.39595639137516	1.52971431574783	1.39595639137516	1.43497736401848	0.838310156819586	0.621223694749621	0.838310156819591	0.852579616317482	0.68073197401025	0.660551119320393	0.680731974010246	0.622210681775707	0.653789553239088	0.594384538208691	0.65378955323909	0.852579616317486	0.680731974010246	0.660551119320395	0.680731974010255
1	1.3119110687806	1.33911179289053	1.3119110687806	1.32076062421279	1.3969111875056	1.53113946336456	1.3969111875056	1.33950797555511	1.52195358786077	1.56562246123792	1.52195358786077	1.32076062421279	1.3969111875056	1.53113946336456	1.3969111875056	1.43754642705936	0.839676104309455	0.621892897292077	0.83967610430946	0.854021283129397	0.681593991090892	0.661557127823365	0.681593991090888	0.622895745739501	0.654744371046043	0.595243762384526	0.654744371046044	0.854021283129401	0.681593991090888	0.661557127823367	0.681593991090897
1	1.31283632963739	1.33972659137375	1.31283632963738	1.32173977900602	1.39775385287751	1.53242427848703	1.39775385287751	1.34012254107633	1.52314956897998	1.56690945487709	1.52314956897998	1.32173977900602	1.39775385287751	1.53242427848703	1.39775385287751	1.43964979797878	0.84089261391042	0.622489369852746	0.840892613910424	0.85529830490067	0.682357547971725	0.662462447634639	0.682357547971726	0.623505421768803	0.655605200812401	0.596008197988163	0.655605200812403	0.855298304900675	0.682357547971726	0.662462447634641	0.68235754797173
1	1.31365913017042	1.34027381843436	1.31365913017042	1.32260461081434	1.39849803584991	1.53358182338932	1.39849803584991	1.34066830963318	1.52422965337582	1.56805281300899	1.52422965337582	1.32260461081434	1.39849803584991	1.53358182338932	1.39849803584991	1.44137189243799	0.84197600378363	0.623020943162274	0.841976003783634	0.856429695432266	0.683034035138886	0.663276608695003	0.68303403513889	0.624047916540579	0.656380611575399	0.596688299184986	0.656380611575401	0.856429695432271	0.68303403513889	0.663276608695005	0.683034035138891
1	1.31439109465312	1.3407609974546	1.31439109465312	1.32336891626997	1.39915560772489	1.53462403939306	1.39915560772489	1.34115304712708	1.52520418840593	1.56906874624817	1.52520418840593	1.32336891626997	1.39915560772489	1.53462403939306	1.39915560772489	1.44278182413316	0.842940844083779	0.623494636310651	0.842940844083784	0.857432271451256	0.68363352136719	0.664008345847099	0.683633521367192	0.624530580938419	0.657078524549468	0.597293379146428	0.65707852454947	0.857432271451261	0.683633521367192	0.664008345847101	0.683633521367195
1	1.31504243269381	1.34119477931155	1.31504243269381	1.32404471147061	1.39973693176159	1.53556184391041	1.39973693176158	1.34158361708849	1.52608273694419	1.56997159585755	1.52608273694419	1.32404471147061	1.39973693176158	1.53556184391041	1.39973693176159	1.44393617857298	0.843800126413597	0.623916727489203	0.843800126413601	0.858320894596986	0.684164900314533	0.664665640728599	0.684164900314534	0.624959984230261	0.657706231439752	0.597831728888951	0.657706231439754	0.858320894596991	0.684164900314534	0.6646656407286	0.684164900314538
1	1.31562214862792	1.3415810586711	1.31562214862792	1.3246425003289	1.40025107703032	1.53640521017766	1.40025107703032	1.34196609885808	1.5268741197359	1.57077406217664	1.5268741197359	1.3246425003289	1.40025107703032	1.53640521017766	1.40025107703032	1.4448812840537	0.844565425387103	0.624292824887567	0.844565425387107	0.859108693575976	0.684636025263701	0.665255768660979	0.684636025263702	0.625341988587288	0.658270421807852	0.59831072590781	0.658270421807854	0.859108693575981	0.684636025263702	0.66525576866098	0.684636025263706
1	1.31613820554523	1.34192506818208	1.31613820554523	1.32517148798576	1.4007059937849	1.53716323769959	1.4007059937849	1.34230588358156	1.5275864542092	1.57148739989311	1.5275864542092	1.32517148798576	1.4007059937849	1.53716323769959	1.4007059937849	1.44565507097629	0.845247048105914	0.624627933778724	0.845247048105919	0.85980726488645	0.685053830446399	0.665785347633704	0.6850538304464	0.625681819826388	0.658777215565043	0.598736932984731	0.658777215565045	0.859807264886455	0.6850538304464	0.665785347633706	0.685053830446404
1	1.31659765831496	1.34223145711649	1.31659765831496	1.32563975580501	1.40110866041425	1.53784421707745	1.40110866041425	1.34260775522774	1.52822719290046	1.57212158718778	1.52822719290046	1.32563975580501	1.40110866041425	1.53784421707745	1.40110866041425	1.44628859412658	0.845854170455502	0.624926518803002	0.845854170455507	0.860426852086124	0.685424439269024	0.666260387163612	0.685424439269027	0.625984133234334	0.659232198092127	0.599116186936916	0.659232198092129	0.860426852086129	0.685424439269027	0.666260387163614	0.68542443926903
1	1.31700676475446	1.34250435882484	1.31700676475446	1.32605440770029	1.40146520837204	1.53845569108556	1.40146520837204	1.34287596025553	1.5288031621991	1.57268547349318	1.5288031621991	1.32605440770029	1.40146520837204	1.53845569108556	1.40146520837204	1.44680727901281	0.846394960040847	0.625192560741297	0.846394960040851	0.860976505013913	0.685753260193324	0.666686335971092	0.685753260193327	0.626253073704557	0.659640456322559	0.599453678348932	0.659640456322561	0.860976505013918	0.685753260193327	0.666686335971093	0.685753260193329
1	1.31737108024485	1.3427474492787	1.31737108024485	1.32642169451289	1.4017810294019	1.53900451252766	1.4017810294019	1.34311426853827	1.52932060150508	1.57318690923379	1.52932060150508	1.32642169451289	1.4017810294019	1.53900451252766	1.4017810294019	1.44723194228052	0.846876686527168	0.625429607969967	0.846876686527173	0.861464220609881	0.686045071439091	0.667068127682114	0.686045071439095	0.626492330312554	0.660006614746342	0.599754022729319	0.660006614746344	0.861464220609885	0.686045071439095	0.667068127682115	0.686045071439096
1	1.31769553948429	1.34296399847408	1.31769553948429	1.32674712071993	1.40206086814885	1.53949689913413	1.40206086814885	1.34332602696889	1.52978520233779	1.57363286012021	1.52978520233779	1.32674712071992	1.40206086814885	1.53949689913413	1.40206086814885	1.44757962715762	0.847305820270272	0.625640822792253	0.847305820270277	0.86189706719917	0.68630409564209	0.667410224177775	0.686304095642092	0.626705185517781	0.660334870595987	0.600021324096636	0.660334870595989	0.861897067199174	0.686304095642092	0.667410224177777	0.686304095642095
1	1.31798452771565	1.34315691574137	1.31798452771565	1.32703553669571	1.40230890247982	1.53993848545762	1.40230890247982	1.34351420691027	1.53020214696787	1.57402950803409	1.53020214696787	1.32703553669571	1.40230890247982	1.53993848545762	1.40230890247982	1.44786428745897	0.847688120309634	0.625829023024519	0.847688120309639	0.862281294052632	0.686534065597831	0.667716656365496	0.686534065597835	0.626894559349114	0.660629027761312	0.600259231595767	0.660629027761314	0.862281294052637	0.686534065597835	0.667716656365498	0.686534065597836
1	1.31824194319468	1.34332878985409	1.31824194319468	1.32729121883536	1.40252881334649	1.54033437174167	1.40252881334649	1.34368144628036	1.53057614611081	1.57438234019085	1.53057614611081	1.32729121883536	1.40252881334649	1.54033437174167	1.40252881334649	1.44809734760191	0.848028712771451	0.625996719273751	0.848028712771456	0.862622427871444	0.686738282131051	0.667991062254271	0.686738282131053	0.62706304902534	0.660892529109543	0.600470989947168	0.660892529109545	0.862622427871449	0.686738282131053	0.667991062254273	0.686738282131056
1	1.31847125219337	1.34348192459514	1.31847125219337	1.32751793936481	1.4027238456703	1.54068916973104	1.4027238456703	1.34383008691722	1.53091147531356	1.57469622800621	1.53091147531356	1.3275179393648	1.4027238456703	1.54068916973104	1.4027238456703	1.44828816110827	0.848332160648428	0.626146148242749	0.848332160648433	0.862925357774494	0.686919665012256	0.668236722359214	0.686919665012259	0.627212964348793	0.661128487036216	0.600659484332306	0.661128487036217	0.862925357774499	0.686919665012259	0.668236722359216	0.686919665012261
1	1.31867553754254	1.3436183703147	1.31867553754254	1.32771902732545	1.40289686148622	1.54100704541117	1.40289686148622	1.34396220779987	1.53121200977182	1.57497549689075	1.53121200977182	1.32771902732545	1.40289686148622	1.54100704541117	1.40289686148622	1.44844438599404	0.848602525910301	0.62627930252982	0.848602525910306	0.863194410105544	0.687080797776433	0.668456592434636	0.687080797776435	0.627346359360804	0.661339712135129	0.600827280318473	0.661339712135131	0.863194410105549	0.687080797776435	0.668456592434637	0.687080797776438
1	1.31885754158194	1.34373995198227	1.31885754158194	1.32789742189883	1.40305038638021	1.54129175874361	1.40305038638021	1.34407965454112	1.53148125735541	1.57522398804285	1.53148125735541	1.32789742189883	1.40305038638021	1.54129175874361	1.40305038638021	1.4485722921124	0.848843424729882	0.62639795718621	0.848843424729886	0.863433414336826	0.687223967159356	0.668653333673982	0.687223967159355	0.627465060534905	0.661528739956743	0.600976659376989	0.661528739956745	0.863433414336831	0.687223967159355	0.668653333673984	0.687223967159361
1	1.31901970416576	1.34384829408676	1.31901970416576	1.32805571913906	1.40318665010912	1.54154670044047	1.40318665010911	1.34418406562423	1.53172238975329	1.57544511316798	1.53172238975329	1.32805571913906	1.40318665010911	1.54154670044047	1.40318665010912	1.448677012785	0.849058076628246	0.626503693457402	0.849058076628251	0.863645761091703	0.687351197828867	0.66882934043383	0.687351197828868	0.627570691955489	0.661697855857185	0.601109650435968	0.661697855857186	0.863645761091708	0.687351197828868	0.668829340433832	0.687351197828872
1	1.31916419637249	1.34394484279654	1.31916419637249	1.32819621291221	1.40330762215878	1.54177492592023	1.40330762215878	1.3442768956742	1.53193827163712	1.57564190295107	1.53193827163712	1.32819621291221	1.40330762215878	1.54177492592023	1.40330762215878	1.44876275082012	0.849249348157036	0.626597919910711	0.849249348157041	0.863834453287235	0.68746428295905	0.668986765664243	0.687464282959052	0.627664697701632	0.66184911798247	0.601228057956934	0.661849117982472	0.863834453287239	0.687464282959052	0.668986765664244	0.687464282959055
1	1.31929295036954	1.34403088562591	1.31929295036954	1.32832093084802	1.40341504289721	1.54197918653017	1.40341504289721	1.34435943616006	1.53213148786964	1.57581704999726	1.53213148786964	1.32832093084802	1.40341504289721	1.54197918653017	1.40341504289721	1.44883294718616	0.84941979177301	0.626681891312317	0.849419791773015	0.864002151186331	0.687564811175587	0.669127544131772	0.68756481117559	0.627748361817756	0.661984378450317	0.601333486853055	0.661984378450319	0.864002151186336	0.68756481117559	0.669127544131774	0.687564811175592
1	1.31940768594039	1.34410756895004	1.31940768594039	1.32843166587333	1.4035104508859	1.542161958217	1.4035104508859	1.34443283374013	1.53230436873925	1.57597294688622	1.53230436873925	1.32843166587333	1.4035104508859	1.542161958217	1.4035104508859	1.44889041910976	0.849571680389052	0.626756725412708	0.849571680389056	0.864151212131963	0.687654190291091	0.669253413624724	0.687654190291095	0.627822826048293	0.662105302810992	0.601427364670208	0.662105302810994	0.864151212131968	0.687654190291095	0.669253413624726	0.687654190291096
1	1.31950993400097	1.3441759135454	1.31950993400097	1.32853000394607	1.40359520684058	1.54232546775442	1.40359520684058	1.34449810657991	1.53245901331162	1.57611171989544	1.53245901331162	1.32853000394607	1.40359520684058	1.54232546775442	1.40359520684058	1.44893747314102	0.849707038126369	0.626823417937489	0.849707038126373	0.864283725575012	0.687733668239257	0.669365934240283	0.687733668239261	0.627889105648062	0.662213387878267	0.601510961259592	0.662213387878269	0.864283725575017	0.687733668239261	0.669365934240285	0.687733668239262
1	1.31960105750774	1.34423682843686	1.31960105750774	1.32861734840499	1.40367051466504	1.54247171672018	1.40367051466504	1.34455615880194	1.53259731093103	1.57623525889717	1.53259731093103	1.32861734840499	1.40367051466504	1.54247171672018	1.40367051466504	1.44897599772344	0.849827667649029	0.626882855912502	0.849827667649034	0.864401543986573	0.687804351528685	0.669466505931371	0.687804351528687	0.627948103414631	0.662309978026753	0.601585406295837	0.662309978026755	0.864401543986578	0.687804351528687	0.669466505931373	0.687804351528691
1	1.31968227000147	1.34429112318264	1.31968227000147	1.32869494141229	1.40373743992778	1.54260250334068	1.40373743992778	1.34460779333674	1.53272096099175	1.57634524386187	1.53272096099175	1.32869494141229	1.40373743992778	1.54260250334068	1.40373743992778	1.44900753898378	0.849935174496103	0.62693582955921	0.849935174496108	0.864506310130877	0.687867221531302	0.669556384416694	0.687867221531301	0.628000622189626	0.662396280056591	0.601651704807587	0.662396280056593	0.864506310130882	0.687867221531301	0.669556384416696	0.687867221531308
1	1.31975465210498	1.34433951882426	1.31975465210498	1.32876388279748	1.40379692610181	1.54271944238881	1.40379692610181	1.34465372329803	1.53283149104129	1.57644316836315	1.5328314910413	1.32876388279748	1.40379692610181	1.54271944238882	1.40379692610181	1.44903336278358	0.850030988713887	0.626983042868135	0.850030988713892	0.864599481148241	0.687923148852215	0.669636695611314	0.687923148852213	0.628047375952252	0.662473376723903	0.601710751011385	0.662473376723904	0.864599481148245	0.687923148852213	0.669636695611316	0.687923148852221
1	1.31981916633487	1.34438265706003	1.31981916633487	1.32882514683579	1.40384980851368	1.54282398562152	1.40384980851368	1.34469458166098	1.53293027550979	1.57653036101317	1.53293027550979	1.32882514683579	1.40384980851368	1.54282398562152	1.40384980851368	1.4490545055216	0.850116384075275	0.627025123471914	0.850116384075279	0.864682349787347	0.687972906279991	0.669708447640645	0.68797290627999	0.628089000065277	0.662542238074826	0.601763340372581	0.662542238074828	0.864682349787352	0.68797290627999	0.669708447640647	0.687972906279996
1	1.31987666948043	1.34442111112657	1.31987666948043	1.32887959623219	1.4038968282971	1.54291742860881	1.4038968282971	1.34473093200759	1.53301854205206	1.57660800159119	1.53301854205206	1.32887959623219	1.4038968282971	1.54291742860881	1.4038968282971	1.44907181573185	0.850192495328628	0.627062629303744	0.850192495328633	0.864756063300565	0.68801717898634	0.669772546688244	0.688017178986341	0.628126058583433	0.66260373634461	0.601810181311398	0.662603736344612	0.86475606330057	0.688017178986341	0.669772546688246	0.688017178986345
1	1.31992792499004	1.34445539029856	1.31992792499004	1.3289279958095	1.40393864143565	1.54300093910531	1.40393864143565	1.34476327389898	1.53309739764748	1.57667714073482	1.53309739764748	1.3289279958095	1.40393864143565	1.54300093910531	1.40393864143565	1.44908598813368	0.850260333327297	0.627096058442006	0.850260333327301	0.864821639946991	0.688056575796412	0.669829802234261	0.688056575796412	0.628159054049239	0.662658651039768	0.601851903841527	0.66265865103977	0.864821639946996	0.688056575796411	0.669829802234263	0.688056575796417
1	1.31997361292449	1.34448594848122	1.31997361292449	1.3289710235231	1.40397582964207	1.54307556336266	1.40397582964207	1.34479205134164	1.53316783457416	1.57673871280522	1.53316783457416	1.32897102352309	1.40397582964207	1.54307556336266	1.40397582964207	1.44909759151518	0.850320798611003	0.627125854563961	0.850320798611008	0.864879983688379	0.688091637258495	0.669880939361277	0.688091637258495	0.628188433400934	0.662707680570574	0.60188906871236	0.662707680570576	0.864879983688384	0.688091637258495	0.669880939361279	0.6880916372585
1	1.32001433909673	1.34451319016115	1.32001433909673	1.32900928048025	1.40400890885605	1.54314223877861	1.40400890885605	1.3448176589356	1.53323074219669	1.57679354890497	1.53323074219669	1.32900928048025	1.40400890885605	1.54314223877861	1.40400890885605	1.4491070915607	0.850374693490919	0.627152412949266	0.850374693490924	0.864931897180653	0.688122843427163	0.669926607282091	0.688122843427163	0.628214594193368	0.662751450383046	0.601922175035174	0.662751450383048	0.864931897180658	0.688122843427163	0.669926607282093	0.688122843427168
1	1.3200506432177	1.34453747577466	1.3200506432177	1.32904329977808	1.40403833678318	1.54320180510338	1.40403833678318	1.34484044737232	1.53328691743825	1.5768423883949	1.53328691743825	1.32904329977808	1.40403833678318	1.54320180510338	1.40403833678318	1.44911486954031	0.850422732797526	0.627176085788661	0.850422732797531	0.864978093260436	0.688150620727851	0.669967387092231	0.68815062072785	0.628237890094032	0.662790520363155	0.601951667087985	0.662790520363157	0.86497809326044	0.68815062072785	0.669967387092233	0.688150620727856
1	1.32008300613742	1.3445591265042	1.32008300613742	1.32907355431373	1.40406451956538	1.54325501445179	1.40406451956537	1.34486072834204	1.53333707417416	1.57688588909917	1.53333707417416	1.32907355431373	1.40406451956537	1.54325501445179	1.40406451956538	1.44912123761157	0.850465553447784	0.627197186900113	0.850465553447789	0.865019205109976	0.688175348024653	0.67000379877762	0.688175348024652	0.628258635757023	0.662825391543373	0.601977940356801	0.662825391543375	0.865019205109981	0.688175348024652	0.670003798777621	0.688175348024659
1	1.32011185629319	1.34457842856459	1.32011185629319	1.32910046367613	1.40408781767712	1.54330254029363	1.40408781767712	1.34487877889154	1.533381851683	1.57692463635934	1.533381851683	1.32910046367613	1.40408781767712	1.54330254029363	1.40408781767712	1.44912645134748	0.850503722960102	0.627215995921194	0.850503722960106	0.865055795252697	0.688197361987329	0.670036307532163	0.688197361987324	0.62827711114837	0.662856512157611	0.602001346919766	0.662856512157612	0.865055795252702	0.688197361987324	0.670036307532164	0.688197361987334
1	1.32013757544313	1.34459563701851	1.32013757544313	1.3291244002382	1.40410855113598	1.54334498553464	1.40410855113597	1.34489484529858	1.53342182226456	1.57695915107092	1.53342182226456	1.3291244002382	1.40410855113597	1.54334498553464	1.40410855113598	1.44913071999351	0.850537747035542	0.627232762040786	0.850537747035547	0.865088363520293	0.688216961842864	0.670065329443643	0.688216961842861	0.628293565387956	0.662884283099098	0.602022200226702	0.6628842830991	0.865088363520298	0.688216961842861	0.670065329443645	0.68821696184287
1	1.32016050377136	1.34461097917808	1.32016050377136	1.32914569453793	1.40412700410782	1.54338288978725	1.40412700410781	1.34490914650885	1.53345749810444	1.57698989682085	1.53345749810444	1.32914569453793	1.40412700410781	1.54338288978725	1.40412700410782	1.44913421486537	0.850568076307733	0.627247707321634	0.850568076307738	0.865117354107664	0.688234413583442	0.670091236605045	0.688234413583441	0.628308220163728	0.662909062832983	0.602040779356723	0.662909062832985	0.865117354107668	0.688234413583441	0.670091236605047	0.688234413583448
1	1.32018094442993	1.34462465763206	1.32018094442993	1.32916464003739	1.40414342897809	1.54341673590949	1.40414342897809	1.34492187718832	1.53348933746003	1.57701728622737	1.53348933746003	1.32916464003739	1.40414342897809	1.54341673590949	1.40414342897809	1.44913707622452	0.850595112352888	0.627261029658477	0.850595112352893	0.865143161825163	0.688249953694714	0.670114361707095	0.688249953694716	0.628321272764967	0.662931171814951	0.602057332799143	0.662931171814952	0.865143161825167	0.688249953694716	0.670114361707097	0.688249953694719
1	1.32019916758289	1.3446368529426	1.32019916758289	1.32918149733074	1.4041580499525	1.54344695588516	1.4041580499525	1.34493321043191	1.53351775023048	1.57704168657334	1.53351775023048	1.32918149733074	1.4041580499525	1.54344695588516	1.4041580499525	1.44913941890731	0.850619213042276	0.627272905413635	0.850619213042281	0.865166137638072	0.68826379246019	0.670135002160597	0.688263792460193	0.628332898779616	0.662950896461701	0.602072081820563	0.662950896461703	0.865166137638076	0.688263792460193	0.670135002160599	0.688263792460196
1	1.32021541400623	1.34464772604637	1.32021541400623	1.32919649786724	1.40417106624249	1.54347393610888	1.40417106624249	1.34494330016787	1.53354310296939	1.57706342481231	1.53354310296939	1.32919649786724	1.40417106624249	1.54347393610888	1.40417106624249	1.4491413369338	0.850640697308205	0.627283491763242	0.85064069730821	0.86518659357841	0.688276116890567	0.670153423796735	0.68827611689057	0.628343254490586	0.662968492717347	0.602085223456601	0.662968492717349	0.865186593578414	0.68827611689057	0.670153423796737	0.688276116890573
1	1.32022989829297	1.34465742039267	1.32022989829297	1.32920984724661	1.40418265488454	1.54349802213384	1.40418265488454	1.34495228329286	1.5335657233932	1.57708279201795	1.5335657233932	1.32920984724661	1.40418265488454	1.54349802213384	1.40418265488455	1.44914290728111	0.850659849389431	0.627292928788546	0.850659849389435	0.865204807099199	0.688287093321798	0.670169864185112	0.688287093321801	0.628352479007528	0.662984189254133	0.60209693317545	0.662984189254134	0.865204807099204	0.688287093321801	0.670169864185114	0.688287093321803
1	1.32024281170786	1.34466606384837	1.32024281170786	1.32922172813568	1.40419297323642	1.54351952293589	1.40419297323642	1.34496028156664	1.53358590443291	1.57710004733949	1.53358590443291	1.32922172813568	1.40419297323642	1.54351952293589	1.40419297323642	1.44914419297278	0.850676922611674	0.62730134133734	0.850676922611679	0.865221024937061	0.688296869719275	0.670184535609873	0.688296869719278	0.628360696160674	0.662998190344342	0.602107367245872	0.662998190344343	0.865221024937065	0.688296869719278	0.670184535609874	0.688296869719281
1	1.32025432472868	1.34467377039365	1.32025432472868	1.32923230285231	1.40420216118792	1.54353871474036	1.40420216118792	1.34496740329573	1.53360390787423	1.57711542151831	1.53360390787423	1.32923230285231	1.40420216118792	1.54353871474036	1.40420216118792	1.44914524560811	0.850692142755747	0.62730884068368	0.850692142755751	0.865235466538205	0.688305577722745	0.670197627736172	0.688305577722749	0.6283680161862	0.663010678435223	0.60211666484498	0.663010678435225	0.86523546653821	0.688305577722749	0.670197627736174	0.68830557772275
1	1.3202645893108	1.34468064163375	1.3202645893108	1.32924171565323	1.40421034311967	1.54355584445636	1.40421034311968	1.34497374482714	1.53361996762504	1.57712912001482	1.53361996762504	1.32924171565323	1.40421034311968	1.54355584445636	1.40421034311967	1.44914610743305	0.85070571105713	0.627315526005006	0.850705711057135	0.865248327098801	0.688313334460692	0.670209310000323	0.688313334460695	0.6283745372235	0.663021816457366	0.602124949933158	0.663021816457368	0.865248327098805	0.688313334460695	0.670209310000325	0.688313334460698
1	1.32027374090298	1.34468676814429	1.32027374090298	1.32925009476259	1.4042176296392	1.54357113275633	1.4042176296392	1.34497939187664	1.53363429264802	1.57714132578928	1.53363429264802	1.32925009476259	1.4042176296392	1.54357113275633	1.4042176296392	1.44914681303565	0.85071780687867	0.627321485699515	0.850717806878675	0.865259780263039	0.688320244161395	0.670219733749882	0.688320244161396	0.628380346647985	0.663031749892531	0.602132332922623	0.663031749892533	0.865259780263043	0.688320244161396	0.670219733749884	0.688320244161401
1	1.32028190024438	1.34469223067129	1.32028190024438	1.3292575541686	1.40422411911992	1.54358477683787	1.40422411911992	1.34498442070703	1.53364706959028	1.57715220177506	1.53364706959028	1.3292575541686	1.40422411911992	1.54358477683787	1.40422411911992	1.44914739073421	0.85072859009111	0.627326798558576	0.850728590091115	0.86526998051834	0.68832639958298	0.670229034160781	0.68832639958298	0.628385522255298	0.663040608626091	0.602138912162369	0.663040608626092	0.865269980518344	0.68832639958298	0.670229034160783	0.688326399582986
1	1.32028917496404	1.3446971011989	1.32028917496404	1.32926419521778	1.40422989906613	1.54359695289834	1.40422989906612	1.3449888991765	1.53365846514154	1.57716189307849	1.53365846514155	1.32926419521778	1.40422989906612	1.54359695289834	1.40422989906613	1.44914786371381	0.850738203194384	0.62733153481251	0.850738203194388	0.865279065321978	0.68833188328384	0.670237331953009	0.688331883283839	0.628390133315632	0.663048508605291	0.602144775259544	0.663048508605292	0.865279065321983	0.68833188328384	0.67023733195301	0.688331883283845
1	1.32029566100726	1.34470144390217	1.32029566100726	1.3292701080274	1.4042350473237	1.54360781835296	1.40423504732369	1.34499288766851	1.53366862814675	1.57717052893611	1.53366862814675	1.32927010802739	1.4042350473237	1.54360781835296	1.4042350473237	1.44914825095675	0.850746773207205	0.627335757061345	0.85074677320721	0.865287156989503	0.688336768750732	0.67024473492671	0.688336768750732	0.628394241510651	0.663055553323745	0.602150000255828	0.663055553323746	0.865287156989508	0.688336768750732	0.670244734926711	0.688336768750737
1	1.32030144390516	1.34470531599468	1.32030144390516	1.32927537273966	1.40423963315445	1.54361751382084	1.40423963315445	1.34499643991964	1.5336776914992	1.57717822445576	1.5336776914992	1.32927537273966	1.40423963315445	1.54361751382084	1.40423963315445	1.44914856800447	0.850754413351057	0.62733952110502	0.850754413351062	0.865294364372217	0.688341121401347	0.670251339336248	0.688341121401347	0.628397901767757	0.663061835149481	0.602154656674199	0.663061835149482	0.865294364372222	0.688341121401348	0.670251339336249	0.688341121401352
1	1.32030659990712	1.34470876848518	1.32030659990712	1.32928006063321	1.40424371818966	1.54362616490429	1.40424371818966	1.34499960375382	1.53368577383517	1.57718508216601	1.53368577383517	1.32928006063321	1.40424371818966	1.54362616490429	1.40424371818966	1.44914882758119	0.850761224550366	0.627342876682466	0.850761224550371	0.865300784347158	0.688344999474931	0.670257231119844	0.688344999474932	0.628401163001636	0.663067436513213	0.602158806451143	0.663067436513214	0.865300784347162	0.688344999474932	0.670257231119845	0.688344999474937
1	1.32031119698871	1.34471184685072	1.32031119698871	1.32928423511063	1.40424735727653	1.54363388378098	1.40424735727653	1.34500242173625	1.53369298105157	1.57719119339475	1.53369298105157	1.32928423511063	1.40424735727653	1.54363388378098	1.40424735727653	1.44914904010464	0.850767296769571	0.62734586813082	0.850767296769576	0.8653065031412	0.688348454824105	0.670262486999116	0.688348454824107	0.6284040687746	0.663072430970831	0.602162504766156	0.663072430970833	0.865306503141205	0.688348454824107	0.670262486999118	0.688348454824111
1	1.32031529575098	1.34471459163758	1.32031529575098	1.32928795257394	1.40425059922986	1.54364077062977	1.40425059922986	1.34500493175351	1.53369940766358	1.57719663949623	1.53369940766358	1.32928795257394	1.40425059922986	1.54364077062977	1.40425059922986	1.44914921410413	0.850772710204328	0.62734853497231	0.850772710204333	0.865311597507479	0.68835153361847	0.67026717546264	0.688351533618472	0.628406657883703	0.663076884153541	0.602165800780616	0.663076884153543	0.865311597507484	0.688351533618472	0.670267175462642	0.688351533618475
1	1.32031895022087	1.34471703899595	1.32031895022087	1.32929126320275	1.40425348749963	1.54364691490598	1.40425348749963	1.34500716753027	1.53370513801973	1.57720149294308	1.53370513801973	1.32929126320275	1.40425348749963	1.54364691490598	1.40425348749963	1.44914935656287	0.850777536343245	0.627350912437754	0.850777536343249	0.865316135771181	0.688354276970346	0.670271357645089	0.688354276970347	0.628408964883532	0.663080854617063	0.602168738295276	0.663080854617064	0.865316135771185	0.688354276970347	0.67027135764509	0.688354276970351
1	1.32032220856543	1.34471922115732	1.32032220856543	1.32929421164447	1.40425606076407	1.54365239648291	1.40425606076406	1.34500915908784	1.5337102473883	1.57720581829835	1.5337102473883	1.32929421164447	1.40425606076406	1.54365239648291	1.40425606076407	1.44914947319822	0.850781838913929	0.627353031932689	0.850781838913934	0.865320178758962	0.688356721491052	0.670275088113418	0.688356721491054	0.628411020551219	0.663084394600745	0.602171356336094	0.663084394600747	0.865320178758966	0.688356721491054	0.67027508811342	0.688356721491057
1	1.32032511372763	1.34472116685922	1.32032511372762	1.32929683762794	1.40425835345655	1.54365728667242	1.40425835345655	1.34501093315266	1.53371480292918	1.57720967308074	1.53371480292918	1.32929683762794	1.40425835345655	1.54365728667242	1.40425835345655	1.44914956869117	0.850785674726211	0.627354921453126	0.850785674726216	0.86532378062544	0.6883588997857	0.670278415569362	0.688358899785702	0.628412852300474	0.663087550705705	0.602173689675506	0.663087550705706	0.865323780625444	0.688358899785702	0.670278415569364	0.688358899785705
1	1.32032770399361	1.34472290172455	1.3203277039936	1.32929917650791	1.40426039623395	1.54366164913809	1.40426039623395	1.34501251351886	1.53371886456235	1.57721310853496	1.53371886456235	1.3292991765079	1.40426039623395	1.54366164913809	1.40426039623395	1.44914964687419	0.850789094423583	0.627356605955817	0.850789094423588	0.865326989587871	0.688360840893202	0.670281383477422	0.688360840893201	0.628414484549948	0.663090364500873	0.602175769296958	0.663090364500875	0.865326989587875	0.688360840893201	0.670281383477424	0.688360840893207
1	1.32033001349785	1.34472444859904	1.32033001349785	1.32930125974934	1.40426221639281	1.54366554071139	1.4042622163928	1.34501392137134	1.53372248574448	1.57721617031748	1.53372248574447	1.32930125974934	1.4042622163928	1.54366554071139	1.40426221639281	1.44914971088503	0.850792143152928	0.627358107688483	0.850792143152933	0.86532984857963	0.688362570677757	0.670284030625886	0.688362570677755	0.628415939051252	0.663092873064149	0.602177622808341	0.663092873064151	0.865329848579634	0.688362570677755	0.670284030625887	0.688362570677763
1	1.32033207267382	1.34472582785264	1.32033207267382	1.32930311535723	1.40426383823941	1.54366901212168	1.4042638382394	1.34501517557256	1.53372571416262	1.57721889910716	1.53372571416262	1.32930311535723	1.4042638382394	1.54366901212168	1.40426383823941	1.44914976329268	0.850794861161444	0.627359446483941	0.850794861161449	0.865332395831268	0.688364112177069	0.670286391628193	0.688364112177068	0.628417235180815	0.663095109465895	0.602179274810403	0.663095109465897	0.865332395831273	0.688364112177068	0.670286391628194	0.688364112177074
1	1.32033390865533	1.34472705764779	1.32033390865533	1.329304768259	1.40426528341877	1.54367210864846	1.40426528341877	1.34501629291816	1.53372859235425	1.57722133114896	1.53372859235425	1.329304768259	1.40426528341877	1.54367210864846	1.40426528341877	1.44914980620043	0.850797284328682	0.627360640022429	0.850797284328687	0.86533466538746	0.688365485912267	0.670288497370732	0.688365485912267	0.628418390199848	0.663097103200535	0.602180747224695	0.663097103200537	0.865334665387465	0.688365485912267	0.670288497370734	0.688365485912272
1	1.32033554563459	1.34472815417885	1.32033554563459	1.32930624064407	1.40426657120724	1.54367487070459	1.40426657120724	1.34501728836388	1.53373115826097	1.57722349873809	1.53373115826097	1.32930624064407	1.40426657120724	1.54367487070459	1.40426657120724	1.44914984133033	0.850799444640749	0.627361704065269	0.850799444640754	0.865336687566744	0.688366710163567	0.670290375412935	0.688366710163568	0.628419419485639	0.663098880572067	0.60218205958584	0.663098880572068	0.865336687566749	0.688366710163568	0.670290375412937	0.688366710163572
1	1.32033700518114	1.34472913188529	1.32033700518114	1.32930755226593	1.40426771877268	1.54367733435725	1.40426771877268	1.34501817522787	1.53373344572319	1.57722543065113	1.53373344572319	1.32930755226593	1.40426771877268	1.54367733435725	1.40426771877268	1.44914987009226	0.850801370613011	0.627362652663312	0.850801370613016	0.86533848937067	0.688367801215746	0.670292050344552	0.688367801215746	0.628420336737608	0.663100465038095	0.602183229301721	0.663100465038097	0.865338489370675	0.688367801215746	0.670292050344553	0.688367801215752
1	1.32033830652642	1.34473000364209	1.32033830652642	1.32930872071058	1.40426874140597	1.54367953179365	1.40426874140597	1.34501896537034	1.53373548492183	1.57722715253006	1.53373548492183	1.32930872071058	1.40426874140597	1.54367953179365	1.40426874140598	1.44914989364053	0.850803087666827	0.627363498342528	0.850803087666832	0.865340094847668	0.688368773576476	0.67029354410476	0.688368773576472	0.628421154160667	0.66310187751703	0.602184271885326	0.663101877517032	0.865340094847673	0.688368773576472	0.670293544104761	0.688368773576481
1	1.32033946681717	1.34473078092913	1.32033946681717	1.32930976163529	1.40426965272692	1.54368149173692	1.40426965272692	1.34501966935368	1.53373730277274	1.57722868722418	1.53373730277274	1.32930976163529	1.40426965272692	1.54368149173692	1.40426965272692	1.44914991292023	0.850804618465373	0.627364252269628	0.850804618465377	0.865341525416999	0.688369640170786	0.67029487626709	0.688369640170785	0.628421882628563	0.663103136662217	0.602185201161262	0.663103136662219	0.865341525417003	0.688369640170785	0.670294876267091	0.688369640170791
1	1.32034050134158	1.34473147398248	1.32034050134158	1.32931068898086	1.40427046486748	1.54368323981775	1.40427046486747	1.34502029658474	1.5337389232788	1.57723005509471	1.5337389232788	1.32931068898086	1.40427046486747	1.54368323981775	1.40427046486748	1.44914992870511	0.85080598321303	0.627364924399571	0.850805983213035	0.865342800156898	0.688370412514102	0.670296064293909	0.688370412514102	0.628422531829306	0.663104259106657	0.602186029449714	0.663104259106658	0.865342800156902	0.688370412514102	0.670296064293911	0.688370412514107
1	1.32034142373074	1.34473209192913	1.32034142373074	1.32931151516049	1.40427118863476	1.54368479890634	1.40427118863476	1.34502085544164	1.53374036784433	1.5772312742861	1.53374036784433	1.32931151516049	1.40427118863476	1.54368479890634	1.40427118863476	1.44914994162868	0.8508071999222	0.62736552360709	0.850807199922204	0.86534393606112	0.688371100866334	0.670297123763559	0.688371100866336	0.628423110394658	0.663105259681311	0.602186767730314	0.663105259681313	0.865343936061124	0.688371100866336	0.670297123763561	0.688371100866339
1	1.32034224613831	1.34473264290724	1.32034224613831	1.32931225122765	1.40427183365617	1.54368618940881	1.40427183365617	1.34502135338644	1.53374165555561	1.57723236096767	1.53374165555561	1.32931225122765	1.40427183365617	1.54368618940881	1.40427183365617	1.44914995220961	0.850808284651188	0.627366057803959	0.850808284651192	0.865344948267196	0.68837171436903	0.670298068573175	0.688371714369033	0.628423626015464	0.663106151609961	0.602187425788202	0.663106151609962	0.8653449482672	0.688371714369033	0.670298068573177	0.688371714369036
1	1.3203429794007	1.34473313417319	1.3203429794007	1.32931290702555	1.40427240850849	1.54368742953198	1.40427240850849	1.34502179706558	1.53374280343133	1.5772333295489	1.53374280343133	1.32931290702555	1.40427240850849	1.54368742953198	1.40427240850849	1.44914996087253	0.850809251716238	0.627366534043497	0.850809251716243	0.86534585025968	0.688372261167543	0.670298911119717	0.688372261167546	0.628424085544362	0.663106946683042	0.602188012344044	0.663106946683044	0.865345850259684	0.688372261167546	0.670298911119719	0.688372261167548
1	1.32034363317983	1.34473357219721	1.32034363317982	1.32931349132	1.40427292083285	1.5436885355198	1.40427292083285	1.34502219239921	1.53374382664603	1.57723419287115	1.53374382664603	1.32931349132	1.40427292083284	1.5436885355198	1.40427292083285	1.44914996796514	0.850810113880588	0.627366958613712	0.850810113880593	0.865346654050994	0.688372748519771	0.670299662461617	0.688372748519776	0.628424495087272	0.663107655412719	0.602188535169973	0.663107655412721	0.865346654050999	0.688372748519776	0.670299662461619	0.688372748519777
1	1.32034421609045	1.34473396274849	1.32034421609045	1.32931401191771	1.40427337743701	1.54368952186441	1.40427337743701	1.34502254466066	1.53374473872951	1.57723496237853	1.53374473872951	1.3293140119177	1.40427337743701	1.54368952186441	1.40427337743701	1.44914997377207	0.850810882522931	0.627367337120374	0.850810882522936	0.86534737034251	0.688373182893034	0.670300332463004	0.688373182893035	0.628424860084847	0.663108287171253	0.602189001192826	0.663108287171255	0.865347370342515	0.688373182893035	0.670300332463006	0.688373182893039
1	1.32034473581367	1.34473431097119	1.32034473581367	1.32931447577144	1.40427378438652	1.54369040149467	1.40427378438652	1.34502285854731	1.53374555174476	1.57723564827006	1.53374555174476	1.32931447577144	1.40427378438652	1.54369040149467	1.40427378438652	1.44914997852639	0.850811567787655	0.627367674561033	0.85081156778766	0.865348008667895	0.688373570050328	0.670300929922467	0.688373570050329	0.62842518538507	0.663108850314443	0.602189416586175	0.663108850314444	0.865348008667899	0.688373570050329	0.670300929922469	0.688373570050333
1	1.32034519919812	1.34473462145208	1.32034519919812	1.32931488907374	1.40427414708572	1.5436911859444	1.40427414708572	1.34502313824357	1.5337462764467	1.57723625963531	1.5337462764467	1.32931488907374	1.40427414708572	1.5436911859444	1.40427414708572	1.44914998241889	0.850812178718743	0.627367975391031	0.850812178718748	0.86534857752077	0.688373915127139	0.670301462687954	0.688373915127139	0.62842547530788	0.663109352291679	0.602189786852285	0.663109352291681	0.865348577520775	0.688373915127139	0.670301462687956	0.688373915127145
1	1.32034561235019	1.34473489828103	1.32034561235019	1.3293152573402	1.40427447035006	1.54369188550258	1.40427447035005	1.34502338747703	1.53374692242374	1.57723680457514	1.53374692242374	1.3293152573402	1.40427447035005	1.54369188550258	1.40427447035006	1.44914998560581	0.850812723379165	0.627368243582332	0.850812723379169	0.865349084468361	0.688374222699882	0.670301937759312	0.688374222699881	0.628425733702747	0.663109799744166	0.602190116895165	0.663109799744168	0.865349084468365	0.688374222699881	0.670301937759314	0.688374222699887
1	1.32034598071448	1.34473514510474	1.32034598071448	1.32931558548367	1.4042747584703	1.54369250934745	1.40427475847029	1.34502360956837	1.53374749822417	1.57723729030939	1.53374749822417	1.32931558548367	1.40427475847029	1.54369250934745	1.4042747584703	1.44914998821503	0.850813208957295	0.627368482675964	0.8508132089573	0.865349536252715	0.688374496846824	0.670302361379811	0.688374496846822	0.62842596399996	0.663110198592488	0.60219041108566	0.66311019859249	0.86534953625272	0.688374496846822	0.670302361379813	0.688374496846829
1	1.32034630914552	1.34473536517483	1.32034630914552	1.32931587788024	1.40427501526984	1.54369306566621	1.40427501526984	1.34502380747589	1.53374801146877	1.57723772327272	1.53374801146877	1.32931587788024	1.40427501526984	1.54369306566621	1.40427501526984	1.44914999035128	0.850813641861786	0.62736869582879	0.850813641861791	0.865349938880818	0.688374741202407	0.670302739117774	0.688374741202408	0.628426169256336	0.663110554114714	0.602190673319472	0.663110554114716	0.865349938880823	0.688374741202408	0.670302739117776	0.688374741202412
1	1.3203466019717	1.3447355613906	1.3203466019717	1.32931613842802	1.40427524415569	1.54369356176179	1.40427524415569	1.34502398383511	1.53374846895135	1.57723810920013	1.53374846895135	1.32931613842802	1.40427524415569	1.54369356176179	1.40427524415569	1.4491499921003	0.850814027806158	0.627368885855176	0.850814027806163	0.865350297704861	0.688374959005588	0.670303075939473	0.688374959005592	0.628426352195902	0.66311087101606	0.602190907068816	0.663110871016062	0.865350297704865	0.688374959005592	0.670303075939475	0.688374959005594
1	1.32034686305233	1.3447357363372	1.32034686305233	1.32931637059947	1.40427544816388	1.54369400414826	1.40427544816388	1.345024140994	1.53374887672836	1.57723845320304	1.53374887672836	1.32931637059947	1.40427544816388	1.54369400414826	1.40427544816388	1.44914999353227	0.850814371884187	0.627369055264156	0.850814371884192	0.865350617493717	0.688375153142932	0.670303376274118	0.688375153142935	0.628426515246174	0.663111153491012	0.602191115428505	0.663111153491014	0.865350617493722	0.688375153142935	0.67030337627412	0.688375153142938
1	1.32034709582844	1.34473589231968	1.32034709582844	1.32931657748793	1.40427562999995	1.54369439863585	1.40427562999994	1.34502428104445	1.53374924019882	1.57723875983717	1.53374924019882	1.32931657748793	1.40427562999994	1.54369439863585	1.40427562999995	1.44914999470467	0.850814678637155	0.627369206292556	0.850814678637159	0.865350902496599	0.688375326186989	0.670303644071869	0.688375326186989	0.628426660570456	0.663111405278703	0.602191301156976	0.663111405278704	0.865350902496604	0.688375326186989	0.67030364407187	0.688375326186994
1	1.32034730336811	1.34473603139333	1.32034730336811	1.32931676184911	1.4042757920749	1.54369475040691	1.4042757920749	1.34502440585022	1.53374956417563	1.57723903316297	1.53374956417563	1.32931676184911	1.4042757920749	1.54369475040691	1.4042757920749	1.44914999566455	0.85081495211375	0.627369340934538	0.850814952113754	0.865351156499764	0.688375480430482	0.67030388285559	0.688375480430484	0.628426790096611	0.663111629712319	0.60219146671289	0.66311162971232	0.865351156499769	0.688375480430484	0.670303882855592	0.688375480430487
1	1.32034748840693	1.34473615539073	1.32034748840693	1.329316926138	1.40427593653739	1.54369506408367	1.40427593653739	1.34502451707185	1.53374985294916	1.57723927679953	1.53374985294916	1.329316926138	1.40427593653739	1.54369506408367	1.40427593653739	1.44914999645044	0.850815195923523	0.627369460967915	0.850815195923527	0.865351382877008	0.688375617916779	0.670304095767004	0.688375617916782	0.628426905542715	0.663111829763116	0.602191614287697	0.663111829763117	0.865351382877012	0.688375617916782	0.670304095767006	0.688375617916784
1	1.32034765338396	1.34473626594589	1.32034765338396	1.32931707254176	1.40427606530226	1.54369534378867	1.40427606530226	1.34502461618882	1.53375011034385	1.57723949397254	1.53375011034385	1.32931707254176	1.40427606530226	1.54369534378867	1.40427606530226	1.44914999709386	0.850815413284503	0.627369567977621	0.850815413284507	0.865351584634652	0.68837574046705	0.670304285607897	0.688375740467049	0.628427008439908	0.663112008079736	0.602191745834722	0.663112008079738	0.865351584634657	0.688375740467049	0.670304285607899	0.688375740467055
1	1.32034780047395	1.34473636451576	1.32034780047395	1.32931720300894	1.40427618007601	1.54369559319871	1.404276180076	1.34502470451936	1.53375033976888	1.57723968755712	1.53375033976888	1.32931720300893	1.404276180076	1.54369559319871	1.40427618007601	1.44914999762066	0.850815607065681	0.627369663376657	0.850815607065686	0.865351764451612	0.688375849704423	0.670304454876864	0.688375849704423	0.628427100152731	0.663112167023168	0.60219186309503	0.66311216702317	0.865351764451616	0.688375849704423	0.670304454876866	0.688375849704429
