1	1.26011368843335	1	1.26011368843337	1.26913355038362	1	1.2543757150592	1	1	1.32221408054254	9.3032689747109	1.32221408054253	1.26913355038363	1	1.25437571505919	1	4.99999999999999	0.245158782384674	0	0.245158782384683	0.297086129233074	-9.53952391575479e-16	-0.137307138460746	9.53952391551738e-16	0	-0.164787314316062	-1.43975446302134	-0.164787314316059	0.297086129233085	9.53952391551736e-16	-0.137307138460744	2.86185717472648e-15
1	1.11358025347963	1	1.11358025347964	1.10562356471392	1	1.14487900002895	1	1	1.16313381063995	23.1733161751384	1.16313381063994	1.10562356471393	1	1.14487900002894	1	4.99999999999999	0.176197942893901	0	0.176197942893906	0.194600541207254	-8.2540925972747e-16	-0.114691270900934	8.2540925972813e-16	0	-0.127333721253025	-4.10667560923707	-0.127333721253024	0.19460054120726	8.25409259728129e-16	-0.114691270900932	2.47622777918244e-15
1	1.00765808697045	1	1.00765808697045	1.00638659085059	1	1.01717472993041	1	1	1.01692507026163	17.1937102476312	1.01692507026163	1.00638659085059	1	1.01717472993379	1	4.99999999999999	0.065477237519759	0	0.0654772375197608	0.0625393956104871	-4.22467629514963e-16	-0.058427343022992	4.22467629514996e-16	0	-0.0589039075278587	-4.73794384239727	-0.0589039075278581	0.0625393956104888	4.22467629514996e-16	-0.0584273429043933	1.26740288854491e-15
1	1.00561547990809	1	1.00561547990809	1.00482489627243	1	1.01287341948362	1	1	1.01268565102168	16.2685001609611	1.01268565102168	1.00482489627243	1	1.0128734194762	1	4.99999999999999	0.058755586303401	0	0.0587555863034026	0.0564619665535524	-3.84908294411712e-16	-0.0534219935499297	3.84908294411716e-16	0	-0.0537075068568103	-4.7604773816286	-0.0537075068568096	0.056461966553554	3.84908294411716e-16	-0.0534219938974138	1.15472488323515e-15
1	1.00543080139633	1	1.00543080139633	1.0046838465602	1	1.0124658786741	1	1	1.01228357789937	16.1652188397208	1.01228357789937	1.0046838465602	1	1.01246587866928	1	4.99999999999999	0.0580812078604978	0	0.0580812078604994	0.0558663877725105	-3.80961221313164e-16	-0.0528957865948406	3.80961221313167e-16	0	-0.0531615054920635	-4.76282155667978	-0.0531615054920631	0.0558663877725121	3.80961221313167e-16	-0.0528957868278207	1.14288366393951e-15
1	1.00540980066225	1	1.00540980066225	1.00466778126925	1	1.01241929113379	1	1	1.01223762874347	16.1532080385615	1.01223762874347	1.00466778126925	1	1.01241929112619	1	4.99999999999999	0.0580037294816768	0	0.0580037294816784	0.055798009475369	-3.80505250428886e-16	-0.0528349353515599	3.80505250428889e-16	0	-0.0530984138094183	-4.76309225643863	-0.0530984138094176	0.0557980094753706	3.80505250428889e-16	-0.0528349357207783	1.14151575128667e-15
1	1.00540735254101	1	1.00540735254101	1.0046659080877	1	1.01241385697086	1	1	1.01223226922011	16.1518042646093	1.01223226922011	1.0046659080877	1	1.01241385696699	1	4.99999999999999	0.0579946868902892	0	0.0579946868902908	0.0557900293699117	-3.8045199983363e-16	-0.0528278279692021	3.80451999833632e-16	0	-0.0530910453158746	-4.76312386912392	-0.0530910453158741	0.0557900293699132	3.80451999833632e-16	-0.0528278281574395	1.1413559995009e-15
1	1.00528694063878	1	1.00528694063878	1.00528634377381	1	1.01312995666118	1	1	1.01312985668667	16.4878826214954	1.01312985668656	1.00528634377381	1	1.01312995666132	1	4.99999999999999	0.0577296118597384	0	0.05772961185974	0.0577272826263203	-3.87937788904398e-16	-0.0536974707443394	3.87937788904396e-16	0	-0.05369756788727	-4.75648839139449	-0.0536975678923043	0.0577272826263219	3.87937788904396e-16	-0.0536974707382198	1.16381336671321e-15
1	1.00535144763338	1	1.00535144763338	1.00535149166503	1	1.01328685884395	1	1	1.01328687911819	16.5263571261118	1.01328687912572	1.00535149166503	1	1.01328685884034	1	4.99999999999999	0.0579726487997773	0	0.0579726487997788	0.0579728882292001	-3.89447852797688e-16	-0.0538952773034204	3.89447852797689e-16	0	-0.0538953191209764	-4.75560002202551	-0.0538953187795144	0.0579728882292017	3.89447852797689e-16	-0.0538952774672863	1.16834355839308e-15
1	1.00535907666909	1	1.00535907666909	1.00535912236786	1	1.01330528594158	1	1	1.01330530713984	16.5308355846068	1.01330530714258	1.00535912236786	1	1.01330528594058	1	4.99999999999999	0.0580012941147295	0	0.0580012941147311	0.0580015397482458	-3.89624081849785e-16	-0.0539184183327106	3.89624081849787e-16	0	-0.0539184609107785	-4.75549631476231	-0.053918460786714	0.0580015397482474	3.89624081849787e-16	-0.0539184183782384	1.16887224554937e-15
1	1.00535996405626	1	1.00535996405626	1.00536000978641	1	1.01330742875375	1	1	1.01330744997392	16.53135596956	1.01330744997748	1.00536000978641	1	1.01330742875255	1	4.99999999999999	0.0580046245900239	0	0.0580046245900255	0.0580048703462139	-3.89644564633638e-16	-0.0539211079632601	3.8964456463364e-16	0	-0.0539211505965116	-4.75548426049141	-0.0539211504353058	0.0580048703462155	3.8964456463364e-16	-0.0539211080173398	1.16893369390093e-15
1	1.00536006715771	1	1.00536006715771	1.00536011289115	1	1.0133076777128	1	1	1.01330769892975	16.5314164241098	1.01330769894163	1.00536011289115	1	1.01330767770871	1	4.99999999999999	0.0580050115229705	0	0.0580050115229721	0.0580052572921052	-3.89646944248272e-16	-0.0539214203689868	3.89646944248275e-16	0	-0.0539214632589009	-4.755482860063	-0.0539214627211121	0.0580052572921068	3.89646944248275e-16	-0.0539214205542178	1.16894083274483e-15
1	1.00536007913514	1	1.00536007913515	1.00536012486896	1	1.01330770663439	1	1	1.01330772785205	16.5314234471082	1.01330772786322	1.00536012486896	1	1.01330770663045	1	4.99999999999999	0.0580050564732359	0	0.0580050564732376	0.0580053022438734	-3.89647220688906e-16	-0.0539214566723069	3.89647220688909e-16	0	-0.0539214995429157	-4.7554826973747	-0.0539214990372698	0.058005302243875	3.89647220688909e-16	-0.0539214568508825	1.16894166206673e-15
1	1.00536008052656	1	1.00536008052656	1.00536012626042	1	1.01330770999257	1	1	1.01330773121658	16.5314242629668	1.01330773121839	1.00536012626042	1	1.01330770999192	1	4.99999999999999	0.0580050616950927	0	0.0580050616950943	0.0580053074659042	-3.89647252802906e-16	-0.0539214609637254	3.8964725280291e-16	0	-0.0539215035479494	-4.75548267847527	-0.0539215034661931	0.0580053074659058	3.89647252802909e-16	-0.0539214609933494	1.16894175840873e-15
1	1.0053600806882	1	1.0053600806882	1.00536012642207	1	1.01330771038772	1	1	1.0133077315939	16.5314243577448	1.0133077316217	1.00536012642207	1	1.01330771037739	1	4.99999999999999	0.0580050623017132	0	0.0580050623017149	0.0580053080725452	-3.89647256533574e-16	-0.0539214612344086	3.89647256533578e-16	0	-0.0539215046263784	-4.75548267627973	-0.0539215033675429	0.0580053080725469	3.89647256533578e-16	-0.0539214617024186	1.16894176960074e-15
