1	1.49615495269366	1.01155790199457	1.49615495269368	1.49615495172434	1.01253444578203	1.12760811145458	1.01253444578431	1.0115579019644	1.1276081113807	4.75806216593504	1.1276081113807	1.49615495172437	1.01253444578431	1.12760811145458	1.01253444578203	6.74999999999999	0.329344529573055	0.0319077949930381	0.329344529573069	0.329344529237166	0.0335734207468028	-0.0902382504682674	0.0335734207494513	0.0319077949559703	-0.0902382504452492	-0.702501162643246	-0.0902382504452476	0.329344529237179	0.0335734207494512	-0.0902382504682657	0.0335734207468071
1	1.58356647836097	1.01109774153308	1.58356647836101	1.58356647824035	1.01224662358192	1.12572531075405	1.01224662358192	1.01109774153321	1.1257253107541	9.30725662716852	1.1257253107541	1.58356647824038	1.01224662358192	1.12572531075404	1.01224662358192	6.74999999999999	0.363774107341413	0.0312964940526861	0.363774107341429	0.363774107296739	0.0331950294567002	-0.089539526960032	0.0331950294567057	0.0312964940530028	-0.0895395269601723	-1.39684930401884	-0.0895395269601706	0.363774107296754	0.0331950294567057	-0.0895395269600303	0.0331950294567045
1	1.59369395940792	1.01093180856801	1.59369395940795	1.59369395939126	1.01214641009027	1.12333446476207	1.01214641009027	1.01093180856803	1.12333446476222	14.5214655323925	1.12333446476222	1.59369395939129	1.01214641009027	1.12333446476206	1.01214641009027	6.74999999999999	0.369462445656734	0.0312147099221913	0.36946244565675	0.369462445650547	0.0332211841851066	-0.0890703163900201	0.0332211841851087	0.031214709922235	-0.0890703163900936	-2.19759760005881	-0.089070316390092	0.369462445650563	0.0332211841851087	-0.0890703163900184	0.0332211841851108
1	1.60316324767586	1.01066589110893	1.6031632476759	1.60316324767342	1.01209853525822	1.12034590636598	1.01209853525822	1.01066589110894	1.12034590636601	20.5460021307944	1.12034590636601	1.60316324767345	1.01209853525822	1.12034590636598	1.01209853525823	6.74999999999999	0.376439248595404	0.0311085873840447	0.376439248595421	0.376439248594492	0.0334546007946307	-0.0887168743595962	0.0334546007946327	0.0311085873840506	-0.0887168743596084	-3.14117632173779	-0.0887168743596068	0.376439248594509	0.0334546007946327	-0.0887168743595946	0.033454600794635
1	1.66481295943279	1.00999398126181	1.66481295943283	1.66481295943231	1.0123799790621	1.11707375318984	1.0123799790621	1.00999398126181	1.11707375318984	26.4798114602036	1.11707375318984	1.66481295943235	1.0123799790621	1.11707375318984	1.0123799790621	6.74999999999999	0.409663366691958	0.0308457739521241	0.409663366691977	0.40966336669178	0.0346848600935126	-0.0896177431786691	0.0346848600935153	0.030845773952125	-0.0896177431786712	-4.15234691616112	-0.0896177431786696	0.409663366691798	0.0346848600935153	-0.0896177431786675	0.034684860093517
1	2.05096287377941	1.00282414593149	2.05096287377948	2.05096288037049	1.01307336744284	1.11244957579207	1.01307336744236	1.00282414593286	1.11244957549532	26.2394491880487	1.11244957549532	2.05096288037055	1.01307336744236	1.11244957579207	1.01307336744284	6.74999999999999	0.688707126350973	0.0204537247147426	0.688707126351007	0.688707129200335	0.0442021113688754	-0.108496891314618	0.044202111367946	0.0204537247180889	-0.10849689116098	-5.06126032663887	-0.108496891160978	0.688707129200368	0.044202111367946	-0.108496891314616	0.0442021113688811
1	2.62727599667511	1.00219991725257	2.6272759966752	2.62727602102528	1.00951497483386	1.13376720251728	1.00951497483385	1.00219991725552	1.13376720137432	23.9902602016424	1.13376720137431	2.62727602102537	1.00951497483385	1.13376720251728	1.00951497483386	6.74999999999999	1.01035980699277	0.0195162801814166	1.01035980699282	1.01035981788045	0.0410934815430968	-0.130099532223577	0.0410934815430452	0.0195162801932699	-0.130099531630139	-5.09152637657884	-0.130099531630137	1.0103598178805	0.0410934815430452	-0.130099532223575	0.0410934815431021
1	3.01089724269654	1.00210452279773	3.01089724269663	3.01089734670159	1.00708542969792	1.1515914311113	1.00708542969792	1.0021045228085	1.15159142548805	23.2249407341377	1.15159142548805	3.01089734670168	1.00708542969792	1.15159143111129	1.00708542969792	6.74999999999999	1.21282266419256	0.0196013863793329	1.21282266419261	1.21282271135771	0.0365253173560125	-0.143513526134887	0.036525317356015	0.0196013864307642	-0.143513523288685	-5.09924592502929	-0.143513523288682	1.21282271135776	0.036525317356015	-0.143513526134884	0.0365253173560171
1	3.19181218920101	1.00203018283589	3.1918121892011	3.19181264821652	1.00602124161031	1.16155724083929	1.00602124161032	1.00203018288013	1.16155721340705	22.838312573764	1.16155721340704	3.19181264821662	1.00602124161032	1.16155724083928	1.00602124161032	6.74999999999999	1.31367998623011	0.0195377655504748	1.31367998623016	1.31368019694426	0.034208549837342	-0.150981217192428	0.0342085498373453	0.0195377657818763	-0.150981203465322	-5.10299014746585	-0.150981203465318	1.31368019694432	0.0342085498373453	-0.150981217192425	0.0342085498373463
1	3.26975684526335	1.00198901689117	3.26975684526344	3.26975890122872	1.00557073480346	1.16642048617222	1.00557073480346	1.00198901708267	1.16642035670803	22.6473781780642	1.16642035670802	3.26975890122881	1.00557073480346	1.16642048617221	1.00557073480346	6.74999999999999	1.35947734397877	0.0194856912686317	1.35947734397882	1.3594782945684	0.0331697538639609	-0.154696679574241	0.0331697538639635	0.019485692316094	-0.154696615079829	-5.10482340607194	-0.154696615079825	1.35947829456845	0.0331697538639635	-0.154696679574238	0.0331697538639651
1	3.30298465500921	1.00196929616884	3.3029846550093	3.3029939340434	1.00537870831284	1.16865103829402	1.00537870831284	1.00196929701969	1.16865043947766	22.5582297988961	1.16865043947765	3.30299393404349	1.00537870831284	1.16865103829401	1.00537870831284	6.74999999999999	1.37965695808944	0.019458525176408	1.3796569580895	1.37966126356868	0.032717104925443	-0.156424495458559	0.0327171049254454	0.0194585299272709	-0.156424197680548	-5.10567722977609	-0.156424197680545	1.37966126356873	0.0327171049254455	-0.156424495458556	0.0327171049254471
1	3.31723974411838	1.00196036411767	3.31723974411847	3.31728365237387	1.00529604310863	1.16964643357013	1.00529604310863	1.00196036810699	1.16964356698434	22.5180417271076	1.16964356698434	3.31728365237396	1.00529604310863	1.16964643357013	1.00529604310863	6.74999999999999	1.38846833037525	0.0194459212105336	1.3884683303753	1.38848873891296	0.0325206082809067	-0.157201034003016	0.0325206082809087	0.0194459437214112	-0.15719960962377	-5.10606180900826	-0.157199609623766	1.38848873891301	0.0325206082809087	-0.157201034003012	0.0325206082809108
1	3.32332421118491	1.0019564018885	3.323324211185	3.32354262048589	1.00526023848564	1.17008972813676	1.00526023848564	1.00195642162499	1.17007539141147	22.5002565659389	1.17007539141147	3.32354262048598	1.00526023848564	1.17008972813676	1.00526023848564	6.74999999999999	1.39227316900299	0.0194402563695181	1.39227316900305	1.3923747687155	0.0324352177015022	-0.157546599331626	0.032435217701504	0.0194403683478312	-0.157539478095387	-5.10623194973692	-0.157539478095384	1.39237476871555	0.032435217701504	-0.157546599331623	0.0324352177015063
1	3.32558878538956	1.00195464138562	3.32558878538965	3.32663926913455	1.00524467028635	1.17030865374687	1.00524467028635	1.00195471250215	1.17023975847188	22.4924382884125	1.17023975847188	3.32663926913464	1.00524467028635	1.17030865374687	1.00524467028635	6.74999999999999	1.39375428846806	0.0194376073235869	1.39375428846811	1.3942476445729	0.0323980500938052	-0.157710459143823	0.0323980500938073	0.01943809149434	-0.157676421844168	-5.10630674097306	-0.157676421844164	1.39424764457295	0.0323980500938073	-0.15771045914382	0.0323980500938093
1	3.32473178378775	1.00195374623573	3.32473178378784	3.32982813100116	1.00523789208152	1.17052522088212	1.00523789208153	1.00195408999765	1.17019068826126	22.489021588969	1.17019068826125	3.32982813100125	1.00523789208153	1.17052522088212	1.00523789208153	6.74999999999999	1.39353460813125	0.0194355951651173	1.3935346081313	1.39592863477683	0.032381856176763	-0.157841800295282	0.0323818561767651	0.0194379422296792	-0.157676543571658	-5.10633942366816	-0.157676543571655	1.39592863477688	0.0323818561767651	-0.157841800295278	0.0323818561767671
1	3.31540577782425	1.00195274979431	3.31540577782434	3.34013786314534	1.00523492187917	1.17120795655508	1.00523492187917	1.00195441752267	1.16958382756449	22.4875289855283	1.16958382756448	3.34013786314543	1.00523492187917	1.17120795655508	1.00523492187917	6.74999999999999	1.38923296213485	0.0194305868152365	1.3892329621349	1.40085170037633	0.032374748496121	-0.158189343710481	0.0323747484961228	0.0194419778952353	-0.157387056012954	-5.10635371548316	-0.157387056012951	1.40085170037639	0.0323747484961228	-0.158189343710478	0.032374748496125
1	3.26760489049723	1.00194931435036	3.26760489049732	3.38761798571688	1.0052332118802	1.17438743918341	1.00523321188021	1.00195740580652	1.16650370708989	22.4868448081886	1.16650370708988	3.38761798571697	1.00523321188021	1.1743874391834	1.00523321188021	6.74999999999999	1.36680397492724	0.019408095393518	1.36680397492729	1.42318741404623	0.0323704299826037	-0.159756188445051	0.0323704299826058	0.0194633737751689	-0.155861905113219	-5.10636062019677	-0.155861905113216	1.42318741404628	0.0323704299826057	-0.159756188445048	0.0323704299826077
1	3.02898964591972	1.00193190848085	3.0289896459198	3.60885184171464	1.00522271284741	1.19036225791345	1.00522271284742	1.00197100006308	1.15213025565084	22.4857063599168	1.15213025565083	3.60885184171473	1.00522271284742	1.19036225791344	1.00522271284742	6.74999999999999	1.25447020750791	0.019294133876551	1.25447020750796	1.52708324831271	0.0323399674995579	-0.167449253005899	0.03233996749956	0.0195613508818143	-0.148573435378215	-5.10637980957134	-0.148573435378212	1.52708324831276	0.03233996749956	-0.167449253005895	0.0323399674995619
1	1.95544983857065	1.00183075158006	1.9554498385707	4.45064962047581	1.00501850250676	1.27999141881554	1.00501850250676	1.00200007839581	1.0979560713221	22.4436962003268	1.0979560713221	4.4506496204759	1.00501850250676	1.27999141881553	1.00501850250676	6.74999999999999	0.734662425618683	0.0187148122092216	0.734662425618716	1.92668610474831	0.0317714502961049	-0.207198716673524	0.031771450296107	0.0198781954567549	-0.118218908332317	-5.10689227187089	-0.118218908332315	1.92668610474836	0.031771450296107	-0.207198716673519	0.0317714502961089
1	1.08171287380371	1.00155248771387	1.08171287380372	5.48260092181975	1.00354068330407	1.67123517950731	1.00354068330407	1.00180101889696	1.02916091542916	21.6507745187034	1.02916091542916	5.48260092181982	1.00354068330407	1.67123517950727	1.00354068330407	6.74999999999999	0.186449205832096	0.0178191695685786	0.186449205832101	2.52595743750854	0.0277757638408558	-0.359991950976659	0.0277757638408578	0.0198948622733339	-0.0662127922326313	-5.11404317847279	-0.0662127922326303	2.52595743750859	0.0277757638408578	-0.359991950976647	0.0277757638408593
1	1.03003615035751	1.00137768168676	1.03003615035751	5.48626224587046	1.00226248157169	1.96125028342961	1.00226248157169	1.00143789714769	1.01766331145239	20.6762931091392	1.01766331145239	5.48626224587051	1.00226248157169	1.96125028342955	1.00226248157169	6.74999999999999	0.115158377749337	0.0173159167606751	0.11515837774934	2.71952081877179	0.0233209285643208	-0.472976061813717	0.0233209285643222	0.0191237377882425	-0.0543587682870554	-5.12271057948036	-0.0543587682870546	2.71952081877184	0.0233209285643221	-0.472976061813698	0.0233209285643237
1	1.02534465991129	1.00130106930481	1.02534465991129	5.40548097300492	1.00190677866635	2.05797854390378	1.00190677866635	1.00128074295705	1.01561070124866	20.2176993272011	1.01561070124866	5.40548097300498	1.00190677866635	2.05797854390371	1.00190677866635	6.74999999999999	0.107130311939874	0.0170612598542246	0.107130311939876	2.76876214335716	0.0219050984507758	-0.514342688258176	0.021905098450777	0.018658774203762	-0.0524495282700284	-5.12675935536516	-0.0524495282700277	2.76876214335721	0.021905098450777	-0.514342688258155	0.0219050984507785
1	1.02413664547622	1.00127376637876	1.02413664547622	5.37112793282992	1.00179838428518	2.09107373841984	1.00179838428518	1.00122602912683	1.01496657814476	20.0458291475109	1.01496657814476	5.37112793282997	1.00179838428518	2.09107373841977	1.00179838428518	6.74999999999999	0.105061536492796	0.0169694795699459	0.105061536492799	2.78471393479413	0.0214571988347596	-0.529107139873408	0.0214571988347611	0.0184824327203625	-0.0518624792556813	-5.12825114444509	-0.0518624792556806	2.78471393479418	0.0214571988347611	-0.529107139873386	0.0214571988347623
1	1.02373383347647	1.00126397814585	1.02373383347647	5.35831305965084	1.00176140976164	2.10281867382583	1.00176140976164	1.00120670055217	1.01474264180659	19.9834821850643	1.01474264180659	5.35831305965089	1.00176140976164	2.10281867382576	1.00176140976165	6.74999999999999	0.104369828789833	0.0169364078774636	0.104369828789836	2.79030308450992	0.0213020841952613	-0.534420674256033	0.0213020841952625	0.0184184019460331	-0.0516572530086916	-5.12878830127179	-0.0516572530086909	2.79030308450997	0.0213020841952624	-0.534420674256011	0.0213020841952639
1	1.02359191951523	1.00126045314042	1.02359191951523	5.35364030077005	1.00174831715236	2.1070347486832	1.00174831715236	1.00119977732762	1.01466280165984	19.9609567411858	1.01466280165984	5.35364030077011	1.00174831715236	2.10703474868313	1.00174831715236	6.74999999999999	0.104125698217748	0.016924466250165	0.104125698217751	2.79230201306254	0.0212468318735417	-0.53633720997282	0.021246831873543	0.0183952356370376	-0.0515838393271184	-5.1289818381249	-0.0515838393271176	2.79230201306259	0.021246831873543	-0.536337209972798	0.0212468318735444
1	1.02354111285632	1.0012591816813	1.02354111285633	5.35194723020139	1.00174362216684	2.10855392974379	1.00174362216684	1.00119728438846	1.01463410125046	19.9528224499469	1.01463410125046	5.35194723020144	1.00174362216684	2.10855392974372	1.00174362216684	6.74999999999999	0.104038230952328	0.0169201542425344	0.104038230952331	2.79302146901207	0.02122697478942	-0.537028962593325	0.0212269747894213	0.0183868628825993	-0.0515574141536202	-5.12905165734955	-0.0515574141536195	2.79302146901212	0.0212269747894213	-0.537028962593303	0.0212269747894227
1	1.02352282302688	1.00125872275514	1.02352282302688	5.35133510984747	1.00174193102511	2.10910208209504	1.00174193102511	1.00119638507659	1.01462375423481	19.9498851490645	1.01462375423481	5.35133510984753	1.00174193102511	2.10910208209497	1.00174193102511	6.74999999999999	0.104006734687818	0.0169185973043164	0.10400673468782	2.7932809694872	0.0212198164878553	-0.537278712520901	0.0212198164878567	0.0183838384027369	-0.0515478827457346	-5.12907685999466	-0.0515478827457335	2.79328096948724	0.0212198164878566	-0.537278712520879	0.021219816487858
1	1.02351622586781	1.00125855706453	1.02351622586781	5.35111397207475	1.0017413208958	2.10929996596753	1.0017413208958	1.00119606044594	1.01462002006164	19.9488244815141	1.01462002006164	5.35111397207481	1.0017413208958	2.10929996596746	1.0017413208958	6.74999999999999	0.103995372751392	0.0169180349840416	0.103995372751395	2.79337463820789	0.0212172331670521	-0.537368892295523	0.0212172331670536	0.0183827461056289	-0.0515444423136456	-5.12908595954425	-0.0515444423136446	2.79337463820794	0.0212172331670535	-0.537368892295501	0.0212172331670547
1	1.02351384456299	1.00125849723656	1.02351384456299	5.3510341050989	1.00174110064638	2.10937141548769	1.00174110064638	1.00119594323486	1.0146186719157	19.9484414696603	1.0146186719157	5.35103410509895	1.00174110064638	2.10937141548762	1.00174110064639	6.74999999999999	0.103991271397083	0.0169178319641564	0.103991271397086	2.79340845757442	0.0212163005207074	-0.537401455877453	0.0212163005207088	0.0183823516518351	-0.0515432001369272	-5.1290892452766	-0.0515432001369266	2.79340845757447	0.0212163005207088	-0.537401455877431	0.0212163005207101
1	1.02351298478623	1.00125847563274	1.02351298478623	5.35100526297574	1.00174102112238	2.10939721534885	1.00174102112238	1.00119590091118	1.01461818512948	19.9483031620139	1.01461818512948	5.35100526297579	1.00174102112238	2.10939721534878	1.00174102112238	6.74999999999999	0.103989790570593	0.0169177586760417	0.103989790570596	2.79342066930537	0.0212159637633957	-0.537413214664483	0.0212159637633971	0.0183822092097408	-0.0515427516031286	-5.12909043175189	-0.0515427516031275	2.79342066930542	0.021215963763397	-0.537413214664461	0.0212159637633984
1	1.02351267433224	1.00125846783185	1.02351267433225	5.35099484769304	1.00174099240701	2.10940653170361	1.00174099240701	1.00119588562809	1.01461800935291	19.9482532183219	1.01461800935291	5.3509948476931	1.00174099240701	2.10940653170354	1.00174099240701	6.74999999999999	0.103989255861114	0.0169177321670834	0.103989255861117	2.79342507895088	0.0212158421618252	-0.537417460817258	0.0212158421618265	0.0183821577727014	-0.0515425896388616	-5.12909086019231	-0.0515425896388609	2.79342507895093	0.0212158421618265	-0.537417460817236	0.0212158421618279
1	1.0235125622276	1.00125846501431	1.02351256222761	5.35099108664326	1.00174098203788	2.10940989587846	1.00174098203788	1.00119588010931	1.01461794587961	19.9482351833685	1.01461794587961	5.35099108664331	1.00174098203788	2.10940989587839	1.00174098203788	6.74999999999999	0.103989062777536	0.0169177226809346	0.103989062777539	2.79342667128944	0.0212157982512176	-0.537418994126511	0.021215798251219	0.018382139198453	-0.0515425311513827	-5.12909101490428	-0.0515425311513813	2.79342667128949	0.021215798251219	-0.537418994126488	0.0212157982512202
1	1.02351252174625	1.00125846399731	1.02351252174625	5.3509897285021	1.00174097829354	2.10941111069944	1.00174097829354	1.00119587811645	1.01461792295908	19.9482286708344	1.01461792295908	5.35098972850215	1.00174097829354	2.10941111069936	1.00174097829354	6.74999999999999	0.103988993054458	0.0169177191936683	0.103988993054461	2.79342724629092	0.021215782394902	-0.537419547813171	0.0212157823949034	0.0183821324911643	-0.0515425100324198	-5.12909107077167	-0.0515425100324197	2.79342724629097	0.0212157823949034	-0.537419547813149	0.0212157823949047
1	1.02351250712822	1.00125846362885	1.02351250712822	5.35098923806851	1.00174097694144	2.10941154937858	1.00174097694144	1.00119587739682	1.01461791468244	19.9482263191382	1.01461791468244	5.35098923806856	1.00174097694144	2.10941154937851	1.00174097694144	6.74999999999999	0.103988967876817	0.0169177181086664	0.10398896787682	2.79342745392727	0.0212157766690828	-0.537419747752799	0.021215776669084	0.018382130069159	-0.051542502402973	-5.12909109094561	-0.0515425024029718	2.79342745392732	0.0212157766690839	-0.537419747752778	0.0212157766690854
1	1.0235125018496	1.00125846349732	1.0235125018496	5.3509890609705	1.00174097645319	2.10941170778709	1.00174097645319	1.00119587713696	1.01461791169359	19.9482254699065	1.01461791169359	5.35098906097055	1.00174097645319	2.10941170778702	1.0017409764532	6.74999999999999	0.103988958785412	0.0169177175003236	0.103988958785415	2.79342752890575	0.0212157746014817	-0.537419819951728	0.0212157746014831	0.0183821291945164	-0.0515424996520054	-5.12909109823064	-0.0515424996520044	2.7934275289058	0.0212157746014831	-0.537419819951706	0.0212157746014844
1	1.02351249994342	1.00125846344959	1.02351249994342	5.35098899701906	1.00174097627688	2.1094117649905	1.00174097627688	1.00119587704312	1.01461791061431	19.9482251632429	1.01461791061431	5.35098899701911	1.00174097627688	2.10941176499043	1.00174097627688	6.74999999999999	0.103988955502347	0.0169177173117672	0.103988955502349	2.79342755598109	0.0212157738548507	-0.53741984602373	0.0212157738548522	0.0183821288786762	-0.0515424986580225	-5.12909110086133	-0.0515424986580215	2.79342755598114	0.0212157738548521	-0.537419846023708	0.0212157738548534
