1	16.0351813702423	4.34508933255293	16.0351814193163	16.0351813900128	5.16244921866991	1.0071994640915	5.16244922395026	4.34508932497477	1.00719946408812	2.45891657787683	1.00719946408812	16.0351813907097	5.16244922395026	1.0071994640915	5.16244921867041	14	5.5954598449856	1.0453805419812	5.5954598360669	5.595459838178	1.26262259484776	0.0245383588415204	1.26262259603173	1.04538053989462	0.0245383588344509	-0.399377608372275	0.0245383588344541	5.59545983805147	1.26262259603173	0.0245383588415237	1.2626225948479
1	1.00000001152772	1.00000000659764	1.00000001152772	1.00000001153254	1.00000000666526	1.00000000008564	1.00000000666526	1.00000000657951	1.00000000008542	1.00000000774943	1.00000000008542	1.00000001153254	1.00000000666526	1.00000000008564	1.00000000666526	14	9.4999999998052	4.99999999872023	9.49999999980527	9.49999999980522	4.99999999882205	0.499999999640872	4.99999999882211	4.99999999872018	0.499999999640847	-3.9999999722377	0.499999999640909	9.49999999980529	4.99999999882211	0.499999999640935	4.99999999882217
1	1.00000000462744	1.00000000170908	1.00000000462744	1.00000000462744	1.0000000030849	1.00000000019429	1.0000000030849	1.00000000170908	1.00000000019429	1.00000000260371	1.00000000019429	1.00000000462744	1.0000000030849	1.00000000019429	1.0000000030849	14	9.49999999999998	5	9.50000000000005	9.49999999999998	4.99999999999997	0.499999999999984	5.00000000000003	5	0.499999999999984	-3.99838210372872	0.500000000000047	9.50000000000005	5.00000000000003	0.500000000000047	5.00000000000009
1	1	1	1	1	1	1	1	1	1	1	1	1	1	1	1	14	9.49999999999998	5	9.50000000000005	9.49999999999998	4.99999999999997	0.499999999999984	5.00000000000003	5	0.499999999999984	-0.312390106061248	0.500000000000047	9.50000000000005	5.00000000000003	0.500000000000047	5.00000000000009
1	1	1	1	1	1	1	1	1	1	1	1	1	1	1	1	14	9.49999999999998	5	9.50000000000005	9.49999999999998	4.99999999999997	0.499999999999984	5.00000000000003	5	0.499999999999984	-0.0445236828063812	0.500000000000047	9.50000000000005	5.00000000000003	0.500000000000047	5.00000000000009
1	1	1	1	1	1	1	1	1	1	1	1	1	1	1	1	14	9.49999999999998	5	9.50000000000005	9.49999999999998	4.99999999999997	0.499999999999984	5.00000000000003	5	0.499999999999984	-0.0312788687575481	0.500000000000047	9.50000000000005	5.00000000000003	0.500000000000047	5.00000000000009
1	1	1	1	1	1	1	1	1	1	1	1	1	1	1	1	14	9.49999999999998	5	9.50000000000005	9.49999999999998	4.99999999999997	0.499999999999984	5.00000000000003	5	0.499999999999984	-0.0693753180383176	0.500000000000047	9.50000000000005	5.00000000000003	0.500000000000047	5.00000000000009
1	1	1	1	1	1	1	1	1	1	1	1	1	1	1	1	14	9.49999999999998	5	9.50000000000005	9.49999999999998	4.99999999999997	0.499999999999984	5.00000000000003	5	0.499999999999984	-0.0267004414553429	0.500000000000047	9.50000000000005	5.00000000000003	0.500000000000047	5.00000000000009
1	1	1	1	1	1	1	1	1	1	1	1	1	1	1	1	14	9.49999999999998	5	9.50000000000005	9.49999999999998	4.99999999999997	0.499999999999984	5.00000000000003	5	0.499999999999984	-0.0147261104187331	0.500000000000047	9.50000000000005	5.00000000000003	0.500000000000047	5.00000000000009
1	1	1	1	1	1	1	1	1	1	1	1	1	1	1	1	14	9.49999999999998	5	9.50000000000005	9.49999999999998	4.99999999999997	0.499999999999984	5.00000000000003	5	0.499999999999984	-0.0827682803869369	0.500000000000047	9.50000000000005	5.00000000000003	0.500000000000047	5.00000000000009
1	1	1	1	1	1	1	1	1	1	1	1	1	1	1	1	14	9.49999999999998	5	9.50000000000005	9.49999999999998	4.99999999999997	0.499999999999984	5.00000000000003	5	0.499999999999984	-0.0523131275493746	0.500000000000047	9.50000000000005	5.00000000000003	0.500000000000047	5.00000000000009
1	1	1	1	1	1	1	1	1	1	1	1	1	1	1	1	14	9.49999999999998	5	9.50000000000005	9.49999999999998	4.99999999999997	0.499999999999984	5.00000000000003	5	0.499999999999984	-0.116608612305457	0.500000000000047	9.50000000000005	5.00000000000003	0.500000000000047	5.00000000000009
1	1	1	1	1	1	1	1	1	1	1	1	1	1	1	1	14	9.49999999999998	5	9.50000000000005	9.49999999999998	4.99999999999997	0.499999999999984	5.00000000000003	5	0.499999999999984	-0.099713717583929	0.500000000000047	9.50000000000005	5.00000000000003	0.500000000000047	5.00000000000009
1	1	1	1	1	1	1	1	1	1	1	1	1	1	1	1	14	9.49999999999998	5	9.50000000000005	9.49999999999998	4.99999999999997	0.499999999999984	5.00000000000003	5	0.499999999999984	-0.104012390542088	0.500000000000047	9.50000000000005	5.00000000000003	0.500000000000047	5.00000000000009
1	1	1	1	1	1	1	1	1	1	1	1	1	1	1	1	14	9.49999999999998	5	9.50000000000005	9.49999999999998	4.99999999999997	0.499999999999984	5.00000000000003	5	0.499999999999984	-6.78147537541622	0.500000000000047	9.50000000000005	5.00000000000003	0.500000000000047	5.00000000000009
1	1	1	1	1	1	1	1	1	1	1	1	1	1	1	1	14	9.49999999999998	5	9.50000000000005	9.49999999999998	4.99999999999997	0.499999999999984	5.00000000000003	5	0.499999999999984	-4.28941129619534	0.500000000000047	9.50000000000005	5.00000000000003	0.500000000000047	5.00000000000009
1	1	1	1	1	1	1	1	1	1	1	1	1	1	1	1	14	9.49999999999998	5	9.50000000000005	9.49999999999998	4.99999999999997	0.499999999999984	5.00000000000003	5	0.499999999999984	-5.41917682963676	0.500000000000047	9.50000000000005	5.00000000000003	0.500000000000047	5.00000000000009
1	1	1	1	1	1	1	1	1	1	1	1	1	1	1	1	14	9.49999999999998	5	9.50000000000005	9.49999999999998	4.99999999999997	0.499999999999984	5.00000000000003	5	0.499999999999984	-4.59535225284979	0.500000000000047	9.50000000000005	5.00000000000003	0.500000000000047	5.00000000000009
1	1	1	1	1	1	1	1	1	1	1	1	1	1	1	1	14	9.49999999999998	5	9.50000000000005	9.49999999999998	4.99999999999997	0.499999999999984	5.00000000000003	5	0.499999999999984	-0.298554091245247	0.500000000000047	9.50000000000005	5.00000000000003	0.500000000000047	5.00000000000009
1	1	1	1	1	1	1	1	1	1	1	1	1	1	1	1	14	9.49999999999998	5	9.50000000000005	9.49999999999998	4.99999999999997	0.499999999999984	5.00000000000003	5	0.499999999999984	-0.062375037352893	0.500000000000047	9.50000000000005	5.00000000000003	0.500000000000047	5.00000000000009
1	1	1	1	1	1	1	1	1	1	1	1	1	1	1	1	14	9.49999999999998	5	9.50000000000005	9.49999999999998	4.99999999999997	0.499999999999984	5.00000000000003	5	0.499999999999984	-0.0624030657846869	0.500000000000047	9.50000000000005	5.00000000000003	0.500000000000047	5.00000000000009
1	1	1	1	1	1	1	1	1	1	1	1	1	1	1	1	14	9.49999999999998	5	9.50000000000005	9.49999999999998	4.99999999999997	0.499999999999984	5.00000000000003	5	0.499999999999984	-0.0693253152644891	0.500000000000047	9.50000000000005	5.00000000000003	0.500000000000047	5.00000000000009
1	1	1	1	1	1	1	1	1	1	1	1	1	1	1	1	14	9.49999999999998	5	9.50000000000005	9.49999999999998	4.99999999999997	0.499999999999984	5.00000000000003	5	0.499999999999984	-0.070678032251372	0.500000000000047	9.50000000000005	5.00000000000003	0.500000000000047	5.00000000000009
1	1	1	1	1	1	1	1	1	1	1	1	1	1	1	1	14	9.49999999999998	5	9.50000000000005	9.49999999999998	4.99999999999997	0.499999999999984	5.00000000000003	5	0.499999999999984	-0.0927578235584048	0.500000000000047	9.50000000000005	5.00000000000003	0.500000000000047	5.00000000000009
1	1	1	1	1	1	1	1	1	1	1	1	1	1	1	1	14	9.49999999999998	5	9.50000000000005	9.49999999999998	4.99999999999997	0.499999999999984	5.00000000000003	5	0.499999999999984	-0.0876417998234623	0.500000000000047	9.50000000000005	5.00000000000003	0.500000000000047	5.00000000000009
1	1	1	1	1	1	1	1	1	1	1	1	1	1	1	1	14	9.49999999999998	5	9.50000000000005	9.49999999999998	4.99999999999997	0.499999999999984	5.00000000000003	5	0.499999999999984	-0.0848528391653345	0.500000000000047	9.50000000000005	5.00000000000003	0.500000000000047	5.00000000000009
1	1	1	1	1	1	1	1	1	1	1	1	1	1	1	1	14	9.49999999999998	5	9.50000000000005	9.49999999999998	4.99999999999997	0.499999999999984	5.00000000000003	5	0.499999999999984	-0.0285034121080991	0.500000000000047	9.50000000000005	5.00000000000003	0.500000000000047	5.00000000000009
1	1	1	1	1	1	1	1	1	1	1	1	1	1	1	1	14	9.49999999999998	5	9.50000000000005	9.49999999999998	4.99999999999997	0.499999999999984	5.00000000000003	5	0.499999999999984	-0.0862062476665034	0.500000000000047	9.50000000000005	5.00000000000003	0.500000000000047	5.00000000000009
1	1	1	1	1	1	1	1	1	1	1	1	1	1	1	1	14	9.49999999999998	5	9.50000000000005	9.49999999999998	4.99999999999997	0.499999999999984	5.00000000000003	5	0.499999999999984	-0.0613361111411264	0.500000000000047	9.50000000000005	5.00000000000003	0.500000000000047	5.00000000000009
1	1	1	1	1	1	1	1	1	1	1	1	1	1	1	1	14	9.49999999999998	5	9.50000000000005	9.49999999999998	4.99999999999997	0.499999999999984	5.00000000000003	5	0.499999999999984	-0.0962742830906922	0.500000000000047	9.50000000000005	5.00000000000003	0.500000000000047	5.00000000000009
1	1	1	1	1	1	1	1	1	1	1	1	1	1	1	1	14	9.49999999999998	5	9.50000000000005	9.49999999999998	4.99999999999997	0.499999999999984	5.00000000000003	5	0.499999999999984	-7.03790367442123	0.500000000000047	9.50000000000005	5.00000000000003	0.500000000000047	5.00000000000009
1	1	1	1	1	1	1	1	1	1	1	1	1	1	1	1	14	9.49999999999998	5	9.50000000000005	9.49999999999998	4.99999999999997	0.499999999999984	5.00000000000003	5	0.499999999999984	-4.11741519601055	0.500000000000047	9.50000000000005	5.00000000000003	0.500000000000047	5.00000000000009
1	1	1	1	1	1	1	1	1	1	1	1	1	1	1	1	14	9.49999999999998	5	9.50000000000005	9.49999999999998	4.99999999999997	0.499999999999984	5.00000000000003	5	0.499999999999984	-0.0377810954832462	0.500000000000047	9.50000000000005	5.00000000000003	0.500000000000047	5.00000000000009
1	1	1	1	1	1	1	1	1	1	1	1	1	1	1	1	14	9.49999999999998	5	9.50000000000005	9.49999999999998	4.99999999999997	0.499999999999984	5.00000000000003	5	0.499999999999984	-0.00892545933039253	0.500000000000047	9.50000000000005	5.00000000000003	0.500000000000047	5.00000000000009
1	1	1	1	1	1	1	1	1	1	1	1	1	1	1	1	14	9.49999999999998	5	9.50000000000005	9.49999999999998	4.99999999999997	0.499999999999984	5.00000000000003	5	0.499999999999984	-0.0825581626174099	0.500000000000047	9.50000000000005	5.00000000000003	0.500000000000047	5.00000000000009
1	1	1	1	1	1	1	1	1	1	1	1	1	1	1	1	14	9.49999999999998	5	9.50000000000005	9.49999999999998	4.99999999999997	0.499999999999984	5.00000000000003	5	0.499999999999984	-0.0684707378977835	0.500000000000047	9.50000000000005	5.00000000000003	0.500000000000047	5.00000000000009
1	1	1	1	1	1	1	1	1	1	1	1	1	1	1	1	14	9.49999999999998	5	9.50000000000005	9.49999999999998	4.99999999999997	0.499999999999984	5.00000000000003	5	0.499999999999984	-0.0917803456263667	0.500000000000047	9.50000000000005	5.00000000000003	0.500000000000047	5.00000000000009
1	1	1	1	1	1	1	1	1	1	1	1	1	1	1	1	14	9.49999999999998	5	9.50000000000005	9.49999999999998	4.99999999999997	0.499999999999984	5.00000000000003	5	0.499999999999984	-0.0505621858004513	0.500000000000047	9.50000000000005	5.00000000000003	0.500000000000047	5.00000000000009
1	1	1	1	1	1	1	1	1	1	1	1	1	1	1	1	14	9.49999999999998	5	9.50000000000005	9.49999999999998	4.99999999999997	0.499999999999984	5.00000000000003	5	0.499999999999984	-0.0695758678780113	0.500000000000047	9.50000000000005	5.00000000000003	0.500000000000047	5.00000000000009
1	1	1	1	1	1	1	1	1	1	1	1	1	1	1	1	14	9.49999999999998	5	9.50000000000005	9.49999999999998	4.99999999999997	0.499999999999984	5.00000000000003	5	0.499999999999984	-0.0394611817290616	0.500000000000047	9.50000000000005	5.00000000000003	0.500000000000047	5.00000000000009
1	1	1	1	1	1	1	1	1	1	1	1	1	1	1	1	14	9.49999999999998	5	9.50000000000005	9.49999999999998	4.99999999999997	0.499999999999984	5.00000000000003	5	0.499999999999984	-0.0750371643477988	0.500000000000047	9.50000000000005	5.00000000000003	0.500000000000047	5.00000000000009
1	1	1	1	1	1	1	1	1	1	1	1	1	1	1	1	14	9.49999999999998	5	9.50000000000005	9.49999999999998	4.99999999999997	0.499999999999984	5.00000000000003	5	0.499999999999984	-0.0729738424661319	0.500000000000047	9.50000000000005	5.00000000000003	0.500000000000047	5.00000000000009
1	1	1	1	1	1	1	1	1	1	1	1	1	1	1	1	14	9.49999999999998	5	9.50000000000005	9.49999999999998	4.99999999999997	0.499999999999984	5.00000000000003	5	0.499999999999984	-7.64893331769185	0.500000000000047	9.50000000000005	5.00000000000003	0.500000000000047	5.00000000000009
1	1	1	1	1	1	1	1	1	1	1	1	1	1	1	1	14	9.49999999999998	5	9.50000000000004	9.49999999999998	4.99999999999997	0.499999999999984	5.00000000000003	5	0.499999999999984	-4.08780499807258	0.500000000000046	9.50000000000004	5.00000000000003	0.500000000000047	5.00000000000009
1	1	1	1	1	1	1	1	1	1	1	1	1	1	1	1	14	9.49999999999998	5	9.50000000000005	9.49999999999998	4.99999999999997	0.499999999999984	5.00000000000003	5	0.499999999999984	-5.60241502159938	0.500000000000047	9.50000000000005	5.00000000000003	0.500000000000047	5.00000000000009
1	1	1	1	1	1	1	1	1	1	1	1	1	1	1	1	14	9.49999999999998	5	9.50000000000005	9.49999999999998	4.99999999999997	0.499999999999984	5.00000000000003	5	0.499999999999984	-1.03997990305083	0.500000000000047	9.50000000000005	5.00000000000003	0.500000000000047	5.00000000000009
1	1	1	1	1	1	1	1	1	1	1	1	1	1	1	1	14	9.49999999999998	5	9.50000000000005	9.49999999999998	4.99999999999997	0.499999999999984	5.00000000000003	5	0.499999999999984	-0.0632894711558709	0.500000000000047	9.50000000000005	5.00000000000003	0.500000000000047	5.00000000000009
1	1	1	1	1	1	1	1	1	1	1	1	1	1	1	1	14	9.49999999999998	5	9.50000000000005	9.49999999999998	4.99999999999997	0.499999999999984	5.00000000000003	5	0.499999999999984	-0.0475296429417558	0.500000000000047	9.50000000000005	5.00000000000003	0.500000000000047	5.00000000000009
1	1	1	1	1	1	1	1	1	1	1	1	1	1	1	1	14	9.49999999999998	5	9.50000000000005	9.49999999999998	4.99999999999997	0.499999999999984	5.00000000000003	5	0.499999999999984	-0.0997237345349376	0.500000000000047	9.50000000000005	5.00000000000003	0.500000000000047	5.00000000000009
1	1	1	1	1	1	1	1	1	1	1	1	1	1	1	1	14	9.49999999999998	5	9.50000000000005	9.49999999999998	4.99999999999997	0.499999999999984	5.00000000000003	5	0.499999999999984	-0.0685908897928024	0.500000000000047	9.50000000000005	5.00000000000003	0.500000000000047	5.00000000000009
1	1	1	1	1	1	1	1	1	1	1	1	1	1	1	1	14	9.49999999999998	5	9.50000000000005	9.49999999999998	4.99999999999997	0.499999999999984	5.00000000000003	5	0.499999999999984	-0.0315493305087522	0.500000000000047	9.50000000000005	5.00000000000003	0.500000000000047	5.00000000000009
1	1	1	1	1	1	1	1	1	1	1	1	1	1	1	1	14	9.49999999999998	5	9.50000000000005	9.49999999999998	4.99999999999997	0.499999999999984	5.00000000000003	5	0.499999999999984	-0.0556568038600705	0.500000000000047	9.50000000000005	5.00000000000003	0.500000000000047	5.00000000000009
1	1	1	1	1	1	1	1	1	1	1	1	1	1	1	1	14	9.49999999999998	5	9.50000000000005	9.49999999999998	4.99999999999997	0.499999999999984	5.00000000000003	5	0.499999999999984	-0.115510510023949	0.500000000000047	9.50000000000005	5.00000000000003	0.500000000000047	5.00000000000009
1	1	1	1	1	1	1	1	1	1	1	1	1	1	1	1	14	9.49999999999998	5	9.50000000000005	9.49999999999998	4.99999999999997	0.499999999999984	5.00000000000003	5	0.499999999999984	-0.0812616777828244	0.500000000000047	9.50000000000005	5.00000000000003	0.500000000000047	5.00000000000009
1	1	1	1	1	1	1	1	1	1	1	1	1	1	1	1	14	9.49999999999998	5	9.50000000000005	9.49999999999998	4.99999999999997	0.499999999999984	5.00000000000003	5	0.499999999999984	-0.096631977025966	0.500000000000047	9.50000000000005	5.00000000000003	0.500000000000047	5.00000000000009
1	1	1	1	1	1	1	1	1	1	1	1	1	1	1	1	14	9.49999999999998	5	9.50000000000005	9.49999999999998	4.99999999999997	0.499999999999984	5.00000000000003	5	0.499999999999984	-0.0831871339165719	0.500000000000047	9.50000000000005	5.00000000000003	0.500000000000047	5.00000000000009
1	1	1	1	1	1	1	1	1	1	1	1	1	1	1	1	14	9.49999999999998	5	9.50000000000005	9.49999999999998	4.99999999999997	0.499999999999984	5.00000000000003	5	0.499999999999984	-0.0119941423033148	0.500000000000047	9.50000000000005	5.00000000000003	0.500000000000047	5.00000000000009
1	1	1	1	1	1	1	1	1	1	1	1	1	1	1	1	14	9.49999999999998	5	9.50000000000005	9.49999999999998	4.99999999999997	0.499999999999984	5.00000000000003	5	0.499999999999984	-0.0170734380938539	0.500000000000047	9.50000000000005	5.00000000000003	0.500000000000047	5.00000000000009
1	1	1	1	1	1	1	1	1	1	1	1	1	1	1	1	14	9.49999999999998	5	9.50000000000005	9.49999999999998	4.99999999999997	0.499999999999984	5.00000000000003	5	0.499999999999984	-0.0361964255383127	0.500000000000047	9.50000000000005	5.00000000000003	0.500000000000047	5.00000000000009
1	1	1	1	1	1	1	1	1	1	1	1	1	1	1	1	14	9.49999999999998	5	9.50000000000005	9.49999999999998	4.99999999999997	0.499999999999984	5.00000000000003	5	0.499999999999984	-0.0249568270364706	0.500000000000047	9.50000000000005	5.00000000000003	0.500000000000047	5.00000000000009
1	1	1	1	1	1	1	1	1	1	1	1	1	1	1	1	14	9.49999999999998	5	9.50000000000005	9.49999999999998	4.99999999999997	0.499999999999984	5.00000000000003	5	0.499999999999984	-0.0371973887934196	0.500000000000047	9.50000000000005	5.00000000000003	0.500000000000047	5.00000000000009
1	1	1	1	1	1	1	1	1	1	1	1	1	1	1	1	14	9.49999999999998	5	9.50000000000005	9.49999999999998	4.99999999999997	0.499999999999984	5.00000000000003	5	0.499999999999984	-0.0675246135192556	0.500000000000047	9.50000000000005	5.00000000000003	0.500000000000047	5.00000000000009
1	1	1	1	1	1	1	1	1	1	1	1	1	1	1	1	14	9.49999999999998	5	9.50000000000005	9.49999999999998	4.99999999999997	0.499999999999984	5.00000000000003	5	0.499999999999984	-0.0441591131399713	0.500000000000047	9.50000000000005	5.00000000000003	0.500000000000047	5.00000000000009
1	1	1	1	1	1	1	1	1	1	1	1	1	1	1	1	14	9.49999999999998	5	9.50000000000005	9.49999999999998	4.99999999999997	0.499999999999984	5.00000000000003	5	0.499999999999984	-0.0356354400283637	0.500000000000047	9.50000000000005	5.00000000000003	0.500000000000047	5.00000000000009
1	1	1	1	1	1	1	1	1	1	1	1	1	1	1	1	14	9.49999999999998	5	9.50000000000005	9.49999999999998	4.99999999999997	0.499999999999984	5.00000000000003	5	0.499999999999984	-0.0128276210523737	0.500000000000047	9.50000000000005	5.00000000000003	0.500000000000047	5.00000000000009
1	1	1	1	1	1	1	1	1	1	1	1	1	1	1	1	14	9.49999999999998	5	9.50000000000005	9.49999999999998	4.99999999999997	0.499999999999984	5.00000000000003	5	0.499999999999984	-0.0691415980393233	0.500000000000047	9.50000000000005	5.00000000000003	0.500000000000047	5.00000000000009
1	1	1	1	1	1	1	1	1	1	1	1	1	1	1	1	14	9.49999999999998	5	9.50000000000005	9.49999999999998	4.99999999999997	0.499999999999984	5.00000000000003	5	0.499999999999984	-0.0542020680922571	0.500000000000047	9.50000000000005	5.00000000000003	0.500000000000047	5.00000000000009
1	1	1	1	1	1	1	1	1	1	1	1	1	1	1	1	14	9.49999999999998	5	9.50000000000005	9.49999999999998	4.99999999999997	0.499999999999984	5.00000000000003	5	0.499999999999984	-0.0240509850805973	0.500000000000047	9.50000000000005	5.00000000000003	0.500000000000047	5.00000000000009
1	1	1	1	1	1	1	1	1	1	1	1	1	1	1	1	14	9.49999999999998	5	9.50000000000005	9.49999999999998	4.99999999999997	0.499999999999984	5.00000000000003	5	0.499999999999984	-0.049752682632319	0.500000000000047	9.50000000000005	5.00000000000003	0.500000000000047	5.00000000000009
1	1	1	1	1	1	1	1	1	1	1	1	1	1	1	1	14	9.49999999999998	5	9.50000000000005	9.49999999999998	4.99999999999997	0.499999999999984	5.00000000000003	5	0.499999999999984	-6.66235229477951	0.500000000000047	9.50000000000005	5.00000000000003	0.500000000000047	5.00000000000009
1	1	1	1	1	1	1	1	1	1	1	1	1	1	1	1	14.0000000032894	9.49999999510977	5.0000000000401	9.49999999510983	9.49999999510977	5.00000000004007	0.499999999999984	5.00000000004013	5.00000000164471	0.499999999708565	-3.52258840429911	0.499999999606046	9.49999999510983	5.00000000004013	0.500000000092683	5.00000000004019
1	1	1	1	1	1	1	1	1	1	1	1	1	1	1	1	14	9.49999999999997	5	9.50000000000004	9.49999999999997	4.99999999999997	0.499999999999984	5.00000000000004	5	0.499999999999984	-0.153054378629145	0.500000000000046	9.50000000000004	5.00000000000004	0.500000000000048	5.0000000000001
1	1	1	1	1	1	1	1	1	1	1	1	1	1	1	1	14	9.49999999999997	5	9.50000000000004	9.49999999999997	4.99999999999997	0.499999999999984	5.00000000000004	5	0.499999999999984	-0.0124413283754672	0.500000000000046	9.50000000000004	5.00000000000004	0.500000000000048	5.0000000000001
1	1	1	1	1	1	1	1	1	1	1	1	1	1	1	1	14	9.49999999999997	5	9.50000000000004	9.49999999999997	4.99999999999997	0.499999999999984	5.00000000000004	5	0.499999999999984	-0.0373143626764639	0.500000000000046	9.50000000000004	5.00000000000004	0.500000000000048	5.0000000000001
1	1	1	1	1	1	1	1	1	1	1	1	1	1	1	1	14	9.49999999999997	5	9.50000000000004	9.49999999999997	4.99999999999997	0.499999999999984	5.00000000000004	5	0.499999999999984	-0.0177159937174704	0.500000000000046	9.50000000000004	5.00000000000004	0.500000000000048	5.0000000000001
1	1	1	1	1	1	1	1	1	1	1	1	1	1	1	1	14	9.49999999999997	5	9.50000000000004	9.49999999999997	4.99999999999997	0.499999999999984	5.00000000000004	5	0.499999999999984	-0.0237912704455537	0.500000000000046	9.50000000000004	5.00000000000004	0.500000000000048	5.0000000000001
1	1	1	1	1	1	1	1	1	1	1	1	1	1	1	1	14	9.49999999999997	5	9.50000000000004	9.49999999999997	4.99999999999997	0.499999999999984	5.00000000000004	5	0.499999999999984	-0.0493985749463735	0.500000000000046	9.50000000000004	5.00000000000004	0.500000000000048	5.0000000000001
1	1	1	1	1	1	1	1	1	1	1	1	1	1	1	1	14	9.49999999999997	5	9.50000000000004	9.49999999999997	4.99999999999997	0.499999999999984	5.00000000000004	5	0.499999999999984	-0.0234077021752606	0.500000000000046	9.50000000000004	5.00000000000004	0.500000000000048	5.0000000000001
1	1	1	1	1	1	1	1	1	1	1	1	1	1	1	1	14	9.49999999999997	5	9.50000000000004	9.49999999999997	4.99999999999997	0.499999999999984	5.00000000000004	5	0.499999999999984	-0.0475897900581681	0.500000000000046	9.50000000000004	5.00000000000004	0.500000000000048	5.0000000000001
1	1	1	1	1	1	1	1	1	1	1	1	1	1	1	1	14	9.49999999999997	5	9.50000000000004	9.49999999999997	4.99999999999997	0.499999999999984	5.00000000000004	5	0.499999999999984	-0.0363511202939148	0.500000000000046	9.50000000000004	5.00000000000004	0.500000000000048	5.0000000000001
1	1	1	1	1	1	1	1	1	1	1	1	1	1	1	1	14	9.49999999999998	5	9.50000000000005	9.49999999999998	4.99999999999997	0.499999999999984	5.00000000000003	5	0.499999999999984	-6.67277715152589	0.500000000000047	9.50000000000005	5.00000000000003	0.500000000000047	5.00000000000009
1	1	1	1	1	1	1	1	1	1	1	1	1	1	1	1	14	9.50000000024147	5.00000000006833	9.50000000024153	9.50000000024147	5.0000000000683	0.499999999999984	5.00000000006836	5	0.500000000001262	-2.23755644791138	0.500000000020046	9.50000000024153	5.00000000006836	0.500000000008435	5.00000000006842
1	1	1	1	1	1	1	1	1	1	1	1	1	1	1	1	14	9.49999999999998	5	9.50000000000005	9.49999999999998	4.99999999999997	0.499999999999984	5.00000000000003	5	0.499999999999984	-6.34882644269093	0.500000000000047	9.50000000000005	5.00000000000003	0.500000000000047	5.00000000000009
1	1	1	1	1	1	1	1	1	1	1	1	1	1	1	1	14	9.49999999999999	5	9.50000000000005	9.49999999999999	4.99999999999997	0.499999999999984	5.00000000000003	5	0.499999999999984	-4.49031432513418	0.500000000000047	9.50000000000005	5.00000000000003	0.500000000000047	5.00000000000009
1	1	1	1	1	1	1	1	1	1	1	1	1	1	1	1	14	9.49999999999998	5	9.50000000000005	9.49999999999998	4.99999999999997	0.499999999999984	5.00000000000003	5	0.499999999999984	-0.562508177384139	0.500000000000047	9.50000000000005	5.00000000000003	0.500000000000047	5.00000000000009
1	1	1	1	1	1	1	1	1	1	1	1	1	1	1	1	14	9.49999999999998	5	9.50000000000005	9.49999999999998	4.99999999999997	0.499999999999984	5.00000000000003	5	0.499999999999984	-0.0696763718593445	0.500000000000047	9.50000000000005	5.00000000000003	0.500000000000047	5.00000000000009
1	1	1	1	1	1	1	1	1	1	1	1	1	1	1	1	14	9.49999999999998	5	9.50000000000005	9.49999999999998	4.99999999999997	0.499999999999984	5.00000000000003	5	0.499999999999984	-0.0635223786646085	0.500000000000047	9.50000000000005	5.00000000000003	0.500000000000047	5.00000000000009
1	1	1	1	1	1	1	1	1	1	1	1	1	1	1	1	14	9.49999999999998	5	9.50000000000005	9.49999999999998	4.99999999999997	0.499999999999984	5.00000000000003	5	0.499999999999984	-0.114412754092582	0.500000000000047	9.50000000000005	5.00000000000003	0.500000000000047	5.00000000000009
1	1	1	1	1	1	1	1	1	1	1	1	1	1	1	1	14	9.49999999999998	5	9.50000000000005	9.49999999999998	4.99999999999997	0.499999999999984	5.00000000000003	5	0.499999999999984	-0.0826763790663737	0.500000000000047	9.50000000000005	5.00000000000003	0.500000000000047	5.00000000000009
1	1	1	1	1	1	1	1	1	1	1	1	1	1	1	1	14	9.49999999999998	5	9.50000000000005	9.49999999999998	4.99999999999997	0.499999999999984	5.00000000000003	5	0.499999999999984	-0.0436529564748956	0.500000000000047	9.50000000000005	5.00000000000003	0.500000000000047	5.00000000000009
1	1	1	1	1	1	1	1	1	1	1	1	1	1	1	1	14	9.49999999999998	5	9.50000000000005	9.49999999999998	4.99999999999997	0.499999999999984	5.00000000000003	5	0.499999999999984	-0.0213222217535027	0.500000000000047	9.50000000000005	5.00000000000003	0.500000000000047	5.00000000000009
1	1	1	1	1	1	1	1	1	1	1	1	1	1	1	1	14	9.49999999999998	5	9.50000000000005	9.49999999999998	4.99999999999997	0.499999999999984	5.00000000000003	5	0.499999999999984	-0.0598061116739735	0.500000000000047	9.50000000000005	5.00000000000003	0.500000000000047	5.00000000000009
1	1	1	1	1	1	1	1	1	1	1	1	1	1	1	1	14	9.49999999999998	5	9.50000000000005	9.49999999999998	4.99999999999997	0.499999999999984	5.00000000000003	5	0.499999999999984	-0.0278641755930496	0.500000000000047	9.50000000000005	5.00000000000003	0.500000000000047	5.00000000000009
1	1	1	1	1	1	1	1	1	1	1	1	1	1	1	1	14	9.49999999999998	5	9.50000000000005	9.49999999999998	4.99999999999997	0.499999999999984	5.00000000000003	5	0.499999999999984	-0.0456970979205091	0.500000000000047	9.50000000000005	5.00000000000003	0.500000000000047	5.00000000000009
1	1	1	1	1	1	1	1	1	1	1	1	1	1	1	1	14	9.49999999999998	5	9.50000000000005	9.49999999999998	4.99999999999997	0.499999999999984	5.00000000000003	5	0.499999999999984	-0.0140496073728018	0.500000000000047	9.50000000000005	5.00000000000003	0.500000000000047	5.00000000000009
1	1	1	1	1	1	1	1	1	1	1	1	1	1	1	1	14	9.49999999999998	5	9.50000000000005	9.49999999999998	4.99999999999997	0.499999999999984	5.00000000000003	5	0.499999999999984	-0.03570869350198	0.500000000000047	9.50000000000005	5.00000000000003	0.500000000000047	5.00000000000009
1	1	1	1	1	1	1	1	1	1	1	1	1	1	1	1	14	9.49999999999998	5	9.50000000000005	9.49999999999998	4.99999999999997	0.499999999999984	5.00000000000003	5	0.499999999999984	-0.056951812113573	0.500000000000047	9.50000000000005	5.00000000000003	0.500000000000047	5.00000000000009
1	1	1	1	1	1	1	1	1	1	1	1	1	1	1	1	14	9.49999999999998	5	9.50000000000005	9.49999999999998	4.99999999999997	0.499999999999984	5.00000000000003	5	0.499999999999984	-0.00670079748359392	0.500000000000047	9.50000000000005	5.00000000000003	0.500000000000047	5.00000000000009
1	1	1	1	1	1	1	1	1	1	1	1	1	1	1	1	14	9.49999999999998	5	9.50000000000005	9.49999999999998	4.99999999999997	0.499999999999984	5.00000000000003	5	0.499999999999984	-0.0239008455602059	0.500000000000047	9.50000000000005	5.00000000000003	0.500000000000047	5.00000000000009
1	1	1	1	1	1	1	1	1	1	1	1	1	1	1	1	14	9.49999999999998	5	9.50000000000005	9.49999999999998	4.99999999999997	0.499999999999984	5.00000000000003	5	0.499999999999984	-0.013667188966201	0.500000000000047	9.50000000000005	5.00000000000003	0.500000000000047	5.00000000000009
1	1	1	1	1	1	1	1	1	1	1	1	1	1	1	1	14	9.49999999999998	5	9.50000000000005	9.49999999999998	4.99999999999997	0.499999999999984	5.00000000000003	5	0.499999999999984	-0.0589434190777522	0.500000000000047	9.50000000000005	5.00000000000003	0.500000000000047	5.00000000000009
1	1	1	1	1	1	1	1	1	1	1	1	1	1	1	1	14	9.49999999999998	5	9.50000000000005	9.49999999999998	4.99999999999997	0.499999999999984	5.00000000000003	5	0.499999999999984	-0.05080850331142	0.500000000000047	9.50000000000005	5.00000000000003	0.500000000000047	5.00000000000009
1	1	1	1	1	1	1	1	1	1	1	1	1	1	1	1	14	9.49999999999998	5	9.50000000000005	9.49999999999998	4.99999999999997	0.499999999999984	5.00000000000003	5	0.499999999999984	-0.0611547041202055	0.500000000000047	9.50000000000005	5.00000000000003	0.500000000000047	5.00000000000009
1	1	1	1	1	1	1	1	1	1	1	1	1	1	1	1	14	9.49999999999998	5	9.50000000000005	9.49999999999998	4.99999999999997	0.499999999999984	5.00000000000003	5	0.499999999999984	-0.0756843979374505	0.500000000000047	9.50000000000005	5.00000000000003	0.500000000000047	5.00000000000009
1	1	1	1	1	1	1	1	1	1	1	1	1	1	1	1	14	9.49999999999998	5	9.50000000000005	9.49999999999998	4.99999999999997	0.499999999999984	5.00000000000003	5	0.499999999999984	-0.0407083483229112	0.500000000000047	9.50000000000005	5.00000000000003	0.500000000000047	5.00000000000009
1	1	1	1	1	1	1	1	1	1	1	1	1	1	1	1	14	9.49999999999998	5	9.50000000000005	9.49999999999998	4.99999999999997	0.499999999999984	5.00000000000003	5	0.499999999999984	-0.0302874829872869	0.500000000000047	9.50000000000005	5.00000000000003	0.500000000000047	5.00000000000009
1	1	1	1	1	1	1	1	1	1	1	1	1	1	1	1	14	9.49999999999998	5	9.50000000000005	9.49999999999998	4.99999999999997	0.499999999999984	5.00000000000003	5	0.499999999999984	-6.97811966461685	0.500000000000047	9.50000000000005	5.00000000000003	0.500000000000047	5.00000000000009
1	1	1	1	1	1	1	1	1	1	1	1	1	1	1	1	14	9.49999997684829	5.00000002222352	9.49999997684835	9.49999997684829	5.00000002222349	0.499999999999984	5.00000002222355	5.00000000000002	0.500000001327254	-3.76542519740869	0.50000000022641	9.49999997684835	5.00000002222355	0.500000000055996	5.00000002222361
1	1	1	1	1	1	1	1	1	1	1	1	1	1	1	1	14	9.49999999999998	5	9.50000000000005	9.49999999999998	4.99999999999997	0.499999999999984	5.00000000000003	5	0.499999999999984	-6.99922083541695	0.500000000000047	9.50000000000005	5.00000000000003	0.500000000000047	5.00000000000009
1	1	1	1	1	1	1	1	1	1	1	1	1	1	1	1	14	9.49999999999999	5	9.50000000000005	9.49999999999999	4.99999999999997	0.499999999999984	5.00000000000003	5	0.499999999999984	-4.58071008730908	0.500000000000047	9.50000000000005	5.00000000000003	0.500000000000047	5.00000000000009
1	1	1	1	1	1	1	1	1	1	1	1	1	1	1	1	14	9.49999999999998	5	9.50000000000005	9.49999999999998	4.99999999999997	0.499999999999984	5.00000000000003	5	0.499999999999984	-0.776651673376193	0.500000000000047	9.50000000000005	5.00000000000003	0.500000000000047	5.00000000000009
1	1	1	1	1	1	1	1	1	1	1	1	1	1	1	1	14	9.49999999999998	5	9.50000000000005	9.49999999999998	4.99999999999997	0.499999999999984	5.00000000000003	5	0.499999999999984	-0.0027553230572326	0.500000000000047	9.50000000000005	5.00000000000003	0.500000000000047	5.00000000000009
1	1	1	1	1	1	1	1	1	1	1	1	1	1	1	1	14	9.49999999999998	5	9.50000000000005	9.49999999999998	4.99999999999997	0.499999999999984	5.00000000000003	5	0.499999999999984	-0.0377804005772343	0.500000000000047	9.50000000000005	5.00000000000003	0.500000000000047	5.00000000000009
1	1	1	1	1	1	1	1	1	1	1	1	1	1	1	1	14	9.49999999999998	5	9.50000000000005	9.49999999999998	4.99999999999997	0.499999999999984	5.00000000000003	5	0.499999999999984	-0.0810183779626474	0.500000000000047	9.50000000000005	5.00000000000003	0.500000000000047	5.00000000000009
1	1	1	1	1	1	1	1	1	1	1	1	1	1	1	1	14	9.49999999999998	5	9.50000000000005	9.49999999999998	4.99999999999997	0.499999999999984	5.00000000000003	5	0.499999999999984	-0.103918439053533	0.500000000000047	9.50000000000005	5.00000000000003	0.500000000000047	5.00000000000009
1	1	1	1	1	1	1	1	1	1	1	1	1	1	1	1	14	9.49999999999998	5	9.50000000000005	9.49999999999998	4.99999999999997	0.499999999999984	5.00000000000003	5	0.499999999999984	-0.0434181261379754	0.500000000000047	9.50000000000005	5.00000000000003	0.500000000000047	5.00000000000009
1	1	1	1	1	1	1	1	1	1	1	1	1	1	1	1	14	9.49999999999998	5	9.50000000000005	9.49999999999998	4.99999999999997	0.499999999999984	5.00000000000003	5	0.499999999999984	-0.130241550515404	0.500000000000047	9.50000000000005	5.00000000000003	0.500000000000047	5.00000000000009
1	1	1	1	1	1	1	1	1	1	1	1	1	1	1	1	14	9.49999999999998	5	9.50000000000005	9.49999999999998	4.99999999999997	0.499999999999984	5.00000000000003	5	0.499999999999984	-0.0654591988405956	0.500000000000047	9.50000000000005	5.00000000000003	0.500000000000047	5.00000000000009
1	1	1	1	1	1	1	1	1	1	1	1	1	1	1	1	14	9.49999999999998	5	9.50000000000005	9.49999999999998	4.99999999999997	0.499999999999984	5.00000000000003	5	0.499999999999984	-0.0960253705362409	0.500000000000047	9.50000000000005	5.00000000000003	0.500000000000047	5.00000000000009
1	1	1	1	1	1	1	1	1	1	1	1	1	1	1	1	14	9.49999999999998	5	9.50000000000005	9.49999999999998	4.99999999999997	0.499999999999984	5.00000000000003	5	0.499999999999984	-0.0249116922711115	0.500000000000047	9.50000000000005	5.00000000000003	0.500000000000047	5.00000000000009
1	1	1	1	1	1	1	1	1	1	1	1	1	1	1	1	14	9.49999999999998	5	9.50000000000005	9.49999999999998	4.99999999999997	0.499999999999984	5.00000000000003	5	0.499999999999984	-0.0669979378702775	0.500000000000047	9.50000000000005	5.00000000000003	0.500000000000047	5.00000000000009
1	1	1	1	1	1	1	1	1	1	1	1	1	1	1	1	14	9.49999999999998	5	9.50000000000005	9.49999999999998	4.99999999999997	0.499999999999984	5.00000000000003	5	0.499999999999984	-0.00811674673265701	0.500000000000047	9.50000000000005	5.00000000000003	0.500000000000047	5.00000000000009
1	1	1	1	1	1	1	1	1	1	1	1	1	1	1	1	14	9.49999999999998	5	9.50000000000005	9.49999999999998	4.99999999999997	0.499999999999984	5.00000000000003	5	0.499999999999984	-0.043245154219057	0.500000000000047	9.50000000000005	5.00000000000003	0.500000000000047	5.00000000000009
1	1	1	1	1	1	1	1	1	1	1	1	1	1	1	1	14	9.49999999999998	5	9.50000000000005	9.49999999999998	4.99999999999997	0.499999999999984	5.00000000000003	5	0.499999999999984	-6.89842020720461	0.500000000000047	9.50000000000005	5.00000000000003	0.500000000000047	5.00000000000009
1	1	1	1	1	1	1	1	1	1	1	1	1	1	1	1	14	9.50000000316067	5.00000000177873	9.50000000316073	9.50000000316067	5.0000000017787	0.499999999999984	5.00000000177876	4.99999999999999	0.500000000114012	-3.86830445864684	0.500000000346885	9.50000000316073	5.00000000177876	0.5000000002738	5.00000000177882
1	1	1	1	1	1	1	1	1	1	1	1	1	1	1	1	14	9.49999999999998	5	9.50000000000005	9.49999999999998	4.99999999999997	0.499999999999984	5.00000000000003	5	0.499999999999984	-5.80383837918265	0.500000000000047	9.50000000000005	5.00000000000003	0.500000000000047	5.00000000000009
1	1	1	1	1	1	1	1	1	1	1	1	1	1	1	1	14	9.49999999999998	5	9.50000000000005	9.49999999999998	4.99999999999997	0.499999999999984	5.00000000000003	5	0.499999999999984	-5.42245124317007	0.500000000000047	9.50000000000005	5.00000000000003	0.500000000000047	5.00000000000009
1	1	1	1	1	1	1	1	1	1	1	1	1	1	1	1	13.9999999999973	9.49999999893408	4.99999999950107	9.49999999893415	9.49999999893408	4.99999999950104	0.499999999999984	4.9999999995011	4.99999999999862	0.500000000005969	-2.7815953973141	0.500000000067308	9.49999999893415	4.9999999995011	0.499999999999857	4.99999999950117
1	1	1	1	1	1	1	1	1	1	1	1	1	1	1	1	14	9.49999999999998	5	9.50000000000004	9.49999999999998	4.99999999999997	0.499999999999984	5.00000000000003	5	0.499999999999984	-6.13662275226894	0.500000000000046	9.50000000000004	5.00000000000003	0.500000000000047	5.00000000000009
1	1	1	1	1	1	1	1	1	1	1	1	1	1	1	1	14	9.49999999999998	5	9.50000000000005	9.49999999999998	4.99999999999997	0.499999999999984	5.00000000000003	5	0.499999999999984	-4.35740592669815	0.500000000000047	9.50000000000005	5.00000000000003	0.500000000000047	5.00000000000009
1	1	1	1	1	1	1	1	1	1	1	1	1	1	1	1	14	9.49999999999998	5	9.50000000000005	9.49999999999998	4.99999999999997	0.499999999999984	5.00000000000003	5	0.499999999999984	-5.51521546672715	0.500000000000047	9.50000000000005	5.00000000000003	0.500000000000047	5.00000000000009
1	1	1	1	1	1	1	1	1	1	1	1	1	1	1	1	14	9.49999999999998	5	9.50000000000004	9.49999999999998	4.99999999999997	0.499999999999984	5.00000000000003	5	0.499999999999984	-4.83953979085391	0.500000000000047	9.50000000000004	5.00000000000003	0.500000000000047	5.00000000000009
1	1	1	1	1	1	1	1	1	1	1	1	1	1	1	1	14	9.49999999999998	5	9.50000000000005	9.49999999999998	4.99999999999997	0.499999999999984	5.00000000000003	5	0.499999999999984	-0.515339957066604	0.500000000000047	9.50000000000005	5.00000000000003	0.500000000000047	5.00000000000009
1	1	1	1	1	1	1	1	1	1	1	1	1	1	1	1	14	9.49999999999998	5	9.50000000000005	9.49999999999998	4.99999999999997	0.499999999999984	5.00000000000003	5	0.499999999999984	-0.0504663493979997	0.500000000000047	9.50000000000005	5.00000000000003	0.500000000000047	5.00000000000009
1	1	1	1	1	1	1	1	1	1	1	1	1	1	1	1	14	9.49999999999998	5	9.50000000000005	9.49999999999998	4.99999999999997	0.499999999999984	5.00000000000003	5	0.499999999999984	-0.0604552399339154	0.500000000000047	9.50000000000005	5.00000000000003	0.500000000000047	5.00000000000009
1	1	1	1	1	1	1	1	1	1	1	1	1	1	1	1	14	9.49999999999998	5	9.50000000000005	9.49999999999998	4.99999999999997	0.499999999999984	5.00000000000003	5	0.499999999999984	-0.0778314485639129	0.500000000000047	9.50000000000005	5.00000000000003	0.500000000000047	5.00000000000009
1	1	1	1	1	1	1	1	1	1	1	1	1	1	1	1	14	9.49999999999998	5	9.50000000000005	9.49999999999998	4.99999999999997	0.499999999999984	5.00000000000003	5	0.499999999999984	-0.0501634896974309	0.500000000000047	9.50000000000005	5.00000000000003	0.500000000000047	5.00000000000009
1	1	1	1	1	1	1	1	1	1	1	1	1	1	1	1	14	9.49999999999998	5	9.50000000000005	9.49999999999998	4.99999999999997	0.499999999999984	5.00000000000003	5	0.499999999999984	-0.0386514471468504	0.500000000000047	9.50000000000005	5.00000000000003	0.500000000000047	5.00000000000009
1	1	1	1	1	1	1	1	1	1	1	1	1	1	1	1	14	9.49999999999998	5	9.50000000000005	9.49999999999998	4.99999999999997	0.499999999999984	5.00000000000003	5	0.499999999999984	-0.0706723955567295	0.500000000000047	9.50000000000005	5.00000000000003	0.500000000000047	5.00000000000009
1	1	1	1	1	1	1	1	1	1	1	1	1	1	1	1	14	9.49999999999998	5	9.50000000000005	9.49999999999998	4.99999999999997	0.499999999999984	5.00000000000003	5	0.499999999999984	-7.72494094326563	0.500000000000047	9.50000000000005	5.00000000000003	0.500000000000047	5.00000000000009
1	1	1	1	1	1	1	1	1	1	1	1	1	1	1	1	14	9.49999999999999	5	9.50000000000005	9.49999999999999	4.99999999999997	0.499999999999984	5.00000000000003	5	0.499999999999984	-4.20507982492177	0.500000000000047	9.50000000000005	5.00000000000003	0.500000000000047	5.00000000000009
1	1	1	1	1	1	1	1	1	1	1	1	1	1	1	1	14	9.49999999999999	5	9.50000000000005	9.49999999999999	4.99999999999997	0.499999999999984	5.00000000000003	5	0.499999999999984	-0.0146734118579872	0.500000000000047	9.50000000000005	5.00000000000003	0.500000000000047	5.00000000000009
1	1	1	1	1	1	1	1	1	1	1	1	1	1	1	1	14	9.49999999999999	5	9.50000000000005	9.49999999999999	4.99999999999997	0.499999999999984	5.00000000000003	5	0.499999999999984	-0.0536558555844925	0.500000000000047	9.50000000000005	5.00000000000003	0.500000000000047	5.00000000000009
1	1	1	1	1	1	1	1	1	1	1	1	1	1	1	1	14	9.49999999999999	5	9.50000000000005	9.49999999999999	4.99999999999997	0.499999999999984	5.00000000000003	5	0.499999999999984	-7.3403696775582	0.500000000000047	9.50000000000005	5.00000000000003	0.500000000000047	5.00000000000009
1	1	1	1	1	1	1	1	1	1	1	1	1	1	1	1	14	9.50000000417323	5.0000000027534	9.50000000417329	9.50000000417323	5.00000000275337	0.499999999999984	5.00000000275343	4.99999999999999	0.499999999976157	-3.94466592494105	0.500000000128474	9.50000000417329	5.00000000275343	0.500000000106167	5.0000000027535
1	1	1	1	1	1	1	1	1	1	1	1	1	1	1	1	14	9.50000000000002	5.00000000000002	9.50000000000008	9.50000000000002	4.99999999999999	0.499999999999984	5.00000000000005	4.99999999999999	0.499999999999983	-0.0407572704357861	0.500000000000049	9.50000000000008	5.00000000000005	0.500000000000049	5.00000000000011
1	1	1	1	1	1	1	1	1	1	1	1	1	1	1	1	14	9.49999999999999	5	9.50000000000005	9.49999999999999	4.99999999999997	0.499999999999984	5.00000000000003	5	0.499999999999984	-7.24712796883903	0.500000000000047	9.50000000000005	5.00000000000003	0.500000000000047	5.00000000000009
1	1	1	1	1	1	1	1	1	1	1	1	1	1	1	1	13.9999999984656	9.50000000341432	4.99999999905869	9.50000000341438	9.50000000341432	4.99999999905866	0.499999999999984	4.99999999905872	4.99999999923281	0.500000000152658	-2.94087534580553	0.500000000002962	9.50000000341438	4.99999999905872	0.500000000012876	4.99999999905878
1	1	1	1	1	1	1	1	1	1	1	1	1	1	1	1	14	9.49999999999998	5	9.50000000000005	9.49999999999998	4.99999999999997	0.499999999999984	5.00000000000003	5	0.499999999999984	-6.44682539739704	0.500000000000047	9.50000000000005	5.00000000000003	0.500000000000047	5.00000000000009
1	1	1	1	1	1	1	1	1	1	1	1	1	1	1	1	14	9.49999999999999	5	9.50000000000005	9.49999999999999	4.99999999999997	0.499999999999984	5.00000000000003	5	0.499999999999984	-4.60839412359585	0.500000000000047	9.50000000000005	5.00000000000003	0.500000000000047	5.00000000000009
1	1	1	1	1	1	1	1	1	1	1	1	1	1	1	1	14	9.49999999999998	5	9.50000000000005	9.49999999999998	4.99999999999997	0.499999999999984	5.00000000000003	5	0.499999999999984	-5.55543104832051	0.500000000000047	9.50000000000005	5.00000000000003	0.500000000000047	5.00000000000009
1	1	1	1	1	1	1	1	1	1	1	1	1	1	1	1	14	9.49999999999998	5	9.50000000000005	9.49999999999998	4.99999999999997	0.499999999999984	5.00000000000003	5	0.499999999999984	-0.293689875957873	0.500000000000047	9.50000000000005	5.00000000000003	0.500000000000047	5.00000000000009
1	1	1	1	1	1	1	1	1	1	1	1	1	1	1	1	14	9.49999999999998	5	9.50000000000005	9.49999999999998	4.99999999999997	0.499999999999984	5.00000000000003	5	0.499999999999984	-0.108989526905498	0.500000000000047	9.50000000000005	5.00000000000003	0.500000000000047	5.00000000000009
1	1	1	1	1	1	1	1	1	1	1	1	1	1	1	1	14	9.49999999999998	5	9.50000000000005	9.49999999999998	4.99999999999997	0.499999999999984	5.00000000000003	5	0.499999999999984	-0.0254177942299218	0.500000000000047	9.50000000000005	5.00000000000003	0.500000000000047	5.00000000000009
1	1	1	1	1	1	1	1	1	1	1	1	1	1	1	1	14	9.49999999999998	5	9.50000000000005	9.49999999999998	4.99999999999997	0.499999999999984	5.00000000000003	5	0.499999999999984	-0.107355846212524	0.500000000000047	9.50000000000005	5.00000000000003	0.500000000000047	5.00000000000009
1	1	1	1	1	1	1	1	1	1	1	1	1	1	1	1	14	9.49999999999998	5	9.50000000000005	9.49999999999998	4.99999999999997	0.499999999999984	5.00000000000003	5	0.499999999999984	-8.65798349011104	0.500000000000047	9.50000000000005	5.00000000000003	0.500000000000047	5.00000000000009
1	1	1	1	1	1	1	1	1	1	1	1	1	1	1	1	14.0000000000001	9.50000000000007	4.99999999999999	9.50000000000013	9.50000000000007	4.99999999999996	0.499999999999984	5.00000000000002	5.00000000000003	0.499999999999983	-3.99406643825442	0.500000000000047	9.50000000000013	5.00000000000002	0.500000000000051	5.00000000000008
1	1	1	1	1	1	1	1	1	1	1	1	1	1	1	1	14	9.49999999999998	5	9.50000000000005	9.49999999999998	4.99999999999997	0.499999999999984	5.00000000000003	5	0.499999999999984	-5.33627109272446	0.500000000000047	9.50000000000005	5.00000000000003	0.500000000000047	5.00000000000009
1	1	1	1	1	1	1	1	1	1	1	1	1	1	1	1	14	9.49999999999998	5	9.50000000000005	9.49999999999998	4.99999999999997	0.499999999999984	5.00000000000003	5	0.499999999999984	-5.9023340959562	0.500000000000047	9.50000000000005	5.00000000000003	0.500000000000047	5.00000000000009
1	1	1	1	1	1	1	1	1	1	1	1	1	1	1	1	14	9.49999999999998	5	9.50000000000005	9.49999999999998	4.99999999999997	0.499999999999984	5.00000000000003	5	0.499999999999984	-4.6706607377809	0.500000000000047	9.50000000000005	5.00000000000003	0.500000000000047	5.00000000000009
1	1	1	1	1	1	1	1	1	1	1	1	1	1	1	1	14	9.49999999999998	5	9.50000000000005	9.49999999999998	4.99999999999997	0.499999999999984	5.00000000000003	5	0.499999999999984	-5.14056747155128	0.500000000000047	9.50000000000005	5.00000000000003	0.500000000000047	5.00000000000009
1	1	1	1	1	1	1	1	1	1	1	1	1	1	1	1	14	9.49999999999998	5	9.50000000000005	9.49999999999998	4.99999999999997	0.499999999999984	5.00000000000003	5	0.499999999999984	-5.29225878693274	0.500000000000047	9.50000000000005	5.00000000000003	0.500000000000047	5.00000000000009
1	1	1	1	1	1	1	1	1	1	1	1	1	1	1	1	14	9.49999999999998	5	9.50000000000005	9.49999999999998	4.99999999999997	0.499999999999984	5.00000000000003	5	0.499999999999984	-0.585404582250299	0.500000000000047	9.50000000000005	5.00000000000003	0.500000000000047	5.00000000000009
1	1	1	1	1	1	1	1	1	1	1	1	1	1	1	1	14	9.49999999999998	5	9.50000000000005	9.49999999999998	4.99999999999997	0.499999999999984	5.00000000000003	5	0.499999999999984	-0.063146679484502	0.500000000000047	9.50000000000005	5.00000000000003	0.500000000000047	5.00000000000009
1	1	1	1	1	1	1	1	1	1	1	1	1	1	1	1	14	9.49999999999998	5	9.50000000000005	9.49999999999998	4.99999999999997	0.499999999999984	5.00000000000003	5	0.499999999999984	-0.0490577741046424	0.500000000000047	9.50000000000005	5.00000000000003	0.500000000000047	5.00000000000009
1	1	1	1	1	1	1	1	1	1	1	1	1	1	1	1	14	9.49999999999998	5	9.50000000000005	9.49999999999998	4.99999999999997	0.499999999999984	5.00000000000003	5	0.499999999999984	-0.0328114394854531	0.500000000000047	9.50000000000005	5.00000000000003	0.500000000000047	5.00000000000009
1	1	1	1	1	1	1	1	1	1	1	1	1	1	1	1	14	9.49999999999998	5	9.50000000000005	9.49999999999998	4.99999999999997	0.499999999999984	5.00000000000003	5	0.499999999999984	-0.0654900066564628	0.500000000000047	9.50000000000005	5.00000000000003	0.500000000000047	5.00000000000009
1	1	1	1	1	1	1	1	1	1	1	1	1	1	1	1	14	9.49999999999998	5	9.50000000000005	9.49999999999998	4.99999999999997	0.499999999999984	5.00000000000003	5	0.499999999999984	-0.0536436700320029	0.500000000000047	9.50000000000005	5.00000000000003	0.500000000000047	5.00000000000009
1	1	1	1	1	1	1	1	1	1	1	1	1	1	1	1	14	9.49999999999998	5	9.50000000000005	9.49999999999998	4.99999999999997	0.499999999999984	5.00000000000003	5	0.499999999999984	-0.0655444493847026	0.500000000000047	9.50000000000005	5.00000000000003	0.500000000000047	5.00000000000009
1	1	1	1	1	1	1	1	1	1	1	1	1	1	1	1	14	9.49999999999998	5	9.50000000000005	9.49999999999998	4.99999999999997	0.499999999999984	5.00000000000003	5	0.499999999999984	-0.0943543867437885	0.500000000000047	9.50000000000005	5.00000000000003	0.500000000000047	5.00000000000009
1	1	1	1	1	1	1	1	1	1	1	1	1	1	1	1	14	9.49999999999998	5	9.50000000000005	9.49999999999998	4.99999999999997	0.499999999999984	5.00000000000003	5	0.499999999999984	-6.9329901703434	0.500000000000047	9.50000000000005	5.00000000000003	0.500000000000047	5.00000000000009
1	1	1	1	1	1	1	1	1	1	1	1	1	1	1	1	14	9.49999999999998	5	9.50000000000005	9.49999999999998	4.99999999999997	0.499999999999984	5.00000000000003	5	0.499999999999984	-4.44893051456459	0.500000000000047	9.50000000000005	5.00000000000003	0.500000000000047	5.00000000000009
1	1	1	1	1	1	1	1	1	1	1	1	1	1	1	1	14	9.49999999999998	5	9.50000000000005	9.49999999999998	4.99999999999997	0.499999999999984	5.00000000000003	5	0.499999999999984	-5.33700567526538	0.500000000000047	9.50000000000005	5.00000000000003	0.500000000000047	5.00000000000009
1	1	1	1	1	1	1	1	1	1	1	1	1	1	1	1	14	9.49999999999999	5	9.50000000000005	9.49999999999999	4.99999999999997	0.499999999999984	5.00000000000003	5	0.499999999999984	-4.52815341727179	0.500000000000047	9.50000000000005	5.00000000000003	0.500000000000047	5.00000000000009
1	1	1	1	1	1	1	1	1	1	1	1	1	1	1	1	14	9.49999999999999	5	9.50000000000005	9.49999999999999	4.99999999999997	0.499999999999984	5.00000000000003	5	0.499999999999984	-0.45229610073944	0.500000000000047	9.50000000000005	5.00000000000003	0.500000000000047	5.00000000000009
1	1	1	1	1	1	1	1	1	1	1	1	1	1	1	1	14	9.49999999999999	5	9.50000000000005	9.49999999999999	4.99999999999997	0.499999999999984	5.00000000000003	5	0.499999999999984	-0.0426045534652191	0.500000000000047	9.50000000000005	5.00000000000003	0.500000000000047	5.00000000000009
1	1	1	1	1	1	1	1	1	1	1	1	1	1	1	1	14	9.49999999999999	5	9.50000000000005	9.49999999999999	4.99999999999997	0.499999999999984	5.00000000000003	5	0.499999999999984	-0.0482330197722599	0.500000000000047	9.50000000000005	5.00000000000003	0.500000000000047	5.00000000000009
1	1	1	1	1	1	1	1	1	1	1	1	1	1	1	1	14	9.49999999999999	5	9.50000000000005	9.49999999999999	4.99999999999997	0.499999999999984	5.00000000000003	5	0.499999999999984	-0.0896512285266516	0.500000000000047	9.50000000000005	5.00000000000003	0.500000000000047	5.00000000000009
1	1	1	1	1	1	1	1	1	1	1	1	1	1	1	1	14	9.49999999999999	5	9.50000000000005	9.49999999999999	4.99999999999997	0.499999999999984	5.00000000000003	5	0.499999999999984	-0.0870840033777405	0.500000000000047	9.50000000000005	5.00000000000003	0.500000000000047	5.00000000000009
1	1	1	1	1	1	1	1	1	1	1	1	1	1	1	1	14	9.49999999999999	5	9.50000000000005	9.49999999999999	4.99999999999997	0.499999999999984	5.00000000000003	5	0.499999999999984	-0.0276956514095934	0.500000000000047	9.50000000000005	5.00000000000003	0.500000000000047	5.00000000000009
1	1	1	1	1	1	1	1	1	1	1	1	1	1	1	1	14	9.49999999999999	5	9.50000000000005	9.49999999999999	4.99999999999997	0.499999999999984	5.00000000000003	5	0.499999999999984	-0.0168915813063859	0.500000000000047	9.50000000000005	5.00000000000003	0.500000000000047	5.00000000000009
1	1	1	1	1	1	1	1	1	1	1	1	1	1	1	1	14	9.49999999999999	5	9.50000000000005	9.49999999999999	4.99999999999997	0.499999999999984	5.00000000000003	5	0.499999999999984	-0.013240621434239	0.500000000000047	9.50000000000005	5.00000000000003	0.500000000000047	5.00000000000009
1	1	1	1	1	1	1	1	1	1	1	1	1	1	1	1	14	9.49999999999999	5	9.50000000000005	9.49999999999999	4.99999999999997	0.499999999999984	5.00000000000003	5	0.499999999999984	-0.105598435380096	0.500000000000047	9.50000000000005	5.00000000000003	0.500000000000047	5.00000000000009
1	1	1	1	1	1	1	1	1	1	1	1	1	1	1	1	14	9.49999999999999	5	9.50000000000005	9.49999999999999	4.99999999999997	0.499999999999984	5.00000000000003	5	0.499999999999984	-0.0511424354644258	0.500000000000047	9.50000000000005	5.00000000000003	0.500000000000047	5.00000000000009
1	1	1	1	1	1	1	1	1	1	1	1	1	1	1	1	14	9.49999999999999	5	9.50000000000005	9.49999999999999	4.99999999999997	0.499999999999984	5.00000000000003	5	0.499999999999984	-0.0335441632868069	0.500000000000047	9.50000000000005	5.00000000000003	0.500000000000047	5.00000000000009
1	1	1	1	1	1	1	1	1	1	1	1	1	1	1	1	14	9.49999999999999	5	9.50000000000005	9.49999999999999	4.99999999999997	0.499999999999984	5.00000000000003	5	0.499999999999984	-0.0412465944724338	0.500000000000047	9.50000000000005	5.00000000000003	0.500000000000047	5.00000000000009
1	1	1	1	1	1	1	1	1	1	1	1	1	1	1	1	14	9.49999999999999	5	9.50000000000005	9.49999999999999	4.99999999999997	0.499999999999984	5.00000000000003	5	0.499999999999984	-0.100391306879244	0.500000000000047	9.50000000000005	5.00000000000003	0.500000000000047	5.00000000000009
1	1	1	1	1	1	1	1	1	1	1	1	1	1	1	1	14	9.49999999999999	5	9.50000000000005	9.49999999999999	4.99999999999997	0.499999999999984	5.00000000000003	5	0.499999999999984	-0.0498740770283282	0.500000000000047	9.50000000000005	5.00000000000003	0.500000000000047	5.00000000000009
1	1	1	1	1	1	1	1	1	1	1	1	1	1	1	1	14	9.49999999999999	5	9.50000000000005	9.49999999999999	4.99999999999997	0.499999999999984	5.00000000000003	5	0.499999999999984	-0.0968112730170674	0.500000000000047	9.50000000000005	5.00000000000003	0.500000000000047	5.00000000000009
1	1	1	1	1	1	1	1	1	1	1	1	1	1	1	1	14	9.49999999999999	5	9.50000000000005	9.49999999999999	4.99999999999997	0.499999999999984	5.00000000000003	5	0.499999999999984	-0.00302908914794095	0.500000000000047	9.50000000000005	5.00000000000003	0.500000000000047	5.00000000000009
1	1	1	1	1	1	1	1	1	1	1	1	1	1	1	1	14	9.49999999999999	5	9.50000000000005	9.49999999999999	4.99999999999997	0.499999999999984	5.00000000000003	5	0.499999999999984	-0.0857066093946005	0.500000000000047	9.50000000000005	5.00000000000003	0.500000000000047	5.00000000000009
1	1	1	1	1	1	1	1	1	1	1	1	1	1	1	1	14	9.49999999999999	5	9.50000000000005	9.49999999999999	4.99999999999997	0.499999999999984	5.00000000000003	5	0.499999999999984	-0.086328498073783	0.500000000000047	9.50000000000005	5.00000000000003	0.500000000000047	5.00000000000009
1	1	1	1	1	1	1	1	1	1	1	1	1	1	1	1	14	9.49999999999999	5	9.50000000000005	9.49999999999999	4.99999999999997	0.499999999999984	5.00000000000003	5	0.499999999999984	-0.0586744606055026	0.500000000000047	9.50000000000005	5.00000000000003	0.500000000000047	5.00000000000009
1	1	1	1	1	1	1	1	1	1	1	1	1	1	1	1	14	9.49999999999999	5	9.50000000000005	9.49999999999999	4.99999999999997	0.499999999999984	5.00000000000003	5	0.499999999999984	-0.0173480359185027	0.500000000000047	9.50000000000005	5.00000000000003	0.500000000000047	5.00000000000009
1	1	1	1	1	1	1	1	1	1	1	1	1	1	1	1	14	9.49999999999999	5	9.50000000000005	9.49999999999999	4.99999999999997	0.499999999999984	5.00000000000003	5	0.499999999999984	-0.0715957171127264	0.500000000000047	9.50000000000005	5.00000000000003	0.500000000000047	5.00000000000009
1	1	1	1	1	1	1	1	1	1	1	1	1	1	1	1	14	9.49999999999999	5	9.50000000000005	9.49999999999999	4.99999999999997	0.499999999999984	5.00000000000003	5	0.499999999999984	-0.000189887523511171	0.500000000000047	9.50000000000005	5.00000000000003	0.500000000000047	5.00000000000009
1	1	1	1	1	1	1	1	1	1	1	1	1	1	1	1	14	9.49999999999999	5	9.50000000000005	9.49999999999999	4.99999999999997	0.499999999999984	5.00000000000003	5	0.499999999999984	-0.0762624730485109	0.500000000000047	9.50000000000005	5.00000000000003	0.500000000000047	5.00000000000009
1	1	1	1	1	1	1	1	1	1	1	1	1	1	1	1	14	9.49999999999999	5	9.50000000000005	9.49999999999999	4.99999999999997	0.499999999999984	5.00000000000003	5	0.499999999999984	-0.0384336967987055	0.500000000000047	9.50000000000005	5.00000000000003	0.500000000000047	5.00000000000009
1	1	1	1	1	1	1	1	1	1	1	1	1	1	1	1	14	9.49999999999999	5	9.50000000000005	9.49999999999999	4.99999999999997	0.499999999999984	5.00000000000003	5	0.499999999999984	-7.42680823951744	0.500000000000047	9.50000000000005	5.00000000000003	0.500000000000047	5.00000000000009
1	1	1	1	1	1	1	1	1	1	1	1	1	1	1	1	14	9.49999999999998	5	9.50000000000004	9.49999999999998	4.99999999999997	0.499999999999984	5.00000000000003	5	0.499999999999984	-4.13286279172393	0.500000000000047	9.50000000000004	5.00000000000003	0.500000000000047	5.00000000000009
1	1	1	1	1	1	1	1	1	1	1	1	1	1	1	1	14	9.49999999999998	5	9.50000000000005	9.49999999999998	4.99999999999997	0.499999999999984	5.00000000000003	5	0.499999999999984	-5.09914130245771	0.500000000000047	9.50000000000005	5.00000000000003	0.500000000000047	5.00000000000009
1	1	1	1	1	1	1	1	1	1	1	1	1	1	1	1	14	9.49999999999998	5	9.50000000000005	9.49999999999998	4.99999999999997	0.499999999999984	5.00000000000003	5	0.499999999999984	-5.05951758793725	0.500000000000047	9.50000000000005	5.00000000000003	0.500000000000047	5.00000000000009
1	1	1	1	1	1	1	1	1	1	1	1	1	1	1	1	14	9.49999999999998	5	9.50000000000005	9.49999999999998	4.99999999999997	0.499999999999984	5.00000000000003	5	0.499999999999984	-4.68509053335993	0.500000000000047	9.50000000000005	5.00000000000003	0.500000000000047	5.00000000000009
1	1	1	1	1	1	1	1	1	1	1	1	1	1	1	1	14	9.49999999999998	5	9.50000000000005	9.49999999999998	4.99999999999997	0.499999999999984	5.00000000000003	5	0.499999999999984	-0.0812197555651653	0.500000000000047	9.50000000000005	5.00000000000003	0.500000000000047	5.00000000000009
1	1	1	1	1	1	1	1	1	1	1	1	1	1	1	1	14	9.49999999999998	5	9.50000000000005	9.49999999999998	4.99999999999997	0.499999999999984	5.00000000000003	5	0.499999999999984	-0.0521075434875878	0.500000000000047	9.50000000000005	5.00000000000003	0.500000000000047	5.00000000000009
1	1	1	1	1	1	1	1	1	1	1	1	1	1	1	1	14	9.49999999999998	5	9.50000000000005	9.49999999999998	4.99999999999997	0.499999999999984	5.00000000000003	5	0.499999999999984	-0.0183788298523467	0.500000000000047	9.50000000000005	5.00000000000003	0.500000000000047	5.00000000000009
1	1	1	1	1	1	1	1	1	1	1	1	1	1	1	1	14	9.49999999999998	5	9.50000000000005	9.49999999999998	4.99999999999997	0.499999999999984	5.00000000000003	5	0.499999999999984	-0.0289033267723399	0.500000000000047	9.50000000000005	5.00000000000003	0.500000000000047	5.00000000000009
1	1	1	1	1	1	1	1	1	1	1	1	1	1	1	1	14	9.49999999999998	5	9.50000000000005	9.49999999999998	4.99999999999997	0.499999999999984	5.00000000000003	5	0.499999999999984	-0.112316858653198	0.500000000000047	9.50000000000005	5.00000000000003	0.500000000000047	5.00000000000009
1	1	1	1	1	1	1	1	1	1	1	1	1	1	1	1	14	9.49999999999998	5	9.50000000000005	9.49999999999998	4.99999999999997	0.499999999999984	5.00000000000003	5	0.499999999999984	-7.15345912541105	0.500000000000047	9.50000000000005	5.00000000000003	0.500000000000047	5.00000000000009
1	1	1	1	1	1	1	1	1	1	1	1	1	1	1	1	14	9.49999999999999	5	9.50000000000005	9.49999999999999	4.99999999999997	0.499999999999984	5.00000000000003	5	0.499999999999984	-4.04260317918907	0.500000000000047	9.50000000000005	5.00000000000003	0.500000000000047	5.0000000000001
1	1	1	1	1	1	1	1	1	1	1	1	1	1	1	1	14	9.49999999999999	5	9.50000000000005	9.49999999999999	4.99999999999997	0.499999999999984	5.00000000000003	5	0.499999999999984	-0.0520935390987716	0.500000000000047	9.50000000000005	5.00000000000003	0.500000000000047	5.0000000000001
1	1	1	1	1	1	1	1	1	1	1	1	1	1	1	1	14	9.49999999999999	5	9.50000000000005	9.49999999999999	4.99999999999997	0.499999999999984	5.00000000000003	5	0.499999999999984	-0.0560593113789372	0.500000000000047	9.50000000000005	5.00000000000003	0.500000000000047	5.0000000000001
1	1	1	1	1	1	1	1	1	1	1	1	1	1	1	1	14	9.49999999999999	5	9.50000000000005	9.49999999999999	4.99999999999997	0.499999999999984	5.00000000000003	5	0.499999999999984	-0.0383607023194667	0.500000000000047	9.50000000000005	5.00000000000003	0.500000000000047	5.0000000000001
1	1	1	1	1	1	1	1	1	1	1	1	1	1	1	1	14	9.49999999999999	5	9.50000000000005	9.49999999999999	4.99999999999997	0.499999999999984	5.00000000000003	5	0.499999999999984	-0.0806110577950445	0.500000000000047	9.50000000000005	5.00000000000003	0.500000000000047	5.0000000000001
1	1	1	1	1	1	1	1	1	1	1	1	1	1	1	1	14	9.49999999999999	5	9.50000000000005	9.49999999999999	4.99999999999997	0.499999999999984	5.00000000000003	5	0.499999999999984	-0.0582484314289401	0.500000000000047	9.50000000000005	5.00000000000003	0.500000000000047	5.0000000000001
1	1	1	1	1	1	1	1	1	1	1	1	1	1	1	1	14	9.49999999999999	5	9.50000000000005	9.49999999999999	4.99999999999997	0.499999999999984	5.00000000000003	5	0.499999999999984	-0.0387597715387464	0.500000000000047	9.50000000000005	5.00000000000003	0.500000000000047	5.0000000000001
1	1	1	1	1	1	1	1	1	1	1	1	1	1	1	1	14	9.49999999999999	5	9.50000000000005	9.49999999999999	4.99999999999997	0.499999999999984	5.00000000000003	5	0.499999999999984	-0.0421277449426149	0.500000000000047	9.50000000000005	5.00000000000003	0.500000000000047	5.0000000000001
1	1	1	1	1	1	1	1	1	1	1	1	1	1	1	1	14	9.49999999999999	5	9.50000000000005	9.49999999999999	4.99999999999997	0.499999999999984	5.00000000000003	5	0.499999999999984	-0.0634726304470147	0.500000000000047	9.50000000000005	5.00000000000003	0.500000000000047	5.0000000000001
1	1	1	1	1	1	1	1	1	1	1	1	1	1	1	1	14	9.49999999999999	5	9.50000000000005	9.49999999999999	4.99999999999997	0.499999999999984	5.00000000000003	5	0.499999999999984	-0.0777818656430877	0.500000000000047	9.50000000000005	5.00000000000003	0.500000000000047	5.0000000000001
1	1	1	1	1	1	1	1	1	1	1	1	1	1	1	1	14	9.49999999999999	5	9.50000000000005	9.49999999999999	4.99999999999997	0.499999999999984	5.00000000000003	5	0.499999999999984	-0.0341152386521119	0.500000000000047	9.50000000000005	5.00000000000003	0.500000000000047	5.0000000000001
1	1	1	1	1	1	1	1	1	1	1	1	1	1	1	1	14	9.49999999999999	5	9.50000000000005	9.49999999999999	4.99999999999997	0.499999999999984	5.00000000000003	5	0.499999999999984	-0.0256847228887879	0.500000000000047	9.50000000000005	5.00000000000003	0.500000000000047	5.0000000000001
1	1	1	1	1	1	1	1	1	1	1	1	1	1	1	1	14	9.49999999999999	5	9.50000000000005	9.49999999999999	4.99999999999997	0.499999999999984	5.00000000000003	5	0.499999999999984	-0.107074344966176	0.500000000000047	9.50000000000005	5.00000000000003	0.500000000000047	5.0000000000001
1	1	1	1	1	1	1	1	1	1	1	1	1	1	1	1	14	9.49999999999998	5	9.50000000000005	9.49999999999998	4.99999999999997	0.499999999999984	5.00000000000003	5	0.499999999999984	-7.24128709239374	0.500000000000047	9.50000000000005	5.00000000000003	0.500000000000047	5.00000000000009
1	1	1	1	1	1	1	1	1	1	1	1	1	1	1	1	14.0000000000029	9.50000000090699	4.99999999983547	9.50000000090705	9.50000000090699	4.99999999983544	0.499999999999984	4.9999999998355	5.00000000000145	0.500000000034765	-3.96111693832837	0.500000000058388	9.50000000090705	4.9999999998355	0.500000000031153	4.99999999983556
1	1	1	1	1	1	1	1	1	1	1	1	1	1	1	1	14	9.49999999999998	5	9.50000000000005	9.49999999999998	4.99999999999997	0.499999999999984	5.00000000000003	5	0.499999999999984	-5.54622196543358	0.500000000000047	9.50000000000005	5.00000000000003	0.500000000000047	5.00000000000009
1	1	1	1	1	1	1	1	1	1	1	1	1	1	1	1	14	9.49999999999998	5	9.50000000000005	9.49999999999998	4.99999999999997	0.499999999999984	5.00000000000003	5	0.499999999999984	-5.27994472387245	0.500000000000047	9.50000000000005	5.00000000000003	0.500000000000047	5.00000000000009
1	1	1	1	1	1	1	1	1	1	1	1	1	1	1	1	14	9.49999999999998	5	9.50000000000005	9.49999999999998	4.99999999999997	0.499999999999984	5.00000000000003	5	0.499999999999984	-0.423638775198214	0.500000000000047	9.50000000000005	5.00000000000003	0.500000000000047	5.00000000000009
1	1	1	1	1	1	1	1	1	1	1	1	1	1	1	1	14	9.49999999999998	5	9.50000000000005	9.49999999999998	4.99999999999997	0.499999999999984	5.00000000000003	5	0.499999999999984	-0.0754424786912857	0.500000000000047	9.50000000000005	5.00000000000003	0.500000000000047	5.00000000000009
1	1	1	1	1	1	1	1	1	1	1	1	1	1	1	1	14	9.49999999999998	5	9.50000000000005	9.49999999999998	4.99999999999997	0.499999999999984	5.00000000000003	5	0.499999999999984	-0.0372536065448877	0.500000000000047	9.50000000000005	5.00000000000003	0.500000000000047	5.00000000000009
1	1	1	1	1	1	1	1	1	1	1	1	1	1	1	1	14	9.49999999999998	5	9.50000000000005	9.49999999999998	4.99999999999997	0.499999999999984	5.00000000000003	5	0.499999999999984	-0.0566714052452064	0.500000000000047	9.50000000000005	5.00000000000003	0.500000000000047	5.00000000000009
1	1	1	1	1	1	1	1	1	1	1	1	1	1	1	1	14	9.49999999999998	5	9.50000000000005	9.49999999999998	4.99999999999997	0.499999999999984	5.00000000000003	5	0.499999999999984	-0.00249896141971565	0.500000000000047	9.50000000000005	5.00000000000003	0.500000000000047	5.00000000000009
1	1	1	1	1	1	1	1	1	1	1	1	1	1	1	1	14	9.49999999999998	5	9.50000000000005	9.49999999999998	4.99999999999997	0.499999999999984	5.00000000000003	5	0.499999999999984	-7.29777623791447	0.500000000000047	9.50000000000005	5.00000000000003	0.500000000000047	5.00000000000009
1	1	1	1	1	1	1	1	1	1	1	1	1	1	1	1	14	9.49999999999999	5	9.50000000000005	9.49999999999999	4.99999999999997	0.499999999999984	5.00000000000003	5	0.499999999999984	-4.08923302365561	0.500000000000047	9.50000000000005	5.00000000000003	0.500000000000047	5.00000000000009
1	1	1	1	1	1	1	1	1	1	1	1	1	1	1	1	14	9.49999999999999	5	9.50000000000005	9.49999999999999	4.99999999999997	0.499999999999984	5.00000000000003	5	0.499999999999984	-7.50868609804493	0.500000000000047	9.50000000000005	5.00000000000003	0.500000000000047	5.00000000000009
1	1	1	1	1	1	1	1	1	1	1	1	1	1	1	1	14	9.49999999999998	5	9.50000000000004	9.49999999999998	4.99999999999997	0.499999999999984	5.00000000000003	5	0.499999999999984	-4.08500139543737	0.500000000000046	9.50000000000004	5.00000000000003	0.500000000000047	5.00000000000009
1	1	1	1	1	1	1	1	1	1	1	1	1	1	1	1	14	9.49999999999998	5	9.50000000000004	9.49999999999998	4.99999999999997	0.499999999999984	5.00000000000003	5	0.499999999999984	-0.0172437011063409	0.500000000000046	9.50000000000004	5.00000000000003	0.500000000000047	5.00000000000009
1	1	1	1	1	1	1	1	1	1	1	1	1	1	1	1	14	9.49999999999998	5	9.50000000000004	9.49999999999998	4.99999999999997	0.499999999999984	5.00000000000003	5	0.499999999999984	-0.0413672991667127	0.500000000000046	9.50000000000004	5.00000000000003	0.500000000000047	5.00000000000009
1	1	1	1	1	1	1	1	1	1	1	1	1	1	1	1	14	9.49999999999998	5	9.50000000000004	9.49999999999998	4.99999999999997	0.499999999999984	5.00000000000003	5	0.499999999999984	-0.0304954486145393	0.500000000000046	9.50000000000004	5.00000000000003	0.500000000000047	5.00000000000009
1	1	1	1	1	1	1	1	1	1	1	1	1	1	1	1	14	9.49999999999998	5	9.50000000000004	9.49999999999998	4.99999999999997	0.499999999999984	5.00000000000003	5	0.499999999999984	-0.0503786587060275	0.500000000000046	9.50000000000004	5.00000000000003	0.500000000000047	5.00000000000009
1	1	1	1	1	1	1	1	1	1	1	1	1	1	1	1	14	9.49999999999998	5	9.50000000000005	9.49999999999998	4.99999999999997	0.499999999999984	5.00000000000003	5	0.499999999999984	-7.07775399019893	0.500000000000047	9.50000000000005	5.00000000000003	0.500000000000047	5.00000000000009
1	1	1	1	1	1	1	1	1	1	1	1	1	1	1	1	14	9.49999999999998	5	9.50000000000004	9.49999999999998	4.99999999999997	0.499999999999984	5.00000000000003	5	0.499999999999984	-4.23729269099041	0.500000000000047	9.50000000000004	5.00000000000003	0.500000000000047	5.00000000000009
1	1	1	1	1	1	1	1	1	1	1	1	1	1	1	1	14	9.49999999999998	5	9.50000000000005	9.49999999999998	4.99999999999997	0.499999999999984	5.00000000000003	5	0.499999999999984	-5.50196879036865	0.500000000000047	9.50000000000005	5.00000000000003	0.500000000000047	5.00000000000009
1	1	1	1	1	1	1	1	1	1	1	1	1	1	1	1	14	9.49999999999998	5	9.50000000000005	9.49999999999998