1	1.008201675081	1.01478246550007	1.008201675081	1.00835280362185	1.01516678818652	1.02177208510113	1.01516678818649	1.01589346226407	1.02148870654786	1.02749884801769	1.02148870654786	1.00835280362185	1.01516678818649	1.02177208510113	1.01516678818651	0.399784930070315	0.357171814055858	0.33577633942874	0.357171814055859	0.361350314480685	0.341123837959657	0.33251924125652	0.341123837959277	0.351017165131673	0.329964457766809	0.322199260897446	0.329964457766809	0.361350314480686	0.341123837959277	0.33251924125652	0.341123837959658
1	1.02361095402746	1.03883997966424	1.02361095402746	1.02362998035021	1.04107295356696	1.05981891084714	1.04107295356691	1.04496406142759	1.06005077687471	1.07205206838366	1.06005077687471	1.02362998035021	1.04107295356691	1.05981891084714	1.04107295356696	0.546857586579377	0.497368096452169	0.446195429146572	0.497368096452169	0.49607971967136	0.46119737508179	0.457341719786474	0.461197375081629	0.486098765556636	0.459594571131728	0.432740409140314	0.459594571131729	0.496079719671361	0.461197375081629	0.457341719786474	0.461197375081791
1	1.03018344368538	1.04679284498221	1.03018344368538	1.02995549531784	1.0509549633363	1.07497636713076	1.05095496333628	1.05721975977701	1.07772520579897	1.08876682370755	1.07772520579897	1.02995549531784	1.05095496333628	1.07497636713076	1.0509549633363	0.600962593252533	0.556777095843971	0.48710907077465	0.556777095843972	0.547830121306302	0.508701124948945	0.508205704853952	0.50870112494888	0.538995983056588	0.519052097016886	0.478478131517149	0.519052097016886	0.547830121306303	0.50870112494888	0.508205704853952	0.508701124948946
1	1.03247080070084	1.04886536179134	1.03247080070084	1.03192044270362	1.05404488056483	1.08000899090873	1.05404488056482	1.0611748867648	1.08510197188202	1.09443435675306	1.08510197188202	1.03192044270362	1.05404488056482	1.08000899090873	1.05404488056483	0.620866712935393	0.580115707973829	0.502897065768538	0.580115707973829	0.566338172113759	0.527202275520338	0.528685781614149	0.527202275520313	0.558619625842922	0.545863822774668	0.497886851070612	0.545863822774669	0.56633817211376	0.527202275520313	0.528685781614149	0.52720227552034
1	1.03324425011134	1.0494701368473	1.03324425011134	1.03243776753724	1.05503100033081	1.08180397888636	1.0550310003308	1.06233680399478	1.08833783205324	1.09663137516162	1.08833783205324	1.03243776753724	1.0550310003308	1.08180397888636	1.05503100033081	0.628189029403268	0.588803951861659	0.509109692820239	0.588803951861659	0.572650902328138	0.534322472006713	0.536968518850593	0.534322472006704	0.565705994720449	0.557617875389405	0.506122303530879	0.557617875389405	0.572650902328139	0.534322472006704	0.536968518850593	0.534322472006714
1	1.03363769671935	1.05716867966733	1.03363769671935	1.03288926914697	1.05626815158911	1.08591724900696	1.05626815158911	1.06309344717236	1.08779669657349	1.10790363512194	1.08779669657349	1.03288926914697	1.05626815158911	1.08591724900696	1.05626815158911	0.630882759210813	0.574944996591343	0.55159227414928	0.574944996591344	0.575808351089401	0.533587183590618	0.544715699134521	0.533587183590615	0.567716563026649	0.544878309460519	0.540045821865125	0.54487830946052	0.575808351089402	0.533587183590615	0.544715699134521	0.53358718359062
1	1.03262977981899	1.06173726992021	1.03262977981899	1.03295752186824	1.05580210021424	1.08668562015079	1.05580210021424	1.06309793116064	1.08531418254725	1.11530628078397	1.08531418254725	1.03295752186824	1.05580210021424	1.08668562015079	1.05580210021424	0.631873727027154	0.570190241347657	0.568048314308866	0.570190241347658	0.576937596159062	0.532438908180322	0.547321055397759	0.532438908180322	0.568461252326967	0.539861136437839	0.5555586215476	0.53986113643784	0.576937596159063	0.532438908180322	0.547321055397759	0.532438908180323
1	1.03212356174931	1.06365590400877	1.03212356174931	1.0329570897564	1.05540899890635	1.08681174094868	1.05540899890635	1.06304841972353	1.08405982672203	1.11890025601472	1.08405982672203	1.0329570897564	1.05540899890635	1.08681174094867	1.05540899890635	0.632238283713348	0.568559106610107	0.57411894968492	0.568559106610108	0.577381142207528	0.531648303400832	0.548199618974486	0.531648303400832	0.568795168398021	0.537842402402974	0.562309663095184	0.537842402402975	0.577381142207529	0.531648303400832	0.548199618974486	0.531648303400833
1	1.031925066007	1.06438225315291	1.031925066007	1.03295341405374	1.05519745497917	1.08682294952315	1.05519745497917	1.06302753349913	1.08352864819887	1.12050413428975	1.08352864819887	1.03295341405374	1.05519745497917	1.08682294952315	1.05519745497917	0.632372396624294	0.567999504669782	0.576309789862266	0.567999504669783	0.577562249805791	0.531201281234091	0.54849053947403	0.531201281234091	0.568952882332207	0.537020936349238	0.565167652998497	0.537020936349239	0.577562249805792	0.531201281234091	0.54849053947403	0.531201281234092
1	1.0318522758126	1.0646458729197	1.0318522758126	1.03295215161711	1.05509511636279	1.08681662362126	1.05509511636279	1.06302264149226	1.08331247034588	1.12119550761414	1.08331247034588	1.03295215161711	1.05509511636279	1.08681662362126	1.05509511636279	0.632421734009679	0.567808093325366	0.577092428617867	0.567808093325366	0.577636456551939	0.530969850363242	0.548581682506341	0.530969850363242	0.569027475940567	0.536684396253038	0.566363969217342	0.536684396253038	0.57763645655194	0.530969850363242	0.548581682506341	0.530969850363243
1	1.03182619709538	1.06473968978438	1.03182619709538	1.03295197428312	1.05504754171637	1.08681012997366	1.05504754171637	1.0630227989801	1.08322517617933	1.12148924278489	1.08322517617933	1.03295197428312	1.05504754171637	1.08681012997366	1.05504754171637	0.632439884220446	0.567743027517533	0.577370250830299	0.567743027517533	0.577666508068941	0.530855768365538	0.548606986030494	0.530855768365539	0.569062390358066	0.536545824683367	0.566863266972012	0.536545824683367	0.577666508068941	0.530855768365539	0.548606986030494	0.530855768365539
1	1.03181695503593	1.06477271158437	1.03181695503593	1.03295205105878	1.05502585541303	1.08680580976138	1.05502585541303	1.06302385802304	1.08318990108089	1.12161341825261	1.08318990108089	1.03295205105878	1.05502585541303	1.08680580976138	1.05502585541303	0.632446561311953	0.567721134751152	0.577468311392685	0.567721134751152	0.57767846856824	0.530801254852529	0.548612079092422	0.530801254852529	0.569078550840568	0.536488525455414	0.567071819655043	0.536488525455414	0.577678468568241	0.530801254852529	0.548612079092422	0.53080125485253
