1	11.5852533805191	1.470119097996	11.5852533805193	11.5852533809444	1.36978773883976	1.04201215160998	1.36978773882159	1.47011909870919	1.04201215160966	9.89508913621964	1.04201215160965	11.5852533809446	1.36978773882159	1.04201215160998	1.36978773883981	12.25	3.74212267783952	0.247049685745377	3.74212267783961	3.74212267756894	0.214611203253288	-0.0548267377326223	0.214611203247195	0.247049685941436	-0.0548267377304104	-1.59586796942264	-0.0548267377304077	3.74212267756903	0.214611203247195	-0.0548267377326196	0.214611203253306
1	8.90847771772897	1.1471518569593	8.90847771772899	8.9084778013746	2.96239505668803	1.01803023483761	2.9623950566851	1.14715185654067	1.01803023489892	2.00021980058749	1.01803023489892	8.90847780137462	2.9623950566851	1.0180302348376	2.96239505668821	12.25	7.63284962679399	0.342717314806297	7.63284962679406	7.63284962137775	1.70017606331483	-0.0949599959667523	1.70017606331294	0.342717310783218	-0.0949599958061995	-0.746845989302579	-0.0949599958061949	7.63284962137781	1.70017606331294	-0.0949599959667477	1.70017606331496
1	1.00000483018693	1.00000169618433	1.00000483018693	1.00000483026908	1.00000170070844	1.0000003763848	1.00000170070844	1.00000169623028	1.00000037632499	1.00001061773592	1.00000037632499	1.00000483026908	1.00000170070844	1.0000003763848	1.00000170070844	12.25	7.74999987587609	3.24998540002686	7.74999987587616	7.74999987587609	3.24999900858687	-1.24999281133832	3.24999900858693	3.24998540002699	-1.24999281133835	-5.74996127334505	-1.24999281133829	7.74999987587615	3.24999900858693	-1.24999281133826	3.249999008587
1	1.00000000009136	1.00000000003215	1.00000000009136	1.00000000009136	1.00000000003215	1.00000000000715	1.00000000003215	1.00000000003215	1.00000000000715	1.00000000000002	1.00000000000715	1.00000000009136	1.00000000003215	1.00000000000715	1.00000000003215	12.25	7.74999999999771	3.24999999999005	7.74999999999777	7.74999999999771	3.24999999999002	-1.24999999998858	3.24999999999008	3.24999999999005	-1.24999999998858	-0.00779796006510022	-1.24999999998851	7.74999999999777	3.24999999999008	-1.24999999998851	3.24999999999014
1	1.00000000332227	1.0000000011685	1.00000000332227	1.00000000332227	1.0000000011685	1.00000000025928	1.0000000011685	1.0000000011685	1.00000000025928	1.00000000001394	1.00000000025928	1.00000000332227	1.0000000011685	1.00000000025928	1.0000000011685	12.25	7.74999999992205	3.24999999964046	7.74999999992211	7.74999999992205	3.24999999964043	-1.24999999958516	3.2499999996405	3.24999999964046	-1.24999999958516	-0.250993862841876	-1.2499999995851	7.74999999992211	3.2499999996405	-1.2499999995851	3.24999999964056
1	1.00000000340025	1.00000000119592	1.00000000340025	1.00000000340025	1.00000000119592	1.00000000026537	1.00000000119592	1.00000000119592	1.00000000026537	1.00000000001522	1.00000000026537	1.00000000340025	1.00000000119592	1.00000000026537	1.00000000119592	12.25	7.74999999992022	3.24999999963203	7.74999999992028	7.74999999992022	3.24999999963199	-1.24999999957543	3.24999999963206	3.24999999963203	-1.24999999957543	-0.25923602430052	-1.24999999957537	7.74999999992028	3.24999999963206	-1.24999999957537	3.24999999963212
1	1.00000000340205	1.00000000119656	1.00000000340205	1.00000000340205	1.00000000119656	1.00000000026551	1.00000000119656	1.00000000119656	1.00000000026551	1.00000000001525	1.00000000026551	1.00000000340205	1.00000000119656	1.00000000026551	1.00000000119656	12.25	7.74999999992017	3.24999999963183	7.74999999992024	7.74999999992017	3.2499999996318	-1.2499999995752	3.24999999963186	3.24999999963183	-1.2499999995752	-0.259453590642064	-1.24999999957514	7.74999999992024	3.24999999963186	-1.24999999957514	3.24999999963192
1	1.0000000034021	1.00000000119657	1.0000000034021	1.0000000034021	1.00000000119657	1.00000000026551	1.00000000119657	1.00000000119657	1.00000000026551	1.00000000001525	1.00000000026551	1.0000000034021	1.00000000119657	1.00000000026551	1.00000000119657	12.25	7.74999999992017	3.24999999963183	7.74999999992024	7.74999999992017	3.24999999963179	-1.2499999995752	3.24999999963186	3.24999999963183	-1.2499999995752	-0.259459276588607	-1.24999999957513	7.74999999992024	3.24999999963186	-1.24999999957513	3.24999999963192
1	1.0000000034021	1.00000000119658	1.0000000034021	1.0000000034021	1.00000000119658	1.00000000026551	1.00000000119658	1.00000000119658	1.00000000026551	1.00000000001525	1.00000000026551	1.0000000034021	1.00000000119658	1.00000000026551	1.00000000119658	12.25	7.74999999992017	3.24999999963182	7.74999999992024	7.74999999992017	3.24999999963179	-1.2499999995752	3.24999999963186	3.24999999963182	-1.2499999995752	-0.259459424895459	-1.24999999957513	7.74999999992024	3.24999999963186	-1.24999999957513	3.24999999963192
1	1.0000000034021	1.00000000119658	1.0000000034021	1.0000000034021	1.00000000119658	1.00000000026551	1.00000000119658	1.00000000119658	1.00000000026551	1.00000000001525	1.00000000026551	1.0000000034021	1.00000000119658	1.00000000026551	1.00000000119658	12.25	7.74999999992017	3.24999999963182	7.74999999992024	7.74999999992017	3.24999999963179	-1.2499999995752	3.24999999963186	3.24999999963182	-1.2499999995752	-0.259459429500557	-1.24999999957513	7.74999999992024	3.24999999963186	-1.24999999957513	3.24999999963192
